RSS:  
374.1086705446884

P:  
0.56649095211
0.859514039693
1.91634619192
-0.0799122544699
-0.0522714570572
0.000486360558463
0.0590790423073
0.0246210106939
-0.00665286036397
0.554308322101
0.839337173287
0.158122109191
0.058224477708
0.0620256240619
0.0127324898606
0.0207631763477
-0.0238151323543
-0.00241922633736
-0.00224245033476
-1.94938564301
30.3556213379
24.3362083435
34.9576034546
16.2302913666
17.857875824
7.66438293457
1.23997938633
0.442521393299
0.109044238925
0.0200536046177
0.00229621282779
0.00255827326328
0.00108765787445
7.98819164629e-05
4.18824820372e-05
4.40689618699e-05
-6.63543010235
8.58247201407
0.79724845075
-0.567509535843
-0.220313137015
-0.0342756757083
-0.183652238869
0.00264416927097
-0.0142424369605
0.0155895281313
0.0253795425541
0.504280396009
-0.411030213484
0.0468198530062
0.139159181713
0.0711752290414
0.0172059439796
0.0182335770356
-0.00838427823692
-0.000893320067636
-0.00160508103273
-1.94938564301
30.3556213379
24.3362083435
34.9576034546
16.2302913666
17.857875824
7.66438293457
1.23997938633
0.442521393299
0.109044238925
0.0200536046177
0.00229621282779
0.00255827326328
0.00108765787445
7.98819164629e-05
4.18824820372e-05
4.40689618699e-05
-22.4024132382
5.57397776931
0.686663517408
0.20244659027
2.6008364635
-0.0625342592171
-0.12876823601
0.00359628950204
0.018530046345
0.122176045362
0.0509959075481
0.84490144372
0.540168402807
0.122327753362
0.0273812112876
0.0471087031907
0.0219601070591
0.0204251222658
-0.0097165711815
1.80648645728e-05
-0.000774852599707

Known:
a0:     3.42
e0:     -4.27
B0:     221.99999999938152
EC:     365.600 141.600 141.600  0.000  0.000  0.000 
        141.600 365.600 141.600  0.000  0.000  0.000 
        141.600 141.600 365.600  0.000  0.000  0.000 
         0.000  0.000  0.000 186.000  0.000  0.000 
         0.000  0.000  0.000  0.000 186.000  0.000 
         0.000  0.000  0.000  0.000  0.000 186.000 

Known:
a0:     3.89
e0:     -3.91
B0:     179.99999999949853
EC:     234.000 176.000 176.000  0.000  0.000  0.000 
        176.000 234.000 176.000  0.000  0.000  0.000 
        176.000 176.000 234.000  0.000  0.000  0.000 
         0.000  0.000  0.000 71.200  0.000  0.000 
         0.000  0.000  0.000  0.000 71.200  0.000 
         0.000  0.000  0.000  0.000  0.000 71.200 

Calculated:
a0:     3.4318022396940884
e0:     -4.373237852284474
B0:     215.29496274996876
EC:     288.032 129.397 130.222  0.000  0.000  0.000 
        129.397 288.032 135.837  0.000  0.000  0.000 
        130.222 135.837 288.032  0.000  0.000  0.000 
         0.000  0.000  0.000 176.315  0.000  0.000 
         0.000  0.000  0.000  0.000 176.315  0.000 
         0.000  0.000  0.000  0.000  0.000 176.315 

Calculated:
a0:     3.632598515548139
e0:     -3.8125853141262818
B0:     102.80215197290987
EC:     263.624 90.840 90.840  0.000  0.000  0.000 
        90.840 263.624 90.840  0.000  0.000  0.000 
        90.840 90.840 263.624  0.000  0.000  0.000 
         0.000  0.000  0.000 122.096  0.000  0.000 
         0.000  0.000  0.000  0.000 122.096  0.000 
         0.000  0.000  0.000  0.000  0.000 122.096 



