#L_UNITS ang
#E_UNITS eV
#S_UNITS GPA
#F_UNITS EV/ANG
#ALAT 13.68
#X 1.0 0.0 0.0
#Y 0.0 1.0 0.0
#Z 0.0 0.0 1.458
#C 1 1 1
#RCUT 6.5
#EPA -4.27
FE 0.0 0.0 0.0 
FE 0.0 0.125 0.0857338820302 
FE 0.125 0.0 0.0857338820302 
FE 0.125 0.125 0.0 
FE 0.0 0.0 0.17146776406 
FE 0.0 0.125 0.257201646091 
FE 0.125 0.0 0.257201646091 
FE 0.125 0.125 0.17146776406 
FE 0.0 0.0 0.342935528121 
FE 0.0 0.125 0.428669410151 
FE 0.125 0.0 0.428669410151 
FE 0.125 0.125 0.342935528121 
FE 0.0 0.0 0.514403292181 
FE 0.0 0.125 0.600137174211 
FE 0.125 0.0 0.600137174211 
FE 0.125 0.125 0.514403292181 
FE 0.0 0.25 0.0 
FE 0.0 0.375 0.0857338820302 
FE 0.125 0.25 0.0857338820302 
FE 0.125 0.375 0.0 
FE 0.0 0.25 0.17146776406 
FE 0.0 0.375 0.257201646091 
FE 0.125 0.25 0.257201646091 
FE 0.125 0.375 0.17146776406 
FE 0.0 0.25 0.342935528121 
FE 0.0 0.375 0.428669410151 
FE 0.125 0.25 0.428669410151 
FE 0.125 0.375 0.342935528121 
FE 0.0 0.25 0.514403292181 
FE 0.0 0.375 0.600137174211 
FE 0.125 0.25 0.600137174211 
FE 0.125 0.375 0.514403292181 
FE 0.0 0.5 0.0 
FE 0.0 0.625 0.0857338820302 
FE 0.125 0.5 0.0857338820302 
FE 0.125 0.625 0.0 
FE 0.0 0.5 0.17146776406 
FE 0.0 0.625 0.257201646091 
FE 0.125 0.5 0.257201646091 
FE 0.125 0.625 0.17146776406 
FE 0.0 0.5 0.342935528121 
FE 0.0 0.625 0.428669410151 
FE 0.125 0.5 0.428669410151 
FE 0.125 0.625 0.342935528121 
FE 0.0 0.5 0.514403292181 
FE 0.0 0.625 0.600137174211 
FE 0.125 0.5 0.600137174211 
FE 0.125 0.625 0.514403292181 
FE 0.0 0.75 0.0 
FE 0.0 0.875 0.0857338820302 
FE 0.125 0.75 0.0857338820302 
FE 0.125 0.875 0.0 
FE 0.0 0.75 0.17146776406 
FE 0.0 0.875 0.257201646091 
FE 0.125 0.75 0.257201646091 
FE 0.125 0.875 0.17146776406 
FE 0.0 0.75 0.342935528121 
FE 0.0 0.875 0.428669410151 
FE 0.125 0.75 0.428669410151 
FE 0.125 0.875 0.342935528121 
FE 0.0 0.75 0.514403292181 
FE 0.0 0.875 0.600137174211 
FE 0.125 0.75 0.600137174211 
FE 0.125 0.875 0.514403292181 
FE 0.25 0.0 0.0 
FE 0.25 0.125 0.0857338820302 
FE 0.375 0.0 0.0857338820302 
FE 0.375 0.125 0.0 
FE 0.25 0.0 0.17146776406 
FE 0.25 0.125 0.257201646091 
FE 0.375 0.0 0.257201646091 
FE 0.375 0.125 0.17146776406 
FE 0.25 0.0 0.342935528121 
FE 0.25 0.125 0.428669410151 
FE 0.375 0.0 0.428669410151 
FE 0.375 0.125 0.342935528121 
FE 0.25 0.0 0.514403292181 
FE 0.25 0.125 0.600137174211 
FE 0.375 0.0 0.600137174211 
FE 0.375 0.125 0.514403292181 
FE 0.25 0.25 0.0 
FE 0.25 0.375 0.0857338820302 
FE 0.375 0.25 0.0857338820302 
FE 0.375 0.375 0.0 
FE 0.25 0.25 0.17146776406 
FE 0.25 0.375 0.257201646091 
FE 0.375 0.25 0.257201646091 
FE 0.375 0.375 0.17146776406 
FE 0.25 0.25 0.342935528121 
FE 0.25 0.375 0.428669410151 
FE 0.375 0.25 0.428669410151 
FE 0.375 0.375 0.342935528121 
FE 0.25 0.25 0.514403292181 
FE 0.25 0.375 0.600137174211 
FE 0.375 0.25 0.600137174211 
FE 0.375 0.375 0.514403292181 
FE 0.25 0.5 0.0 
FE 0.25 0.625 0.0857338820302 
FE 0.375 0.5 0.0857338820302 
FE 0.375 0.625 0.0 
FE 0.25 0.5 0.17146776406 
FE 0.25 0.625 0.257201646091 
FE 0.375 0.5 0.257201646091 
FE 0.375 0.625 0.17146776406 
FE 0.25 0.5 0.342935528121 
FE 0.25 0.625 0.428669410151 
FE 0.375 0.5 0.428669410151 
FE 0.375 0.625 0.342935528121 
FE 0.25 0.5 0.514403292181 
FE 0.25 0.625 0.600137174211 
FE 0.375 0.5 0.600137174211 
FE 0.375 0.625 0.514403292181 
FE 0.25 0.75 0.0 
FE 0.25 0.875 0.0857338820302 
FE 0.375 0.75 0.0857338820302 
FE 0.375 0.875 0.0 
FE 0.25 0.75 0.17146776406 
FE 0.25 0.875 0.257201646091 
FE 0.375 0.75 0.257201646091 
FE 0.375 0.875 0.17146776406 
FE 0.25 0.75 0.342935528121 
FE 0.25 0.875 0.428669410151 
FE 0.375 0.75 0.428669410151 
FE 0.375 0.875 0.342935528121 
FE 0.25 0.75 0.514403292181 
FE 0.25 0.875 0.600137174211 
FE 0.375 0.75 0.600137174211 
FE 0.375 0.875 0.514403292181 
FE 0.5 0.0 0.0 
FE 0.5 0.125 0.0857338820302 
FE 0.625 0.0 0.0857338820302 
FE 0.625 0.125 0.0 
FE 0.5 0.0 0.17146776406 
FE 0.5 0.125 0.257201646091 
FE 0.625 0.0 0.257201646091 
FE 0.625 0.125 0.17146776406 
FE 0.5 0.0 0.342935528121 
FE 0.5 0.125 0.428669410151 
FE 0.625 0.0 0.428669410151 
FE 0.625 0.125 0.342935528121 
FE 0.5 0.0 0.514403292181 
FE 0.5 0.125 0.600137174211 
FE 0.625 0.0 0.600137174211 
FE 0.625 0.125 0.514403292181 
FE 0.5 0.25 0.0 
FE 0.5 0.375 0.0857338820302 
FE 0.625 0.25 0.0857338820302 
FE 0.625 0.375 0.0 
FE 0.5 0.25 0.17146776406 
FE 0.5 0.375 0.257201646091 
FE 0.625 0.25 0.257201646091 
FE 0.625 0.375 0.17146776406 
FE 0.5 0.25 0.342935528121 
FE 0.5 0.375 0.428669410151 
FE 0.625 0.25 0.428669410151 
FE 0.625 0.375 0.342935528121 
FE 0.5 0.25 0.514403292181 
FE 0.5 0.375 0.600137174211 
FE 0.625 0.25 0.600137174211 
FE 0.625 0.375 0.514403292181 
FE 0.5 0.5 0.0 
FE 0.5 0.625 0.0857338820302 
FE 0.625 0.5 0.0857338820302 
FE 0.625 0.625 0.0 
FE 0.5 0.5 0.17146776406 
FE 0.5 0.625 0.257201646091 
FE 0.625 0.5 0.257201646091 
FE 0.625 0.625 0.17146776406 
FE 0.5 0.5 0.342935528121 
FE 0.5 0.625 0.428669410151 
FE 0.625 0.5 0.428669410151 
FE 0.625 0.625 0.342935528121 
FE 0.5 0.5 0.514403292181 
FE 0.5 0.625 0.600137174211 
FE 0.625 0.5 0.600137174211 
FE 0.625 0.625 0.514403292181 
FE 0.5 0.75 0.0 
FE 0.5 0.875 0.0857338820302 
FE 0.625 0.75 0.0857338820302 
FE 0.625 0.875 0.0 
FE 0.5 0.75 0.17146776406 
FE 0.5 0.875 0.257201646091 
FE 0.625 0.75 0.257201646091 
FE 0.625 0.875 0.17146776406 
FE 0.5 0.75 0.342935528121 
FE 0.5 0.875 0.428669410151 
FE 0.625 0.75 0.428669410151 
FE 0.625 0.875 0.342935528121 
FE 0.5 0.75 0.514403292181 
FE 0.5 0.875 0.600137174211 
FE 0.625 0.75 0.600137174211 
FE 0.625 0.875 0.514403292181 
FE 0.75 0.0 0.0 
FE 0.75 0.125 0.0857338820302 
FE 0.875 0.0 0.0857338820302 
FE 0.875 0.125 0.0 
FE 0.75 0.0 0.17146776406 
FE 0.75 0.125 0.257201646091 
FE 0.875 0.0 0.257201646091 
FE 0.875 0.125 0.17146776406 
FE 0.75 0.0 0.342935528121 
FE 0.75 0.125 0.428669410151 
FE 0.875 0.0 0.428669410151 
FE 0.875 0.125 0.342935528121 
FE 0.75 0.0 0.514403292181 
FE 0.75 0.125 0.600137174211 
FE 0.875 0.0 0.600137174211 
FE 0.875 0.125 0.514403292181 
FE 0.75 0.25 0.0 
FE 0.75 0.375 0.0857338820302 
FE 0.875 0.25 0.0857338820302 
FE 0.875 0.375 0.0 
FE 0.75 0.25 0.17146776406 
FE 0.75 0.375 0.257201646091 
FE 0.875 0.25 0.257201646091 
FE 0.875 0.375 0.17146776406 
FE 0.75 0.25 0.342935528121 
FE 0.75 0.375 0.428669410151 
FE 0.875 0.25 0.428669410151 
FE 0.875 0.375 0.342935528121 
FE 0.75 0.25 0.514403292181 
FE 0.75 0.375 0.600137174211 
FE 0.875 0.25 0.600137174211 
FE 0.875 0.375 0.514403292181 
FE 0.75 0.5 0.0 
FE 0.75 0.625 0.0857338820302 
FE 0.875 0.5 0.0857338820302 
FE 0.875 0.625 0.0 
FE 0.75 0.5 0.17146776406 
FE 0.75 0.625 0.257201646091 
FE 0.875 0.5 0.257201646091 
FE 0.875 0.625 0.17146776406 
FE 0.75 0.5 0.342935528121 
FE 0.75 0.625 0.428669410151 
FE 0.875 0.5 0.428669410151 
FE 0.875 0.625 0.342935528121 
FE 0.75 0.5 0.514403292181 
FE 0.75 0.625 0.600137174211 
FE 0.875 0.5 0.600137174211 
FE 0.875 0.625 0.514403292181 
FE 0.75 0.75 0.0 
FE 0.75 0.875 0.0857338820302 
FE 0.875 0.75 0.0857338820302 
FE 0.875 0.875 0.0 
FE 0.75 0.75 0.17146776406 
FE 0.75 0.875 0.257201646091 
FE 0.875 0.75 0.257201646091 
FE 0.875 0.875 0.17146776406 
FE 0.75 0.75 0.342935528121 
FE 0.75 0.875 0.428669410151 
FE 0.875 0.75 0.428669410151 
FE 0.875 0.875 0.342935528121 
FE 0.75 0.75 0.514403292181 
FE 0.75 0.875 0.600137174211 
FE 0.875 0.75 0.600137174211 
FE 0.875 0.875 0.514403292181 
