########################
# 00000001
########################
RSS 18746273.409397747
BP 0:
a0:   3.2455e+00   e0:  -2.0397e+01   b0:   1.9669e+04   
P: 
  6.3326e-02   4.1792e-01  -1.8282e-01   5.1332e-01  -4.8174e-01 
  6.3482e-01   1.2919e+00   5.9508e-03  -6.3674e-01   5.2458e-03 
  2.2758e-01   2.9144e-01   1.2490e-01   3.9425e-03  -1.8724e-05 
  3.9912e-04  -3.3781e+00   3.0955e+01   2.4358e+01   3.4947e+01 
  1.6370e+01   1.7545e+01   1.3286e+01   6.1493e+00   2.8206e+00 
  1.3139e+00   6.2432e-01   2.9834e-01   1.4662e-01   7.2920e-02 
  3.5397e-02   1.6568e-02   7.8037e-03   3.8073e-03   1.9552e-03 
  1.0480e-03   5.7148e-04   3.0842e-04   1.6137e-04   8.0979e-05 
  6.8951e-05   5.5667e+00  -1.1821e+00   1.8165e-02 

########################
# 00000002
########################
RSS 18746325.658475947
BP 0:
a0:   3.2455e+00   e0:  -2.0397e+01   b0:   1.9669e+04   
P: 
  6.3326e-02   4.1792e-01  -1.8282e-01   5.1332e-01  -4.8174e-01 
  6.3482e-01   1.2919e+00   5.9508e-03  -6.3674e-01   5.2458e-03 
  2.2758e-01   2.9144e-01   1.2490e-01   3.9425e-03  -1.8724e-05 
  3.9912e-04  -3.3781e+00   3.0955e+01   2.4358e+01   3.4947e+01 
  1.6370e+01   1.7545e+01   1.3286e+01   6.1493e+00   2.8206e+00 
  1.3139e+00   6.2432e-01   2.9834e-01   1.4662e-01   7.2920e-02 
  3.5397e-02   1.6568e-02   7.8037e-03   3.8073e-03   1.9552e-03 
  1.0480e-03   5.7148e-04   3.0842e-04   1.6137e-04   8.0979e-05 
  6.8951e-05   5.5667e+00  -1.1821e+00   1.8165e-02 

########################
# 00000003
########################
RSS 18746500.41965782
BP 0:
a0:   3.2455e+00   e0:  -2.0397e+01   b0:   1.9669e+04   
P: 
  6.3327e-02   4.1792e-01  -1.8282e-01   5.1332e-01  -4.8175e-01 
  6.3483e-01   1.2919e+00   5.9508e-03  -6.3674e-01   5.2457e-03 
  2.2758e-01   2.9144e-01   1.2490e-01   3.9424e-03  -1.8724e-05 
  3.9912e-04  -3.3781e+00   3.0955e+01   2.4358e+01   3.4947e+01 
  1.6370e+01   1.7545e+01   1.3286e+01   6.1493e+00   2.8206e+00 
  1.3139e+00   6.2432e-01   2.9834e-01   1.4662e-01   7.2920e-02 
  3.5397e-02   1.6568e-02   7.8037e-03   3.8073e-03   1.9552e-03 
  1.0480e-03   5.7148e-04   3.0842e-04   1.6137e-04   8.0979e-05 
  6.8951e-05   5.5668e+00  -1.1821e+00   1.8165e-02 

########################
# 00000004
########################
RSS 18747254.12473724
BP 0:
a0:   3.2455e+00   e0:  -2.0395e+01   b0:   1.9669e+04   
P: 
  6.3328e-02   4.1792e-01  -1.8282e-01   5.1333e-01  -4.8175e-01 
  6.3483e-01   1.2919e+00   5.9508e-03  -6.3675e-01   5.2457e-03 
  2.2759e-01   2.9144e-01   1.2490e-01   3.9424e-03  -1.8724e-05 
  3.9912e-04  -3.3781e+00   3.0955e+01   2.4358e+01   3.4947e+01 
  1.6370e+01   1.7545e+01   1.3286e+01   6.1493e+00   2.8206e+00 
  1.3139e+00   6.2432e-01   2.9834e-01   1.4662e-01   7.2920e-02 
  3.5397e-02   1.6568e-02   7.8037e-03   3.8073e-03   1.9552e-03 
  1.0480e-03   5.7148e-04   3.0842e-04   1.6137e-04   8.0979e-05 
  6.8951e-05   5.5668e+00  -1.1821e+00   1.8165e-02 

########################
# 00000005
########################
RSS 18751197.11798944
BP 0:
a0:   3.2455e+00   e0:  -2.0387e+01   b0:   1.9667e+04   
P: 
  6.3334e-02   4.1788e-01  -1.8281e-01   5.1339e-01  -4.8182e-01 
  6.3488e-01   1.2919e+00   5.9509e-03  -6.3687e-01   5.2453e-03 
  2.2757e-01   2.9142e-01   1.2490e-01   3.9424e-03  -1.8724e-05 
  3.9914e-04  -3.3781e+00   3.0955e+01   2.4358e+01   3.4947e+01 
  1.6370e+01   1.7545e+01   1.3286e+01   6.1493e+00   2.8206e+00 
  1.3139e+00   6.2432e-01   2.9834e-01   1.4662e-01   7.2920e-02 
  3.5397e-02   1.6568e-02   7.8037e-03   3.8073e-03   1.9552e-03 
  1.0480e-03   5.7148e-04   3.0842e-04   1.6137e-04   8.0979e-05 
  6.8951e-05   5.5668e+00  -1.1821e+00   1.8166e-02 

########################
# 00000006
########################
RSS 18765114.54263048
BP 0:
a0:   3.2456e+00   e0:  -2.0367e+01   b0:   1.9669e+04   
P: 
  6.3332e-02   4.1787e-01  -1.8282e-01   5.1361e-01  -4.8196e-01 
  6.3506e-01   1.2924e+00   5.9511e-03  -6.3715e-01   5.2459e-03 
  2.2761e-01   2.9147e-01   1.2487e-01   3.9420e-03  -1.8719e-05 
  3.9899e-04  -3.3781e+00   3.0955e+01   2.4358e+01   3.4947e+01 
  1.6370e+01   1.7545e+01   1.3286e+01   6.1493e+00   2.8206e+00 
  1.3139e+00   6.2432e-01   2.9834e-01   1.4662e-01   7.2920e-02 
  3.5397e-02   1.6568e-02   7.8037e-03   3.8073e-03   1.9552e-03 
  1.0480e-03   5.7148e-04   3.0842e-04   1.6137e-04   8.0979e-05 
  6.8951e-05   5.5669e+00  -1.1819e+00   1.8169e-02 

########################
# 00000007
########################
RSS 18845730.1482354
BP 0:
a0:   3.2466e+00   e0:  -2.0131e+01   b0:   1.9619e+04   
P: 
  6.3293e-02   4.1750e-01  -1.8268e-01   5.1458e-01  -4.8331e-01 
  6.3564e-01   1.2907e+00   5.9505e-03  -6.3826e-01   5.2489e-03 
  2.2773e-01   2.9136e-01   1.2492e-01   3.9403e-03  -1.8700e-05 
  3.9898e-04  -3.3781e+00   3.0955e+01   2.4358e+01   3.4947e+01 
  1.6370e+01   1.7545e+01   1.3286e+01   6.1493e+00   2.8206e+00 
  1.3139e+00   6.2432e-01   2.9834e-01   1.4662e-01   7.2920e-02 
  3.5397e-02   1.6568e-02   7.8037e-03   3.8073e-03   1.9552e-03 
  1.0480e-03   5.7148e-04   3.0842e-04   1.6137e-04   8.0979e-05 
  6.8951e-05   5.5695e+00  -1.1808e+00   1.8189e-02 

########################
# 00000008
########################
RSS 19015990.590608265
BP 0:
a0:   3.2462e+00   e0:  -2.0092e+01   b0:   1.9742e+04   
P: 
  6.3407e-02   4.1702e-01  -1.8246e-01   5.2058e-01  -4.8555e-01 
  6.3458e-01   1.2971e+00   5.9662e-03  -6.3765e-01   5.2564e-03 
  2.2832e-01   2.9265e-01   1.2546e-01   3.9462e-03  -1.8741e-05 
  3.9844e-04  -3.3781e+00   3.0955e+01   2.4358e+01   3.4947e+01 
  1.6370e+01   1.7545e+01   1.3286e+01   6.1493e+00   2.8206e+00 
  1.3139e+00   6.2432e-01   2.9834e-01   1.4662e-01   7.2920e-02 
  3.5397e-02   1.6568e-02   7.8037e-03   3.8073e-03   1.9552e-03 
  1.0480e-03   5.7148e-04   3.0842e-04   1.6137e-04   8.0979e-05 
  6.8951e-05   5.5676e+00  -1.1784e+00   1.8228e-02 

########################
# 00000009
########################
RSS 19631989.350747645
BP 0:
a0:   3.2437e+00   e0:  -2.0495e+01   b0:   2.0020e+04   
P: 
  6.3325e-02   4.1226e-01  -1.8518e-01   5.2523e-01  -4.9596e-01 
  6.3021e-01   1.3273e+00   6.0416e-03  -6.5967e-01   5.3186e-03 
  2.2843e-01   2.9348e-01   1.2650e-01   3.9647e-03  -1.8737e-05 
  3.9981e-04  -3.3781e+00   3.0955e+01   2.4358e+01   3.4947e+01 
  1.6370e+01   1.7545e+01   1.3286e+01   6.1493e+00   2.8206e+00 
  1.3139e+00   6.2432e-01   2.9834e-01   1.4662e-01   7.2920e-02 
  3.5397e-02   1.6568e-02   7.8037e-03   3.8073e-03   1.9552e-03 
  1.0480e-03   5.7148e-04   3.0842e-04   1.6137e-04   8.0979e-05 
  6.8951e-05   5.6036e+00  -1.1806e+00   1.8293e-02 

########################
# 00000010
########################
RSS 21334372.07494093
BP 0:
a0:   3.2498e+00   e0:  -2.0537e+01   b0:   2.0813e+04   
P: 
  6.4823e-02   4.2811e-01  -1.8713e-01   5.6112e-01  -5.0608e-01 
  6.3483e-01   1.3424e+00   6.1091e-03  -6.7516e-01   5.0413e-03 
  2.3972e-01   3.0718e-01   1.2691e-01   3.8219e-03  -1.8828e-05 
  3.7627e-04  -3.3781e+00   3.0955e+01   2.4358e+01   3.4947e+01 
  1.6370e+01   1.7545e+01   1.3286e+01   6.1493e+00   2.8206e+00 
  1.3139e+00   6.2432e-01   2.9834e-01   1.4662e-01   7.2920e-02 
  3.5397e-02   1.6568e-02   7.8037e-03   3.8073e-03   1.9552e-03 
  1.0480e-03   5.7148e-04   3.0842e-04   1.6137e-04   8.0979e-05 
  6.8951e-05   5.5602e+00  -1.1868e+00   1.8617e-02 

########################
# 00000011
########################
RSS 23134848.432274073
BP 0:
a0:   3.2385e+00   e0:  -2.3605e+01   b0:   2.1880e+04   
P: 
  6.9119e-02   4.6017e-01  -1.7752e-01   6.2844e-01  -5.4604e-01 
  6.0950e-01   1.4293e+00   6.0348e-03  -7.4424e-01   5.4662e-03 
  2.4622e-01   3.1645e-01   1.2931e-01   3.8299e-03  -1.9351e-05 
  4.0141e-04  -3.3781e+00   3.0955e+01   2.4358e+01   3.4947e+01 
  1.6370e+01   1.7545e+01   1.3286e+01   6.1493e+00   2.8206e+00 
  1.3139e+00   6.2432e-01   2.9834e-01   1.4662e-01   7.2920e-02 
  3.5397e-02   1.6568e-02   7.8037e-03   3.8073e-03   1.9552e-03 
  1.0480e-03   5.7148e-04   3.0842e-04   1.6137e-04   8.0979e-05 
  6.8951e-05   5.8234e+00  -1.2180e+00   1.9020e-02 

########################
# 00000012
########################
RSS 4435048405.197271
BP 0:
a0:   3.5156e+00   e0:  -3.0102e+01   b0:   9.7752e+04   
P: 
 -1.8899e-01  -3.1871e+00  -6.1435e-01  -6.3266e-01  -5.3334e+00 
 -3.0684e-01  -3.1011e+00   1.8155e-02  -3.9394e+00   8.8575e-03 
  2.4631e+00   2.4927e+00  -4.0324e-01   2.5199e-02   1.0044e-04 
 -1.0424e-03  -3.3781e+00   3.0955e+01   2.4358e+01   3.4947e+01 
  1.6370e+01   1.7545e+01   1.3286e+01   6.1493e+00   2.8206e+00 
  1.3139e+00   6.2432e-01   2.9834e-01   1.4662e-01   7.2920e-02 
  3.5397e-02   1.6568e-02   7.8037e-03   3.8073e-03   1.9552e-03 
  1.0480e-03   5.7148e-04   3.0842e-04   1.6137e-04   8.0979e-05 
  6.8951e-05  -2.1811e+01   1.5806e+00  -2.2279e-02 

########################
# 00000013
########################
RSS 5401622259.958143
BP 0:
a0:   3.3664e+00   e0:  -1.0560e+02   b0:   1.1367e+05   
P: 
 -5.5269e-01   2.4727e+00  -1.0344e+00   9.8607e-01  -5.6756e+00 
  1.9715e+00   2.3726e+00   3.6236e-02  -2.8067e+00  -9.5761e-03 
 -1.5096e-01   1.1703e-01   8.4164e-01  -2.6739e-02  -9.2841e-05 
  3.0135e-03  -3.3781e+00   3.0955e+01   2.4358e+01   3.4947e+01 
  1.6370e+01   1.7545e+01   1.3286e+01   6.1493e+00   2.8206e+00 
  1.3139e+00   6.2432e-01   2.9834e-01   1.4662e-01   7.2920e-02 
  3.5397e-02   1.6568e-02   7.8037e-03   3.8073e-03   1.9552e-03 
  1.0480e-03   5.7148e-04   3.0842e-04   1.6137e-04   8.0979e-05 
  6.8951e-05   1.8690e+01  -2.6137e+00   3.1153e-02 

########################
# 00000014
########################
RSS 8357921866.966767
BP 0:
a0:   3.4640e+00   e0:  -4.4295e+01   b0:   1.3841e+05   
P: 
  1.4469e-01   4.3744e+00  -5.2867e-01  -3.8025e+00  -3.2475e+00 
  2.8972e+00   2.4612e+00   3.2013e-02  -3.6424e+00   2.0497e-02 
  2.5077e-01   3.2955e-01  -1.1823e-01   2.5123e-02  -1.2178e-04 
 -2.8845e-04  -3.3781e+00   3.0955e+01   2.4358e+01   3.4947e+01 
  1.6370e+01   1.7545e+01   1.3286e+01   6.1493e+00   2.8206e+00 
  1.3139e+00   6.2432e-01   2.9834e-01   1.4662e-01   7.2920e-02 
  3.5397e-02   1.6568e-02   7.8037e-03   3.8073e-03   1.9552e-03 
  1.0480e-03   5.7148e-04   3.0842e-04   1.6137e-04   8.0979e-05 
  6.8951e-05   2.0535e+01  -1.8395e+00   5.0803e-02 

########################
# 00000015
########################
RSS 8490873027.07578
BP 0:
a0:   3.5754e+00   e0:   9.7762e+00   b0:   1.3405e+05   
P: 
  1.4738e-01  -4.0080e+00  -1.9123e+00   5.1593e+00  -3.0047e+00 
  4.9624e+00  -9.2130e+00   6.5311e-02   1.4696e+00   1.7359e-02 
  2.4837e+00   2.6472e+00  -1.1163e+00  -2.8600e-02  -2.0086e-04 
  3.5231e-03  -3.3781e+00   3.0955e+01   2.4358e+01   3.4947e+01 
  1.6370e+01   1.7545e+01   1.3286e+01   6.1493e+00   2.8206e+00 
  1.3139e+00   6.2432e-01   2.9834e-01   1.4662e-01   7.2920e-02 
  3.5397e-02   1.6568e-02   7.8037e-03   3.8073e-03   1.9552e-03 
  1.0480e-03   5.7148e-04   3.0842e-04   1.6137e-04   8.0979e-05 
  6.8951e-05   3.5174e+00   1.7064e+00  -1.7494e-02 

########################
# 00000016
########################
RSS 9978884892.549625
BP 0:
a0:   3.3358e+00   e0:  -1.6537e+02   b0:   9.8027e+04   
P: 
 -3.0963e-01  -2.9491e+00   4.0283e-01   1.4992e+00  -5.0927e+00 
 -1.2742e+00  -1.7479e+00  -5.7602e-03  -1.0357e+00  -1.6887e-02 
 -2.0763e+00  -1.8903e+00   3.1611e-01   2.4881e-02  -5.6215e-06 
 -2.3869e-03  -3.3781e+00   3.0955e+01   2.4358e+01   3.4947e+01 
  1.6370e+01   1.7545e+01   1.3286e+01   6.1493e+00   2.8206e+00 
  1.3139e+00   6.2432e-01   2.9834e-01   1.4662e-01   7.2920e-02 
  3.5397e-02   1.6568e-02   7.8037e-03   3.8073e-03   1.9552e-03 
  1.0480e-03   5.7148e-04   3.0842e-04   1.6137e-04   8.0979e-05 
  6.8951e-05  -9.2763e+00  -1.8727e+00  -3.1567e-02 

########################
# 00000017
########################
RSS 10630540429.76698
BP 0:
a0:   3.6173e+00   e0:   1.0345e+01   b0:   1.2119e+05   
P: 
 -5.5897e-02   1.3725e+00  -1.3663e+00   5.6310e-01  -4.7554e+00 
 -4.8707e+00  -6.2722e+00   2.5189e-02   3.4112e+00  -1.6922e-02 
 -4.1749e-01  -4.5281e-01   4.1220e-01  -1.3314e-02  -1.1314e-04 
  2.0588e-03  -3.3781e+00   3.0955e+01   2.4358e+01   3.4947e+01 
  1.6370e+01   1.7545e+01   1.3286e+01   6.1493e+00   2.8206e+00 
  1.3139e+00   6.2432e-01   2.9834e-01   1.4662e-01   7.2920e-02 
  3.5397e-02   1.6568e-02   7.8037e-03   3.8073e-03   1.9552e-03 
  1.0480e-03   5.7148e-04   3.0842e-04   1.6137e-04   8.0979e-05 
  6.8951e-05   2.7836e+01   7.4138e-01   1.0589e-01 

########################
# 00000018
########################
RSS 11051984723.560345
BP 0:
a0:  -2.7334e+00   e0:  -3.5656e+02   b0:  -4.0953e+04   
P: 
 -5.6395e-01   5.6244e-01  -1.1629e-01   4.2957e+00  -1.3621e+00 
  6.6421e-01   4.0729e+00  -3.5352e-02   1.0271e+00   3.1749e-03 
  1.9172e+00   2.3549e+00  -2.3994e-01   5.8635e-03   5.7084e-05 
 -1.2753e-03  -3.3781e+00   3.0955e+01   2.4358e+01   3.4947e+01 
  1.6370e+01   1.7545e+01   1.3286e+01   6.1493e+00   2.8206e+00 
  1.3139e+00   6.2432e-01   2.9834e-01   1.4662e-01   7.2920e-02 
  3.5397e-02   1.6568e-02   7.8037e-03   3.8073e-03   1.9552e-03 
  1.0480e-03   5.7148e-04   3.0842e-04   1.6137e-04   8.0979e-05 
  6.8951e-05   2.3220e+01  -6.6042e+00   1.0932e-01 

########################
# 00000019
########################
RSS 11787047283.153637
BP 0:
a0:   3.3605e+00   e0:  -1.8192e+02   b0:   4.0196e+04   
P: 
  1.0533e+00   8.1567e+00  -4.2510e-01   4.4216e+00  -3.6779e+00 
  9.1033e+00  -2.3723e+00   1.9635e-02   3.0460e-02   7.2867e-03 
 -2.5227e+00  -2.4867e+00  -1.4741e+00   2.7417e-02   2.4302e-04 
 -5.2641e-03  -3.3781e+00   3.0955e+01   2.4358e+01   3.4947e+01 
  1.6370e+01   1.7545e+01   1.3286e+01   6.1493e+00   2.8206e+00 
  1.3139e+00   6.2432e-01   2.9834e-01   1.4662e-01   7.2920e-02 
  3.5397e-02   1.6568e-02   7.8037e-03   3.8073e-03   1.9552e-03 
  1.0480e-03   5.7148e-04   3.0842e-04   1.6137e-04   8.0979e-05 
  6.8951e-05  -6.8203e+00   6.0749e+00  -1.6187e-01 

########################
# 00000020
########################
RSS 13127318632.223011
BP 0:
a0:   3.4635e+00   e0:  -4.0225e+01   b0:   1.5864e+05   
P: 
 -4.2372e-01   1.7885e+00   5.1593e-01   3.1084e+00  -4.2038e-01 
 -5.0233e+00  -1.6610e+00   1.7194e-02  -7.1631e+00  -4.8739e-02 
  1.8783e+00   1.8661e+00   3.8308e-01  -5.7640e-03  -2.0418e-04 
  7.2818e-05  -3.3781e+00   3.0955e+01   2.4358e+01   3.4947e+01 
  1.6370e+01   1.7545e+01   1.3286e+01   6.1493e+00   2.8206e+00 
  1.3139e+00   6.2432e-01   2.9834e-01   1.4662e-01   7.2920e-02 
  3.5397e-02   1.6568e-02   7.8037e-03   3.8073e-03   1.9552e-03 
  1.0480e-03   5.7148e-04   3.0842e-04   1.6137e-04   8.0979e-05 
  6.8951e-05   3.2108e+01   2.1302e+00  -2.0862e-02 

########################
# 00000021
########################
RSS 14237876214.93442
BP 0:
a0:   3.6313e+00   e0:  -9.1118e+01   b0:   1.4785e+05   
P: 
 -2.3702e-01  -1.7032e+00   1.3608e+00   4.6083e+00  -2.4834e+00 
  6.6536e+00  -1.1156e+00  -1.2551e-02  -8.1172e+00   2.2566e-02 
 -2.5955e-01  -7.7392e-01  -7.8507e-01  -1.2449e-02   9.9198e-05 
 -5.2691e-04  -3.3781e+00   3.0955e+01   2.4358e+01   3.4947e+01 
  1.6370e+01   1.7545e+01   1.3286e+01   6.1493e+00   2.8206e+00 
  1.3139e+00   6.2432e-01   2.9834e-01   1.4662e-01   7.2920e-02 
  3.5397e-02   1.6568e-02   7.8037e-03   3.8073e-03   1.9552e-03 
  1.0480e-03   5.7148e-04   3.0842e-04   1.6137e-04   8.0979e-05 
  6.8951e-05   3.0127e+01   1.0226e-01  -3.2904e-02 

########################
# 00000022
########################
RSS 14307702689.73513
BP 0:
a0:   3.4600e+00   e0:  -1.5665e+02   b0:   9.7855e+04   
P: 
  4.1016e-01   1.5962e+00   5.1860e-02  -9.1374e-01   6.5101e-01 
  3.1083e+00   5.4102e+00   6.2362e-02  -6.8108e+00  -3.4789e-02 
 -2.1865e+00  -2.4607e+00   8.8491e-01  -1.2688e-02   9.4505e-05 
  3.3747e-03  -3.3781e+00   3.0955e+01   2.4358e+01   3.4947e+01 
  1.6370e+01   1.7545e+01   1.3286e+01   6.1493e+00   2.8206e+00 
  1.3139e+00   6.2432e-01   2.9834e-01   1.4662e-01   7.2920e-02 
  3.5397e-02   1.6568e-02   7.8037e-03   3.8073e-03   1.9552e-03 
  1.0480e-03   5.7148e-04   3.0842e-04   1.6137e-04   8.0979e-05 
  6.8951e-05   1.5488e+01  -6.4672e+00   6.6367e-02 

########################
# 00000023
########################
RSS 15698516638.764042
BP 0:
a0:   3.4417e+00   e0:  -1.0215e+02   b0:   2.1129e+05   
P: 
 -3.6938e-02   4.6182e+00  -3.0853e-01   4.8881e+00   2.0893e+00 
  5.9319e+00   4.3138e+00   1.9238e-02  -4.5054e+00   5.5035e-02 
  1.5147e+00   1.8242e+00  -9.5962e-01   1.8889e-02  -9.1317e-05 
  4.0299e-03  -3.3781e+00   3.0955e+01   2.4358e+01   3.4947e+01 
  1.6370e+01   1.7545e+01   1.3286e+01   6.1493e+00   2.8206e+00 
  1.3139e+00   6.2432e-01   2.9834e-01   1.4662e-01   7.2920e-02 
  3.5397e-02   1.6568e-02   7.8037e-03   3.8073e-03   1.9552e-03 
  1.0480e-03   5.7148e-04   3.0842e-04   1.6137e-04   8.0979e-05 
  6.8951e-05  -1.8942e+01  -2.7679e+00   1.0308e-01 

########################
# 00000024
########################
RSS 15818592917.932257
BP 0:
a0:   3.3828e+00   e0:  -6.6902e-01   b0:   2.2427e+05   
P: 
 -8.6133e-03   3.4267e+00  -1.3475e+00  -1.7844e+00  -1.4707e+00 
 -1.2766e+00   7.6719e+00   5.3596e-02  -7.2924e+00  -1.9043e-02 
  9.8696e-01   1.3893e+00  -7.1325e-01  -1.0094e-02  -1.9996e-04 
 -2.4646e-03  -3.3781e+00   3.0955e+01   2.4358e+01   3.4947e+01 
  1.6370e+01   1.7545e+01   1.3286e+01   6.1493e+00   2.8206e+00 
  1.3139e+00   6.2432e-01   2.9834e-01   1.4662e-01   7.2920e-02 
  3.5397e-02   1.6568e-02   7.8037e-03   3.8073e-03   1.9552e-03 
  1.0480e-03   5.7148e-04   3.0842e-04   1.6137e-04   8.0979e-05 
  6.8951e-05   1.2186e+01   8.4221e-01   5.9780e-02 

########################
# 00000025
########################
RSS 19149745723.875423
BP 0:
a0:   3.6902e+00   e0:  -3.0144e+02   b0:   2.0358e+05   
P: 
  6.2834e-01   3.5875e-01   1.1220e+00   1.6038e+00  -4.3946e+00 
  5.5895e+00  -8.3101e+00   3.9604e-02  -6.0250e-02   4.7083e-02 
 -2.0152e+00  -2.6370e+00   8.9645e-01   8.2748e-03  -1.1229e-04 
  2.4402e-03  -3.3781e+00   3.0955e+01   2.4358e+01   3.4947e+01 
  1.6370e+01   1.7545e+01   1.3286e+01   6.1493e+00   2.8206e+00 
  1.3139e+00   6.2432e-01   2.9834e-01   1.4662e-01   7.2920e-02 
  3.5397e-02   1.6568e-02   7.8037e-03   3.8073e-03   1.9552e-03 
  1.0480e-03   5.7148e-04   3.0842e-04   1.6137e-04   8.0979e-05 
  6.8951e-05   9.1119e+00  -8.9769e-01   1.2536e-02 

########################
# 00000026
########################
RSS 19838479055.251984
BP 0:
a0:   3.4250e+00   e0:   1.2288e+01   b0:   2.4454e+05   
P: 
  3.6002e-01   2.8563e+00  -1.9389e+00   3.3657e+00   1.5599e+00 
 -1.9571e+00  -4.1527e+00  -5.8238e-03   1.2807e+00   2.7083e-02 
  5.4355e-01   1.0896e+00  -4.6921e-01   4.1323e-02  -1.6048e-04 
 -3.4976e-03  -3.3781e+00   3.0955e+01   2.4358e+01   3.4947e+01 
  1.6370e+01   1.7545e+01   1.3286e+01   6.1493e+00   2.8206e+00 
  1.3139e+00   6.2432e-01   2.9834e-01   1.4662e-01   7.2920e-02 
  3.5397e-02   1.6568e-02   7.8037e-03   3.8073e-03   1.9552e-03 
  1.0480e-03   5.7148e-04   3.0842e-04   1.6137e-04   8.0979e-05 
  6.8951e-05   1.7276e+01   4.6215e+00  -2.5085e-02 

########################
# 00000027
########################
RSS 21245164777.319496
BP 0:
a0:   3.4493e+00   e0:   4.5679e+01   b0:   2.2443e+05   
P: 
 -1.2176e-01  -1.3260e+00  -1.1239e+00  -1.2998e+00  -5.8969e+00 
 -3.6398e+00  -4.2741e+00  -3.0910e-02  -3.9234e-01   8.4162e-03 
 -4.5187e-01  -5.9255e-02   4.2557e-01  -2.5374e-02  -1.8078e-05 
  1.8139e-03  -3.3781e+00   3.0955e+01   2.4358e+01   3.4947e+01 
  1.6370e+01   1.7545e+01   1.3286e+01   6.1493e+00   2.8206e+00 
  1.3139e+00   6.2432e-01   2.9834e-01   1.4662e-01   7.2920e-02 
  3.5397e-02   1.6568e-02   7.8037e-03   3.8073e-03   1.9552e-03 
  1.0480e-03   5.7148e-04   3.0842e-04   1.6137e-04   8.0979e-05 
  6.8951e-05   2.6619e+01   1.8818e+00  -3.8080e-04 

########################
# 00000028
########################
RSS 25452575760.54855
BP 0:
a0:   3.4098e+00   e0:  -1.7677e+02   b0:   2.2023e+05   
P: 
 -2.1295e-01   1.5666e+00   1.2194e+00  -2.8136e+00   2.9394e+00 
  2.7717e+00  -6.2075e+00   3.7902e-02   3.0104e+00  -3.3385e-02 
  4.3872e-01   8.9059e-01  -2.6451e-01  -1.5353e-02  -8.8016e-05 
  3.2104e-03  -3.3781e+00   3.0955e+01   2.4358e+01   3.4947e+01 
  1.6370e+01   1.7545e+01   1.3286e+01   6.1493e+00   2.8206e+00 
  1.3139e+00   6.2432e-01   2.9834e-01   1.4662e-01   7.2920e-02 
  3.5397e-02   1.6568e-02   7.8037e-03   3.8073e-03   1.9552e-03 
  1.0480e-03   5.7148e-04   3.0842e-04   1.6137e-04   8.0979e-05 
  6.8951e-05   2.3382e+01  -4.9704e+00  -3.3140e-03 

########################
# 00000029
########################
RSS 30687018481.644928
BP 0:
a0:   3.5368e+00   e0:  -3.2822e+02   b0:   8.3835e+04   
P: 
 -5.2909e-01  -3.1761e+00  -1.4852e+00  -1.3434e+00  -5.5443e+00 
 -3.1755e+00  -8.5188e+00  -1.8187e-02  -2.4784e+00   5.6925e-02 
  3.9179e-01  -1.2187e-02  -8.5210e-01  -3.0702e-03  -1.3016e-04 
 -2.9691e-03  -3.3781e+00   3.0955e+01   2.4358e+01   3.4947e+01 
  1.6370e+01   1.7545e+01   1.3286e+01   6.1493e+00   2.8206e+00 
  1.3139e+00   6.2432e-01   2.9834e-01   1.4662e-01   7.2920e-02 
  3.5397e-02   1.6568e-02   7.8037e-03   3.8073e-03   1.9552e-03 
  1.0480e-03   5.7148e-04   3.0842e-04   1.6137e-04   8.0979e-05 
  6.8951e-05   2.8601e+00  -6.7946e+00  -1.0915e-03 

########################
# 00000030
########################
RSS 31536684774.412205
BP 0:
a0:   3.4241e+00   e0:  -3.3399e+02   b0:   5.2051e+04   
P: 
 -5.6515e-01   2.2348e+00  -1.7010e-01  -7.6775e-01  -5.2167e+00 
  3.9445e+00  -6.0453e+00  -4.7618e-02  -2.0308e+00  -3.6354e-02 
 -8.8096e-02  -2.5830e-01   6.1544e-01   4.1488e-02   8.4139e-05 
 -7.3114e-04  -3.3781e+00   3.0955e+01   2.4358e+01   3.4947e+01 
  1.6370e+01   1.7545e+01   1.3286e+01   6.1493e+00   2.8206e+00 
  1.3139e+00   6.2432e-01   2.9834e-01   1.4662e-01   7.2920e-02 
  3.5397e-02   1.6568e-02   7.8037e-03   3.8073e-03   1.9552e-03 
  1.0480e-03   5.7148e-04   3.0842e-04   1.6137e-04   8.0979e-05 
  6.8951e-05   1.9983e+01  -5.5187e+00  -6.3540e-02 

########################
# 00000031
########################
RSS 31889656108.998898
BP 0:
a0:   3.3891e+00   e0:  -1.4857e+02   b0:   2.8306e+05   
P: 
  4.1442e-01  -2.8128e+00  -9.8930e-01  -1.6711e+00  -4.1588e-02 
  1.2482e+00  -4.1279e+00   4.4479e-02   8.7653e-01   2.5927e-02 
 -9.4046e-01  -4.2235e-01  -1.1274e+00   1.6858e-02   1.5233e-04 
 -1.4335e-03  -3.3781e+00   3.0955e+01   2.4358e+01   3.4947e+01 
  1.6370e+01   1.7545e+01   1.3286e+01   6.1493e+00   2.8206e+00 
  1.3139e+00   6.2432e-01   2.9834e-01   1.4662e-01   7.2920e-02 
  3.5397e-02   1.6568e-02   7.8037e-03   3.8073e-03   1.9552e-03 
  1.0480e-03   5.7148e-04   3.0842e-04   1.6137e-04   8.0979e-05 
  6.8951e-05   2.7898e+01  -5.2597e+00  -1.2510e-03 

########################
# 00000032
########################
RSS 32658532995.793846
BP 0:
a0:   3.4481e+00   e0:  -5.3154e+01   b0:   3.2098e+05   
P: 
 -3.1748e-01   4.3331e-01   5.6883e-01  -4.7818e+00   4.7448e+00 
  2.1784e+00  -6.0692e+00  -3.4655e-03   3.4313e+00  -2.2968e-03 
  2.6845e+00   3.3228e+00  -1.0518e+00   3.2385e-02  -1.1768e-04 
  1.9532e-03  -3.3781e+00   3.0955e+01   2.4358e+01   3.4947e+01 
  1.6370e+01   1.7545e+01   1.3286e+01   6.1493e+00   2.8206e+00 
  1.3139e+00   6.2432e-01   2.9834e-01   1.4662e-01   7.2920e-02 
  3.5397e-02   1.6568e-02   7.8037e-03   3.8073e-03   1.9552e-03 
  1.0480e-03   5.7148e-04   3.0842e-04   1.6137e-04   8.0979e-05 
  6.8951e-05   1.3102e+01  -5.2657e+00   9.2271e-02 

########################
# 00000033
########################
RSS 36713158670.2651
BP 0:
a0:   3.4781e+00   e0:   2.0914e+01   b0:   3.8098e+05   
P: 
 -2.8239e-01   4.9933e+00  -1.5716e+00   1.9633e+00  -4.8071e+00 
  4.6123e+00  -9.6971e+00  -1.4327e-02   6.6792e+00   5.0777e-02 
  1.9073e+00   2.7842e+00  -8.6747e-01   3.5444e-02   1.4898e-04 
  3.3958e-03  -3.3781e+00   3.0955e+01   2.4358e+01   3.4947e+01 
  1.6370e+01   1.7545e+01   1.3286e+01   6.1493e+00   2.8206e+00 
  1.3139e+00   6.2432e-01   2.9834e-01   1.4662e-01   7.2920e-02 
  3.5397e-02   1.6568e-02   7.8037e-03   3.8073e-03   1.9552e-03 
  1.0480e-03   5.7148e-04   3.0842e-04   1.6137e-04   8.0979e-05 
  6.8951e-05   2.7913e-01   2.8338e+00   6.5780e-02 

########################
# 00000034
########################
RSS 37831494378.70277
BP 0:
a0:   3.5835e+00   e0:   3.1993e+01   b0:   2.4894e+05   
P: 
  5.3096e-01  -2.9074e+00   1.0608e+00  -3.6833e+00   2.8258e+00 
  1.0715e+00  -1.0167e+01   3.8746e-02   3.7093e+00   6.3321e-03 
  2.3189e-01   1.8307e-01  -8.4532e-01   2.1484e-02  -1.9278e-04 
  3.1287e-03  -3.3781e+00   3.0955e+01   2.4358e+01   3.4947e+01 
  1.6370e+01   1.7545e+01   1.3286e+01   6.1493e+00   2.8206e+00 
  1.3139e+00   6.2432e-01   2.9834e-01   1.4662e-01   7.2920e-02 
  3.5397e-02   1.6568e-02   7.8037e-03   3.8073e-03   1.9552e-03 
  1.0480e-03   5.7148e-04   3.0842e-04   1.6137e-04   8.0979e-05 
  6.8951e-05   1.8125e+01  -9.5184e-01   1.0315e-01 

########################
# 00000035
########################
RSS 40454549277.04344
BP 0:
a0:   3.5584e+00   e0:  -4.6456e+01   b0:   3.4506e+05   
P: 
 -2.7656e-01  -1.0967e+00  -9.1502e-01  -5.5455e+00  -4.2799e+00 
 -4.6978e+00  -5.7386e+00  -4.7321e-02  -4.0572e+00   6.9130e-03 
 -4.7551e-01  -8.4398e-01  -3.5739e-01  -3.2594e-02  -4.2429e-05 
  1.7329e-04  -3.3781e+00   3.0955e+01   2.4358e+01   3.4947e+01 
  1.6370e+01   1.7545e+01   1.3286e+01   6.1493e+00   2.8206e+00 
  1.3139e+00   6.2432e-01   2.9834e-01   1.4662e-01   7.2920e-02 
  3.5397e-02   1.6568e-02   7.8037e-03   3.8073e-03   1.9552e-03 
  1.0480e-03   5.7148e-04   3.0842e-04   1.6137e-04   8.0979e-05 
  6.8951e-05   4.9925e-01   3.0197e+00   6.1929e-02 

########################
# 00000036
########################
RSS 42948834453.30805
BP 0:
a0:   3.5358e+00   e0:  -3.5434e+02   b0:   1.4290e+05   
P: 
  5.0937e-01   1.1798e+00  -2.4507e+00   1.0027e-01   5.3386e+00 
 -5.4179e+00  -1.9420e+01  -5.7722e-02   9.7502e+00   5.6215e-02 
 -2.0111e+00  -2.0587e+00   9.0062e-01  -1.5993e-02  -1.0407e-04 
  1.6974e-04  -3.3781e+00   3.0955e+01   2.4358e+01   3.4947e+01 
  1.6370e+01   1.7545e+01   1.3286e+01   6.1493e+00   2.8206e+00 
  1.3139e+00   6.2432e-01   2.9834e-01   1.4662e-01   7.2920e-02 
  3.5397e-02   1.6568e-02   7.8037e-03   3.8073e-03   1.9552e-03 
  1.0480e-03   5.7148e-04   3.0842e-04   1.6137e-04   8.0979e-05 
  6.8951e-05  -2.0601e+01   1.8572e+00  -9.8667e-02 

########################
# 00000037
########################
RSS 44452125778.767105
BP 0:
a0:   3.4724e+00   e0:  -2.3846e+02   b0:   2.7469e+05   
P: 
 -8.4907e-02   3.0804e+00  -7.9129e-01   3.1937e-01   1.1739e+00 
  2.1691e-01  -1.2121e+01  -2.9876e-02   4.0076e+00  -1.3268e-03 
  9.2011e-01   1.2402e+00  -5.4433e-01  -1.1251e-02   9.7296e-05 
  6.8191e-05  -3.3781e+00   3.0955e+01   2.4358e+01   3.4947e+01 
  1.6370e+01   1.7545e+01   1.3286e+01   6.1493e+00   2.8206e+00 
  1.3139e+00   6.2432e-01   2.9834e-01   1.4662e-01   7.2920e-02 
  3.5397e-02   1.6568e-02   7.8037e-03   3.8073e-03   1.9552e-03 
  1.0480e-03   5.7148e-04   3.0842e-04   1.6137e-04   8.0979e-05 
  6.8951e-05   2.9007e+00  -2.1129e+00   6.3636e-03 

########################
# 00000038
########################
RSS 45315599361.823235
BP 0:
a0:   3.4910e+00   e0:   7.0314e+01   b0:   3.2632e+05   
P: 
  4.9708e-02  -1.8626e+00  -4.2033e-01  -2.9529e-01   4.8520e+00 
  1.9891e+00  -2.5637e+00   3.3302e-02  -4.1911e+00  -2.1639e-02 
  1.1105e+00   1.3456e+00  -1.7041e-01  -3.2504e-02  -9.1977e-05 
  4.1277e-03  -3.3781e+00   3.0955e+01   2.4358e+01   3.4947e+01 
  1.6370e+01   1.7545e+01   1.3286e+01   6.1493e+00   2.8206e+00 
  1.3139e+00   6.2432e-01   2.9834e-01   1.4662e-01   7.2920e-02 
  3.5397e-02   1.6568e-02   7.8037e-03   3.8073e-03   1.9552e-03 
  1.0480e-03   5.7148e-04   3.0842e-04   1.6137e-04   8.0979e-05 
  6.8951e-05   1.0254e+01   2.5486e+00   1.5016e-02 

########################
# 00000039
########################
RSS 46058209010.276665
BP 0:
a0:   3.5939e+00   e0:  -4.3321e+02   b0:   1.7121e+04   
P: 
  5.1618e-02   1.9815e+00   6.3032e-01  -2.6023e+00  -4.3519e+00 
 -3.5271e+00  -9.7914e+00   2.5768e-02   1.1684e-01   1.0043e-02 
 -1.7280e+00  -2.1710e+00  -7.8924e-01  -2.1854e-02   1.4517e-04 
 -2.2536e-03  -3.3781e+00   3.0955e+01   2.4358e+01   3.4947e+01 
  1.6370e+01   1.7545e+01   1.3286e+01   6.1493e+00   2.8206e+00 
  1.3139e+00   6.2432e-01   2.9834e-01   1.4662e-01   7.2920e-02 
  3.5397e-02   1.6568e-02   7.8037e-03   3.8073e-03   1.9552e-03 
  1.0480e-03   5.7148e-04   3.0842e-04   1.6137e-04   8.0979e-05 
  6.8951e-05  -1.4540e+01  -3.9259e+00  -7.5191e-02 

########################
# 00000040
########################
RSS 49559672936.62959
BP 0:
a0:   3.4035e+00   e0:  -2.3171e+02   b0:   3.3820e+05   
P: 
 -1.0842e-01   2.4510e-01  -1.7619e+00   2.2946e+00   1.2343e+00 
 -2.0052e+00  -9.7110e+00   2.1873e-02   1.7883e+00  -1.6168e-04 
  1.9440e+00   2.7190e+00  -3.6599e-01  -2.0020e-02   4.0448e-05 
  3.9992e-03  -3.3781e+00   3.0955e+01   2.4358e+01   3.4947e+01 
  1.6370e+01   1.7545e+01   1.3286e+01   6.1493e+00   2.8206e+00 
  1.3139e+00   6.2432e-01   2.9834e-01   1.4662e-01   7.2920e-02 
  3.5397e-02   1.6568e-02   7.8037e-03   3.8073e-03   1.9552e-03 
  1.0480e-03   5.7148e-04   3.0842e-04   1.6137e-04   8.0979e-05 
  6.8951e-05   1.7665e+00  -5.7822e-01  -4.1363e-02 

########################
# 00000041
########################
RSS 50351314749.64248
BP 0:
a0:   3.6688e+00   e0:  -4.8344e+02   b0:   2.9157e+05   
P: 
  1.0325e-01  -2.8374e-01   4.7674e-01   5.7450e+00  -3.2816e+00 
  1.9440e+00  -1.2780e+01   6.4601e-02  -1.1116e+00   4.8634e-02 
 -1.7352e+00  -2.7985e+00  -6.9145e-01  -1.4267e-02   4.6083e-05 
 -2.9770e-03  -3.3781e+00   3.0955e+01   2.4358e+01   3.4947e+01 
  1.6370e+01   1.7545e+01   1.3286e+01   6.1493e+00   2.8206e+00 
  1.3139e+00   6.2432e-01   2.9834e-01   1.4662e-01   7.2920e-02 
  3.5397e-02   1.6568e-02   7.8037e-03   3.8073e-03   1.9552e-03 
  1.0480e-03   5.7148e-04   3.0842e-04   1.6137e-04   8.0979e-05 
  6.8951e-05   3.3625e+01  -7.2283e+00   1.0927e-01 

########################
# 00000042
########################
RSS 50866234846.21772
BP 0:
a0:   3.5053e+00   e0:  -1.5473e+02   b0:   3.1874e+05   
P: 
 -5.0967e-01   2.4746e+00  -1.6766e+00   5.9275e+00   2.1374e+00 
  3.6248e-01  -1.2592e+01   9.7482e-03   2.9114e+00  -1.9147e-02 
  5.0276e-03   2.7383e-01  -9.1819e-01   2.7134e-02   5.4202e-05 
  4.2386e-03  -3.3781e+00   3.0955e+01   2.4358e+01   3.4947e+01 
  1.6370e+01   1.7545e+01   1.3286e+01   6.1493e+00   2.8206e+00 
  1.3139e+00   6.2432e-01   2.9834e-01   1.4662e-01   7.2920e-02 
  3.5397e-02   1.6568e-02   7.8037e-03   3.8073e-03   1.9552e-03 
  1.0480e-03   5.7148e-04   3.0842e-04   1.6137e-04   8.0979e-05 
  6.8951e-05   3.5423e+00   2.3245e+00   9.1783e-03 

########################
# 00000043
########################
RSS 51380843322.66282
BP 0:
a0:   3.4229e+00   e0:  -1.7524e+02   b0:   3.6051e+05   
P: 
  6.3293e-01   9.8951e-02  -1.4843e+00   5.0970e+00   2.2102e-01 
 -6.6110e-01  -1.0247e+01  -1.0157e-02   2.2766e+00   5.4274e-02 
  7.4571e-01   1.4744e+00  -6.7291e-01  -5.2636e-03  -2.0712e-04 
  2.7805e-03  -3.3781e+00   3.0955e+01   2.4358e+01   3.4947e+01 
  1.6370e+01   1.7545e+01   1.3286e+01   6.1493e+00   2.8206e+00 
  1.3139e+00   6.2432e-01   2.9834e-01   1.4662e-01   7.2920e-02 
  3.5397e-02   1.6568e-02   7.8037e-03   3.8073e-03   1.9552e-03 
  1.0480e-03   5.7148e-04   3.0842e-04   1.6137e-04   8.0979e-05 
  6.8951e-05   7.9101e+00  -3.1187e-01  -3.0495e-02 

########################
# 00000044
########################
RSS 52278529118.96093
BP 0:
a0:   3.5147e+00   e0:  -1.3433e+02   b0:   3.3036e+05   
P: 
 -5.1599e-01  -3.2750e-01  -1.3525e+00   6.7459e+00  -6.1050e-01 
  5.1807e+00  -1.1382e+01   1.7924e-02  -2.6327e+00   2.7907e-02 
  1.6199e+00   1.6996e+00   6.4159e-01   3.6166e-02  -3.5040e-05 
 -2.4581e-03  -3.3781e+00   3.0955e+01   2.4358e+01   3.4947e+01 
  1.6370e+01   1.7545e+01   1.3286e+01   6.1493e+00   2.8206e+00 
  1.3139e+00   6.2432e-01   2.9834e-01   1.4662e-01   7.2920e-02 
  3.5397e-02   1.6568e-02   7.8037e-03   3.8073e-03   1.9552e-03 
  1.0480e-03   5.7148e-04   3.0842e-04   1.6137e-04   8.0979e-05 
  6.8951e-05   1.5217e+01   2.9329e+00  -6.7826e-02 

########################
# 00000045
########################
RSS 53109383880.1898
BP 0:
a0:   3.5204e+00   e0:  -2.6480e+02   b0:   2.5892e+05   
P: 
  3.3780e-01   9.7120e-01   1.5375e-01  -5.5586e+00  -3.2004e+00 
  2.7679e+00  -7.6837e+00   3.0583e-03   3.0761e-01  -4.5934e-02 
 -1.8900e+00  -2.0604e+00  -4.5406e-01  -2.2411e-02   6.0438e-05 
 -2.9441e-03  -3.3781e+00   3.0955e+01   2.4358e+01   3.4947e+01 
  1.6370e+01   1.7545e+01   1.3286e+01   6.1493e+00   2.8206e+00 
  1.3139e+00   6.2432e-01   2.9834e-01   1.4662e-01   7.2920e-02 
  3.5397e-02   1.6568e-02   7.8037e-03   3.8073e-03   1.9552e-03 
  1.0480e-03   5.7148e-04   3.0842e-04   1.6137e-04   8.0979e-05 
  6.8951e-05  -8.8168e-01  -6.7531e+00   8.1273e-02 

########################
# 00000046
########################
RSS 53902460114.4202
BP 0:
a0:   3.4478e+00   e0:  -3.6835e+02   b0:   1.9122e+05   
P: 
 -2.9490e-01   1.0427e+00   7.8857e-01  -4.9577e+00  -5.8625e+00 
 -2.8812e+00  -7.6040e+00   4.5726e-02  -3.4189e+00   5.7507e-02 
 -1.4525e+00  -1.6152e+00   3.3329e-01   3.6790e-02   1.5130e-04 
  2.3142e-03  -3.3781e+00   3.0955e+01   2.4358e+01   3.4947e+01 
  1.6370e+01   1.7545e+01   1.3286e+01   6.1493e+00   2.8206e+00 
  1.3139e+00   6.2432e-01   2.9834e-01   1.4662e-01   7.2920e-02 
  3.5397e-02   1.6568e-02   7.8037e-03   3.8073e-03   1.9552e-03 
  1.0480e-03   5.7148e-04   3.0842e-04   1.6137e-04   8.0979e-05 
  6.8951e-05   1.4050e+01  -5.6024e+00  -3.5469e-02 

########################
# 00000047
########################
RSS 54552460844.33768
BP 0:
a0:   3.4217e+00   e0:  -2.6942e+02   b0:   3.5693e+05   
P: 
  3.7550e-01   1.1549e+00   1.0466e+00   6.8535e+00  -4.6788e+00 
 -1.4719e+00  -7.8855e+00   4.9883e-02   3.7351e-01  -3.7315e-02 
  1.6782e+00   2.3080e+00   1.1421e+00   2.5300e-02   1.6589e-04 
 -2.1008e-03  -3.3781e+00   3.0955e+01   2.4358e+01   3.4947e+01 
  1.6370e+01   1.7545e+01   1.3286e+01   6.1493e+00   2.8206e+00 
  1.3139e+00   6.2432e-01   2.9834e-01   1.4662e-01   7.2920e-02 
  3.5397e-02   1.6568e-02   7.8037e-03   3.8073e-03   1.9552e-03 
  1.0480e-03   5.7148e-04   3.0842e-04   1.6137e-04   8.0979e-05 
  6.8951e-05   1.0574e+00  -7.0591e+00   7.4173e-02 

########################
# 00000048
########################
RSS 55454228392.63742
BP 0:
a0:   3.4511e+00   e0:  -3.9190e+02   b0:   2.0204e+05   
P: 
  1.0232e-01   2.6781e+00   1.2267e+00  -4.6669e+00  -4.3968e+00 
 -5.1763e+00  -1.2501e+01  -3.8984e-02  -1.0021e-01   5.6737e-02 
  2.3072e+00   2.3715e+00   2.9140e-01  -1.5787e-02  -9.3613e-05 
  4.2201e-03  -3.3781e+00   3.0955e+01   2.4358e+01   3.4947e+01 
  1.6370e+01   1.7545e+01   1.3286e+01   6.1493e+00   2.8206e+00 
  1.3139e+00   6.2432e-01   2.9834e-01   1.4662e-01   7.2920e-02 
  3.5397e-02   1.6568e-02   7.8037e-03   3.8073e-03   1.9552e-03 
  1.0480e-03   5.7148e-04   3.0842e-04   1.6137e-04   8.0979e-05 
  6.8951e-05   8.0367e+00  -6.7182e+00  -2.3340e-03 

########################
# 00000049
########################
RSS 55826081709.69776
BP 0:
a0:   3.5479e+00   e0:  -3.0884e+02   b0:   3.2039e+05   
P: 
 -9.3724e-02   1.2711e+00  -1.7433e+00  -4.5920e+00  -4.1869e+00 
  6.0899e+00  -7.9927e+00  -3.0412e-02  -4.2967e+00   1.3985e-02 
 -5.9110e-01  -1.0555e+00   7.7775e-01  -2.4827e-02   4.8542e-05 
 -3.1049e-03  -3.3781e+00   3.0955e+01   2.4358e+01   3.4947e+01 
  1.6370e+01   1.7545e+01   1.3286e+01   6.1493e+00   2.8206e+00 
  1.3139e+00   6.2432e-01   2.9834e-01   1.4662e-01   7.2920e-02 
  3.5397e-02   1.6568e-02   7.8037e-03   3.8073e-03   1.9552e-03 
  1.0480e-03   5.7148e-04   3.0842e-04   1.6137e-04   8.0979e-05 
  6.8951e-05   6.4317e+00  -2.7178e+00  -1.0742e-02 

########################
# 00000050
########################
RSS 56165367312.66525
BP 0:
a0:   3.4380e+00   e0:  -4.7921e+01   b0:   3.7248e+05   
P: 
  6.7694e-03  -3.6731e+00   1.2658e+00   6.5306e+00  -1.0347e+00 
  3.7337e+00  -1.1244e+00  -1.1960e-02  -7.4649e+00   4.9653e-02 
  6.0791e-01   1.0194e+00  -1.1240e+00  -3.9168e-03  -2.0043e-04 
 -3.0186e-03  -3.3781e+00   3.0955e+01   2.4358e+01   3.4947e+01 
  1.6370e+01   1.7545e+01   1.3286e+01   6.1493e+00   2.8206e+00 
  1.3139e+00   6.2432e-01   2.9834e-01   1.4662e-01   7.2920e-02 
  3.5397e-02   1.6568e-02   7.8037e-03   3.8073e-03   1.9552e-03 
  1.0480e-03   5.7148e-04   3.0842e-04   1.6137e-04   8.0979e-05 
  6.8951e-05   1.7811e+01  -2.7030e+00   1.6609e-02 

########################
# 00000051
########################
RSS 56222620339.15368
BP 0:
a0:   3.3959e+00   e0:   1.9462e+02   b0:   3.8119e+05   
P: 
 -4.4518e-01  -2.5989e+00  -1.1079e+00  -1.4462e+00  -5.6242e+00 
  3.1034e+00   2.6105e+00  -6.8712e-03   6.5809e-01   1.1037e-02 
 -1.0250e+00   1.0339e-01   2.2888e-01   2.3998e-02   4.5484e-05 
 -2.4971e-03  -3.3781e+00   3.0955e+01   2.4358e+01   3.4947e+01 
  1.6370e+01   1.7545e+01   1.3286e+01   6.1493e+00   2.8206e+00 
  1.3139e+00   6.2432e-01   2.9834e-01   1.4662e-01   7.2920e-02 
  3.5397e-02   1.6568e-02   7.8037e-03   3.8073e-03   1.9552e-03 
  1.0480e-03   5.7148e-04   3.0842e-04   1.6137e-04   8.0979e-05 
  6.8951e-05   1.7036e+01   4.1253e+00  -1.2840e-03 

########################
# 00000052
########################
RSS 56711277089.317764
BP 0:
a0:   3.2934e+00   e0:  -5.1766e+02   b0:   3.1495e+05   
P: 
 -5.5772e-01   3.8272e+00   6.2776e-01   5.3336e+00   4.4721e+00 
 -3.1484e+00   2.6942e+00   5.7503e-02  -3.6416e+00   4.3102e-02 
 -6.0126e-01   6.2415e-02   1.2016e+00  -2.6113e-02  -3.4111e-05 
 -2.4917e-04  -3.3781e+00   3.0955e+01   2.4358e+01   3.4947e+01 
  1.6370e+01   1.7545e+01   1.3286e+01   6.1493e+00   2.8206e+00 
  1.3139e+00   6.2432e-01   2.9834e-01   1.4662e-01   7.2920e-02 
  3.5397e-02   1.6568e-02   7.8037e-03   3.8073e-03   1.9552e-03 
  1.0480e-03   5.7148e-04   3.0842e-04   1.6137e-04   8.0979e-05 
  6.8951e-05   4.9487e-01  -5.7878e+00   6.9100e-03 

########################
# 00000053
########################
RSS 58387986961.31735
BP 0:
a0:   3.5689e+00   e0:  -3.3067e+02   b0:   3.2130e+05   
P: 
 -2.2787e-01  -1.2224e+00  -7.7548e-01  -4.0173e+00  -1.1960e-01 
 -1.4461e+00  -7.9474e+00   2.3648e-02  -5.3078e+00  -1.1516e-02 
 -1.6216e-01  -8.3862e-01   1.2416e+00  -2.3706e-02   1.2002e-04 
  1.1006e-03  -3.3781e+00   3.0955e+01   2.4358e+01   3.4947e+01 
  1.6370e+01   1.7545e+01   1.3286e+01   6.1493e+00   2.8206e+00 
  1.3139e+00   6.2432e-01   2.9834e-01   1.4662e-01   7.2920e-02 
  3.5397e-02   1.6568e-02   7.8037e-03   3.8073e-03   1.9552e-03 
  1.0480e-03   5.7148e-04   3.0842e-04   1.6137e-04   8.0979e-05 
  6.8951e-05   9.7293e+00  -6.2244e+00   8.4160e-02 

########################
# 00000054
########################
RSS 59241678908.57536
BP 0:
a0:   3.3989e+00   e0:   3.0850e+02   b0:   2.8308e+05   
P: 
 -1.6755e-01  -1.0163e+00   1.8203e-01  -2.2865e+00   3.0497e+00 
  4.6024e+00   1.5339e+01  -1.5169e-02  -6.6327e+00  -4.3278e-02 
 -1.2591e+00  -5.5005e-01  -1.0494e+00  -2.2048e-02   8.9036e-05 
  1.3113e-03  -3.3781e+00   3.0955e+01   2.4358e+01   3.4947e+01 
  1.6370e+01   1.7545e+01   1.3286e+01   6.1493e+00   2.8206e+00 
  1.3139e+00   6.2432e-01   2.9834e-01   1.4662e-01   7.2920e-02 
  3.5397e-02   1.6568e-02   7.8037e-03   3.8073e-03   1.9552e-03 
  1.0480e-03   5.7148e-04   3.0842e-04   1.6137e-04   8.0979e-05 
  6.8951e-05  -3.9261e+00   3.6755e+00   9.7593e-02 

########################
# 00000055
########################
RSS 61359315715.81242
BP 0:
a0:   3.3842e+00   e0:  -7.8394e+01   b0:   4.2285e+05   
P: 
  1.9213e-01   4.2565e+00  -1.4747e+00  -1.4663e+00  -1.6803e+00 
 -4.4233e+00   2.4769e+00  -5.4287e-02  -3.0137e+00   1.4517e-02 
 -6.8214e-01   2.6133e-01  -2.3667e-01  -5.7904e-03   7.8036e-05 
 -2.2824e-03  -3.3781e+00   3.0955e+01   2.4358e+01   3.4947e+01 
  1.6370e+01   1.7545e+01   1.3286e+01   6.1493e+00   2.8206e+00 
  1.3139e+00   6.2432e-01   2.9834e-01   1.4662e-01   7.2920e-02 
  3.5397e-02   1.6568e-02   7.8037e-03   3.8073e-03   1.9552e-03 
  1.0480e-03   5.7148e-04   3.0842e-04   1.6137e-04   8.0979e-05 
  6.8951e-05   1.0019e+01   3.3366e+00   1.5597e-02 

########################
# 00000056
########################
RSS 61515958977.58452
BP 0:
a0:   3.4646e+00   e0:   1.1658e+02   b0:   3.8301e+05   
P: 
 -5.4849e-01  -8.1035e-01   4.9400e-01   1.7276e+00   1.4620e+00 
 -5.3159e-01  -7.4819e-01   5.9017e-02  -2.7379e+00   2.0546e-02 
 -1.7265e-01   3.2114e-01  -1.1467e+00   1.0310e-02   9.2570e-05 
 -1.1571e-03  -3.3781e+00   3.0955e+01   2.4358e+01   3.4947e+01 
  1.6370e+01   1.7545e+01   1.3286e+01   6.1493e+00   2.8206e+00 
  1.3139e+00   6.2432e-01   2.9834e-01   1.4662e-01   7.2920e-02 
  3.5397e-02   1.6568e-02   7.8037e-03   3.8073e-03   1.9552e-03 
  1.0480e-03   5.7148e-04   3.0842e-04   1.6137e-04   8.0979e-05 
  6.8951e-05   1.7193e+01   1.4028e+00   8.5481e-02 

########################
# 00000057
########################
RSS 62787640024.65726
BP 0:
a0:   3.4432e+00   e0:  -7.6448e+01   b0:   3.6745e+05   
P: 
  5.5909e-01   1.1813e+00   4.4517e-01   3.7721e+00   4.5511e+00 
  1.0497e+00  -8.8434e+00   4.7299e-02   2.4418e+00   3.8942e-02 
 -1.1793e+00  -5.7438e-01   1.3582e+00  -2.4318e-02  -1.0904e-04 
 -2.3000e-03  -3.3781e+00   3.0955e+01   2.4358e+01   3.4947e+01 
  1.6370e+01   1.7545e+01   1.3286e+01   6.1493e+00   2.8206e+00 
  1.3139e+00   6.2432e-01   2.9834e-01   1.4662e-01   7.2920e-02 
  3.5397e-02   1.6568e-02   7.8037e-03   3.8073e-03   1.9552e-03 
  1.0480e-03   5.7148e-04   3.0842e-04   1.6137e-04   8.0979e-05 
  6.8951e-05   2.0266e+01   2.5609e+00  -6.6051e-02 

########################
# 00000058
########################
RSS 64892424922.55508
BP 0:
a0:   3.4104e+00   e0:  -1.0824e+02   b0:   4.3908e+05   
P: 
  1.5417e-01  -3.6908e+00   1.0544e+00   5.8362e+00  -9.1185e-01 
  7.4036e-01  -7.5649e+00  -2.5819e-03  -1.3215e-01  -2.7950e-02 
  1.0402e+00   1.9456e+00   4.6370e-01  -1.6364e-02  -1.2430e-05 
 -2.9011e-03  -3.3781e+00   3.0955e+01   2.4358e+01   3.4947e+01 
  1.6370e+01   1.7545e+01   1.3286e+01   6.1493e+00   2.8206e+00 
  1.3139e+00   6.2432e-01   2.9834e-01   1.4662e-01   7.2920e-02 
  3.5397e-02   1.6568e-02   7.8037e-03   3.8073e-03   1.9552e-03 
  1.0480e-03   5.7148e-04   3.0842e-04   1.6137e-04   8.0979e-05 
  6.8951e-05   2.8583e+01  -3.6651e+00  -9.2493e-03 

########################
# 00000059
########################
RSS 68238088782.923164
BP 0:
a0:   3.5801e+00   e0:  -5.5699e+01   b0:   4.6565e+05   
P: 
  1.9221e-02  -6.3320e-01  -1.1250e+00   4.8313e-01  -6.9409e-01 
 -3.8122e+00  -1.1780e+01  -4.2099e-02   8.3648e-01  -2.1691e-02 
 -1.7347e+00  -2.2293e+00   3.3232e-01  -1.7182e-02  -1.0379e-04 
  2.7231e-04  -3.3781e+00   3.0955e+01   2.4358e+01   3.4947e+01 
  1.6370e+01   1.7545e+01   1.3286e+01   6.1493e+00   2.8206e+00 
  1.3139e+00   6.2432e-01   2.9834e-01   1.4662e-01   7.2920e-02 
  3.5397e-02   1.6568e-02   7.8037e-03   3.8073e-03   1.9552e-03 
  1.0480e-03   5.7148e-04   3.0842e-04   1.6137e-04   8.0979e-05 
  6.8951e-05   2.6117e+01   3.3039e+00   1.0150e-01 

########################
# 00000060
########################
RSS 69124090271.79593
BP 0:
a0:   3.6772e+00   e0:  -6.1520e+02   b0:   3.3427e+05   
P: 
  9.0056e-02   4.5983e+00   9.0401e-01   1.6510e+00   2.1408e+00 
  3.8089e+00  -1.1902e+01   1.3723e-02  -5.6189e+00   6.9556e-03 
  8.5795e-01  -3.6748e-01  -2.9165e-01   3.4253e-04   2.9476e-05 
  2.6348e-03  -3.3781e+00   3.0955e+01   2.4358e+01   3.4947e+01 
  1.6370e+01   1.7545e+01   1.3286e+01   6.1493e+00   2.8206e+00 
  1.3139e+00   6.2432e-01   2.9834e-01   1.4662e-01   7.2920e-02 
  3.5397e-02   1.6568e-02   7.8037e-03   3.8073e-03   1.9552e-03 
  1.0480e-03   5.7148e-04   3.0842e-04   1.6137e-04   8.0979e-05 
  6.8951e-05   2.0198e+01  -4.5412e+00   8.8125e-02 

########################
# 00000061
########################
RSS 69226829323.57727
BP 0:
a0:   3.3876e+00   e0:  -3.3141e+01   b0:   5.3674e+05   
P: 
  6.5137e-01  -1.0210e+00  -1.0321e+00   6.7299e+00  -3.4663e+00 
 -5.5096e-02  -2.2723e+00   4.4244e-02   5.7251e+00  -1.2725e-02 
 -7.3596e-01   8.5382e-01   7.3382e-01   1.5352e-02  -3.1105e-05 
 -1.7739e-03  -3.3781e+00   3.0955e+01   2.4358e+01   3.4947e+01 
  1.6370e+01   1.7545e+01   1.3286e+01   6.1493e+00   2.8206e+00 
  1.3139e+00   6.2432e-01   2.9834e-01   1.4662e-01   7.2920e-02 
  3.5397e-02   1.6568e-02   7.8037e-03   3.8073e-03   1.9552e-03 
  1.0480e-03   5.7148e-04   3.0842e-04   1.6137e-04   8.0979e-05 
  6.8951e-05  -2.0040e+01  -7.7011e-02   7.0481e-02 

########################
# 00000062
########################
RSS 69751074763.6328
BP 0:
a0:   3.4092e+00   e0:  -2.7832e+02   b0:   3.6337e+05   
P: 
 -3.9947e-01   3.5495e+00  -1.6246e+00  -4.2056e+00  -1.5807e+00 
 -1.2771e+00  -1.0420e+01   4.1708e-02   1.8229e+00   4.0345e-03 
  7.5473e-01   1.4713e+00   7.7274e-01  -2.1031e-02  -6.8008e-05 
  1.2263e-03  -3.3781e+00   3.0955e+01   2.4358e+01   3.4947e+01 
  1.6370e+01   1.7545e+01   1.3286e+01   6.1493e+00   2.8206e+00 
  1.3139e+00   6.2432e-01   2.9834e-01   1.4662e-01   7.2920e-02 
  3.5397e-02   1.6568e-02   7.8037e-03   3.8073e-03   1.9552e-03 
  1.0480e-03   5.7148e-04   3.0842e-04   1.6137e-04   8.0979e-05 
  6.8951e-05   2.8861e+01  -5.6161e-01  -7.5396e-02 

########################
# 00000063
########################
RSS 72059835995.30682
BP 0:
a0:   3.5302e+00   e0:  -4.2681e+02   b0:   2.7369e+05   
P: 
 -4.9870e-01   1.9389e+00  -1.4141e+00   1.0409e+00   3.1229e+00 
  5.4223e-01  -9.1451e+00   5.0690e-02  -6.2527e+00  -1.2356e-02 
  9.6032e-01   4.9359e-01  -6.6901e-01  -1.5003e-02  -1.7101e-04 
  3.2073e-03  -3.3781e+00   3.0955e+01   2.4358e+01   3.4947e+01 
  1.6370e+01   1.7545e+01   1.3286e+01   6.1493e+00   2.8206e+00 
  1.3139e+00   6.2432e-01   2.9834e-01   1.4662e-01   7.2920e-02 
  3.5397e-02   1.6568e-02   7.8037e-03   3.8073e-03   1.9552e-03 
  1.0480e-03   5.7148e-04   3.0842e-04   1.6137e-04   8.0979e-05 
  6.8951e-05  -1.9109e+01  -1.9632e+00  -2.7718e-02 

########################
# 00000064
########################
RSS 73584799850.80861
BP 0:
a0:   3.3760e+00   e0:   1.6581e+02   b0:   4.5947e+05   
P: 
 -7.2828e-02  -1.5112e+00  -1.6724e+00   3.8192e+00   2.9021e+00 
 -3.4296e+00   5.1281e+00  -1.2145e-02   1.0966e+00  -2.4218e-02 
  2.1364e-01   1.6630e+00   1.0682e+00   1.9352e-02  -1.6545e-04 
  2.3674e-03  -3.3781e+00   3.0955e+01   2.4358e+01   3.4947e+01 
  1.6370e+01   1.7545e+01   1.3286e+01   6.1493e+00   2.8206e+00 
  1.3139e+00   6.2432e-01   2.9834e-01   1.4662e-01   7.2920e-02 
  3.5397e-02   1.6568e-02   7.8037e-03   3.8073e-03   1.9552e-03 
  1.0480e-03   5.7148e-04   3.0842e-04   1.6137e-04   8.0979e-05 
  6.8951e-05   1.9422e+01   1.9636e+00   9.7805e-02 

########################
# 00000065
########################
RSS 73929569397.67006
BP 0:
a0:   3.4112e+00   e0:  -1.9867e+02   b0:   4.3724e+05   
P: 
  5.6397e-01  -4.0247e+00   1.5359e+00  -1.3510e+00   3.9544e+00 
 -1.1433e+00  -9.7815e+00   1.7098e-02   2.5259e+00   3.7759e-02 
  1.9668e+00   2.8409e+00  -2.9199e-01   4.1851e-02  -1.0827e-04 
 -3.1931e-03  -3.3781e+00   3.0955e+01   2.4358e+01   3.4947e+01 
  1.6370e+01   1.7545e+01   1.3286e+01   6.1493e+00   2.8206e+00 
  1.3139e+00   6.2432e-01   2.9834e-01   1.4662e-01   7.2920e-02 
  3.5397e-02   1.6568e-02   7.8037e-03   3.8073e-03   1.9552e-03 
  1.0480e-03   5.7148e-04   3.0842e-04   1.6137e-04   8.0979e-05 
  6.8951e-05  -6.7473e+00  -5.6430e+00   1.2360e-02 

########################
# 00000066
########################
RSS 74593169712.81479
BP 0:
a0:   3.5007e+00   e0:  -2.4786e+02   b0:   3.9071e+05   
P: 
  3.2038e-01  -3.4813e+00  -9.6900e-01  -2.8966e+00   1.8332e+00 
 -2.6294e+00  -7.0797e+00   5.4604e-03  -4.4763e+00  -2.1491e-03 
 -9.2370e-01  -1.1334e+00   1.2788e+00  -9.1178e-04   2.0747e-05 
  2.8026e-03  -3.3781e+00   3.0955e+01   2.4358e+01   3.4947e+01 
  1.6370e+01   1.7545e+01   1.3286e+01   6.1493e+00   2.8206e+00 
  1.3139e+00   6.2432e-01   2.9834e-01   1.4662e-01   7.2920e-02 
  3.5397e-02   1.6568e-02   7.8037e-03   3.8073e-03   1.9552e-03 
  1.0480e-03   5.7148e-04   3.0842e-04   1.6137e-04   8.0979e-05 
  6.8951e-05  -1.5650e+01  -4.5910e+00   6.0072e-02 

########################
# 00000067
########################
RSS 79379227241.88007
BP 0:
a0:   3.4520e+00   e0:   2.2127e+02   b0:   3.9312e+05   
P: 
  3.0707e-01  -2.6369e+00   7.5583e-01  -1.9169e+00  -5.4460e+00 
 -1.2593e+00   4.6440e+00   6.4980e-02  -6.6971e+00   5.7959e-02 
 -1.4019e+00  -8.1150e-01  -6.6157e-01  -2.2852e-02  -3.8134e-05 
  4.2255e-03  -3.3781e+00   3.0955e+01   2.4358e+01   3.4947e+01 
  1.6370e+01   1.7545e+01   1.3286e+01   6.1493e+00   2.8206e+00 
  1.3139e+00   6.2432e-01   2.9834e-01   1.4662e-01   7.2920e-02 
  3.5397e-02   1.6568e-02   7.8037e-03   3.8073e-03   1.9552e-03 
  1.0480e-03   5.7148e-04   3.0842e-04   1.6137e-04   8.0979e-05 
  6.8951e-05   7.2319e+00   3.5363e+00   7.7731e-02 

########################
# 00000068
########################
RSS 80142566409.96387
BP 0:
a0:   3.5346e+00   e0:  -3.5872e+02   b0:   3.9537e+05   
P: 
  1.8895e-01   4.6052e+00  -7.6586e-01   2.4201e+00   4.3837e+00 
 -5.4981e-01  -9.3988e+00   4.7275e-02  -3.1686e+00   2.5201e-02 
 -2.6693e-01  -7.7870e-01   1.2992e-01   3.6108e-02   1.7211e-04 
 -3.3446e-03  -3.3781e+00   3.0955e+01   2.4358e+01   3.4947e+01 
  1.6370e+01   1.7545e+01   1.3286e+01   6.1493e+00   2.8206e+00 
  1.3139e+00   6.2432e-01   2.9834e-01   1.4662e-01   7.2920e-02 
  3.5397e-02   1.6568e-02   7.8037e-03   3.8073e-03   1.9552e-03 
  1.0480e-03   5.7148e-04   3.0842e-04   1.6137e-04   8.0979e-05 
  6.8951e-05   1.2463e+01  -4.6218e+00   8.6525e-02 

########################
# 00000069
########################
RSS 82011310535.41325
BP 0:
a0:   3.4700e+00   e0:  -4.1107e+01   b0:   4.7480e+05   
P: 
 -2.5288e-01  -3.2931e+00  -7.1795e-01   1.4631e+00  -1.2779e+00 
 -4.2269e-01  -1.0978e+01  -4.5472e-02   5.2290e+00   2.1126e-02 
 -1.3662e+00  -6.7353e-01  -1.0018e+00  -3.0130e-02   3.5196e-05 
  6.7366e-04  -3.3781e+00   3.0955e+01   2.4358e+01   3.4947e+01 
  1.6370e+01   1.7545e+01   1.3286e+01   6.1493e+00   2.8206e+00 
  1.3139e+00   6.2432e-01   2.9834e-01   1.4662e-01   7.2920e-02 
  3.5397e-02   1.6568e-02   7.8037e-03   3.8073e-03   1.9552e-03 
  1.0480e-03   5.7148e-04   3.0842e-04   1.6137e-04   8.0979e-05 
  6.8951e-05  -8.6172e+00  -1.7137e+00   9.3017e-02 

########################
# 00000070
########################
RSS 83418165069.0608
BP 0:
a0:   3.4185e+00   e0:  -3.0556e+02   b0:   4.3765e+05   
P: 
  3.5003e-01   4.0422e+00  -8.4274e-01   1.1692e+00   1.1897e+00 
  3.6051e+00  -2.6042e+00   4.2229e-02   1.6020e+00  -2.4958e-02 
 -1.1306e+00  -3.8181e-01   6.2328e-01  -1.1316e-02   1.1983e-04 
 -6.0471e-04  -3.3781e+00   3.0955e+01   2.4358e+01   3.4947e+01 
  1.6370e+01   1.7545e+01   1.3286e+01   6.1493e+00   2.8206e+00 
  1.3139e+00   6.2432e-01   2.9834e-01   1.4662e-01   7.2920e-02 
  3.5397e-02   1.6568e-02   7.8037e-03   3.8073e-03   1.9552e-03 
  1.0480e-03   5.7148e-04   3.0842e-04   1.6137e-04   8.0979e-05 
  6.8951e-05  -2.0002e+01  -6.9847e+00   1.0651e-01 

########################
# 00000071
########################
RSS 84446070977.50018
BP 0:
a0:   3.5204e+00   e0:   6.2447e+01   b0:   4.1542e+05   
P: 
 -9.4805e-02   1.1821e+00   8.8893e-01  -1.5135e-01  -5.9616e+00 
  5.3327e-01  -6.4115e+00  -1.1084e-02  -3.5762e+00   5.3441e-02 
  7.1305e-01   9.3913e-01  -9.1557e-01   3.2071e-02  -2.0585e-04 
  1.8283e-03  -3.3781e+00   3.0955e+01   2.4358e+01   3.4947e+01 
  1.6370e+01   1.7545e+01   1.3286e+01   6.1493e+00   2.8206e+00 
  1.3139e+00   6.2432e-01   2.9834e-01   1.4662e-01   7.2920e-02 
  3.5397e-02   1.6568e-02   7.8037e-03   3.8073e-03   1.9552e-03 
  1.0480e-03   5.7148e-04   3.0842e-04   1.6137e-04   8.0979e-05 
  6.8951e-05   1.2842e+01   3.0199e+00   1.0068e-01 

########################
# 00000072
########################
RSS 85529525485.72894
BP 0:
a0:   3.4913e+00   e0:  -5.0140e+01   b0:   4.1986e+05   
P: 
  7.5986e-01  -1.6845e+00  -1.8223e+00   5.2117e+00   4.3281e+00 
  5.3442e+00  -7.9926e+00   3.7968e-02   1.1451e+00  -3.3070e-02 
 -2.1351e+00  -1.7832e+00   1.0087e+00  -1.2184e-02   1.4289e-04 
 -2.8327e-03  -3.3781e+00   3.0955e+01   2.4358e+01   3.4947e+01 
  1.6370e+01   1.7545e+01   1.3286e+01   6.1493e+00   2.8206e+00 
  1.3139e+00   6.2432e-01   2.9834e-01   1.4662e-01   7.2920e-02 
  3.5397e-02   1.6568e-02   7.8037e-03   3.8073e-03   1.9552e-03 
  1.0480e-03   5.7148e-04   3.0842e-04   1.6137e-04   8.0979e-05 
  6.8951e-05  -4.1432e+00   1.1678e+00   2.3678e-02 

########################
# 00000073
########################
RSS 85984305764.27219
BP 0:
a0:   3.3955e+00   e0:  -1.1602e+02   b0:   5.1693e+05   
P: 
 -3.6351e-01  -1.6382e+00   1.2643e+00   2.7952e-01   2.8991e-02 
  5.1559e-01  -6.3875e+00   5.9617e-02   1.1521e+00  -4.1491e-02 
  1.4973e+00   2.7391e+00  -7.2144e-01   4.1698e-02   1.6874e-04 
 -2.8166e-03  -3.3781e+00   3.0955e+01   2.4358e+01   3.4947e+01 
  1.6370e+01   1.7545e+01   1.3286e+01   6.1493e+00   2.8206e+00 
  1.3139e+00   6.2432e-01   2.9834e-01   1.4662e-01   7.2920e-02 
  3.5397e-02   1.6568e-02   7.8037e-03   3.8073e-03   1.9552e-03 
  1.0480e-03   5.7148e-04   3.0842e-04   1.6137e-04   8.0979e-05 
  6.8951e-05   2.1101e+01  -1.8561e+00  -1.8239e-02 

########################
# 00000074
########################
RSS 86414070065.91357
BP 0:
a0:   3.5374e+00   e0:  -2.8455e+02   b0:   4.5016e+05   
P: 
 -6.1282e-01   1.2558e+00  -1.4853e+00   2.6178e+00   7.9245e-01 
  4.9362e-01  -1.0137e+01  -3.5754e-02  -5.2266e+00   2.2500e-03 
 -8.8850e-01  -1.3927e+00  -6.8108e-01  -2.2929e-02   6.6737e-05 
  2.1341e-03  -3.3781e+00   3.0955e+01   2.4358e+01   3.4947e+01 
  1.6370e+01   1.7545e+01   1.3286e+01   6.1493e+00   2.8206e+00 
  1.3139e+00   6.2432e-01   2.9834e-01   1.4662e-01   7.2920e-02 
  3.5397e-02   1.6568e-02   7.8037e-03   3.8073e-03   1.9552e-03 
  1.0480e-03   5.7148e-04   3.0842e-04   1.6137e-04   8.0979e-05 
  6.8951e-05   2.2963e+01  -1.9266e+00   5.0889e-02 

########################
# 00000075
########################
RSS 87316599647.70486
BP 0:
a0:   3.3972e+00   e0:  -1.9874e+02   b0:   5.1969e+05   
P: 
 -9.2837e-02   2.5033e+00  -6.1496e-02   6.0351e-02  -5.4801e+00 
 -5.0939e+00  -9.0635e+00  -5.0839e-02   2.2542e+00   4.0011e-02 
  2.0312e+00   3.3444e+00   1.2956e+00  -1.6235e-02  -2.4625e-05 
  2.2388e-03  -3.3781e+00   3.0955e+01   2.4358e+01   3.4947e+01 
  1.6370e+01   1.7545e+01   1.3286e+01   6.1493e+00   2.8206e+00 
  1.3139e+00   6.2432e-01   2.9834e-01   1.4662e-01   7.2920e-02 
  3.5397e-02   1.6568e-02   7.8037e-03   3.8073e-03   1.9552e-03 
  1.0480e-03   5.7148e-04   3.0842e-04   1.6137e-04   8.0979e-05 
  6.8951e-05   2.0767e+01  -9.5372e-01   2.4438e-03 

########################
# 00000076
########################
RSS 89955546387.25795
BP 0:
a0:   3.4062e+00   e0:  -1.2623e+02   b0:   5.0081e+05   
P: 
 -5.8574e-01   1.2697e+00   2.3542e-01  -3.6740e+00  -4.1901e+00 
  4.4002e-01  -3.6374e+00   3.5994e-02  -1.0153e+00   1.4655e-02 
  1.4403e-01   1.2613e+00  -3.2849e-01   1.6801e-02   1.7384e-04 
  1.0721e-03  -3.3781e+00   3.0955e+01   2.4358e+01   3.4947e+01 
  1.6370e+01   1.7545e+01   1.3286e+01   6.1493e+00   2.8206e+00 
  1.3139e+00   6.2432e-01   2.9834e-01   1.4662e-01   7.2920e-02 
  3.5397e-02   1.6568e-02   7.8037e-03   3.8073e-03   1.9552e-03 
  1.0480e-03   5.7148e-04   3.0842e-04   1.6137e-04   8.0979e-05 
  6.8951e-05  -8.1079e+00   2.2102e+00  -2.9872e-02 

########################
# 00000077
########################
RSS 90342711388.68954
BP 0:
a0:   3.5481e+00   e0:  -3.0447e+02   b0:   4.7252e+05   
P: 
 -2.4444e-01  -7.5129e-01  -1.6331e+00   5.8691e+00  -3.0628e+00 
 -4.2548e+00  -1.2478e+01   3.1747e-02  -4.3214e+00   4.7679e-02 
 -8.2341e-02  -6.3325e-01   2.3893e-02   3.0894e-02  -8.1487e-05 
 -3.2338e-03  -3.3781e+00   3.0955e+01   2.4358e+01   3.4947e+01 
  1.6370e+01   1.7545e+01   1.3286e+01   6.1493e+00   2.8206e+00 
  1.3139e+00   6.2432e-01   2.9834e-01   1.4662e-01   7.2920e-02 
  3.5397e-02   1.6568e-02   7.8037e-03   3.8073e-03   1.9552e-03 
  1.0480e-03   5.7148e-04   3.0842e-04   1.6137e-04   8.0979e-05 
  6.8951e-05  -1.3523e+01  -9.6448e-01   9.0663e-02 

########################
# 00000078
########################
RSS 90806498743.93484
BP 0:
a0:   3.4100e+00   e0:   1.9400e+02   b0:   5.8054e+05   
P: 
  2.2396e-01   9.1242e-01  -1.3862e+00   6.6039e+00  -4.9808e+00 
  4.2999e+00   3.2567e+00   3.9085e-02  -5.3234e-01   1.1794e-02 
  1.0859e+00   2.6503e+00  -9.1228e-01  -1.9733e-02  -1.2374e-04 
 -1.2870e-03  -3.3781e+00   3.0955e+01   2.4358e+01   3.4947e+01 
  1.6370e+01   1.7545e+01   1.3286e+01   6.1493e+00   2.8206e+00 
  1.3139e+00   6.2432e-01   2.9834e-01   1.4662e-01   7.2920e-02 
  3.5397e-02   1.6568e-02   7.8037e-03   3.8073e-03   1.9552e-03 
  1.0480e-03   5.7148e-04   3.0842e-04   1.6137e-04   8.0979e-05 
  6.8951e-05   1.9255e+01   2.4820e+00   1.0261e-01 

########################
# 00000079
########################
RSS 91044686208.7927
BP 0:
a0:   3.4495e+00   e0:  -2.4031e+02   b0:   4.6317e+05   
P: 
 -5.1584e-01   3.2173e+00   9.4787e-01   4.6180e+00  -1.1908e+00 
 -4.3632e+00  -1.2175e+01   1.4846e-02   3.5564e+00   3.5154e-02 
  4.3404e-01   1.0969e+00   1.1018e+00  -3.0017e-02  -6.6921e-05 
 -1.2672e-03  -3.3781e+00   3.0955e+01   2.4358e+01   3.4947e+01 
  1.6370e+01   1.7545e+01   1.3286e+01   6.1493e+00   2.8206e+00 
  1.3139e+00   6.2432e-01   2.9834e-01   1.4662e-01   7.2920e-02 
  3.5397e-02   1.6568e-02   7.8037e-03   3.8073e-03   1.9552e-03 
  1.0480e-03   5.7148e-04   3.0842e-04   1.6137e-04   8.0979e-05 
  6.8951e-05   2.6358e+01  -5.6939e+00   9.7955e-02 

########################
# 00000080
########################
RSS 94085707005.75209
BP 0:
a0:   3.3679e+00   e0:  -1.9172e+02   b0:   5.2530e+05   
P: 
 -5.1917e-01   1.0714e+00  -1.5954e+00   2.2727e+00  -6.9577e-01 
  1.9794e+00   6.5874e+00  -1.1673e-02  -6.5428e+00   4.8191e-02 
 -1.8193e+00  -6.5965e-01  -1.0961e+00   2.0536e-02   1.4624e-04 
 -1.4652e-03  -3.3781e+00   3.0955e+01   2.4358e+01   3.4947e+01 
  1.6370e+01   1.7545e+01   1.3286e+01   6.1493e+00   2.8206e+00 
  1.3139e+00   6.2432e-01   2.9834e-01   1.4662e-01   7.2920e-02 
  3.5397e-02   1.6568e-02   7.8037e-03   3.8073e-03   1.9552e-03 
  1.0480e-03   5.7148e-04   3.0842e-04   1.6137e-04   8.0979e-05 
  6.8951e-05  -1.2166e+01   1.8896e+00  -1.4690e-02 

########################
# 00000081
########################
RSS 94487238593.63461
BP 0:
a0:   3.4702e+00   e0:  -1.2560e+02   b0:   4.7692e+05   
P: 
  4.5535e-01  -1.4457e+00  -1.1980e+00   6.7847e+00  -3.1313e+00 
 -2.3929e+00  -1.1015e+01   1.8475e-02  -2.9366e+00  -4.2389e-02 
  1.9636e+00   2.4823e+00  -8.3505e-01  -3.0470e-03   1.4244e-04 
  3.9938e-03  -3.3781e+00   3.0955e+01   2.4358e+01   3.4947e+01 
  1.6370e+01   1.7545e+01   1.3286e+01   6.1493e+00   2.8206e+00 
  1.3139e+00   6.2432e-01   2.9834e-01   1.4662e-01   7.2920e-02 
  3.5397e-02   1.6568e-02   7.8037e-03   3.8073e-03   1.9552e-03 
  1.0480e-03   5.7148e-04   3.0842e-04   1.6137e-04   8.0979e-05 
  6.8951e-05   2.7579e+01  -3.2467e+00   8.2159e-02 

########################
# 00000082
########################
RSS 99661254722.49403
BP 0:
a0:   3.5083e+00   e0:  -3.2560e+02   b0:   4.1291e+05   
P: 
  5.9345e-01  -4.2169e-01   1.7719e-01  -3.3252e+00  -2.1847e+00 
  2.7934e+00  -9.6208e+00   7.2891e-04  -6.6521e+00  -1.9413e-02 
 -2.1353e+00  -2.5029e+00   1.4215e+00  -1.9089e-03  -1.5402e-05 
  3.8704e-04  -3.3781e+00   3.0955e+01   2.4358e+01   3.4947e+01 
  1.6370e+01   1.7545e+01   1.3286e+01   6.1493e+00   2.8206e+00 
  1.3139e+00   6.2432e-01   2.9834e-01   1.4662e-01   7.2920e-02 
  3.5397e-02   1.6568e-02   7.8037e-03   3.8073e-03   1.9552e-03 
  1.0480e-03   5.7148e-04   3.0842e-04   1.6137e-04   8.0979e-05 
  6.8951e-05   6.2353e+00  -1.6847e+00  -6.5005e-02 

########################
# 00000083
########################
RSS 100729423998.89714
BP 0:
a0:   3.5169e+00   e0:  -1.2439e+02   b0:   5.2290e+05   
P: 
 -4.4385e-01  -1.7915e+00   6.3759e-01   3.0259e+00   3.6910e+00 
  3.1767e+00  -7.3010e+00   2.4219e-03  -7.5841e+00   7.3300e-03 
  3.0245e-01   9.9191e-02   8.2053e-01   3.7244e-02   4.8837e-05 
  1.3643e-03  -3.3781e+00   3.0955e+01   2.4358e+01   3.4947e+01 
  1.6370e+01   1.7545e+01   1.3286e+01   6.1493e+00   2.8206e+00 
  1.3139e+00   6.2432e-01   2.9834e-01   1.4662e-01   7.2920e-02 
  3.5397e-02   1.6568e-02   7.8037e-03   3.8073e-03   1.9552e-03 
  1.0480e-03   5.7148e-04   3.0842e-04   1.6137e-04   8.0979e-05 
  6.8951e-05   3.1640e+00   1.1232e+00   1.6801e-02 

########################
# 00000084
########################
RSS 103965562621.65018
BP 0:
a0:   3.4137e+00   e0:  -2.0477e+02   b0:   5.0574e+05   
P: 
 -5.6004e-01   4.5861e-02   3.8852e-01   2.7943e+00   4.1935e+00 
 -1.1583e+00  -2.3028e+00   2.7786e-02  -3.0248e+00  -7.2496e-03 
 -5.7788e-01   2.2388e-01  -1.2765e-01   3.8919e-02  -1.7393e-04 
  2.2512e-03  -3.3781e+00   3.0955e+01   2.4358e+01   3.4947e+01 
  1.6370e+01   1.7545e+01   1.3286e+01   6.1493e+00   2.8206e+00 
  1.3139e+00   6.2432e-01   2.9834e-01   1.4662e-01   7.2920e-02 
  3.5397e-02   1.6568e-02   7.8037e-03   3.8073e-03   1.9552e-03 
  1.0480e-03   5.7148e-04   3.0842e-04   1.6137e-04   8.0979e-05 
  6.8951e-05   2.3749e+01  -5.8970e+00   7.8951e-02 

########################
# 00000085
########################
RSS 104552402791.3504
BP 0:
a0:   3.4478e+00   e0:   1.3283e+02   b0:   5.3632e+05   
P: 
  2.3380e-01  -1.3700e+00  -1.7677e-01   2.0726e+00  -2.2904e+00 
  6.2875e+00  -3.9562e+00   4.9834e-02   1.2315e-01   4.6995e-02 
 -2.5661e-01   8.1892e-01  -2.2136e-01   1.1696e-03   5.8797e-05 
  3.6998e-03  -3.3781e+00   3.0955e+01   2.4358e+01   3.4947e+01 
  1.6370e+01   1.7545e+01   1.3286e+01   6.1493e+00   2.8206e+00 
  1.3139e+00   6.2432e-01   2.9834e-01   1.4662e-01   7.2920e-02 
  3.5397e-02   1.6568e-02   7.8037e-03   3.8073e-03   1.9552e-03 
  1.0480e-03   5.7148e-04   3.0842e-04   1.6137e-04   8.0979e-05 
  6.8951e-05   2.4881e+01   1.8582e+00   3.4177e-02 

########################
# 00000086
########################
RSS 104676106451.94913
BP 0:
a0:   3.4313e+00   e0:   4.7102e+01   b0:   5.3150e+05   
P: 
  5.6078e-01  -4.0391e+00  -1.0756e+00  -2.3351e+00  -4.3564e+00 
 -2.8798e+00  -7.9225e+00  -3.1513e-02   4.0097e+00  -2.3159e-02 
 -2.1017e+00  -9.6727e-01   2.9924e-01   2.1605e-02   2.0401e-05 
  4.0628e-03  -3.3781e+00   3.0955e+01   2.4358e+01   3.4947e+01 
  1.6370e+01   1.7545e+01   1.3286e+01   6.1493e+00   2.8206e+00 
  1.3139e+00   6.2432e-01   2.9834e-01   1.4662e-01   7.2920e-02 
  3.5397e-02   1.6568e-02   7.8037e-03   3.8073e-03   1.9552e-03 
  1.0480e-03   5.7148e-04   3.0842e-04   1.6137e-04   8.0979e-05 
  6.8951e-05   1.4448e+01   8.8798e-01   2.9278e-02 

########################
# 00000087
########################
RSS 105155181250.63716
BP 0:
a0:   3.5005e+00   e0:  -3.0532e+00   b0:   4.5372e+05   
P: 
  4.3152e-01  -4.0276e+00  -2.2357e-02  -5.1339e+00  -2.1065e+00 
  6.2865e+00  -4.7917e+00   1.6313e-02  -3.0854e+00   3.5096e-02 
 -1.4960e+00  -1.2896e+00   4.6403e-01  -1.3313e-02  -2.6830e-05 
 -1.4813e-03  -3.3781e+00   3.0955e+01   2.4358e+01   3.4947e+01 
  1.6370e+01   1.7545e+01   1.3286e+01   6.1493e+00   2.8206e+00 
  1.3139e+00   6.2432e-01   2.9834e-01   1.4662e-01   7.2920e-02 
  3.5397e-02   1.6568e-02   7.8037e-03   3.8073e-03   1.9552e-03 
  1.0480e-03   5.7148e-04   3.0842e-04   1.6137e-04   8.0979e-05 
  6.8951e-05   1.4295e+01  -3.8872e+00   9.8042e-02 

########################
# 00000088
########################
RSS 106021802594.69136
BP 0:
a0:   3.4156e+00   e0:  -1.1594e+02   b0:   6.0283e+05   
P: 
 -5.6926e-01   2.2059e+00   1.3205e+00   2.8123e+00  -2.6263e+00 
  5.8194e+00  -9.4665e+00   5.5002e-02   5.7620e+00   5.8597e-02 
  1.4673e+00   3.0274e+00  -6.9511e-01   2.3324e-03  -1.9159e-04 
 -5.5220e-04  -3.3781e+00   3.0955e+01   2.4358e+01   3.4947e+01 
  1.6370e+01   1.7545e+01   1.3286e+01   6.1493e+00   2.8206e+00 
  1.3139e+00   6.2432e-01   2.9834e-01   1.4662e-01   7.2920e-02 
  3.5397e-02   1.6568e-02   7.8037e-03   3.8073e-03   1.9552e-03 
  1.0480e-03   5.7148e-04   3.0842e-04   1.6137e-04   8.0979e-05 
  6.8951e-05  -1.3897e+01   1.1697e+00  -1.2122e-02 

########################
# 00000089
########################
RSS 107093025805.0302
BP 0:
a0:   3.4458e+00   e0:  -5.7357e+01   b0:   5.6099e+05   
P: 
 -8.8388e-02   1.5830e+00   2.4577e-02   1.7088e-01  -4.2059e+00 
  3.5361e+00  -8.8963e+00  -2.7862e-03   1.2321e-01  -2.9746e-03 
  1.9932e+00   3.0522e+00  -1.0586e-01   3.7048e-02   7.8651e-05 
  1.6954e-03  -3.3781e+00   3.0955e+01   2.4358e+01   3.4947e+01 
  1.6370e+01   1.7545e+01   1.3286e+01   6.1493e+00   2.8206e+00 
  1.3139e+00   6.2432e-01   2.9834e-01   1.4662e-01   7.2920e-02 
  3.5397e-02   1.6568e-02   7.8037e-03   3.8073e-03   1.9552e-03 
  1.0480e-03   5.7148e-04   3.0842e-04   1.6137e-04   8.0979e-05 
  6.8951e-05   2.4676e+01  -5.6873e-01   3.1527e-02 

########################
# 00000090
########################
RSS 108629673320.45743
BP 0:
a0:   3.3759e+00   e0:  -3.1229e+02   b0:   5.1896e+05   
P: 
  2.1858e-01   2.5304e+00   7.4255e-02  -4.8552e+00   1.3312e+00 
 -2.5360e+00  -6.4822e+00  -2.7723e-02   3.8183e+00   2.0823e-02 
  1.6492e-01   1.4660e+00   1.3878e+00  -2.4989e-02  -7.2561e-06 
 -1.4757e-03  -3.3781e+00   3.0955e+01   2.4358e+01   3.4947e+01 
  1.6370e+01   1.7545e+01   1.3286e+01   6.1493e+00   2.8206e+00 
  1.3139e+00   6.2432e-01   2.9834e-01   1.4662e-01   7.2920e-02 
  3.5397e-02   1.6568e-02   7.8037e-03   3.8073e-03   1.9552e-03 
  1.0480e-03   5.7148e-04   3.0842e-04   1.6137e-04   8.0979e-05 
  6.8951e-05   3.7099e+00  -2.8182e+00  -1.9879e-02 

########################
# 00000091
########################
RSS 109335379103.89767
BP 0:
a0:   3.3440e+00   e0:  -3.7573e+02   b0:   5.7047e+05   
P: 
 -2.6460e-01  -2.9760e+00  -1.6052e+00   5.0785e+00   7.6365e-01 
  3.0346e+00   2.9979e+00   1.8721e-02  -6.2061e+00   2.2893e-02 
  4.4177e-01   1.8281e+00   9.9276e-01  -2.8776e-02  -1.8076e-04 
 -7.7131e-04  -3.3781e+00   3.0955e+01   2.4358e+01   3.4947e+01 
  1.6370e+01   1.7545e+01   1.3286e+01   6.1493e+00   2.8206e+00 
  1.3139e+00   6.2432e-01   2.9834e-01   1.4662e-01   7.2920e-02 
  3.5397e-02   1.6568e-02   7.8037e-03   3.8073e-03   1.9552e-03 
  1.0480e-03   5.7148e-04   3.0842e-04   1.6137e-04   8.0979e-05 
  6.8951e-05   2.0552e+01  -5.9601e+00  -2.6712e-02 

########################
# 00000092
########################
RSS 110474459523.77664
BP 0:
a0:   3.3790e+00   e0:   2.9854e+01   b0:   5.9653e+05   
P: 
 -2.6274e-01   4.0643e+00  -1.8265e+00  -2.9735e+00  -5.9371e+00 
  5.5402e+00   1.0764e+01   6.5285e-02  -5.5152e+00   4.8673e-02 
 -1.4553e+00   9.3008e-02  -8.7010e-01   1.0104e-03   1.2296e-04 
  3.1228e-03  -3.3781e+00   3.0955e+01   2.4358e+01   3.4947e+01 
  1.6370e+01   1.7545e+01   1.3286e+01   6.1493e+00   2.8206e+00 
  1.3139e+00   6.2432e-01   2.9834e-01   1.4662e-01   7.2920e-02 
  3.5397e-02   1.6568e-02   7.8037e-03   3.8073e-03   1.9552e-03 
  1.0480e-03   5.7148e-04   3.0842e-04   1.6137e-04   8.0979e-05 
  6.8951e-05   2.3881e+01   2.5006e+00   4.8190e-02 

########################
# 00000093
########################
RSS 112947911583.07208
BP 0:
a0:   3.3766e+00   e0:   1.0337e+02   b0:   6.2897e+05   
P: 
 -4.0921e-01   2.4259e+00   1.3566e+00  -5.0663e-01  -4.9595e+00 
  6.5600e+00   9.8042e+00   1.0283e-02  -1.4927e+00   3.9454e-02 
 -6.2483e-01   1.2273e+00  -1.0705e+00  -2.0518e-02   1.2782e-04 
 -2.8997e-03  -3.3781e+00   3.0955e+01   2.4358e+01   3.4947e+01 
  1.6370e+01   1.7545e+01   1.3286e+01   6.1493e+00   2.8206e+00 
  1.3139e+00   6.2432e-01   2.9834e-01   1.4662e-01   7.2920e-02 
  3.5397e-02   1.6568e-02   7.8037e-03   3.8073e-03   1.9552e-03 
  1.0480e-03   5.7148e-04   3.0842e-04   1.6137e-04   8.0979e-05 
  6.8951e-05  -1.1445e+01   3.5593e+00   5.9054e-02 

########################
# 00000094
########################
RSS 112981488097.6873
BP 0:
a0:   3.5414e+00   e0:  -1.8726e+02   b0:   5.8325e+05   
P: 
 -3.3972e-01   2.8615e+00  -6.2241e-01  -5.2828e+00   1.0382e+00 
  6.0819e+00  -5.9308e+00   2.0007e-02  -7.8337e+00   5.9496e-02 
  3.3132e-01  -1.7919e-01  -8.2681e-01   2.1048e-02   8.7910e-05 
 -1.8591e-03  -3.3781e+00   3.0955e+01   2.4358e+01   3.4947e+01 
  1.6370e+01   1.7545e+01   1.3286e+01   6.1493e+00   2.8206e+00 
  1.3139e+00   6.2432e-01   2.9834e-01   1.4662e-01   7.2920e-02 
  3.5397e-02   1.6568e-02   7.8037e-03   3.8073e-03   1.9552e-03 
  1.0480e-03   5.7148e-04   3.0842e-04   1.6137e-04   8.0979e-05 
  6.8951e-05   1.6401e+00   2.3684e-01   9.1311e-02 

########################
# 00000095
########################
RSS 113106545435.24257
BP 0:
a0:   3.4287e+00   e0:  -3.7871e+02   b0:   4.1714e+05   
P: 
 -1.2231e+00   8.3991e-01  -1.5715e+00  -1.0667e+01  -1.0391e+01 
  3.1174e+00  -1.9655e+01  -1.7863e-02   1.1562e+01  -1.2618e-02 
 -4.0330e+00  -3.2345e+00   2.3075e+00   2.9255e-02  -2.9446e-04 
 -6.4280e-03  -3.3781e+00   3.0955e+01   2.4358e+01   3.4947e+01 
  1.6370e+01   1.7545e+01   1.3286e+01   6.1493e+00   2.8206e+00 
  1.3139e+00   6.2432e-01   2.9834e-01   1.4662e-01   7.2920e-02 
  3.5397e-02   1.6568e-02   7.8037e-03   3.8073e-03   1.9552e-03 
  1.0480e-03   5.7148e-04   3.0842e-04   1.6137e-04   8.0979e-05 
  6.8951e-05   1.3489e+01  -1.6021e+00  -1.4650e-01 

########################
# 00000096
########################
RSS 114202889067.32858
BP 0:
a0:   3.4071e+00   e0:  -9.7261e+01   b0:   5.6003e+05   
P: 
  1.5745e-02  -2.0015e+00  -7.8822e-01  -3.5077e+00  -4.2690e+00 
 -5.1730e+00  -7.8384e+00  -4.8303e-02   4.3342e+00   4.6987e-02 
 -2.0408e+00  -7.6570e-01   3.8012e-01   1.8195e-02   8.4846e-05 
 -2.7505e-03  -3.3781e+00   3.0955e+01   2.4358e+01   3.4947e+01 
  1.6370e+01   1.7545e+01   1.3286e+01   6.1493e+00   2.8206e+00 
  1.3139e+00   6.2432e-01   2.9834e-01   1.4662e-01   7.2920e-02 
  3.5397e-02   1.6568e-02   7.8037e-03   3.8073e-03   1.9552e-03 
  1.0480e-03   5.7148e-04   3.0842e-04   1.6137e-04   8.0979e-05 
  6.8951e-05  -1.3453e+01   2.6189e+00  -1.7746e-02 

########################
# 00000097
########################
RSS 114373729167.57768
BP 0:
a0:   3.3798e+00   e0:  -3.9603e+01   b0:   5.5274e+05   
P: 
 -5.2593e-01  -2.6139e+00  -1.4650e+00  -4.2701e-01   1.5712e+00 
 -2.0014e+00   8.2277e+00   3.3263e-02  -7.5661e+00   4.4343e-02 
 -1.7304e+00  -5.5922e-01  -4.3638e-01  -1.7947e-02  -5.1342e-05 
  5.4642e-04  -3.3781e+00   3.0955e+01   2.4358e+01   3.4947e+01 
  1.6370e+01   1.7545e+01   1.3286e+01   6.1493e+00   2.8206e+00 
  1.3139e+00   6.2432e-01   2.9834e-01   1.4662e-01   7.2920e-02 
  3.5397e-02   1.6568e-02   7.8037e-03   3.8073e-03   1.9552e-03 
  1.0480e-03   5.7148e-04   3.0842e-04   1.6137e-04   8.0979e-05 
  6.8951e-05  -1.5972e+00   1.4498e+00   3.6796e-02 

########################
# 00000098
########################
RSS 114938766989.90886
BP 0:
a0:   3.4643e+00   e0:  -3.6224e+02   b0:   4.4384e+05   
P: 
  6.9257e-02   1.5954e+00  -1.5703e+00  -5.4376e+00   3.3117e+00 
  9.0336e-01  -1.0823e+01   6.4863e-02  -1.7775e+00  -4.0834e-02 
 -7.9364e-01  -6.2628e-01  -1.4658e-01   2.7585e-02   1.6760e-04 
  3.5574e-03  -3.3781e+00   3.0955e+01   2.4358e+01   3.4947e+01 
  1.6370e+01   1.7545e+01   1.3286e+01   6.1493e+00   2.8206e+00 
  1.3139e+00   6.2432e-01   2.9834e-01   1.4662e-01   7.2920e-02 
  3.5397e-02   1.6568e-02   7.8037e-03   3.8073e-03   1.9552e-03 
  1.0480e-03   5.7148e-04   3.0842e-04   1.6137e-04   8.0979e-05 
  6.8951e-05  -1.8632e+00  -2.7999e+00  -3.2263e-02 

########################
# 00000099
########################
RSS 121107687125.36668
BP 0:
a0:   3.4162e+00   e0:  -2.6311e+02   b0:   5.0194e+05   
P: 
  5.0645e-03   1.7487e+00  -1.7520e+00  -2.4229e+00   9.7022e-01 
  2.6163e+00  -1.6058e-01   3.4641e-02  -7.7992e+00   1.2370e-02 
 -2.3189e-01   4.3685e-01   2.2430e-01  -1.2234e-02   4.9573e-05 
  3.8193e-03  -3.3781e+00   3.0955e+01   2.4358e+01   3.4947e+01 
  1.6370e+01   1.7545e+01   1.3286e+01   6.1493e+00   2.8206e+00 
  1.3139e+00   6.2432e-01   2.9834e-01   1.4662e-01   7.2920e-02 
  3.5397e-02   1.6568e-02   7.8037e-03   3.8073e-03   1.9552e-03 
  1.0480e-03   5.7148e-04   3.0842e-04   1.6137e-04   8.0979e-05 
  6.8951e-05   2.7789e+01  -4.7754e+00   2.5223e-02 

########################
# 00000100
########################
RSS 121806454538.9117
BP 0:
a0:   3.4428e+00   e0:  -3.0185e+02   b0:   4.4978e+05   
P: 
  4.5614e-01  -2.5196e+00   4.4864e-01  -4.8565e+00   2.4044e+00 
 -4.6255e+00  -1.0527e+01  -3.6729e-03  -5.3806e-01  -2.9016e-02 
 -2.1225e+00  -1.7353e+00   2.7064e-01   1.5043e-02  -2.1671e-05 
 -4.2237e-04  -3.3781e+00   3.0955e+01   2.4358e+01   3.4947e+01 
  1.6370e+01   1.7545e+01   1.3286e+01   6.1493e+00   2.8206e+00 
  1.3139e+00   6.2432e-01   2.9834e-01   1.4662e-01   7.2920e-02 
  3.5397e-02   1.6568e-02   7.8037e-03   3.8073e-03   1.9552e-03 
  1.0480e-03   5.7148e-04   3.0842e-04   1.6137e-04   8.0979e-05 
  6.8951e-05  -1.7385e+01  -2.9096e+00  -1.7459e-02 

