########################
# 00000001
########################
RSS 1896.8159878792658
BP 0:
a0:   3.3260e+00   e0:  -4.4795e+00   b0:   2.5279e+02   
P: 
 -1.4710e-01  -3.9520e-02  -1.2768e-01  -1.5481e-01  -9.9407e-02 
 -6.4337e-02  -8.8877e-02  -5.8834e-02  -1.2700e-02   4.0139e-04 
  5.6847e-03   5.0479e-03   2.6883e-03   4.8419e-04  -1.0916e-05 
 -1.4064e-05  -4.4630e-09  -1.9494e+00   3.0356e+01   2.4336e+01 
  3.4958e+01   1.6230e+01   1.7858e+01   7.6644e+00   1.2400e+00 
  4.4252e-01   1.0904e-01   2.0054e-02   2.2962e-03   2.5583e-03 
  1.0877e-03   7.9882e-05   4.1882e-05   4.4069e-05   2.6414e-06 
  1.1025e-06   6.3515e-07   3.8751e-07   2.2807e-07   1.2762e-07 
  6.8033e-08   3.4710e-08  -1.7286e-03   8.2334e-04 

########################
# 00000002
########################
RSS 1906.5034517895135
BP 0:
a0:   3.3268e+00   e0:  -4.4794e+00   b0:   2.5543e+02   
P: 
 -1.4710e-01  -3.9520e-02  -1.2768e-01  -1.5481e-01  -9.9407e-02 
 -6.4337e-02  -8.8877e-02  -5.8834e-02  -1.2700e-02   4.0139e-04 
  5.6847e-03   5.0479e-03   2.6883e-03   4.8419e-04  -1.0916e-05 
 -1.4064e-05  -4.4630e-09  -1.9494e+00   3.0356e+01   2.4336e+01 
  3.4958e+01   1.6230e+01   1.7858e+01   7.6644e+00   1.2400e+00 
  4.4252e-01   1.0904e-01   2.0054e-02   2.2962e-03   2.5583e-03 
  1.0877e-03   7.9882e-05   4.1882e-05   4.4069e-05   2.6414e-06 
  1.1025e-06   6.3515e-07   3.8751e-07   2.2807e-07   1.2762e-07 
  6.8033e-08   3.4710e-08  -1.7286e-03   1.9513e-03 

########################
# 00000003
########################
RSS 1910.1507462396808
BP 0:
a0:   3.3270e+00   e0:  -4.4794e+00   b0:   2.5623e+02   
P: 
 -1.4710e-01  -3.9520e-02  -1.2768e-01  -1.5481e-01  -9.9407e-02 
 -6.4337e-02  -8.8877e-02  -5.8834e-02  -1.2700e-02   4.0139e-04 
  5.6847e-03   5.0479e-03   2.6883e-03   4.8419e-04  -1.0916e-05 
 -1.4064e-05  -4.4630e-09  -1.9494e+00   3.0356e+01   2.4336e+01 
  3.4958e+01   1.6230e+01   1.7858e+01   7.6644e+00   1.2400e+00 
  4.4252e-01   1.0904e-01   2.0054e-02   2.2962e-03   2.5583e-03 
  1.0877e-03   7.9882e-05   4.1882e-05   4.4069e-05   2.6414e-06 
  1.1025e-06   6.3515e-07   3.8751e-07   2.2807e-07   1.2762e-07 
  6.8033e-08   3.4710e-08  -1.7286e-03   2.2940e-03 

########################
# 00000004
########################
RSS 1914.0789508929838
BP 0:
a0:   3.3272e+00   e0:  -4.4794e+00   b0:   2.5703e+02   
P: 
 -1.4710e-01  -3.9520e-02  -1.2768e-01  -1.5481e-01  -9.9407e-02 
 -6.4337e-02  -8.8877e-02  -5.8834e-02  -1.2700e-02   4.0139e-04 
  5.6847e-03   5.0479e-03   2.6883e-03   4.8419e-04  -1.0916e-05 
 -1.4064e-05  -4.4630e-09  -1.9494e+00   3.0356e+01   2.4336e+01 
  3.4958e+01   1.6230e+01   1.7858e+01   7.6644e+00   1.2400e+00 
  4.4252e-01   1.0904e-01   2.0054e-02   2.2962e-03   2.5583e-03 
  1.0877e-03   7.9882e-05   4.1882e-05   4.4069e-05   2.6414e-06 
  1.1025e-06   6.3515e-07   3.8751e-07   2.2807e-07   1.2762e-07 
  6.8033e-08   3.4710e-08  -1.7286e-03   2.6328e-03 

########################
# 00000005
########################
RSS 1939.5079823246406
BP 0:
a0:   3.3194e+00   e0:  -4.4803e+00   b0:   2.3272e+02   
P: 
 -1.4710e-01  -3.9520e-02  -1.2768e-01  -1.5481e-01  -9.9407e-02 
 -6.4337e-02  -8.8877e-02  -5.8834e-02  -1.2700e-02   4.0139e-04 
  5.6847e-03   5.0479e-03   2.6883e-03   4.8419e-04  -1.0916e-05 
 -1.4064e-05  -4.4630e-09  -1.9494e+00   3.0356e+01   2.4336e+01 
  3.4958e+01   1.6230e+01   1.7858e+01   7.6644e+00   1.2400e+00 
  4.4252e-01   1.0904e-01   2.0054e-02   2.2962e-03   2.5583e-03 
  1.0877e-03   7.9882e-05   4.1882e-05   4.4069e-05   2.6414e-06 
  1.1025e-06   6.3515e-07   3.8751e-07   2.2807e-07   1.2762e-07 
  6.8033e-08   3.4710e-08  -1.7286e-03  -7.7755e-03 

########################
# 00000006
########################
RSS 1960.718098024875
BP 0:
a0:   3.3184e+00   e0:  -4.4804e+00   b0:   2.3006e+02   
P: 
 -1.4710e-01  -3.9520e-02  -1.2768e-01  -1.5481e-01  -9.9407e-02 
 -6.4337e-02  -8.8877e-02  -5.8834e-02  -1.2700e-02   4.0139e-04 
  5.6847e-03   5.0479e-03   2.6883e-03   4.8419e-04  -1.0916e-05 
 -1.4064e-05  -4.4630e-09  -1.9494e+00   3.0356e+01   2.4336e+01 
  3.4958e+01   1.6230e+01   1.7858e+01   7.6644e+00   1.2400e+00 
  4.4252e-01   1.0904e-01   2.0054e-02   2.2962e-03   2.5583e-03 
  1.0877e-03   7.9882e-05   4.1882e-05   4.4069e-05   2.6414e-06 
  1.1025e-06   6.3515e-07   3.8751e-07   2.2807e-07   1.2762e-07 
  6.8033e-08   3.4710e-08  -1.7286e-03  -8.9220e-03 

########################
# 00000007
########################
RSS 1995.60223275668
BP 0:
a0:   3.3301e+00   e0:  -4.4792e+00   b0:   2.6748e+02   
P: 
 -1.4710e-01  -3.9520e-02  -1.2768e-01  -1.5481e-01  -9.9407e-02 
 -6.4337e-02  -8.8877e-02  -5.8834e-02  -1.2700e-02   4.0139e-04 
  5.6847e-03   5.0479e-03   2.6883e-03   4.8419e-04  -1.0916e-05 
 -1.4064e-05  -4.4630e-09  -1.9494e+00   3.0356e+01   2.4336e+01 
  3.4958e+01   1.6230e+01   1.7858e+01   7.6644e+00   1.2400e+00 
  4.4252e-01   1.0904e-01   2.0054e-02   2.2962e-03   2.5583e-03 
  1.0877e-03   7.9882e-05   4.1882e-05   4.4069e-05   2.6414e-06 
  1.1025e-06   6.3515e-07   3.8751e-07   2.2807e-07   1.2762e-07 
  6.8033e-08   3.4710e-08  -1.7286e-03   7.0868e-03 

########################
# 00000008
########################
RSS 1999.172234392291
BP 0:
a0:   3.3169e+00   e0:  -4.4807e+00   b0:   2.2608e+02   
P: 
 -1.4710e-01  -3.9520e-02  -1.2768e-01  -1.5481e-01  -9.9407e-02 
 -6.4337e-02  -8.8877e-02  -5.8834e-02  -1.2700e-02   4.0139e-04 
  5.6847e-03   5.0479e-03   2.6883e-03   4.8419e-04  -1.0916e-05 
 -1.4064e-05  -4.4630e-09  -1.9494e+00   3.0356e+01   2.4336e+01 
  3.4958e+01   1.6230e+01   1.7858e+01   7.6644e+00   1.2400e+00 
  4.4252e-01   1.0904e-01   2.0054e-02   2.2962e-03   2.5583e-03 
  1.0877e-03   7.9882e-05   4.1882e-05   4.4069e-05   2.6414e-06 
  1.1025e-06   6.3515e-07   3.8751e-07   2.2807e-07   1.2762e-07 
  6.8033e-08   3.4710e-08  -1.7286e-03  -1.0635e-02 

########################
# 00000009
########################
RSS 2068.8936109294864
BP 0:
a0:   3.3317e+00   e0:  -4.4792e+00   b0:   2.7360e+02   
P: 
 -1.4710e-01  -3.9520e-02  -1.2768e-01  -1.5481e-01  -9.9407e-02 
 -6.4337e-02  -8.8877e-02  -5.8834e-02  -1.2700e-02   4.0139e-04 
  5.6847e-03   5.0479e-03   2.6883e-03   4.8419e-04  -1.0916e-05 
 -1.4064e-05  -4.4630e-09  -1.9494e+00   3.0356e+01   2.4336e+01 
  3.4958e+01   1.6230e+01   1.7858e+01   7.6644e+00   1.2400e+00 
  4.4252e-01   1.0904e-01   2.0054e-02   2.2962e-03   2.5583e-03 
  1.0877e-03   7.9882e-05   4.1882e-05   4.4069e-05   2.6414e-06 
  1.1025e-06   6.3515e-07   3.8751e-07   2.2807e-07   1.2762e-07 
  6.8033e-08   3.4710e-08  -1.7286e-03   9.6865e-03 

########################
# 00000010
########################
RSS 2076.8232120666316
BP 0:
a0:   3.3318e+00   e0:  -4.4792e+00   b0:   2.7418e+02   
P: 
 -1.4710e-01  -3.9520e-02  -1.2768e-01  -1.5481e-01  -9.9407e-02 
 -6.4337e-02  -8.8877e-02  -5.8834e-02  -1.2700e-02   4.0139e-04 
  5.6847e-03   5.0479e-03   2.6883e-03   4.8419e-04  -1.0916e-05 
 -1.4064e-05  -4.4630e-09  -1.9494e+00   3.0356e+01   2.4336e+01 
  3.4958e+01   1.6230e+01   1.7858e+01   7.6644e+00   1.2400e+00 
  4.4252e-01   1.0904e-01   2.0054e-02   2.2962e-03   2.5583e-03 
  1.0877e-03   7.9882e-05   4.1882e-05   4.4069e-05   2.6414e-06 
  1.1025e-06   6.3515e-07   3.8751e-07   2.2807e-07   1.2762e-07 
  6.8033e-08   3.4710e-08  -1.7286e-03   9.9329e-03 

########################
# 00000011
########################
RSS 2104.7782425440346
BP 0:
a0:   3.3323e+00   e0:  -4.4792e+00   b0:   2.7613e+02   
P: 
 -1.4710e-01  -3.9520e-02  -1.2768e-01  -1.5481e-01  -9.9407e-02 
 -6.4337e-02  -8.8877e-02  -5.8834e-02  -1.2700e-02   4.0139e-04 
  5.6847e-03   5.0479e-03   2.6883e-03   4.8419e-04  -1.0916e-05 
 -1.4064e-05  -4.4630e-09  -1.9494e+00   3.0356e+01   2.4336e+01 
  3.4958e+01   1.6230e+01   1.7858e+01   7.6644e+00   1.2400e+00 
  4.4252e-01   1.0904e-01   2.0054e-02   2.2962e-03   2.5583e-03 
  1.0877e-03   7.9882e-05   4.1882e-05   4.4069e-05   2.6414e-06 
  1.1025e-06   6.3515e-07   3.8751e-07   2.2807e-07   1.2762e-07 
  6.8033e-08   3.4710e-08  -1.7286e-03   1.0762e-02 

########################
# 00000012
########################
RSS 2111.5102872082834
BP 0:
a0:   3.3324e+00   e0:  -4.4792e+00   b0:   2.7658e+02   
P: 
 -1.4710e-01  -3.9520e-02  -1.2768e-01  -1.5481e-01  -9.9407e-02 
 -6.4337e-02  -8.8877e-02  -5.8834e-02  -1.2700e-02   4.0139e-04 
  5.6847e-03   5.0479e-03   2.6883e-03   4.8419e-04  -1.0916e-05 
 -1.4064e-05  -4.4630e-09  -1.9494e+00   3.0356e+01   2.4336e+01 
  3.4958e+01   1.6230e+01   1.7858e+01   7.6644e+00   1.2400e+00 
  4.4252e-01   1.0904e-01   2.0054e-02   2.2962e-03   2.5583e-03 
  1.0877e-03   7.9882e-05   4.1882e-05   4.4069e-05   2.6414e-06 
  1.1025e-06   6.3515e-07   3.8751e-07   2.2807e-07   1.2762e-07 
  6.8033e-08   3.4710e-08  -1.7286e-03   1.0954e-02 

########################
# 00000013
########################
RSS 2128.198296453955
BP 0:
a0:   3.3327e+00   e0:  -4.4791e+00   b0:   2.7767e+02   
P: 
 -1.4710e-01  -3.9520e-02  -1.2768e-01  -1.5481e-01  -9.9407e-02 
 -6.4337e-02  -8.8877e-02  -5.8834e-02  -1.2700e-02   4.0139e-04 
  5.6847e-03   5.0479e-03   2.6883e-03   4.8419e-04  -1.0916e-05 
 -1.4064e-05  -4.4630e-09  -1.9494e+00   3.0356e+01   2.4336e+01 
  3.4958e+01   1.6230e+01   1.7858e+01   7.6644e+00   1.2400e+00 
  4.4252e-01   1.0904e-01   2.0054e-02   2.2962e-03   2.5583e-03 
  1.0877e-03   7.9882e-05   4.1882e-05   4.4069e-05   2.6414e-06 
  1.1025e-06   6.3515e-07   3.8751e-07   2.2807e-07   1.2762e-07 
  6.8033e-08   3.4710e-08  -1.7286e-03   1.1417e-02 

########################
# 00000014
########################
RSS 2162.3710848149467
BP 0:
a0:   3.3332e+00   e0:  -4.4791e+00   b0:   2.7979e+02   
P: 
 -1.4710e-01  -3.9520e-02  -1.2768e-01  -1.5481e-01  -9.9407e-02 
 -6.4337e-02  -8.8877e-02  -5.8834e-02  -1.2700e-02   4.0139e-04 
  5.6847e-03   5.0479e-03   2.6883e-03   4.8419e-04  -1.0916e-05 
 -1.4064e-05  -4.4630e-09  -1.9494e+00   3.0356e+01   2.4336e+01 
  3.4958e+01   1.6230e+01   1.7858e+01   7.6644e+00   1.2400e+00 
  4.4252e-01   1.0904e-01   2.0054e-02   2.2962e-03   2.5583e-03 
  1.0877e-03   7.9882e-05   4.1882e-05   4.4069e-05   2.6414e-06 
  1.1025e-06   6.3515e-07   3.8751e-07   2.2807e-07   1.2762e-07 
  6.8033e-08   3.4710e-08  -1.7286e-03   1.2317e-02 

########################
# 00000015
########################
RSS 2181.496039908766
BP 0:
a0:   3.3288e+00   e0:  -4.4813e+00   b0:   2.5189e+02   
P: 
 -1.4710e-01  -3.9520e-02  -1.2768e-01  -1.5481e-01  -9.9407e-02 
 -6.4337e-02  -8.8877e-02  -5.8834e-02  -1.2700e-02   4.0139e-04 
  5.6847e-03   5.0479e-03   2.6883e-03   4.8419e-04  -1.0916e-05 
 -1.4064e-05  -4.4630e-09  -1.9494e+00   3.0356e+01   2.4336e+01 
  3.4958e+01   1.6230e+01   1.7858e+01   7.6644e+00   1.2400e+00 
  4.4252e-01   1.0904e-01   2.0054e-02   2.2962e-03   2.5583e-03 
  1.0877e-03   7.9882e-05   4.1882e-05   4.4069e-05   2.6414e-06 
  1.1025e-06   6.3515e-07   3.8751e-07   2.2807e-07   1.2762e-07 
  6.8033e-08   3.4710e-08  -1.7286e-03   1.5662e-02 

########################
# 00000016
########################
RSS 2183.967488004865
BP 0:
a0:   3.3321e+00   e0:  -4.4799e+00   b0:   2.7170e+02   
P: 
 -1.4710e-01  -3.9520e-02  -1.2768e-01  -1.5481e-01  -9.9407e-02 
 -6.4337e-02  -8.8877e-02  -5.8834e-02  -1.2700e-02   4.0139e-04 
  5.6847e-03   5.0479e-03   2.6883e-03   4.8419e-04  -1.0916e-05 
 -1.4064e-05  -4.4630e-09  -1.9494e+00   3.0356e+01   2.4336e+01 
  3.4958e+01   1.6230e+01   1.7858e+01   7.6644e+00   1.2400e+00 
  4.4252e-01   1.0904e-01   2.0054e-02   2.2962e-03   2.5583e-03 
  1.0877e-03   7.9882e-05   4.1882e-05   4.4069e-05   2.6414e-06 
  1.1025e-06   6.3515e-07   3.8751e-07   2.2807e-07   1.2762e-07 
  6.8033e-08   3.4710e-08  -1.7286e-03   1.4113e-02 

########################
# 00000017
########################
RSS 2201.550810421374
BP 0:
a0:   3.3111e+00   e0:  -4.4817e+00   b0:   2.1201e+02   
P: 
 -1.4710e-01  -3.9520e-02  -1.2768e-01  -1.5481e-01  -9.9407e-02 
 -6.4337e-02  -8.8877e-02  -5.8834e-02  -1.2700e-02   4.0139e-04 
  5.6847e-03   5.0479e-03   2.6883e-03   4.8419e-04  -1.0916e-05 
 -1.4064e-05  -4.4630e-09  -1.9494e+00   3.0356e+01   2.4336e+01 
  3.4958e+01   1.6230e+01   1.7858e+01   7.6644e+00   1.2400e+00 
  4.4252e-01   1.0904e-01   2.0054e-02   2.2962e-03   2.5583e-03 
  1.0877e-03   7.9882e-05   4.1882e-05   4.4069e-05   2.6414e-06 
  1.1025e-06   6.3515e-07   3.8751e-07   2.2807e-07   1.2762e-07 
  6.8033e-08   3.4710e-08  -1.7286e-03  -1.6728e-02 

########################
# 00000018
########################
RSS 2252.487651813104
BP 0:
a0:   3.3261e+00   e0:  -4.4826e+00   b0:   2.3518e+02   
P: 
 -1.4710e-01  -3.9520e-02  -1.2768e-01  -1.5481e-01  -9.9407e-02 
 -6.4337e-02  -8.8877e-02  -5.8834e-02  -1.2700e-02   4.0139e-04 
  5.6847e-03   5.0479e-03   2.6883e-03   4.8419e-04  -1.0916e-05 
 -1.4064e-05  -4.4630e-09  -1.9494e+00   3.0356e+01   2.4336e+01 
  3.4958e+01   1.6230e+01   1.7858e+01   7.6644e+00   1.2400e+00 
  4.4252e-01   1.0904e-01   2.0054e-02   2.2962e-03   2.5583e-03 
  1.0877e-03   7.9882e-05   4.1882e-05   4.4069e-05   2.6414e-06 
  1.1025e-06   6.3515e-07   3.8751e-07   2.2807e-07   1.2762e-07 
  6.8033e-08   3.4710e-08  -1.7286e-03   1.7865e-02 

########################
# 00000019
########################
RSS 2253.582735488121
BP 0:
a0:   3.3261e+00   e0:  -4.4826e+00   b0:   2.3523e+02   
P: 
 -1.4710e-01  -3.9520e-02  -1.2768e-01  -1.5481e-01  -9.9407e-02 
 -6.4337e-02  -8.8877e-02  -5.8834e-02  -1.2700e-02   4.0139e-04 
  5.6847e-03   5.0479e-03   2.6883e-03   4.8419e-04  -1.0916e-05 
 -1.4064e-05  -4.4630e-09  -1.9494e+00   3.0356e+01   2.4336e+01 
  3.4958e+01   1.6230e+01   1.7858e+01   7.6644e+00   1.2400e+00 
  4.4252e-01   1.0904e-01   2.0054e-02   2.2962e-03   2.5583e-03 
  1.0877e-03   7.9882e-05   4.1882e-05   4.4069e-05   2.6414e-06 
  1.1025e-06   6.3515e-07   3.8751e-07   2.2807e-07   1.2762e-07 
  6.8033e-08   3.4710e-08  -1.7286e-03   1.7888e-02 

########################
# 00000020
########################
RSS 2300.517147467868
BP 0:
a0:   3.3088e+00   e0:  -4.4821e+00   b0:   2.0691e+02   
P: 
 -1.4710e-01  -3.9520e-02  -1.2768e-01  -1.5481e-01  -9.9407e-02 
 -6.4337e-02  -8.8877e-02  -5.8834e-02  -1.2700e-02   4.0139e-04 
  5.6847e-03   5.0479e-03   2.6883e-03   4.8419e-04  -1.0916e-05 
 -1.4064e-05  -4.4630e-09  -1.9494e+00   3.0356e+01   2.4336e+01 
  3.4958e+01   1.6230e+01   1.7858e+01   7.6644e+00   1.2400e+00 
  4.4252e-01   1.0904e-01   2.0054e-02   2.2962e-03   2.5583e-03 
  1.0877e-03   7.9882e-05   4.1882e-05   4.4069e-05   2.6414e-06 
  1.1025e-06   6.3515e-07   3.8751e-07   2.2807e-07   1.2762e-07 
  6.8033e-08   3.4710e-08  -1.7286e-03  -1.8945e-02 

########################
# 00000021
########################
RSS 2333.946788508714
BP 0:
a0:   3.3231e+00   e0:  -4.4839e+00   b0:   2.1868e+02   
P: 
 -1.4710e-01  -3.9520e-02  -1.2768e-01  -1.5481e-01  -9.9407e-02 
 -6.4337e-02  -8.8877e-02  -5.8834e-02  -1.2700e-02   4.0139e-04 
  5.6847e-03   5.0479e-03   2.6883e-03   4.8419e-04  -1.0916e-05 
 -1.4064e-05  -4.4630e-09  -1.9494e+00   3.0356e+01   2.4336e+01 
  3.4958e+01   1.6230e+01   1.7858e+01   7.6644e+00   1.2400e+00 
  4.4252e-01   1.0904e-01   2.0054e-02   2.2962e-03   2.5583e-03 
  1.0877e-03   7.9882e-05   4.1882e-05   4.4069e-05   2.6414e-06 
  1.1025e-06   6.3515e-07   3.8751e-07   2.2807e-07   1.2762e-07 
  6.8033e-08   3.4710e-08  -1.7286e-03   1.9472e-02 

########################
# 00000022
########################
RSS 2344.3632233721232
BP 0:
a0:   3.3232e+00   e0:  -4.4839e+00   b0:   2.1916e+02   
P: 
 -1.4710e-01  -3.9520e-02  -1.2768e-01  -1.5481e-01  -9.9407e-02 
 -6.4337e-02  -8.8877e-02  -5.8834e-02  -1.2700e-02   4.0139e-04 
  5.6847e-03   5.0479e-03   2.6883e-03   4.8419e-04  -1.0916e-05 
 -1.4064e-05  -4.4630e-09  -1.9494e+00   3.0356e+01   2.4336e+01 
  3.4958e+01   1.6230e+01   1.7858e+01   7.6644e+00   1.2400e+00 
  4.4252e-01   1.0904e-01   2.0054e-02   2.2962e-03   2.5583e-03 
  1.0877e-03   7.9882e-05   4.1882e-05   4.4069e-05   2.6414e-06 
  1.1025e-06   6.3515e-07   3.8751e-07   2.2807e-07   1.2762e-07 
  6.8033e-08   3.4710e-08  -1.7286e-03   1.9686e-02 

########################
# 00000023
########################
RSS 2397.4442250847146
BP 0:
a0:   3.3218e+00   e0:  -4.4845e+00   b0:   2.1151e+02   
P: 
 -1.4710e-01  -3.9520e-02  -1.2768e-01  -1.5481e-01  -9.9407e-02 
 -6.4337e-02  -8.8877e-02  -5.8834e-02  -1.2700e-02   4.0139e-04 
  5.6847e-03   5.0479e-03   2.6883e-03   4.8419e-04  -1.0916e-05 
 -1.4064e-05  -4.4630e-09  -1.9494e+00   3.0356e+01   2.4336e+01 
  3.4958e+01   1.6230e+01   1.7858e+01   7.6644e+00   1.2400e+00 
  4.4252e-01   1.0904e-01   2.0054e-02   2.2962e-03   2.5583e-03 
  1.0877e-03   7.9882e-05   4.1882e-05   4.4069e-05   2.6414e-06 
  1.1025e-06   6.3515e-07   3.8751e-07   2.2807e-07   1.2762e-07 
  6.8033e-08   3.4710e-08  -1.7286e-03   2.0498e-02 

########################
# 00000024
########################
RSS 2487.5401217665258
BP 0:
a0:   3.3047e+00   e0:  -4.4830e+00   b0:   1.9876e+02   
P: 
 -1.4710e-01  -3.9520e-02  -1.2768e-01  -1.5481e-01  -9.9407e-02 
 -6.4337e-02  -8.8877e-02  -5.8834e-02  -1.2700e-02   4.0139e-04 
  5.6847e-03   5.0479e-03   2.6883e-03   4.8419e-04  -1.0916e-05 
 -1.4064e-05  -4.4630e-09  -1.9494e+00   3.0356e+01   2.4336e+01 
  3.4958e+01   1.6230e+01   1.7858e+01   7.6644e+00   1.2400e+00 
  4.4252e-01   1.0904e-01   2.0054e-02   2.2962e-03   2.5583e-03 
  1.0877e-03   7.9882e-05   4.1882e-05   4.4069e-05   2.6414e-06 
  1.1025e-06   6.3515e-07   3.8751e-07   2.2807e-07   1.2762e-07 
  6.8033e-08   3.4710e-08  -1.7286e-03  -2.2507e-02 

########################
# 00000025
########################
RSS 2493.095446448512
BP 0:
a0:   3.3209e+00   e0:  -4.4850e+00   b0:   2.0575e+02   
P: 
 -1.4710e-01  -3.9520e-02  -1.2768e-01  -1.5481e-01  -9.9407e-02 
 -6.4337e-02  -8.8877e-02  -5.8834e-02  -1.2700e-02   4.0139e-04 
  5.6847e-03   5.0479e-03   2.6883e-03   4.8419e-04  -1.0916e-05 
 -1.4064e-05  -4.4630e-09  -1.9494e+00   3.0356e+01   2.4336e+01 
  3.4958e+01   1.6230e+01   1.7858e+01   7.6644e+00   1.2400e+00 
  4.4252e-01   1.0904e-01   2.0054e-02   2.2962e-03   2.5583e-03 
  1.0877e-03   7.9882e-05   4.1882e-05   4.4069e-05   2.6414e-06 
  1.1025e-06   6.3515e-07   3.8751e-07   2.2807e-07   1.2762e-07 
  6.8033e-08   3.4710e-08  -1.7286e-03   2.1999e-02 

########################
# 00000026
########################
RSS 2493.5840685424587
BP 0:
a0:   3.3209e+00   e0:  -4.4850e+00   b0:   2.0578e+02   
P: 
 -1.4710e-01  -3.9520e-02  -1.2768e-01  -1.5481e-01  -9.9407e-02 
 -6.4337e-02  -8.8877e-02  -5.8834e-02  -1.2700e-02   4.0139e-04 
  5.6847e-03   5.0479e-03   2.6883e-03   4.8419e-04  -1.0916e-05 
 -1.4064e-05  -4.4630e-09  -1.9494e+00   3.0356e+01   2.4336e+01 
  3.4958e+01   1.6230e+01   1.7858e+01   7.6644e+00   1.2400e+00 
  4.4252e-01   1.0904e-01   2.0054e-02   2.2962e-03   2.5583e-03 
  1.0877e-03   7.9882e-05   4.1882e-05   4.4069e-05   2.6414e-06 
  1.1025e-06   6.3515e-07   3.8751e-07   2.2807e-07   1.2762e-07 
  6.8033e-08   3.4710e-08  -1.7286e-03   2.2008e-02 

########################
# 00000027
########################
RSS 2516.120234889235
BP 0:
a0:   3.3212e+00   e0:  -4.4850e+00   b0:   2.0670e+02   
P: 
 -1.4710e-01  -3.9520e-02  -1.2768e-01  -1.5481e-01  -9.9407e-02 
 -6.4337e-02  -8.8877e-02  -5.8834e-02  -1.2700e-02   4.0139e-04 
  5.6847e-03   5.0479e-03   2.6883e-03   4.8419e-04  -1.0916e-05 
 -1.4064e-05  -4.4630e-09  -1.9494e+00   3.0356e+01   2.4336e+01 
  3.4958e+01   1.6230e+01   1.7858e+01   7.6644e+00   1.2400e+00 
  4.4252e-01   1.0904e-01   2.0054e-02   2.2962e-03   2.5583e-03 
  1.0877e-03   7.9882e-05   4.1882e-05   4.4069e-05   2.6414e-06 
  1.1025e-06   6.3515e-07   3.8751e-07   2.2807e-07   1.2762e-07 
  6.8033e-08   3.4710e-08  -1.7286e-03   2.2430e-02 

########################
# 00000028
########################
RSS 2519.512908389943
BP 0:
a0:   3.3041e+00   e0:  -4.4832e+00   b0:   1.9751e+02   
P: 
 -1.4710e-01  -3.9520e-02  -1.2768e-01  -1.5481e-01  -9.9407e-02 
 -6.4337e-02  -8.8877e-02  -5.8834e-02  -1.2700e-02   4.0139e-04 
  5.6847e-03   5.0479e-03   2.6883e-03   4.8419e-04  -1.0916e-05 
 -1.4064e-05  -4.4630e-09  -1.9494e+00   3.0356e+01   2.4336e+01 
  3.4958e+01   1.6230e+01   1.7858e+01   7.6644e+00   1.2400e+00 
  4.4252e-01   1.0904e-01   2.0054e-02   2.2962e-03   2.5583e-03 
  1.0877e-03   7.9882e-05   4.1882e-05   4.4069e-05   2.6414e-06 
  1.1025e-06   6.3515e-07   3.8751e-07   2.2807e-07   1.2762e-07 
  6.8033e-08   3.4710e-08  -1.7286e-03  -2.3058e-02 

########################
# 00000029
########################
RSS 2609.0460002757536
BP 0:
a0:   3.3023e+00   e0:  -4.4836e+00   b0:   1.9416e+02   
P: 
 -1.4710e-01  -3.9520e-02  -1.2768e-01  -1.5481e-01  -9.9407e-02 
 -6.4337e-02  -8.8877e-02  -5.8834e-02  -1.2700e-02   4.0139e-04 
  5.6847e-03   5.0479e-03   2.6883e-03   4.8419e-04  -1.0916e-05 
 -1.4064e-05  -4.4630e-09  -1.9494e+00   3.0356e+01   2.4336e+01 
  3.4958e+01   1.6230e+01   1.7858e+01   7.6644e+00   1.2400e+00 
  4.4252e-01   1.0904e-01   2.0054e-02   2.2962e-03   2.5583e-03 
  1.0877e-03   7.9882e-05   4.1882e-05   4.4069e-05   2.6414e-06 
  1.1025e-06   6.3515e-07   3.8751e-07   2.2807e-07   1.2762e-07 
  6.8033e-08   3.4710e-08  -1.7286e-03  -2.4529e-02 

########################
# 00000030
########################
RSS 2633.7647236994494
BP 0:
a0:   3.3018e+00   e0:  -4.4837e+00   b0:   1.9327e+02   
P: 
 -1.4710e-01  -3.9520e-02  -1.2768e-01  -1.5481e-01  -9.9407e-02 
 -6.4337e-02  -8.8877e-02  -5.8834e-02  -1.2700e-02   4.0139e-04 
  5.6847e-03   5.0479e-03   2.6883e-03   4.8419e-04  -1.0916e-05 
 -1.4064e-05  -4.4630e-09  -1.9494e+00   3.0356e+01   2.4336e+01 
  3.4958e+01   1.6230e+01   1.7858e+01   7.6644e+00   1.2400e+00 
  4.4252e-01   1.0904e-01   2.0054e-02   2.2962e-03   2.5583e-03 
  1.0877e-03   7.9882e-05   4.1882e-05   4.4069e-05   2.6414e-06 
  1.1025e-06   6.3515e-07   3.8751e-07   2.2807e-07   1.2762e-07 
  6.8033e-08   3.4710e-08  -1.7286e-03  -2.4919e-02 

########################
# 00000031
########################
RSS 2662.7559228250093
BP 0:
a0:   3.3230e+00   e0:  -4.4849e+00   b0:   2.1228e+02   
P: 
 -1.4710e-01  -3.9520e-02  -1.2768e-01  -1.5481e-01  -9.9407e-02 
 -6.4337e-02  -8.8877e-02  -5.8834e-02  -1.2700e-02   4.0139e-04 
  5.6847e-03   5.0479e-03   2.6883e-03   4.8419e-04  -1.0916e-05 
 -1.4064e-05  -4.4630e-09  -1.9494e+00   3.0356e+01   2.4336e+01 
  3.4958e+01   1.6230e+01   1.7858e+01   7.6644e+00   1.2400e+00 
  4.4252e-01   1.0904e-01   2.0054e-02   2.2962e-03   2.5583e-03 
  1.0877e-03   7.9882e-05   4.1882e-05   4.4069e-05   2.6414e-06 
  1.1025e-06   6.3515e-07   3.8751e-07   2.2807e-07   1.2762e-07 
  6.8033e-08   3.4710e-08  -1.7286e-03   2.4984e-02 

########################
# 00000032
########################
RSS 2837.7237328373203
BP 0:
a0:   3.2978e+00   e0:  -4.4846e+00   b0:   1.8647e+02   
P: 
 -1.4710e-01  -3.9520e-02  -1.2768e-01  -1.5481e-01  -9.9407e-02 
 -6.4337e-02  -8.8877e-02  -5.8834e-02  -1.2700e-02   4.0139e-04 
  5.6847e-03   5.0479e-03   2.6883e-03   4.8419e-04  -1.0916e-05 
 -1.4064e-05  -4.4630e-09  -1.9494e+00   3.0356e+01   2.4336e+01 
  3.4958e+01   1.6230e+01   1.7858e+01   7.6644e+00   1.2400e+00 
  4.4252e-01   1.0904e-01   2.0054e-02   2.2962e-03   2.5583e-03 
  1.0877e-03   7.9882e-05   4.1882e-05   4.4069e-05   2.6414e-06 
  1.1025e-06   6.3515e-07   3.8751e-07   2.2807e-07   1.2762e-07 
  6.8033e-08   3.4710e-08  -1.7286e-03  -2.7922e-02 

########################
# 00000033
########################
RSS 2918.929687068676
BP 0:
a0:   3.3256e+00   e0:  -4.4848e+00   b0:   2.2075e+02   
P: 
 -1.4710e-01  -3.9520e-02  -1.2768e-01  -1.5481e-01  -9.9407e-02 
 -6.4337e-02  -8.8877e-02  -5.8834e-02  -1.2700e-02   4.0139e-04 
  5.6847e-03   5.0479e-03   2.6883e-03   4.8419e-04  -1.0916e-05 
 -1.4064e-05  -4.4630e-09  -1.9494e+00   3.0356e+01   2.4336e+01 
  3.4958e+01   1.6230e+01   1.7858e+01   7.6644e+00   1.2400e+00 
  4.4252e-01   1.0904e-01   2.0054e-02   2.2962e-03   2.5583e-03 
  1.0877e-03   7.9882e-05   4.1882e-05   4.4069e-05   2.6414e-06 
  1.1025e-06   6.3515e-07   3.8751e-07   2.2807e-07   1.2762e-07 
  6.8033e-08   3.4710e-08  -1.7286e-03   2.8858e-02 

########################
# 00000034
########################
RSS 2923.458712179614
BP 0:
a0:   3.3256e+00   e0:  -4.4848e+00   b0:   2.2089e+02   
P: 
 -1.4710e-01  -3.9520e-02  -1.2768e-01  -1.5481e-01  -9.9407e-02 
 -6.4337e-02  -8.8877e-02  -5.8834e-02  -1.2700e-02   4.0139e-04 
  5.6847e-03   5.0479e-03   2.6883e-03   4.8419e-04  -1.0916e-05 
 -1.4064e-05  -4.4630e-09  -1.9494e+00   3.0356e+01   2.4336e+01 
  3.4958e+01   1.6230e+01   1.7858e+01   7.6644e+00   1.2400e+00 
  4.4252e-01   1.0904e-01   2.0054e-02   2.2962e-03   2.5583e-03 
  1.0877e-03   7.9882e-05   4.1882e-05   4.4069e-05   2.6414e-06 
  1.1025e-06   6.3515e-07   3.8751e-07   2.2807e-07   1.2762e-07 
  6.8033e-08   3.4710e-08  -1.7286e-03   2.8921e-02 

########################
# 00000035
########################
RSS 3107.8764233669667
BP 0:
a0:   3.2928e+00   e0:  -4.4860e+00   b0:   1.7856e+02   
P: 
 -1.4710e-01  -3.9520e-02  -1.2768e-01  -1.5481e-01  -9.9407e-02 
 -6.4337e-02  -8.8877e-02  -5.8834e-02  -1.2700e-02   4.0139e-04 
  5.6847e-03   5.0479e-03   2.6883e-03   4.8419e-04  -1.0916e-05 
 -1.4064e-05  -4.4630e-09  -1.9494e+00   3.0356e+01   2.4336e+01 
  3.4958e+01   1.6230e+01   1.7858e+01   7.6644e+00   1.2400e+00 
  4.4252e-01   1.0904e-01   2.0054e-02   2.2962e-03   2.5583e-03 
  1.0877e-03   7.9882e-05   4.1882e-05   4.4069e-05   2.6414e-06 
  1.1025e-06   6.3515e-07   3.8751e-07   2.2807e-07   1.2762e-07 
  6.8033e-08   3.4710e-08  -1.7286e-03  -3.1444e-02 

########################
# 00000036
########################
RSS 3165.69911970682
BP 0:
a0:   3.2917e+00   e0:  -4.4862e+00   b0:   1.7699e+02   
P: 
 -1.4710e-01  -3.9520e-02  -1.2768e-01  -1.5481e-01  -9.9407e-02 
 -6.4337e-02  -8.8877e-02  -5.8834e-02  -1.2700e-02   4.0139e-04 
  5.6847e-03   5.0479e-03   2.6883e-03   4.8419e-04  -1.0916e-05 
 -1.4064e-05  -4.4630e-09  -1.9494e+00   3.0356e+01   2.4336e+01 
  3.4958e+01   1.6230e+01   1.7858e+01   7.6644e+00   1.2400e+00 
  4.4252e-01   1.0904e-01   2.0054e-02   2.2962e-03   2.5583e-03 
  1.0877e-03   7.9882e-05   4.1882e-05   4.4069e-05   2.6414e-06 
  1.1025e-06   6.3515e-07   3.8751e-07   2.2807e-07   1.2762e-07 
  6.8033e-08   3.4710e-08  -1.7286e-03  -3.2146e-02 

########################
# 00000037
########################
RSS 3172.0203371911384
BP 0:
a0:   3.2916e+00   e0:  -4.4863e+00   b0:   1.7682e+02   
P: 
 -1.4710e-01  -3.9520e-02  -1.2768e-01  -1.5481e-01  -9.9407e-02 
 -6.4337e-02  -8.8877e-02  -5.8834e-02  -1.2700e-02   4.0139e-04 
  5.6847e-03   5.0479e-03   2.6883e-03   4.8419e-04  -1.0916e-05 
 -1.4064e-05  -4.4630e-09  -1.9494e+00   3.0356e+01   2.4336e+01 
  3.4958e+01   1.6230e+01   1.7858e+01   7.6644e+00   1.2400e+00 
  4.4252e-01   1.0904e-01   2.0054e-02   2.2962e-03   2.5583e-03 
  1.0877e-03   7.9882e-05   4.1882e-05   4.4069e-05   2.6414e-06 
  1.1025e-06   6.3515e-07   3.8751e-07   2.2807e-07   1.2762e-07 
  6.8033e-08   3.4710e-08  -1.7286e-03  -3.2222e-02 

########################
# 00000038
########################
RSS 3308.979910822564
BP 0:
a0:   3.2891e+00   e0:  -4.4870e+00   b0:   1.7325e+02   
P: 
 -1.4710e-01  -3.9520e-02  -1.2768e-01  -1.5481e-01  -9.9407e-02 
 -6.4337e-02  -8.8877e-02  -5.8834e-02  -1.2700e-02   4.0139e-04 
  5.6847e-03   5.0479e-03   2.6883e-03   4.8419e-04  -1.0916e-05 
 -1.4064e-05  -4.4630e-09  -1.9494e+00   3.0356e+01   2.4336e+01 
  3.4958e+01   1.6230e+01   1.7858e+01   7.6644e+00   1.2400e+00 
  4.4252e-01   1.0904e-01   2.0054e-02   2.2962e-03   2.5583e-03 
  1.0877e-03   7.9882e-05   4.1882e-05   4.4069e-05   2.6414e-06 
  1.1025e-06   6.3515e-07   3.8751e-07   2.2807e-07   1.2762e-07 
  6.8033e-08   3.4710e-08  -1.7286e-03  -3.3822e-02 

########################
# 00000039
########################
RSS 3321.6336556983506
BP 0:
a0:   3.3287e+00   e0:  -4.4848e+00   b0:   2.3198e+02   
P: 
 -1.4710e-01  -3.9520e-02  -1.2768e-01  -1.5481e-01  -9.9407e-02 
 -6.4337e-02  -8.8877e-02  -5.8834e-02  -1.2700e-02   4.0139e-04 
  5.6847e-03   5.0479e-03   2.6883e-03   4.8419e-04  -1.0916e-05 
 -1.4064e-05  -4.4630e-09  -1.9494e+00   3.0356e+01   2.4336e+01 
  3.4958e+01   1.6230e+01   1.7858e+01   7.6644e+00   1.2400e+00 
  4.4252e-01   1.0904e-01   2.0054e-02   2.2962e-03   2.5583e-03 
  1.0877e-03   7.9882e-05   4.1882e-05   4.4069e-05   2.6414e-06 
  1.1025e-06   6.3515e-07   3.8751e-07   2.2807e-07   1.2762e-07 
  6.8033e-08   3.4710e-08  -1.7286e-03   3.3995e-02 

########################
# 00000040
########################
RSS 3429.7584937588435
BP 0:
a0:   3.2868e+00   e0:  -4.4876e+00   b0:   1.7026e+02   
P: 
 -1.4710e-01  -3.9520e-02  -1.2768e-01  -1.5481e-01  -9.9407e-02 
 -6.4337e-02  -8.8877e-02  -5.8834e-02  -1.2700e-02   4.0139e-04 
  5.6847e-03   5.0479e-03   2.6883e-03   4.8419e-04  -1.0916e-05 
 -1.4064e-05  -4.4630e-09  -1.9494e+00   3.0356e+01   2.4336e+01 
  3.4958e+01   1.6230e+01   1.7858e+01   7.6644e+00   1.2400e+00 
  4.4252e-01   1.0904e-01   2.0054e-02   2.2962e-03   2.5583e-03 
  1.0877e-03   7.9882e-05   4.1882e-05   4.4069e-05   2.6414e-06 
  1.1025e-06   6.3515e-07   3.8751e-07   2.2807e-07   1.2762e-07 
  6.8033e-08   3.4710e-08  -1.7286e-03  -3.5172e-02 

########################
# 00000041
########################
RSS 3435.7628596331906
BP 0:
a0:   3.2867e+00   e0:  -4.4876e+00   b0:   1.7012e+02   
P: 
 -1.4710e-01  -3.9520e-02  -1.2768e-01  -1.5481e-01  -9.9407e-02 
 -6.4337e-02  -8.8877e-02  -5.8834e-02  -1.2700e-02   4.0139e-04 
  5.6847e-03   5.0479e-03   2.6883e-03   4.8419e-04  -1.0916e-05 
 -1.4064e-05  -4.4630e-09  -1.9494e+00   3.0356e+01   2.4336e+01 
  3.4958e+01   1.6230e+01   1.7858e+01   7.6644e+00   1.2400e+00 
  4.4252e-01   1.0904e-01   2.0054e-02   2.2962e-03   2.5583e-03 
  1.0877e-03   7.9882e-05   4.1882e-05   4.4069e-05   2.6414e-06 
  1.1025e-06   6.3515e-07   3.8751e-07   2.2807e-07   1.2762e-07 
  6.8033e-08   3.4710e-08  -1.7286e-03  -3.5238e-02 

########################
# 00000042
########################
RSS 3447.684025735186
BP 0:
a0:   3.2865e+00   e0:  -4.4877e+00   b0:   1.6983e+02   
P: 
 -1.4710e-01  -3.9520e-02  -1.2768e-01  -1.5481e-01  -9.9407e-02 
 -6.4337e-02  -8.8877e-02  -5.8834e-02  -1.2700e-02   4.0139e-04 
  5.6847e-03   5.0479e-03   2.6883e-03   4.8419e-04  -1.0916e-05 
 -1.4064e-05  -4.4630e-09  -1.9494e+00   3.0356e+01   2.4336e+01 
  3.4958e+01   1.6230e+01   1.7858e+01   7.6644e+00   1.2400e+00 
  4.4252e-01   1.0904e-01   2.0054e-02   2.2962e-03   2.5583e-03 
  1.0877e-03   7.9882e-05   4.1882e-05   4.4069e-05   2.6414e-06 
  1.1025e-06   6.3515e-07   3.8751e-07   2.2807e-07   1.2762e-07 
  6.8033e-08   3.4710e-08  -1.7286e-03  -3.5368e-02 

########################
# 00000043
########################
RSS 3473.3203926113215
BP 0:
a0:   3.3297e+00   e0:  -4.4848e+00   b0:   2.3575e+02   
P: 
 -1.4710e-01  -3.9520e-02  -1.2768e-01  -1.5481e-01  -9.9407e-02 
 -6.4337e-02  -8.8877e-02  -5.8834e-02  -1.2700e-02   4.0139e-04 
  5.6847e-03   5.0479e-03   2.6883e-03   4.8419e-04  -1.0916e-05 
 -1.4064e-05  -4.4630e-09  -1.9494e+00   3.0356e+01   2.4336e+01 
  3.4958e+01   1.6230e+01   1.7858e+01   7.6644e+00   1.2400e+00 
  4.4252e-01   1.0904e-01   2.0054e-02   2.2962e-03   2.5583e-03 
  1.0877e-03   7.9882e-05   4.1882e-05   4.4069e-05   2.6414e-06 
  1.1025e-06   6.3515e-07   3.8751e-07   2.2807e-07   1.2762e-07 
  6.8033e-08   3.4710e-08  -1.7286e-03   3.5723e-02 

########################
# 00000044
########################
RSS 3597.007672055375
BP 0:
a0:   3.2838e+00   e0:  -4.4885e+00   b0:   1.6632e+02   
P: 
 -1.4710e-01  -3.9520e-02  -1.2768e-01  -1.5481e-01  -9.9407e-02 
 -6.4337e-02  -8.8877e-02  -5.8834e-02  -1.2700e-02   4.0139e-04 
  5.6847e-03   5.0479e-03   2.6883e-03   4.8419e-04  -1.0916e-05 
 -1.4064e-05  -4.4630e-09  -1.9494e+00   3.0356e+01   2.4336e+01 
  3.4958e+01   1.6230e+01   1.7858e+01   7.6644e+00   1.2400e+00 
  4.4252e-01   1.0904e-01   2.0054e-02   2.2962e-03   2.5583e-03 
  1.0877e-03   7.9882e-05   4.1882e-05   4.4069e-05   2.6414e-06 
  1.1025e-06   6.3515e-07   3.8751e-07   2.2807e-07   1.2762e-07 
  6.8033e-08   3.4710e-08  -1.7286e-03  -3.6958e-02 

########################
# 00000045
########################
RSS 3621.5411350554436
BP 0:
a0:   3.3306e+00   e0:  -4.4848e+00   b0:   2.3926e+02   
P: 
 -1.4710e-01  -3.9520e-02  -1.2768e-01  -1.5481e-01  -9.9407e-02 
 -6.4337e-02  -8.8877e-02  -5.8834e-02  -1.2700e-02   4.0139e-04 
  5.6847e-03   5.0479e-03   2.6883e-03   4.8419e-04  -1.0916e-05 
 -1.4064e-05  -4.4630e-09  -1.9494e+00   3.0356e+01   2.4336e+01 
  3.4958e+01   1.6230e+01   1.7858e+01   7.6644e+00   1.2400e+00 
  4.4252e-01   1.0904e-01   2.0054e-02   2.2962e-03   2.5583e-03 
  1.0877e-03   7.9882e-05   4.1882e-05   4.4069e-05   2.6414e-06 
  1.1025e-06   6.3515e-07   3.8751e-07   2.2807e-07   1.2762e-07 
  6.8033e-08   3.4710e-08  -1.7286e-03   3.7329e-02 

########################
# 00000046
########################
RSS 3812.5338885725314
BP 0:
a0:   3.3316e+00   e0:  -4.4848e+00   b0:   2.4356e+02   
P: 
 -1.4710e-01  -3.9520e-02  -1.2768e-01  -1.5481e-01  -9.9407e-02 
 -6.4337e-02  -8.8877e-02  -5.8834e-02  -1.2700e-02   4.0139e-04 
  5.6847e-03   5.0479e-03   2.6883e-03   4.8419e-04  -1.0916e-05 
 -1.4064e-05  -4.4630e-09  -1.9494e+00   3.0356e+01   2.4336e+01 
  3.4958e+01   1.6230e+01   1.7858e+01   7.6644e+00   1.2400e+00 
  4.4252e-01   1.0904e-01   2.0054e-02   2.2962e-03   2.5583e-03 
  1.0877e-03   7.9882e-05   4.1882e-05   4.4069e-05   2.6414e-06 
  1.1025e-06   6.3515e-07   3.8751e-07   2.2807e-07   1.2762e-07 
  6.8033e-08   3.4710e-08  -1.7286e-03   3.9294e-02 

########################
# 00000047
########################
RSS 3855.4183554082124
BP 0:
a0:   3.3318e+00   e0:  -4.4848e+00   b0:   2.4449e+02   
P: 
 -1.4710e-01  -3.9520e-02  -1.2768e-01  -1.5481e-01  -9.9407e-02 
 -6.4337e-02  -8.8877e-02  -5.8834e-02  -1.2700e-02   4.0139e-04 
  5.6847e-03   5.0479e-03   2.6883e-03   4.8419e-04  -1.0916e-05 
 -1.4064e-05  -4.4630e-09  -1.9494e+00   3.0356e+01   2.4336e+01 
  3.4958e+01   1.6230e+01   1.7858e+01   7.6644e+00   1.2400e+00 
  4.4252e-01   1.0904e-01   2.0054e-02   2.2962e-03   2.5583e-03 
  1.0877e-03   7.9882e-05   4.1882e-05   4.4069e-05   2.6414e-06 
  1.1025e-06   6.3515e-07   3.8751e-07   2.2807e-07   1.2762e-07 
  6.8033e-08   3.4710e-08  -1.7286e-03   3.9721e-02 

########################
# 00000048
########################
RSS 4036.410439045231
BP 0:
a0:   3.2756e+00   e0:  -4.4910e+00   b0:   1.5689e+02   
P: 
 -1.4710e-01  -3.9520e-02  -1.2768e-01  -1.5481e-01  -9.9407e-02 
 -6.4337e-02  -8.8877e-02  -5.8834e-02  -1.2700e-02   4.0139e-04 
  5.6847e-03   5.0479e-03   2.6883e-03   4.8419e-04  -1.0916e-05 
 -1.4064e-05  -4.4630e-09  -1.9494e+00   3.0356e+01   2.4336e+01 
  3.4958e+01   1.6230e+01   1.7858e+01   7.6644e+00   1.2400e+00 
  4.4252e-01   1.0904e-01   2.0054e-02   2.2962e-03   2.5583e-03 
  1.0877e-03   7.9882e-05   4.1882e-05   4.4069e-05   2.6414e-06 
  1.1025e-06   6.3515e-07   3.8751e-07   2.2807e-07   1.2762e-07 
  6.8033e-08   3.4710e-08  -1.7286e-03  -4.1282e-02 

########################
# 00000049
########################
RSS 4121.753226464362
BP 0:
a0:   3.2740e+00   e0:  -4.4915e+00   b0:   1.5520e+02   
P: 
 -1.4710e-01  -3.9520e-02  -1.2768e-01  -1.5481e-01  -9.9407e-02 
 -6.4337e-02  -8.8877e-02  -5.8834e-02  -1.2700e-02   4.0139e-04 
  5.6847e-03   5.0479e-03   2.6883e-03   4.8419e-04  -1.0916e-05 
 -1.4064e-05  -4.4630e-09  -1.9494e+00   3.0356e+01   2.4336e+01 
  3.4958e+01   1.6230e+01   1.7858e+01   7.6644e+00   1.2400e+00 
  4.4252e-01   1.0904e-01   2.0054e-02   2.2962e-03   2.5583e-03 
  1.0877e-03   7.9882e-05   4.1882e-05   4.4069e-05   2.6414e-06 
  1.1025e-06   6.3515e-07   3.8751e-07   2.2807e-07   1.2762e-07 
  6.8033e-08   3.4710e-08  -1.7286e-03  -4.2070e-02 

########################
# 00000050
########################
RSS 4250.924957528999
BP 0:
a0:   3.3337e+00   e0:  -4.4850e+00   b0:   2.5264e+02   
P: 
 -1.4710e-01  -3.9520e-02  -1.2768e-01  -1.5481e-01  -9.9407e-02 
 -6.4337e-02  -8.8877e-02  -5.8834e-02  -1.2700e-02   4.0139e-04 
  5.6847e-03   5.0479e-03   2.6883e-03   4.8419e-04  -1.0916e-05 
 -1.4064e-05  -4.4630e-09  -1.9494e+00   3.0356e+01   2.4336e+01 
  3.4958e+01   1.6230e+01   1.7858e+01   7.6644e+00   1.2400e+00 
  4.4252e-01   1.0904e-01   2.0054e-02   2.2962e-03   2.5583e-03 
  1.0877e-03   7.9882e-05   4.1882e-05   4.4069e-05   2.6414e-06 
  1.1025e-06   6.3515e-07   3.8751e-07   2.2807e-07   1.2762e-07 
  6.8033e-08   3.4710e-08  -1.7286e-03   4.3446e-02 

########################
# 00000051
########################
RSS 4331.354069077502
BP 0:
a0:   3.2700e+00   e0:  -4.4928e+00   b0:   1.5118e+02   
P: 
 -1.4710e-01  -3.9520e-02  -1.2768e-01  -1.5481e-01  -9.9407e-02 
 -6.4337e-02  -8.8877e-02  -5.8834e-02  -1.2700e-02   4.0139e-04 
  5.6847e-03   5.0479e-03   2.6883e-03   4.8419e-04  -1.0916e-05 
 -1.4064e-05  -4.4630e-09  -1.9494e+00   3.0356e+01   2.4336e+01 
  3.4958e+01   1.6230e+01   1.7858e+01   7.6644e+00   1.2400e+00 
  4.4252e-01   1.0904e-01   2.0054e-02   2.2962e-03   2.5583e-03 
  1.0877e-03   7.9882e-05   4.1882e-05   4.4069e-05   2.6414e-06 
  1.1025e-06   6.3515e-07   3.8751e-07   2.2807e-07   1.2762e-07 
  6.8033e-08   3.4710e-08  -1.7286e-03  -4.3946e-02 

########################
# 00000052
########################
RSS 4342.317778335773
BP 0:
a0:   3.3341e+00   e0:  -4.4850e+00   b0:   2.5441e+02   
P: 
 -1.4710e-01  -3.9520e-02  -1.2768e-01  -1.5481e-01  -9.9407e-02 
 -6.4337e-02  -8.8877e-02  -5.8834e-02  -1.2700e-02   4.0139e-04 
  5.6847e-03   5.0479e-03   2.6883e-03   4.8419e-04  -1.0916e-05 
 -1.4064e-05  -4.4630e-09  -1.9494e+00   3.0356e+01   2.4336e+01 
  3.4958e+01   1.6230e+01   1.7858e+01   7.6644e+00   1.2400e+00 
  4.4252e-01   1.0904e-01   2.0054e-02   2.2962e-03   2.5583e-03 
  1.0877e-03   7.9882e-05   4.1882e-05   4.4069e-05   2.6414e-06 
  1.1025e-06   6.3515e-07   3.8751e-07   2.2807e-07   1.2762e-07 
  6.8033e-08   3.4710e-08  -1.7286e-03   4.4259e-02 

########################
# 00000053
########################
RSS 4344.932508123391
BP 0:
a0:   3.3342e+00   e0:  -4.4850e+00   b0:   2.5447e+02   
P: 
 -1.4710e-01  -3.9520e-02  -1.2768e-01  -1.5481e-01  -9.9407e-02 
 -6.4337e-02  -8.8877e-02  -5.8834e-02  -1.2700e-02   4.0139e-04 
  5.6847e-03   5.0479e-03   2.6883e-03   4.8419e-04  -1.0916e-05 
 -1.4064e-05  -4.4630e-09  -1.9494e+00   3.0356e+01   2.4336e+01 
  3.4958e+01   1.6230e+01   1.7858e+01   7.6644e+00   1.2400e+00 
  4.4252e-01   1.0904e-01   2.0054e-02   2.2962e-03   2.5583e-03 
  1.0877e-03   7.9882e-05   4.1882e-05   4.4069e-05   2.6414e-06 
  1.1025e-06   6.3515e-07   3.8751e-07   2.2807e-07   1.2762e-07 
  6.8033e-08   3.4710e-08  -1.7286e-03   4.4282e-02 

########################
# 00000054
########################
RSS 4465.551538594726
BP 0:
a0:   3.3347e+00   e0:  -4.4850e+00   b0:   2.5676e+02   
P: 
 -1.4710e-01  -3.9520e-02  -1.2768e-01  -1.5481e-01  -9.9407e-02 
 -6.4337e-02  -8.8877e-02  -5.8834e-02  -1.2700e-02   4.0139e-04 
  5.6847e-03   5.0479e-03   2.6883e-03   4.8419e-04  -1.0916e-05 
 -1.4064e-05  -4.4630e-09  -1.9494e+00   3.0356e+01   2.4336e+01 
  3.4958e+01   1.6230e+01   1.7858e+01   7.6644e+00   1.2400e+00 
  4.4252e-01   1.0904e-01   2.0054e-02   2.2962e-03   2.5583e-03 
  1.0877e-03   7.9882e-05   4.1882e-05   4.4069e-05   2.6414e-06 
  1.1025e-06   6.3515e-07   3.8751e-07   2.2807e-07   1.2762e-07 
  6.8033e-08   3.4710e-08  -1.7286e-03   4.5331e-02 

########################
# 00000055
########################
RSS 4594.983601841662
BP 0:
a0:   3.2648e+00   e0:  -4.4944e+00   b0:   1.4641e+02   
P: 
 -1.4710e-01  -3.9520e-02  -1.2768e-01  -1.5481e-01  -9.9407e-02 
 -6.4337e-02  -8.8877e-02  -5.8834e-02  -1.2700e-02   4.0139e-04 
  5.6847e-03   5.0479e-03   2.6883e-03   4.8419e-04  -1.0916e-05 
 -1.4064e-05  -4.4630e-09  -1.9494e+00   3.0356e+01   2.4336e+01 
  3.4958e+01   1.6230e+01   1.7858e+01   7.6644e+00   1.2400e+00 
  4.4252e-01   1.0904e-01   2.0054e-02   2.2962e-03   2.5583e-03 
  1.0877e-03   7.9882e-05   4.1882e-05   4.4069e-05   2.6414e-06 
  1.1025e-06   6.3515e-07   3.8751e-07   2.2807e-07   1.2762e-07 
  6.8033e-08   3.4710e-08  -1.7286e-03  -4.6199e-02 

########################
# 00000056
########################
RSS 4991.39759907849
BP 0:
a0:   3.3367e+00   e0:  -4.4852e+00   b0:   2.6615e+02   
P: 
 -1.4710e-01  -3.9520e-02  -1.2768e-01  -1.5481e-01  -9.9407e-02 
 -6.4337e-02  -8.8877e-02  -5.8834e-02  -1.2700e-02   4.0139e-04 
  5.6847e-03   5.0479e-03   2.6883e-03   4.8419e-04  -1.0916e-05 
 -1.4064e-05  -4.4630e-09  -1.9494e+00   3.0356e+01   2.4336e+01 
  3.4958e+01   1.6230e+01   1.7858e+01   7.6644e+00   1.2400e+00 
  4.4252e-01   1.0904e-01   2.0054e-02   2.2962e-03   2.5583e-03 
  1.0877e-03   7.9882e-05   4.1882e-05   4.4069e-05   2.6414e-06 
  1.1025e-06   6.3515e-07   3.8751e-07   2.2807e-07   1.2762e-07 
  6.8033e-08   3.4710e-08  -1.7286e-03   4.9629e-02 

########################
# 00000057
########################
RSS 5014.280000062176
BP 0:
a0:   3.3367e+00   e0:  -4.4852e+00   b0:   2.6654e+02   
P: 
 -1.4710e-01  -3.9520e-02  -1.2768e-01  -1.5481e-01  -9.9407e-02 
 -6.4337e-02  -8.8877e-02  -5.8834e-02  -1.2700e-02   4.0139e-04 
  5.6847e-03   5.0479e-03   2.6883e-03   4.8419e-04  -1.0916e-05 
 -1.4064e-05  -4.4630e-09  -1.9494e+00   3.0356e+01   2.4336e+01 
  3.4958e+01   1.6230e+01   1.7858e+01   7.6644e+00   1.2400e+00 
  4.4252e-01   1.0904e-01   2.0054e-02   2.2962e-03   2.5583e-03 
  1.0877e-03   7.9882e-05   4.1882e-05   4.4069e-05   2.6414e-06 
  1.1025e-06   6.3515e-07   3.8751e-07   2.2807e-07   1.2762e-07 
  6.8033e-08   3.4710e-08  -1.7286e-03   4.9807e-02 

########################
# 00000058
########################
RSS 5253.935433049596
BP 0:
a0:   3.2513e+00   e0:  -4.4991e+00   b0:   1.3566e+02   
P: 
 -1.4710e-01  -3.9520e-02  -1.2768e-01  -1.5481e-01  -9.9407e-02 
 -6.4337e-02  -8.8877e-02  -5.8834e-02  -1.2700e-02   4.0139e-04 
  5.6847e-03   5.0479e-03   2.6883e-03   4.8419e-04  -1.0916e-05 
 -1.4064e-05  -4.4630e-09  -1.9494e+00   3.0356e+01   2.4336e+01 
  3.4958e+01   1.6230e+01   1.7858e+01   7.6644e+00   1.2400e+00 
  4.4252e-01   1.0904e-01   2.0054e-02   2.2962e-03   2.5583e-03 
  1.0877e-03   7.9882e-05   4.1882e-05   4.4069e-05   2.6414e-06 
  1.1025e-06   6.3515e-07   3.8751e-07   2.2807e-07   1.2762e-07 
  6.8033e-08   3.4710e-08  -1.7286e-03  -5.1407e-02 

########################
# 00000059
########################
RSS 5477.966274150294
BP 0:
a0:   3.3382e+00   e0:  -4.4854e+00   b0:   2.7414e+02   
P: 
 -1.4710e-01  -3.9520e-02  -1.2768e-01  -1.5481e-01  -9.9407e-02 
 -6.4337e-02  -8.8877e-02  -5.8834e-02  -1.2700e-02   4.0139e-04 
  5.6847e-03   5.0479e-03   2.6883e-03   4.8419e-04  -1.0916e-05 
 -1.4064e-05  -4.4630e-09  -1.9494e+00   3.0356e+01   2.4336e+01 
  3.4958e+01   1.6230e+01   1.7858e+01   7.6644e+00   1.2400e+00 
  4.4252e-01   1.0904e-01   2.0054e-02   2.2962e-03   2.5583e-03 
  1.0877e-03   7.9882e-05   4.1882e-05   4.4069e-05   2.6414e-06 
  1.1025e-06   6.3515e-07   3.8751e-07   2.2807e-07   1.2762e-07 
  6.8033e-08   3.4710e-08  -1.7286e-03   5.3279e-02 

########################
# 00000060
########################
RSS 5559.054652968998
BP 0:
a0:   3.2447e+00   e0:  -4.5015e+00   b0:   1.3118e+02   
P: 
 -1.4710e-01  -3.9520e-02  -1.2768e-01  -1.5481e-01  -9.9407e-02 
 -6.4337e-02  -8.8877e-02  -5.8834e-02  -1.2700e-02   4.0139e-04 
  5.6847e-03   5.0479e-03   2.6883e-03   4.8419e-04  -1.0916e-05 
 -1.4064e-05  -4.4630e-09  -1.9494e+00   3.0356e+01   2.4336e+01 
  3.4958e+01   1.6230e+01   1.7858e+01   7.6644e+00   1.2400e+00 
  4.4252e-01   1.0904e-01   2.0054e-02   2.2962e-03   2.5583e-03 
  1.0877e-03   7.9882e-05   4.1882e-05   4.4069e-05   2.6414e-06 
  1.1025e-06   6.3515e-07   3.8751e-07   2.2807e-07   1.2762e-07 
  6.8033e-08   3.4710e-08  -1.7286e-03  -5.3651e-02 

########################
# 00000061
########################
RSS 6024.278720274915
BP 0:
a0:   3.2341e+00   e0:  -4.5055e+00   b0:   1.2487e+02   
P: 
 -1.4710e-01  -3.9520e-02  -1.2768e-01  -1.5481e-01  -9.9407e-02 
 -6.4337e-02  -8.8877e-02  -5.8834e-02  -1.2700e-02   4.0139e-04 
  5.6847e-03   5.0479e-03   2.6883e-03   4.8419e-04  -1.0916e-05 
 -1.4064e-05  -4.4630e-09  -1.9494e+00   3.0356e+01   2.4336e+01 
  3.4958e+01   1.6230e+01   1.7858e+01   7.6644e+00   1.2400e+00 
  4.4252e-01   1.0904e-01   2.0054e-02   2.2962e-03   2.5583e-03 
  1.0877e-03   7.9882e-05   4.1882e-05   4.4069e-05   2.6414e-06 
  1.1025e-06   6.3515e-07   3.8751e-07   2.2807e-07   1.2762e-07 
  6.8033e-08   3.4710e-08  -1.7286e-03  -5.6908e-02 

########################
# 00000062
########################
RSS 6038.482972002803
BP 0:
a0:   3.2338e+00   e0:  -4.5056e+00   b0:   1.2469e+02   
P: 
 -1.4710e-01  -3.9520e-02  -1.2768e-01  -1.5481e-01  -9.9407e-02 
 -6.4337e-02  -8.8877e-02  -5.8834e-02  -1.2700e-02   4.0139e-04 
  5.6847e-03   5.0479e-03   2.6883e-03   4.8419e-04  -1.0916e-05 
 -1.4064e-05  -4.4630e-09  -1.9494e+00   3.0356e+01   2.4336e+01 
  3.4958e+01   1.6230e+01   1.7858e+01   7.6644e+00   1.2400e+00 
  4.4252e-01   1.0904e-01   2.0054e-02   2.2962e-03   2.5583e-03 
  1.0877e-03   7.9882e-05   4.1882e-05   4.4069e-05   2.6414e-06 
  1.1025e-06   6.3515e-07   3.8751e-07   2.2807e-07   1.2762e-07 
  6.8033e-08   3.4710e-08  -1.7286e-03  -5.7004e-02 

########################
# 00000063
########################
RSS 6182.569448778086
BP 0:
a0:   3.2304e+00   e0:  -4.5069e+00   b0:   1.2286e+02   
P: 
 -1.4710e-01  -3.9520e-02  -1.2768e-01  -1.5481e-01  -9.9407e-02 
 -6.4337e-02  -8.8877e-02  -5.8834e-02  -1.2700e-02   4.0139e-04 
  5.6847e-03   5.0479e-03   2.6883e-03   4.8419e-04  -1.0916e-05 
 -1.4064e-05  -4.4630e-09  -1.9494e+00   3.0356e+01   2.4336e+01 
  3.4958e+01   1.6230e+01   1.7858e+01   7.6644e+00   1.2400e+00 
  4.4252e-01   1.0904e-01   2.0054e-02   2.2962e-03   2.5583e-03 
  1.0877e-03   7.9882e-05   4.1882e-05   4.4069e-05   2.6414e-06 
  1.1025e-06   6.3515e-07   3.8751e-07   2.2807e-07   1.2762e-07 
  6.8033e-08   3.4710e-08  -1.7286e-03  -5.7975e-02 

########################
# 00000064
########################
RSS 6293.005772001297
BP 0:
a0:   3.3405e+00   e0:  -4.4858e+00   b0:   2.8634e+02   
P: 
 -1.4710e-01  -3.9520e-02  -1.2768e-01  -1.5481e-01  -9.9407e-02 
 -6.4337e-02  -8.8877e-02  -5.8834e-02  -1.2700e-02   4.0139e-04 
  5.6847e-03   5.0479e-03   2.6883e-03   4.8419e-04  -1.0916e-05 
 -1.4064e-05  -4.4630e-09  -1.9494e+00   3.0356e+01   2.4336e+01 
  3.4958e+01   1.6230e+01   1.7858e+01   7.6644e+00   1.2400e+00 
  4.4252e-01   1.0904e-01   2.0054e-02   2.2962e-03   2.5583e-03 
  1.0877e-03   7.9882e-05   4.1882e-05   4.4069e-05   2.6414e-06 
  1.1025e-06   6.3515e-07   3.8751e-07   2.2807e-07   1.2762e-07 
  6.8033e-08   3.4710e-08  -1.7286e-03   5.8862e-02 

########################
# 00000065
########################
RSS 7011.836537548722
BP 0:
a0:   3.3422e+00   e0:  -4.4862e+00   b0:   2.9617e+02   
P: 
 -1.4710e-01  -3.9520e-02  -1.2768e-01  -1.5481e-01  -9.9407e-02 
 -6.4337e-02  -8.8877e-02  -5.8834e-02  -1.2700e-02   4.0139e-04 
  5.6847e-03   5.0479e-03   2.6883e-03   4.8419e-04  -1.0916e-05 
 -1.4064e-05  -4.4630e-09  -1.9494e+00   3.0356e+01   2.4336e+01 
  3.4958e+01   1.6230e+01   1.7858e+01   7.6644e+00   1.2400e+00 
  4.4252e-01   1.0904e-01   2.0054e-02   2.2962e-03   2.5583e-03 
  1.0877e-03   7.9882e-05   4.1882e-05   4.4069e-05   2.6414e-06 
  1.1025e-06   6.3515e-07   3.8751e-07   2.2807e-07   1.2762e-07 
  6.8033e-08   3.4710e-08  -1.7286e-03   6.3357e-02 

########################
# 00000066
########################
RSS 7469.8018010765745
BP 0:
a0:   3.3432e+00   e0:  -4.4864e+00   b0:   3.0207e+02   
P: 
 -1.4710e-01  -3.9520e-02  -1.2768e-01  -1.5481e-01  -9.9407e-02 
 -6.4337e-02  -8.8877e-02  -5.8834e-02  -1.2700e-02   4.0139e-04 
  5.6847e-03   5.0479e-03   2.6883e-03   4.8419e-04  -1.0916e-05 
 -1.4064e-05  -4.4630e-09  -1.9494e+00   3.0356e+01   2.4336e+01 
  3.4958e+01   1.6230e+01   1.7858e+01   7.6644e+00   1.2400e+00 
  4.4252e-01   1.0904e-01   2.0054e-02   2.2962e-03   2.5583e-03 
  1.0877e-03   7.9882e-05   4.1882e-05   4.4069e-05   2.6414e-06 
  1.1025e-06   6.3515e-07   3.8751e-07   2.2807e-07   1.2762e-07 
  6.8033e-08   3.4710e-08  -1.7286e-03   6.6054e-02 

########################
# 00000067
########################
RSS 7513.487629489513
BP 0:
a0:   3.1729e+00   e0:  -4.5295e+00   b0:   9.4787e+01   
P: 
 -1.4710e-01  -3.9520e-02  -1.2768e-01  -1.5481e-01  -9.9407e-02 
 -6.4337e-02  -8.8877e-02  -5.8834e-02  -1.2700e-02   4.0139e-04 
  5.6847e-03   5.0479e-03   2.6883e-03   4.8419e-04  -1.0916e-05 
 -1.4064e-05  -4.4630e-09  -1.9494e+00   3.0356e+01   2.4336e+01 
  3.4958e+01   1.6230e+01   1.7858e+01   7.6644e+00   1.2400e+00 
  4.4252e-01   1.0904e-01   2.0054e-02   2.2962e-03   2.5583e-03 
  1.0877e-03   7.9882e-05   4.1882e-05   4.4069e-05   2.6414e-06 
  1.1025e-06   6.3515e-07   3.8751e-07   2.2807e-07   1.2762e-07 
  6.8033e-08   3.4710e-08  -1.7286e-03  -6.6307e-02 

########################
# 00000068
########################
RSS 7639.131719231913
BP 0:
a0:   3.3435e+00   e0:  -4.4865e+00   b0:   3.0419e+02   
P: 
 -1.4710e-01  -3.9520e-02  -1.2768e-01  -1.5481e-01  -9.9407e-02 
 -6.4337e-02  -8.8877e-02  -5.8834e-02  -1.2700e-02   4.0139e-04 
  5.6847e-03   5.0479e-03   2.6883e-03   4.8419e-04  -1.0916e-05 
 -1.4064e-05  -4.4630e-09  -1.9494e+00   3.0356e+01   2.4336e+01 
  3.4958e+01   1.6230e+01   1.7858e+01   7.6644e+00   1.2400e+00 
  4.4252e-01   1.0904e-01   2.0054e-02   2.2962e-03   2.5583e-03 
  1.0877e-03   7.9882e-05   4.1882e-05   4.4069e-05   2.6414e-06 
  1.1025e-06   6.3515e-07   3.8751e-07   2.2807e-07   1.2762e-07 
  6.8033e-08   3.4710e-08  -1.7286e-03   6.7022e-02 

########################
# 00000069
########################
RSS 7702.02823647104
BP 0:
a0:   3.1906e+00   e0:  -4.5234e+00   b0:   1.0696e+02   
P: 
 -1.4710e-01  -3.9520e-02  -1.2768e-01  -1.5481e-01  -9.9407e-02 
 -6.4337e-02  -8.8877e-02  -5.8834e-02  -1.2700e-02   4.0139e-04 
  5.6847e-03   5.0479e-03   2.6883e-03   4.8419e-04  -1.0916e-05 
 -1.4064e-05  -4.4630e-09  -1.9494e+00   3.0356e+01   2.4336e+01 
  3.4958e+01   1.6230e+01   1.7858e+01   7.6644e+00   1.2400e+00 
  4.4252e-01   1.0904e-01   2.0054e-02   2.2962e-03   2.5583e-03 
  1.0877e-03   7.9882e-05   4.1882e-05   4.4069e-05   2.6414e-06 
  1.1025e-06   6.3515e-07   3.8751e-07   2.2807e-07   1.2762e-07 
  6.8033e-08   3.4710e-08  -1.7286e-03  -6.7356e-02 

########################
# 00000070
########################
RSS 8017.45129837453
BP 0:
a0:   3.1815e+00   e0:  -4.5275e+00   b0:   1.0441e+02   
P: 
 -1.4710e-01  -3.9520e-02  -1.2768e-01  -1.5481e-01  -9.9407e-02 
 -6.4337e-02  -8.8877e-02  -5.8834e-02  -1.2700e-02   4.0139e-04 
  5.6847e-03   5.0479e-03   2.6883e-03   4.8419e-04  -1.0916e-05 
 -1.4064e-05  -4.4630e-09  -1.9494e+00   3.0356e+01   2.4336e+01 
  3.4958e+01   1.6230e+01   1.7858e+01   7.6644e+00   1.2400e+00 
  4.4252e-01   1.0904e-01   2.0054e-02   2.2962e-03   2.5583e-03 
  1.0877e-03   7.9882e-05   4.1882e-05   4.4069e-05   2.6414e-06 
  1.1025e-06   6.3515e-07   3.8751e-07   2.2807e-07   1.2762e-07 
  6.8033e-08   3.4710e-08  -1.7286e-03  -6.9134e-02 

########################
# 00000071
########################
RSS 8030.840998935975
BP 0:
a0:   3.1811e+00   e0:  -4.5277e+00   b0:   1.0431e+02   
P: 
 -1.4710e-01  -3.9520e-02  -1.2768e-01  -1.5481e-01  -9.9407e-02 
 -6.4337e-02  -8.8877e-02  -5.8834e-02  -1.2700e-02   4.0139e-04 
  5.6847e-03   5.0479e-03   2.6883e-03   4.8419e-04  -1.0916e-05 
 -1.4064e-05  -4.4630e-09  -1.9494e+00   3.0356e+01   2.4336e+01 
  3.4958e+01   1.6230e+01   1.7858e+01   7.6644e+00   1.2400e+00 
  4.4252e-01   1.0904e-01   2.0054e-02   2.2962e-03   2.5583e-03 
  1.0877e-03   7.9882e-05   4.1882e-05   4.4069e-05   2.6414e-06 
  1.1025e-06   6.3515e-07   3.8751e-07   2.2807e-07   1.2762e-07 
  6.8033e-08   3.4710e-08  -1.7286e-03  -6.9208e-02 

########################
# 00000072
########################
RSS 8826.45967565019
BP 0:
a0:   3.0777e+00   e0:  -4.5694e+00   b0:   7.0494e+01   
P: 
 -1.4710e-01  -3.9520e-02  -1.2768e-01  -1.5481e-01  -9.9407e-02 
 -6.4337e-02  -8.8877e-02  -5.8834e-02  -1.2700e-02   4.0139e-04 
  5.6847e-03   5.0479e-03   2.6883e-03   4.8419e-04  -1.0916e-05 
 -1.4064e-05  -4.4630e-09  -1.9494e+00   3.0356e+01   2.4336e+01 
  3.4958e+01   1.6230e+01   1.7858e+01   7.6644e+00   1.2400e+00 
  4.4252e-01   1.0904e-01   2.0054e-02   2.2962e-03   2.5583e-03 
  1.0877e-03   7.9882e-05   4.1882e-05   4.4069e-05   2.6414e-06 
  1.1025e-06   6.3515e-07   3.8751e-07   2.2807e-07   1.2762e-07 
  6.8033e-08   3.4710e-08  -1.7286e-03  -7.3657e-02 

########################
# 00000073
########################
RSS 9384.680064488524
BP 0:
a0:   3.3465e+00   e0:  -4.4874e+00   b0:   3.2439e+02   
P: 
 -1.4710e-01  -3.9520e-02  -1.2768e-01  -1.5481e-01  -9.9407e-02 
 -6.4337e-02  -8.8877e-02  -5.8834e-02  -1.2700e-02   4.0139e-04 
  5.6847e-03   5.0479e-03   2.6883e-03   4.8419e-04  -1.0916e-05 
 -1.4064e-05  -4.4630e-09  -1.9494e+00   3.0356e+01   2.4336e+01 
  3.4958e+01   1.6230e+01   1.7858e+01   7.6644e+00   1.2400e+00 
  4.4252e-01   1.0904e-01   2.0054e-02   2.2962e-03   2.5583e-03 
  1.0877e-03   7.9882e-05   4.1882e-05   4.4069e-05   2.6414e-06 
  1.1025e-06   6.3515e-07   3.8751e-07   2.2807e-07   1.2762e-07 
  6.8033e-08   3.4710e-08  -1.7286e-03   7.6257e-02 

########################
# 00000074
########################
RSS 9876.17887070156
BP 0:
a0:   3.3472e+00   e0:  -4.4876e+00   b0:   3.2963e+02   
P: 
 -1.4710e-01  -3.9520e-02  -1.2768e-01  -1.5481e-01  -9.9407e-02 
 -6.4337e-02  -8.8877e-02  -5.8834e-02  -1.2700e-02   4.0139e-04 
  5.6847e-03   5.0479e-03   2.6883e-03   4.8419e-04  -1.0916e-05 
 -1.4064e-05  -4.4630e-09  -1.9494e+00   3.0356e+01   2.4336e+01 
  3.4958e+01   1.6230e+01   1.7858e+01   7.6644e+00   1.2400e+00 
  4.4252e-01   1.0904e-01   2.0054e-02   2.2962e-03   2.5583e-03 
  1.0877e-03   7.9882e-05   4.1882e-05   4.4069e-05   2.6414e-06 
  1.1025e-06   6.3515e-07   3.8751e-07   2.2807e-07   1.2762e-07 
  6.8033e-08   3.4710e-08  -1.7286e-03   7.8653e-02 

########################
# 00000075
########################
RSS 10079.7825241533
BP 0:
a0:   3.3475e+00   e0:  -4.4877e+00   b0:   3.3175e+02   
P: 
 -1.4710e-01  -3.9520e-02  -1.2768e-01  -1.5481e-01  -9.9407e-02 
 -6.4337e-02  -8.8877e-02  -5.8834e-02  -1.2700e-02   4.0139e-04 
  5.6847e-03   5.0479e-03   2.6883e-03   4.8419e-04  -1.0916e-05 
 -1.4064e-05  -4.4630e-09  -1.9494e+00   3.0356e+01   2.4336e+01 
  3.4958e+01   1.6230e+01   1.7858e+01   7.6644e+00   1.2400e+00 
  4.4252e-01   1.0904e-01   2.0054e-02   2.2962e-03   2.5583e-03 
  1.0877e-03   7.9882e-05   4.1882e-05   4.4069e-05   2.6414e-06 
  1.1025e-06   6.3515e-07   3.8751e-07   2.2807e-07   1.2762e-07 
  6.8033e-08   3.4710e-08  -1.7286e-03   7.9624e-02 

########################
# 00000076
########################
RSS 10390.867781046349
BP 0:
a0:   3.3479e+00   e0:  -4.4879e+00   b0:   3.3494e+02   
P: 
 -1.4710e-01  -3.9520e-02  -1.2768e-01  -1.5481e-01  -9.9407e-02 
 -6.4337e-02  -8.8877e-02  -5.8834e-02  -1.2700e-02   4.0139e-04 
  5.6847e-03   5.0479e-03   2.6883e-03   4.8419e-04  -1.0916e-05 
 -1.4064e-05  -4.4630e-09  -1.9494e+00   3.0356e+01   2.4336e+01 
  3.4958e+01   1.6230e+01   1.7858e+01   7.6644e+00   1.2400e+00 
  4.4252e-01   1.0904e-01   2.0054e-02   2.2962e-03   2.5583e-03 
  1.0877e-03   7.9882e-05   4.1882e-05   4.4069e-05   2.6414e-06 
  1.1025e-06   6.3515e-07   3.8751e-07   2.2807e-07   1.2762e-07 
  6.8033e-08   3.4710e-08  -1.7286e-03   8.1084e-02 

########################
# 00000077
########################
RSS 10865.598335023951
BP 0:
a0:   3.3486e+00   e0:  -4.4881e+00   b0:   3.3970e+02   
P: 
 -1.4710e-01  -3.9520e-02  -1.2768e-01  -1.5481e-01  -9.9407e-02 
 -6.4337e-02  -8.8877e-02  -5.8834e-02  -1.2700e-02   4.0139e-04 
  5.6847e-03   5.0479e-03   2.6883e-03   4.8419e-04  -1.0916e-05 
 -1.4064e-05  -4.4630e-09  -1.9494e+00   3.0356e+01   2.4336e+01 
  3.4958e+01   1.6230e+01   1.7858e+01   7.6644e+00   1.2400e+00 
  4.4252e-01   1.0904e-01   2.0054e-02   2.2962e-03   2.5583e-03 
  1.0877e-03   7.9882e-05   4.1882e-05   4.4069e-05   2.6414e-06 
  1.1025e-06   6.3515e-07   3.8751e-07   2.2807e-07   1.2762e-07 
  6.8033e-08   3.4710e-08  -1.7286e-03   8.3259e-02 

########################
# 00000078
########################
RSS 11564.085823318306
BP 0:
a0:   3.3494e+00   e0:  -4.4885e+00   b0:   3.4647e+02   
P: 
 -1.4710e-01  -3.9520e-02  -1.2768e-01  -1.5481e-01  -9.9407e-02 
 -6.4337e-02  -8.8877e-02  -5.8834e-02  -1.2700e-02   4.0139e-04 
  5.6847e-03   5.0479e-03   2.6883e-03   4.8419e-04  -1.0916e-05 
 -1.4064e-05  -4.4630e-09  -1.9494e+00   3.0356e+01   2.4336e+01 
  3.4958e+01   1.6230e+01   1.7858e+01   7.6644e+00   1.2400e+00 
  4.4252e-01   1.0904e-01   2.0054e-02   2.2962e-03   2.5583e-03 
  1.0877e-03   7.9882e-05   4.1882e-05   4.4069e-05   2.6414e-06 
  1.1025e-06   6.3515e-07   3.8751e-07   2.2807e-07   1.2762e-07 
  6.8033e-08   3.4710e-08  -1.7286e-03   8.6357e-02 

########################
# 00000079
########################
RSS 12520.171673850378
BP 0:
a0:   3.3505e+00   e0:  -4.4890e+00   b0:   3.5536e+02   
P: 
 -1.4710e-01  -3.9520e-02  -1.2768e-01  -1.5481e-01  -9.9407e-02 
 -6.4337e-02  -8.8877e-02  -5.8834e-02  -1.2700e-02   4.0139e-04 
  5.6847e-03   5.0479e-03   2.6883e-03   4.8419e-04  -1.0916e-05 
 -1.4064e-05  -4.4630e-09  -1.9494e+00   3.0356e+01   2.4336e+01 
  3.4958e+01   1.6230e+01   1.7858e+01   7.6644e+00   1.2400e+00 
  4.4252e-01   1.0904e-01   2.0054e-02   2.2962e-03   2.5583e-03 
  1.0877e-03   7.9882e-05   4.1882e-05   4.4069e-05   2.6414e-06 
  1.1025e-06   6.3515e-07   3.8751e-07   2.2807e-07   1.2762e-07 
  6.8033e-08   3.4710e-08  -1.7286e-03   9.0418e-02 

########################
# 00000080
########################
RSS 13132.542339657104
BP 0:
a0:   3.3511e+00   e0:  -4.4893e+00   b0:   3.6083e+02   
P: 
 -1.4710e-01  -3.9520e-02  -1.2768e-01  -1.5481e-01  -9.9407e-02 
 -6.4337e-02  -8.8877e-02  -5.8834e-02  -1.2700e-02   4.0139e-04 
  5.6847e-03   5.0479e-03   2.6883e-03   4.8419e-04  -1.0916e-05 
 -1.4064e-05  -4.4630e-09  -1.9494e+00   3.0356e+01   2.4336e+01 
  3.4958e+01   1.6230e+01   1.7858e+01   7.6644e+00   1.2400e+00 
  4.4252e-01   1.0904e-01   2.0054e-02   2.2962e-03   2.5583e-03 
  1.0877e-03   7.9882e-05   4.1882e-05   4.4069e-05   2.6414e-06 
  1.1025e-06   6.3515e-07   3.8751e-07   2.2807e-07   1.2762e-07 
  6.8033e-08   3.4710e-08  -1.7286e-03   9.2922e-02 

########################
# 00000081
########################
RSS 14203.936564255602
BP 0:
a0:   3.3521e+00   e0:  -4.4898e+00   b0:   3.7007e+02   
P: 
 -1.4710e-01  -3.9520e-02  -1.2768e-01  -1.5481e-01  -9.9407e-02 
 -6.4337e-02  -8.8877e-02  -5.8834e-02  -1.2700e-02   4.0139e-04 
  5.6847e-03   5.0479e-03   2.6883e-03   4.8419e-04  -1.0916e-05 
 -1.4064e-05  -4.4630e-09  -1.9494e+00   3.0356e+01   2.4336e+01 
  3.4958e+01   1.6230e+01   1.7858e+01   7.6644e+00   1.2400e+00 
  4.4252e-01   1.0904e-01   2.0054e-02   2.2962e-03   2.5583e-03 
  1.0877e-03   7.9882e-05   4.1882e-05   4.4069e-05   2.6414e-06 
  1.1025e-06   6.3515e-07   3.8751e-07   2.2807e-07   1.2762e-07 
  6.8033e-08   3.4710e-08  -1.7286e-03   9.7143e-02 

########################
# 00000082
########################
RSS 15610.010503715868
BP 0:
a0:   3.3533e+00   e0:  -4.4905e+00   b0:   3.8158e+02   
P: 
 -1.4710e-01  -3.9520e-02  -1.2768e-01  -1.5481e-01  -9.9407e-02 
 -6.4337e-02  -8.8877e-02  -5.8834e-02  -1.2700e-02   4.0139e-04 
  5.6847e-03   5.0479e-03   2.6883e-03   4.8419e-04  -1.0916e-05 
 -1.4064e-05  -4.4630e-09  -1.9494e+00   3.0356e+01   2.4336e+01 
  3.4958e+01   1.6230e+01   1.7858e+01   7.6644e+00   1.2400e+00 
  4.4252e-01   1.0904e-01   2.0054e-02   2.2962e-03   2.5583e-03 
  1.0877e-03   7.9882e-05   4.1882e-05   4.4069e-05   2.6414e-06 
  1.1025e-06   6.3515e-07   3.8751e-07   2.2807e-07   1.2762e-07 
  6.8033e-08   3.4710e-08  -1.7286e-03   1.0241e-01 

########################
# 00000083
########################
RSS 16471.424404319932
BP 0:
a0:   3.3540e+00   e0:  -4.4909e+00   b0:   3.8834e+02   
P: 
 -1.4710e-01  -3.9520e-02  -1.2768e-01  -1.5481e-01  -9.9407e-02 
 -6.4337e-02  -8.8877e-02  -5.8834e-02  -1.2700e-02   4.0139e-04 
  5.6847e-03   5.0479e-03   2.6883e-03   4.8419e-04  -1.0916e-05 
 -1.4064e-05  -4.4630e-09  -1.9494e+00   3.0356e+01   2.4336e+01 
  3.4958e+01   1.6230e+01   1.7858e+01   7.6644e+00   1.2400e+00 
  4.4252e-01   1.0904e-01   2.0054e-02   2.2962e-03   2.5583e-03 
  1.0877e-03   7.9882e-05   4.1882e-05   4.4069e-05   2.6414e-06 
  1.1025e-06   6.3515e-07   3.8751e-07   2.2807e-07   1.2762e-07 
  6.8033e-08   3.4710e-08  -1.7286e-03   1.0550e-01 

########################
# 00000084
########################
RSS 17144.861324447404
BP 0:
a0:   3.3545e+00   e0:  -4.4912e+00   b0:   3.9349e+02   
P: 
 -1.4710e-01  -3.9520e-02  -1.2768e-01  -1.5481e-01  -9.9407e-02 
 -6.4337e-02  -8.8877e-02  -5.8834e-02  -1.2700e-02   4.0139e-04 
  5.6847e-03   5.0479e-03   2.6883e-03   4.8419e-04  -1.0916e-05 
 -1.4064e-05  -4.4630e-09  -1.9494e+00   3.0356e+01   2.4336e+01 
  3.4958e+01   1.6230e+01   1.7858e+01   7.6644e+00   1.2400e+00 
  4.4252e-01   1.0904e-01   2.0054e-02   2.2962e-03   2.5583e-03 
  1.0877e-03   7.9882e-05   4.1882e-05   4.4069e-05   2.6414e-06 
  1.1025e-06   6.3515e-07   3.8751e-07   2.2807e-07   1.2762e-07 
  6.8033e-08   3.4710e-08  -1.7286e-03   1.0785e-01 

########################
# 00000085
########################
RSS 17387.02658861674
BP 0:
a0:   3.3547e+00   e0:  -4.4913e+00   b0:   3.9531e+02   
P: 
 -1.4710e-01  -3.9520e-02  -1.2768e-01  -1.5481e-01  -9.9407e-02 
 -6.4337e-02  -8.8877e-02  -5.8834e-02  -1.2700e-02   4.0139e-04 
  5.6847e-03   5.0479e-03   2.6883e-03   4.8419e-04  -1.0916e-05 
 -1.4064e-05  -4.4630e-09  -1.9494e+00   3.0356e+01   2.4336e+01 
  3.4958e+01   1.6230e+01   1.7858e+01   7.6644e+00   1.2400e+00 
  4.4252e-01   1.0904e-01   2.0054e-02   2.2962e-03   2.5583e-03 
  1.0877e-03   7.9882e-05   4.1882e-05   4.4069e-05   2.6414e-06 
  1.1025e-06   6.3515e-07   3.8751e-07   2.2807e-07   1.2762e-07 
  6.8033e-08   3.4710e-08  -1.7286e-03   1.0869e-01 

########################
# 00000086
########################
RSS 17531.524004473562
BP 0:
a0:   3.3548e+00   e0:  -4.4914e+00   b0:   3.9639e+02   
P: 
 -1.4710e-01  -3.9520e-02  -1.2768e-01  -1.5481e-01  -9.9407e-02 
 -6.4337e-02  -8.8877e-02  -5.8834e-02  -1.2700e-02   4.0139e-04 
  5.6847e-03   5.0479e-03   2.6883e-03   4.8419e-04  -1.0916e-05 
 -1.4064e-05  -4.4630e-09  -1.9494e+00   3.0356e+01   2.4336e+01 
  3.4958e+01   1.6230e+01   1.7858e+01   7.6644e+00   1.2400e+00 
  4.4252e-01   1.0904e-01   2.0054e-02   2.2962e-03   2.5583e-03 
  1.0877e-03   7.9882e-05   4.1882e-05   4.4069e-05   2.6414e-06 
  1.1025e-06   6.3515e-07   3.8751e-07   2.2807e-07   1.2762e-07 
  6.8033e-08   3.4710e-08  -1.7286e-03   1.0918e-01 

########################
# 00000087
########################
RSS 18087.582209202174
BP 0:
a0:   3.3552e+00   e0:  -4.4917e+00   b0:   4.0051e+02   
P: 
 -1.4710e-01  -3.9520e-02  -1.2768e-01  -1.5481e-01  -9.9407e-02 
 -6.4337e-02  -8.8877e-02  -5.8834e-02  -1.2700e-02   4.0139e-04 
  5.6847e-03   5.0479e-03   2.6883e-03   4.8419e-04  -1.0916e-05 
 -1.4064e-05  -4.4630e-09  -1.9494e+00   3.0356e+01   2.4336e+01 
  3.4958e+01   1.6230e+01   1.7858e+01   7.6644e+00   1.2400e+00 
  4.4252e-01   1.0904e-01   2.0054e-02   2.2962e-03   2.5583e-03 
  1.0877e-03   7.9882e-05   4.1882e-05   4.4069e-05   2.6414e-06 
  1.1025e-06   6.3515e-07   3.8751e-07   2.2807e-07   1.2762e-07 
  6.8033e-08   3.4710e-08  -1.7286e-03   1.1106e-01 

########################
# 00000088
########################
RSS 18401.296742549355
BP 0:
a0:   3.3554e+00   e0:  -4.4918e+00   b0:   4.0279e+02   
P: 
 -1.4710e-01  -3.9520e-02  -1.2768e-01  -1.5481e-01  -9.9407e-02 
 -6.4337e-02  -8.8877e-02  -5.8834e-02  -1.2700e-02   4.0139e-04 
  5.6847e-03   5.0479e-03   2.6883e-03   4.8419e-04  -1.0916e-05 
 -1.4064e-05  -4.4630e-09  -1.9494e+00   3.0356e+01   2.4336e+01 
  3.4958e+01   1.6230e+01   1.7858e+01   7.6644e+00   1.2400e+00 
  4.4252e-01   1.0904e-01   2.0054e-02   2.2962e-03   2.5583e-03 
  1.0877e-03   7.9882e-05   4.1882e-05   4.4069e-05   2.6414e-06 
  1.1025e-06   6.3515e-07   3.8751e-07   2.2807e-07   1.2762e-07 
  6.8033e-08   3.4710e-08  -1.7286e-03   1.1211e-01 

########################
# 00000089
########################
RSS 18533.71153498845
BP 0:
a0:   3.3555e+00   e0:  -4.4919e+00   b0:   4.0375e+02   
P: 
 -1.4710e-01  -3.9520e-02  -1.2768e-01  -1.5481e-01  -9.9407e-02 
 -6.4337e-02  -8.8877e-02  -5.8834e-02  -1.2700e-02   4.0139e-04 
  5.6847e-03   5.0479e-03   2.6883e-03   4.8419e-04  -1.0916e-05 
 -1.4064e-05  -4.4630e-09  -1.9494e+00   3.0356e+01   2.4336e+01 
  3.4958e+01   1.6230e+01   1.7858e+01   7.6644e+00   1.2400e+00 
  4.4252e-01   1.0904e-01   2.0054e-02   2.2962e-03   2.5583e-03 
  1.0877e-03   7.9882e-05   4.1882e-05   4.4069e-05   2.6414e-06 
  1.1025e-06   6.3515e-07   3.8751e-07   2.2807e-07   1.2762e-07 
  6.8033e-08   3.4710e-08  -1.7286e-03   1.1254e-01 

########################
# 00000090
########################
RSS 18593.513621092156
BP 0:
a0:   3.3555e+00   e0:  -4.4919e+00   b0:   4.0419e+02   
P: 
 -1.4710e-01  -3.9520e-02  -1.2768e-01  -1.5481e-01  -9.9407e-02 
 -6.4337e-02  -8.8877e-02  -5.8834e-02  -1.2700e-02   4.0139e-04 
  5.6847e-03   5.0479e-03   2.6883e-03   4.8419e-04  -1.0916e-05 
 -1.4064e-05  -4.4630e-09  -1.9494e+00   3.0356e+01   2.4336e+01 
  3.4958e+01   1.6230e+01   1.7858e+01   7.6644e+00   1.2400e+00 
  4.4252e-01   1.0904e-01   2.0054e-02   2.2962e-03   2.5583e-03 
  1.0877e-03   7.9882e-05   4.1882e-05   4.4069e-05   2.6414e-06 
  1.1025e-06   6.3515e-07   3.8751e-07   2.2807e-07   1.2762e-07 
  6.8033e-08   3.4710e-08  -1.7286e-03   1.1274e-01 

########################
# 00000091
########################
RSS 20698.37186448663
BP 0:
a0:   3.3568e+00   e0:  -4.4929e+00   b0:   4.1892e+02   
P: 
 -1.4710e-01  -3.9520e-02  -1.2768e-01  -1.5481e-01  -9.9407e-02 
 -6.4337e-02  -8.8877e-02  -5.8834e-02  -1.2700e-02   4.0139e-04 
  5.6847e-03   5.0479e-03   2.6883e-03   4.8419e-04  -1.0916e-05 
 -1.4064e-05  -4.4630e-09  -1.9494e+00   3.0356e+01   2.4336e+01 
  3.4958e+01   1.6230e+01   1.7858e+01   7.6644e+00   1.2400e+00 
  4.4252e-01   1.0904e-01   2.0054e-02   2.2962e-03   2.5583e-03 
  1.0877e-03   7.9882e-05   4.1882e-05   4.4069e-05   2.6414e-06 
  1.1025e-06   6.3515e-07   3.8751e-07   2.2807e-07   1.2762e-07 
  6.8033e-08   3.4710e-08  -1.7286e-03   1.1948e-01 

########################
# 00000092
########################
RSS 20795.61228358793
BP 0:
a0:   3.3569e+00   e0:  -4.4929e+00   b0:   4.1958e+02   
P: 
 -1.4710e-01  -3.9520e-02  -1.2768e-01  -1.5481e-01  -9.9407e-02 
 -6.4337e-02  -8.8877e-02  -5.8834e-02  -1.2700e-02   4.0139e-04 
  5.6847e-03   5.0479e-03   2.6883e-03   4.8419e-04  -1.0916e-05 
 -1.4064e-05  -4.4630e-09  -1.9494e+00   3.0356e+01   2.4336e+01 
  3.4958e+01   1.6230e+01   1.7858e+01   7.6644e+00   1.2400e+00 
  4.4252e-01   1.0904e-01   2.0054e-02   2.2962e-03   2.5583e-03 
  1.0877e-03   7.9882e-05   4.1882e-05   4.4069e-05   2.6414e-06 
  1.1025e-06   6.3515e-07   3.8751e-07   2.2807e-07   1.2762e-07 
  6.8033e-08   3.4710e-08  -1.7286e-03   1.1978e-01 

########################
# 00000093
########################
RSS 21234.30175980513
BP 0:
a0:   3.3571e+00   e0:  -4.4931e+00   b0:   4.2254e+02   
P: 
 -1.4710e-01  -3.9520e-02  -1.2768e-01  -1.5481e-01  -9.9407e-02 
 -6.4337e-02  -8.8877e-02  -5.8834e-02  -1.2700e-02   4.0139e-04 
  5.6847e-03   5.0479e-03   2.6883e-03   4.8419e-04  -1.0916e-05 
 -1.4064e-05  -4.4630e-09  -1.9494e+00   3.0356e+01   2.4336e+01 
  3.4958e+01   1.6230e+01   1.7858e+01   7.6644e+00   1.2400e+00 
  4.4252e-01   1.0904e-01   2.0054e-02   2.2962e-03   2.5583e-03 
  1.0877e-03   7.9882e-05   4.1882e-05   4.4069e-05   2.6414e-06 
  1.1025e-06   6.3515e-07   3.8751e-07   2.2807e-07   1.2762e-07 
  6.8033e-08   3.4710e-08  -1.7286e-03   1.2113e-01 

########################
# 00000094
########################
RSS 22594.048361883637
BP 0:
a0:   3.3579e+00   e0:  -4.4937e+00   b0:   4.3149e+02   
P: 
 -1.4710e-01  -3.9520e-02  -1.2768e-01  -1.5481e-01  -9.9407e-02 
 -6.4337e-02  -8.8877e-02  -5.8834e-02  -1.2700e-02   4.0139e-04 
  5.6847e-03   5.0479e-03   2.6883e-03   4.8419e-04  -1.0916e-05 
 -1.4064e-05  -4.4630e-09  -1.9494e+00   3.0356e+01   2.4336e+01 
  3.4958e+01   1.6230e+01   1.7858e+01   7.6644e+00   1.2400e+00 
  4.4252e-01   1.0904e-01   2.0054e-02   2.2962e-03   2.5583e-03 
  1.0877e-03   7.9882e-05   4.1882e-05   4.4069e-05   2.6414e-06 
  1.1025e-06   6.3515e-07   3.8751e-07   2.2807e-07   1.2762e-07 
  6.8033e-08   3.4710e-08  -1.7286e-03   1.2522e-01 

########################
# 00000095
########################
RSS 22602.149076363126
BP 0:
a0:   3.3579e+00   e0:  -4.4937e+00   b0:   4.3155e+02   
P: 
 -1.4710e-01  -3.9520e-02  -1.2768e-01  -1.5481e-01  -9.9407e-02 
 -6.4337e-02  -8.8877e-02  -5.8834e-02  -1.2700e-02   4.0139e-04 
  5.6847e-03   5.0479e-03   2.6883e-03   4.8419e-04  -1.0916e-05 
 -1.4064e-05  -4.4630e-09  -1.9494e+00   3.0356e+01   2.4336e+01 
  3.4958e+01   1.6230e+01   1.7858e+01   7.6644e+00   1.2400e+00 
  4.4252e-01   1.0904e-01   2.0054e-02   2.2962e-03   2.5583e-03 
  1.0877e-03   7.9882e-05   4.1882e-05   4.4069e-05   2.6414e-06 
  1.1025e-06   6.3515e-07   3.8751e-07   2.2807e-07   1.2762e-07 
  6.8033e-08   3.4710e-08  -1.7286e-03   1.2525e-01 

########################
# 00000096
########################
RSS 23684.1414066747
BP 0:
a0:   3.3584e+00   e0:  -4.4942e+00   b0:   4.3846e+02   
P: 
 -1.4710e-01  -3.9520e-02  -1.2768e-01  -1.5481e-01  -9.9407e-02 
 -6.4337e-02  -8.8877e-02  -5.8834e-02  -1.2700e-02   4.0139e-04 
  5.6847e-03   5.0479e-03   2.6883e-03   4.8419e-04  -1.0916e-05 
 -1.4064e-05  -4.4630e-09  -1.9494e+00   3.0356e+01   2.4336e+01 
  3.4958e+01   1.6230e+01   1.7858e+01   7.6644e+00   1.2400e+00 
  4.4252e-01   1.0904e-01   2.0054e-02   2.2962e-03   2.5583e-03 
  1.0877e-03   7.9882e-05   4.1882e-05   4.4069e-05   2.6414e-06 
  1.1025e-06   6.3515e-07   3.8751e-07   2.2807e-07   1.2762e-07 
  6.8033e-08   3.4710e-08  -1.7286e-03   1.2841e-01 

########################
# 00000097
########################
RSS 24163.3725653617
BP 0:
a0:   3.3587e+00   e0:  -4.4944e+00   b0:   4.4147e+02   
P: 
 -1.4710e-01  -3.9520e-02  -1.2768e-01  -1.5481e-01  -9.9407e-02 
 -6.4337e-02  -8.8877e-02  -5.8834e-02  -1.2700e-02   4.0139e-04 
  5.6847e-03   5.0479e-03   2.6883e-03   4.8419e-04  -1.0916e-05 
 -1.4064e-05  -4.4630e-09  -1.9494e+00   3.0356e+01   2.4336e+01 
  3.4958e+01   1.6230e+01   1.7858e+01   7.6644e+00   1.2400e+00 
  4.4252e-01   1.0904e-01   2.0054e-02   2.2962e-03   2.5583e-03 
  1.0877e-03   7.9882e-05   4.1882e-05   4.4069e-05   2.6414e-06 
  1.1025e-06   6.3515e-07   3.8751e-07   2.2807e-07   1.2762e-07 
  6.8033e-08   3.4710e-08  -1.7286e-03   1.2978e-01 

########################
# 00000098
########################
RSS 24511.14885842963
BP 0:
a0:   3.3588e+00   e0:  -4.4945e+00   b0:   4.4363e+02   
P: 
 -1.4710e-01  -3.9520e-02  -1.2768e-01  -1.5481e-01  -9.9407e-02 
 -6.4337e-02  -8.8877e-02  -5.8834e-02  -1.2700e-02   4.0139e-04 
  5.6847e-03   5.0479e-03   2.6883e-03   4.8419e-04  -1.0916e-05 
 -1.4064e-05  -4.4630e-09  -1.9494e+00   3.0356e+01   2.4336e+01 
  3.4958e+01   1.6230e+01   1.7858e+01   7.6644e+00   1.2400e+00 
  4.4252e-01   1.0904e-01   2.0054e-02   2.2962e-03   2.5583e-03 
  1.0877e-03   7.9882e-05   4.1882e-05   4.4069e-05   2.6414e-06 
  1.1025e-06   6.3515e-07   3.8751e-07   2.2807e-07   1.2762e-07 
  6.8033e-08   3.4710e-08  -1.7286e-03   1.3077e-01 

########################
# 00000099
########################
RSS 25067.164422035417
BP 0:
a0:   3.3591e+00   e0:  -4.4948e+00   b0:   4.4705e+02   
P: 
 -1.4710e-01  -3.9520e-02  -1.2768e-01  -1.5481e-01  -9.9407e-02 
 -6.4337e-02  -8.8877e-02  -5.8834e-02  -1.2700e-02   4.0139e-04 
  5.6847e-03   5.0479e-03   2.6883e-03   4.8419e-04  -1.0916e-05 
 -1.4064e-05  -4.4630e-09  -1.9494e+00   3.0356e+01   2.4336e+01 
  3.4958e+01   1.6230e+01   1.7858e+01   7.6644e+00   1.2400e+00 
  4.4252e-01   1.0904e-01   2.0054e-02   2.2962e-03   2.5583e-03 
  1.0877e-03   7.9882e-05   4.1882e-05   4.4069e-05   2.6414e-06 
  1.1025e-06   6.3515e-07   3.8751e-07   2.2807e-07   1.2762e-07 
  6.8033e-08   3.4710e-08  -1.7286e-03   1.3234e-01 

########################
# 00000100
########################
RSS 25482.652322983497
BP 0:
a0:   3.3593e+00   e0:  -4.4950e+00   b0:   4.4958e+02   
P: 
 -1.4710e-01  -3.9520e-02  -1.2768e-01  -1.5481e-01  -9.9407e-02 
 -6.4337e-02  -8.8877e-02  -5.8834e-02  -1.2700e-02   4.0139e-04 
  5.6847e-03   5.0479e-03   2.6883e-03   4.8419e-04  -1.0916e-05 
 -1.4064e-05  -4.4630e-09  -1.9494e+00   3.0356e+01   2.4336e+01 
  3.4958e+01   1.6230e+01   1.7858e+01   7.6644e+00   1.2400e+00 
  4.4252e-01   1.0904e-01   2.0054e-02   2.2962e-03   2.5583e-03 
  1.0877e-03   7.9882e-05   4.1882e-05   4.4069e-05   2.6414e-06 
  1.1025e-06   6.3515e-07   3.8751e-07   2.2807e-07   1.2762e-07 
  6.8033e-08   3.4710e-08  -1.7286e-03   1.3349e-01 

