RSS:  
164.4731240535534

P:  
0.673493496426
0.550779858336
1.29058459502
-0.0660030053731
-0.0720574669957
-2.05758087626e-05
0.0612165468209
0.0271485818149
-0.00602492326609
1.12980734958
0.834460680531
0.0455139302853
0.0368698462784
0.0479342888988
0.010583585662
0.0164759932494
-0.0226598557589
-0.00292165179701
-0.00144349903113
-1.97670292938
30.6652023774
24.1847586825
35.2446221628
15.9804161108
17.7758760305
7.64485722557
1.24250388668
0.442700560234
0.108153356462
0.0202528842034
0.00229002859328
0.00257658022866
0.00109161500217
8.08299791756e-05
4.16404688304e-05
4.37104378835e-05
-5.30407546054
3.91570889472
1.10928592531
-0.680400380905
-0.260827787341
-0.0158554496239
-0.196757647872
0.00350604807754
-0.0170366321331
0.0112170058611
0.0190879610535
0.61110085958
-1.06607307081
0.0813734887081
0.434853185387
0.129084487626
0.0151376369815
0.0166886596087
-0.0110491768271
-0.00112008410773
-0.0030073694526
-1.96426995624
30.6226668323
23.9430256209
35.3412881184
16.0512031775
17.7150707394
7.73531819721
1.23132330449
0.43688409723
0.110766433225
0.0198476357618
0.00231037862629
0.002567228973
0.00108763822708
7.95735225197e-05
4.14386262962e-05
4.44157802485e-05
-20.7803638784
11.2428256268
0.996794883614
0.213706289294
3.31657527745
-0.10454147827
-0.154001617082
0.00298333841771
0.0101958119438
0.0686342382757
0.0667551705899
1.39995523218
0.0136631342336
0.157995517976
0.0315083432254
0.0509819038576
0.0138215175258
0.024972428248
-0.00784340905249
5.71569832915e-06
-0.000959888961823

Known:
a0:     3.42
e0:     -4.27
B0:     221.99999999938152
EC:     365.600 141.600 141.600  0.000  0.000  0.000 
        141.600 365.600 141.600  0.000  0.000  0.000 
        141.600 141.600 365.600  0.000  0.000  0.000 
         0.000  0.000  0.000 186.000  0.000  0.000 
         0.000  0.000  0.000  0.000 186.000  0.000 
         0.000  0.000  0.000  0.000  0.000 186.000 

Known:
a0:     3.89
e0:     -3.91
B0:     179.99999999949853
EC:     234.000 176.000 176.000  0.000  0.000  0.000 
        176.000 234.000 176.000  0.000  0.000  0.000 
        176.000 176.000 234.000  0.000  0.000  0.000 
         0.000  0.000  0.000 71.200  0.000  0.000 
         0.000  0.000  0.000  0.000 71.200  0.000 
         0.000  0.000  0.000  0.000  0.000 71.200 

Calculated:
a0:     3.397534796160125
e0:     -4.328660130756233
B0:     242.60919895896416
EC:     309.087 178.895 178.895  0.000  0.000  0.000 
        178.895 309.087 178.895  0.000  0.000  0.000 
        178.895 178.895 309.087  0.000  0.000  0.000 
         0.000  0.000  0.000 195.007  0.000  0.000 
         0.000  0.000  0.000  0.000 195.007  0.000 
         0.000  0.000  0.000  0.000  0.000 195.007 

Calculated:
a0:     3.8044244924417594
e0:     -3.8717718304904407
B0:     161.68033391842135
EC:     280.063 148.020 148.321  0.000  0.000  0.000 
        148.020 280.063 148.321  0.000  0.000  0.000 
        148.321 148.321 280.063  0.000  0.000  0.000 
         0.000  0.000  0.000 127.289  0.000  0.000 
         0.000  0.000  0.000  0.000 127.289  0.000 
         0.000  0.000  0.000  0.000  0.000 127.289 



