RSS:  
2.166524571491149

P:  
1351.44763875
-772.914944396
-339.549954963
113.206951842
2.04448533794
-2.23425865411
-2.86217988307
1.58917803172
-1.14786166554
0.468652140934
-0.0130980044832
-0.00480752856994
-29.211598925
3.19326239823
-9.09299029408
5.36372570738

Known:
a0:     3.89
e0:     -3.91
B0:     179.99999999949853
EC:     234.000 176.000 176.000  0.000  0.000  0.000 
        176.000 234.000 176.000  0.000  0.000  0.000 
        176.000 176.000 234.000  0.000  0.000  0.000 
         0.000  0.000  0.000 71.200  0.000  0.000 
         0.000  0.000  0.000  0.000 71.200  0.000 
         0.000  0.000  0.000  0.000  0.000 71.200 

Calculated:
a0:     3.911037860925921
e0:     -3.9131551626255945
B0:     186.8340571139568
EC:     232.166 174.258 174.258  0.000  0.000  0.000 
        174.258 232.166 174.258  0.000  0.000  0.000 
        174.258 174.258 232.166  0.000  0.000  0.000 
         0.000  0.000  0.000 70.634  0.000  0.000 
         0.000  0.000  0.000  0.000 70.634  0.000 
         0.000  0.000  0.000  0.000  0.000 70.634 



