RSS:  
3013.597697702894

P:  
-0.00578185361771
-2.20930170481
0.0775254311082
-0.0611709653607
-0.904484228023
0.0101450609416
-0.0430430829006
0.0251574978134
-0.0193117658392
-0.0420508540758
-0.150380791306
-0.491059156531
0.00118203805395
11.2803986897
-0.668132761706
0.0685953288649
2.84934801831
0.00151215232431
0.00280900185529

EFS Density:
1.0352370919600373

BP Density:
1.0617648135944462


Known:
a0:     3.42
e0:     -4.27
B0:     210.99999999941215
EC:     365.000 137.000 137.000  0.000  0.000  0.000 
        137.000 365.000 137.000  0.000  0.000  0.000 
        137.000 137.000 365.000  0.000  0.000  0.000 
         0.000  0.000  0.000 186.000  0.000  0.000 
         0.000  0.000  0.000  0.000 186.000  0.000 
         0.000  0.000  0.000  0.000  0.000 186.000 

Calculated:
a0:     3.609221577960953
e0:     -4.435391712910502
B0:     283.19458756604485
EC:     427.880 87.330 87.330  0.000  0.000  0.000 
        87.330 427.880 87.330  0.000  0.000  0.000 
        87.330 87.330 427.880  0.000  0.000  0.000 
         0.000  0.000  0.000 198.826  0.000  0.000 
         0.000  0.000  0.000  0.000 198.826  0.000 
         0.000  0.000  0.000  0.000  0.000 198.826 




RSS Details:  
===============================  
Total:      3013.597697702894
a0:         0.035804805566
e0:         0.0273544186995
b0:         0.203010099737
ec:         1.0577905657
g:          0.0
e:          0.0
v:          0.0
a0 (w):     895.120139151
e0 (w):     683.860467487
b0 (w):     203.010099737
ec (w):     1057.7905657
g (w):      0.0
e (w):      0.0
v (w):      0.0


