########################
# 00000001
########################
RSS 138.1670800648442
BP 0:
a0:   3.4740e+00   e0:  -4.3096e+00   b0:   2.3772e+02   
P: 
 -1.2829e+01   1.0421e+01  -2.4693e+00  -1.5328e+00   7.9383e+00 
 -5.9188e+00   2.0470e+00  -1.1364e+00  -2.8116e+00   3.3968e+00 
 -2.5950e-01   4.3127e-02   6.1621e-02  -7.3349e-02  -7.0449e-02 
  2.7780e-02   2.0604e-03   0.0000e+00  -1.9494e+00   3.0356e+01 
  2.4336e+01   3.4958e+01   1.6230e+01   1.7858e+01   7.6644e+00 
  1.2400e+00   4.4252e-01   1.0904e-01   2.0054e-02   2.2962e-03 
  2.5583e-03   1.0877e-03   7.9882e-05   4.1882e-05   4.4069e-05 
 -1.8484e+01   1.4720e+00   1.0000e+00 

########################
# 00000002
########################
RSS 148.1772787222302
BP 0:
a0:   3.4908e+00   e0:  -4.3017e+00   b0:   2.4676e+02   
P: 
 -1.2625e+01   9.3755e+00  -2.3796e+00  -1.5126e+00   7.7732e+00 
 -6.0060e+00   1.9511e+00  -1.1266e+00  -2.7300e+00   3.4840e+00 
 -2.5469e-01   4.4331e-02   6.1610e-02  -7.0421e-02  -7.1359e-02 
  2.7322e-02   2.1147e-03   0.0000e+00  -1.9494e+00   3.0356e+01 
  2.4336e+01   3.4958e+01   1.6230e+01   1.7858e+01   7.6644e+00 
  1.2400e+00   4.4252e-01   1.0904e-01   2.0054e-02   2.2962e-03 
  2.5583e-03   1.0877e-03   7.9882e-05   4.1882e-05   4.4069e-05 
 -1.8484e+01   1.4720e+00   1.0000e+00 

