RSS:  
519.5452483729412

P:  
25.5170825396
-102.182074424
-205.516831745
504.677086304
-1140.72005471
299.998024216
278.947897212
-209.333745036
-222.386760918
249.910928368
-21.9296693813
15.1231471064
-12.4969237699
2.4665647507
-0.551160572678
0.142814463067
-0.00952314507199
0.00180708239709
-21.6094755266
2.91795247048
-9.09299029408
5.36372570738

Known:
a0:     3.89
e0:     -3.91
B0:     179.99999999949853
EC:     234.000 176.000 176.000  0.000  0.000  0.000 
        176.000 234.000 176.000  0.000  0.000  0.000 
        176.000 176.000 234.000  0.000  0.000  0.000 
         0.000  0.000  0.000 71.200  0.000  0.000 
         0.000  0.000  0.000  0.000 71.200  0.000 
         0.000  0.000  0.000  0.000  0.000 71.200 

Calculated:
a0:     4.114494536120632
e0:     -3.9901856072938426
B0:     458.13199351779235
EC:     222.793 126.065 126.065  0.000  0.000  0.000 
        126.065 222.793 126.065  0.000  0.000  0.000 
        126.065 126.065 222.793  0.000  0.000  0.000 
         0.000  0.000  0.000 158.808  0.000  0.000 
         0.000  0.000  0.000  0.000 163.836  0.000 
         0.000  0.000  0.000  0.000  0.000 163.836 



