RSS:  
19283.828005967003

P:  
0.573090001674
0.0614458450376
0.302372493395
0.105093303527
-0.042861719591
-0.0991827027203
0.0245171230452
0.000914085532967
0.00539769972153
-0.0020797267829
-0.00407010683359
0.000637751181477
0.00568445084587
0.00133533712901
0.000826773818877
-0.00298628645746
-0.00268753227815
0.000509437877569
0.0
-1.94938564301
30.3556213379
24.3362083435
34.9576034546
16.2302913666
17.857875824
7.66438293457
1.23997938633
0.442521393299
0.109044238925
0.0200536046177
0.00229621282779
0.00255827326328
0.00108765787445
7.98819164629e-05
4.18824820372e-05
4.40689618699e-05
-2.0083703645
0.00177106002933
0.873045519513
0.135276083048
-0.426503435887
0.350796222374
0.0268162066831
-0.0900734270921
-0.0329919244746
0.00332058855507
0.00247848032498
-0.000558063327524
0.0047317368658
-0.00638534824544
-0.00163575491742
0.00589070758586
0.00120708746536
0.00578722356112
0.000764668685103
-0.00195639669796
0.0
-1.94938564301
30.3556213379
24.3362083435
34.9576034546
16.2302913666
17.857875824
7.66438293457
1.23997938633
0.442521393299
0.109044238925
0.0200536046177
0.00229621282779
0.00255827326328
0.00108765787445
7.98819164629e-05
4.18824820372e-05
4.40689618699e-05
-1.98414338544
-0.000903308556396
0.781633638959
-0.288596946678
0.757288960986
0.487504300096
0.197737482242
0.139342386156
-0.0405136681239
0.00412741737356
0.00236809134576
-0.00443722696986
-0.00549502989496
-0.00545757389691
0.00614632696309
-0.00529232556933
3.370417003e-05
-0.000906130757478
-0.00553183962221
0.00337343846909
0.0

Known:
a0:     3.42
e0:     -4.27
B0:     221.99999999938152
EC:     365.600 141.600 141.600  0.000  0.000  0.000 
        141.600 365.600 141.600  0.000  0.000  0.000 
        141.600 141.600 365.600  0.000  0.000  0.000 
         0.000  0.000  0.000 186.000  0.000  0.000 
         0.000  0.000  0.000  0.000 186.000  0.000 
         0.000  0.000  0.000  0.000  0.000 186.000 

Known:
a0:     3.89
e0:     -3.91
B0:     179.99999999949853
EC:     234.000 176.000 176.000  0.000  0.000  0.000 
        176.000 234.000 176.000  0.000  0.000  0.000 
        176.000 176.000 234.000  0.000  0.000  0.000 
         0.000  0.000  0.000 71.200  0.000  0.000 
         0.000  0.000  0.000  0.000 71.200  0.000 
         0.000  0.000  0.000  0.000  0.000 71.200 

Calculated:
a0:     2.7821468493943247
e0:     -0.9595138765337378
B0:     20.43799832992698
EC:     23.741  6.119  6.119  0.000  0.000  0.000 
         6.119 23.741  6.119  0.000  0.000  0.000 
         6.119  6.119 23.741  0.000  0.000  0.000 
         0.000  0.000  0.000 28.516  0.000  0.000 
         0.000  0.000  0.000  0.000 28.516  0.000 
         0.000  0.000  0.000  0.000  0.000 28.516 

Calculated:
a0:     3.1413391099239014
e0:     -0.47752418468227015
B0:     3.3040682869947697
EC:     27.271  2.203  2.203  0.000  0.000  0.000 
         2.203 27.271  2.203  0.000  0.000  0.000 
         2.203  2.203 27.271  0.000  0.000  0.000 
         0.000  0.000  0.000 12.399  0.000  0.000 
         0.000  0.000  0.000  0.000 12.399  0.000 
         0.000  0.000  0.000  0.000  0.000 12.399 



