#L_UNITS ang
#E_UNITS eV
#S_UNITS GPA
#F_UNITS EV/ANG
#ALAT 13.68
#X 1.0 0.0 0.0
#Y 0.0 1.0 0.0
#Z 0.0 0.0 1.484
#C 1 1 1
#RCUT 6.5
#EPA -4.27
FE 0.0 0.0 0.0 
FE 0.0 0.125 0.0842318059299 
FE 0.125 0.0 0.0842318059299 
FE 0.125 0.125 0.0 
FE 0.0 0.0 0.16846361186 
FE 0.0 0.125 0.25269541779 
FE 0.125 0.0 0.25269541779 
FE 0.125 0.125 0.16846361186 
FE 0.0 0.0 0.33692722372 
FE 0.0 0.125 0.42115902965 
FE 0.125 0.0 0.42115902965 
FE 0.125 0.125 0.33692722372 
FE 0.0 0.0 0.50539083558 
FE 0.0 0.125 0.589622641509 
FE 0.125 0.0 0.589622641509 
FE 0.125 0.125 0.50539083558 
FE 0.0 0.25 0.0 
FE 0.0 0.375 0.0842318059299 
FE 0.125 0.25 0.0842318059299 
FE 0.125 0.375 0.0 
FE 0.0 0.25 0.16846361186 
FE 0.0 0.375 0.25269541779 
FE 0.125 0.25 0.25269541779 
FE 0.125 0.375 0.16846361186 
FE 0.0 0.25 0.33692722372 
FE 0.0 0.375 0.42115902965 
FE 0.125 0.25 0.42115902965 
FE 0.125 0.375 0.33692722372 
FE 0.0 0.25 0.50539083558 
FE 0.0 0.375 0.589622641509 
FE 0.125 0.25 0.589622641509 
FE 0.125 0.375 0.50539083558 
FE 0.0 0.5 0.0 
FE 0.0 0.625 0.0842318059299 
FE 0.125 0.5 0.0842318059299 
FE 0.125 0.625 0.0 
FE 0.0 0.5 0.16846361186 
FE 0.0 0.625 0.25269541779 
FE 0.125 0.5 0.25269541779 
FE 0.125 0.625 0.16846361186 
FE 0.0 0.5 0.33692722372 
FE 0.0 0.625 0.42115902965 
FE 0.125 0.5 0.42115902965 
FE 0.125 0.625 0.33692722372 
FE 0.0 0.5 0.50539083558 
FE 0.0 0.625 0.589622641509 
FE 0.125 0.5 0.589622641509 
FE 0.125 0.625 0.50539083558 
FE 0.0 0.75 0.0 
FE 0.0 0.875 0.0842318059299 
FE 0.125 0.75 0.0842318059299 
FE 0.125 0.875 0.0 
FE 0.0 0.75 0.16846361186 
FE 0.0 0.875 0.25269541779 
FE 0.125 0.75 0.25269541779 
FE 0.125 0.875 0.16846361186 
FE 0.0 0.75 0.33692722372 
FE 0.0 0.875 0.42115902965 
FE 0.125 0.75 0.42115902965 
FE 0.125 0.875 0.33692722372 
FE 0.0 0.75 0.50539083558 
FE 0.0 0.875 0.589622641509 
FE 0.125 0.75 0.589622641509 
FE 0.125 0.875 0.50539083558 
FE 0.25 0.0 0.0 
FE 0.25 0.125 0.0842318059299 
FE 0.375 0.0 0.0842318059299 
FE 0.375 0.125 0.0 
FE 0.25 0.0 0.16846361186 
FE 0.25 0.125 0.25269541779 
FE 0.375 0.0 0.25269541779 
FE 0.375 0.125 0.16846361186 
FE 0.25 0.0 0.33692722372 
FE 0.25 0.125 0.42115902965 
FE 0.375 0.0 0.42115902965 
FE 0.375 0.125 0.33692722372 
FE 0.25 0.0 0.50539083558 
FE 0.25 0.125 0.589622641509 
FE 0.375 0.0 0.589622641509 
FE 0.375 0.125 0.50539083558 
FE 0.25 0.25 0.0 
FE 0.25 0.375 0.0842318059299 
FE 0.375 0.25 0.0842318059299 
FE 0.375 0.375 0.0 
FE 0.25 0.25 0.16846361186 
FE 0.25 0.375 0.25269541779 
FE 0.375 0.25 0.25269541779 
FE 0.375 0.375 0.16846361186 
FE 0.25 0.25 0.33692722372 
FE 0.25 0.375 0.42115902965 
FE 0.375 0.25 0.42115902965 
FE 0.375 0.375 0.33692722372 
FE 0.25 0.25 0.50539083558 
FE 0.25 0.375 0.589622641509 
FE 0.375 0.25 0.589622641509 
FE 0.375 0.375 0.50539083558 
FE 0.25 0.5 0.0 
FE 0.25 0.625 0.0842318059299 
FE 0.375 0.5 0.0842318059299 
FE 0.375 0.625 0.0 
FE 0.25 0.5 0.16846361186 
FE 0.25 0.625 0.25269541779 
FE 0.375 0.5 0.25269541779 
FE 0.375 0.625 0.16846361186 
FE 0.25 0.5 0.33692722372 
FE 0.25 0.625 0.42115902965 
FE 0.375 0.5 0.42115902965 
FE 0.375 0.625 0.33692722372 
FE 0.25 0.5 0.50539083558 
FE 0.25 0.625 0.589622641509 
FE 0.375 0.5 0.589622641509 
FE 0.375 0.625 0.50539083558 
FE 0.25 0.75 0.0 
FE 0.25 0.875 0.0842318059299 
FE 0.375 0.75 0.0842318059299 
FE 0.375 0.875 0.0 
FE 0.25 0.75 0.16846361186 
FE 0.25 0.875 0.25269541779 
FE 0.375 0.75 0.25269541779 
FE 0.375 0.875 0.16846361186 
FE 0.25 0.75 0.33692722372 
FE 0.25 0.875 0.42115902965 
FE 0.375 0.75 0.42115902965 
FE 0.375 0.875 0.33692722372 
FE 0.25 0.75 0.50539083558 
FE 0.25 0.875 0.589622641509 
FE 0.375 0.75 0.589622641509 
FE 0.375 0.875 0.50539083558 
FE 0.5 0.0 0.0 
FE 0.5 0.125 0.0842318059299 
FE 0.625 0.0 0.0842318059299 
FE 0.625 0.125 0.0 
FE 0.5 0.0 0.16846361186 
FE 0.5 0.125 0.25269541779 
FE 0.625 0.0 0.25269541779 
FE 0.625 0.125 0.16846361186 
FE 0.5 0.0 0.33692722372 
FE 0.5 0.125 0.42115902965 
FE 0.625 0.0 0.42115902965 
FE 0.625 0.125 0.33692722372 
FE 0.5 0.0 0.50539083558 
FE 0.5 0.125 0.589622641509 
FE 0.625 0.0 0.589622641509 
FE 0.625 0.125 0.50539083558 
FE 0.5 0.25 0.0 
FE 0.5 0.375 0.0842318059299 
FE 0.625 0.25 0.0842318059299 
FE 0.625 0.375 0.0 
FE 0.5 0.25 0.16846361186 
FE 0.5 0.375 0.25269541779 
FE 0.625 0.25 0.25269541779 
FE 0.625 0.375 0.16846361186 
FE 0.5 0.25 0.33692722372 
FE 0.5 0.375 0.42115902965 
FE 0.625 0.25 0.42115902965 
FE 0.625 0.375 0.33692722372 
FE 0.5 0.25 0.50539083558 
FE 0.5 0.375 0.589622641509 
FE 0.625 0.25 0.589622641509 
FE 0.625 0.375 0.50539083558 
FE 0.5 0.5 0.0 
FE 0.5 0.625 0.0842318059299 
FE 0.625 0.5 0.0842318059299 
FE 0.625 0.625 0.0 
FE 0.5 0.5 0.16846361186 
FE 0.5 0.625 0.25269541779 
FE 0.625 0.5 0.25269541779 
FE 0.625 0.625 0.16846361186 
FE 0.5 0.5 0.33692722372 
FE 0.5 0.625 0.42115902965 
FE 0.625 0.5 0.42115902965 
FE 0.625 0.625 0.33692722372 
FE 0.5 0.5 0.50539083558 
FE 0.5 0.625 0.589622641509 
FE 0.625 0.5 0.589622641509 
FE 0.625 0.625 0.50539083558 
FE 0.5 0.75 0.0 
FE 0.5 0.875 0.0842318059299 
FE 0.625 0.75 0.0842318059299 
FE 0.625 0.875 0.0 
FE 0.5 0.75 0.16846361186 
FE 0.5 0.875 0.25269541779 
FE 0.625 0.75 0.25269541779 
FE 0.625 0.875 0.16846361186 
FE 0.5 0.75 0.33692722372 
FE 0.5 0.875 0.42115902965 
FE 0.625 0.75 0.42115902965 
FE 0.625 0.875 0.33692722372 
FE 0.5 0.75 0.50539083558 
FE 0.5 0.875 0.589622641509 
FE 0.625 0.75 0.589622641509 
FE 0.625 0.875 0.50539083558 
FE 0.75 0.0 0.0 
FE 0.75 0.125 0.0842318059299 
FE 0.875 0.0 0.0842318059299 
FE 0.875 0.125 0.0 
FE 0.75 0.0 0.16846361186 
FE 0.75 0.125 0.25269541779 
FE 0.875 0.0 0.25269541779 
FE 0.875 0.125 0.16846361186 
FE 0.75 0.0 0.33692722372 
FE 0.75 0.125 0.42115902965 
FE 0.875 0.0 0.42115902965 
FE 0.875 0.125 0.33692722372 
FE 0.75 0.0 0.50539083558 
FE 0.75 0.125 0.589622641509 
FE 0.875 0.0 0.589622641509 
FE 0.875 0.125 0.50539083558 
FE 0.75 0.25 0.0 
FE 0.75 0.375 0.0842318059299 
FE 0.875 0.25 0.0842318059299 
FE 0.875 0.375 0.0 
FE 0.75 0.25 0.16846361186 
FE 0.75 0.375 0.25269541779 
FE 0.875 0.25 0.25269541779 
FE 0.875 0.375 0.16846361186 
FE 0.75 0.25 0.33692722372 
FE 0.75 0.375 0.42115902965 
FE 0.875 0.25 0.42115902965 
FE 0.875 0.375 0.33692722372 
FE 0.75 0.25 0.50539083558 
FE 0.75 0.375 0.589622641509 
FE 0.875 0.25 0.589622641509 
FE 0.875 0.375 0.50539083558 
FE 0.75 0.5 0.0 
FE 0.75 0.625 0.0842318059299 
FE 0.875 0.5 0.0842318059299 
FE 0.875 0.625 0.0 
FE 0.75 0.5 0.16846361186 
FE 0.75 0.625 0.25269541779 
FE 0.875 0.5 0.25269541779 
FE 0.875 0.625 0.16846361186 
FE 0.75 0.5 0.33692722372 
FE 0.75 0.625 0.42115902965 
FE 0.875 0.5 0.42115902965 
FE 0.875 0.625 0.33692722372 
FE 0.75 0.5 0.50539083558 
FE 0.75 0.625 0.589622641509 
FE 0.875 0.5 0.589622641509 
FE 0.875 0.625 0.50539083558 
FE 0.75 0.75 0.0 
FE 0.75 0.875 0.0842318059299 
FE 0.875 0.75 0.0842318059299 
FE 0.875 0.875 0.0 
FE 0.75 0.75 0.16846361186 
FE 0.75 0.875 0.25269541779 
FE 0.875 0.75 0.25269541779 
FE 0.875 0.875 0.16846361186 
FE 0.75 0.75 0.33692722372 
FE 0.75 0.875 0.42115902965 
FE 0.875 0.75 0.42115902965 
FE 0.875 0.875 0.33692722372 
FE 0.75 0.75 0.50539083558 
FE 0.75 0.875 0.589622641509 
FE 0.875 0.75 0.589622641509 
FE 0.875 0.875 0.50539083558 
