RSS:  
48.273461536100264

P:  
-36.0691910331
24.5041489416
-0.995785385108
2.20849667214
6.60585453723
2.38085583321
8.02744866257
-0.574359318573
-5.53587354045
3.88462639114
0.264695288669
0.0689541885174
-0.00339124553474
-0.156975753399
0.122700726861
-0.0360777862903
0.000501315363274
0.0
-1.94938564301
30.3556213379
24.3362083435
34.9576034546
16.2302913666
17.857875824
7.66438293457
1.23997938633
0.442521393299
0.109044238925
0.0200536046177
0.00229621282779
0.00255827326328
0.00108765787445
7.98819164629e-05
4.18824820372e-05
4.40689618699e-05
-17.5837377416
0.52512163728
1.0
-147.899495608
-3.32318252692
73.9060504885
-1.33519976932
-52.7130493327
10.7149949015
-1.14927033314
0.094132492851
-0.902414010629
-2.20678124231
-0.422702724062
1.60703890017
0.403832527722
-0.743628845856
0.630293898714
-0.217619796817
0.0148059933682
0.0
-1.94938564301
30.3556213379
24.3362083435
34.9576034546
16.2302913666
17.857875824
7.66438293457
1.23997938633
0.442521393299
0.109044238925
0.0200536046177
0.00229621282779
0.00255827326328
0.00108765787445
7.98819164629e-05
4.18824820372e-05
4.40689618699e-05
-18.4783163817
-0.357038056475
1.0
-151.083621211
-3.11205134072
57.7652546924
-1.49260004051
-47.8777247503
11.6176472682
-1.14146802586
0.0860231333208
-0.992911416292
-2.57893259551
-0.429910334349
1.43422388242
0.441452080676
-0.724773326817
0.685909871725
-0.245667928595
0.0162771431134
0.0

Known:
a0:     3.59
e0:     -4.27
B0:     221.99999999938152
EC:     365.600 141.600 233.800  0.000  0.000  0.000 
        141.600 298.700 130.400  0.000  0.000  0.000 
        233.800 130.400 364.600  0.000  0.000  0.000 
         0.000  0.000  0.000 186.300  0.000  0.000 
         0.000  0.000  0.000  0.000 266.800  0.000 
         0.000  0.000  0.000  0.000  0.000 186.300 

Known:
a0:     3.89
e0:     -3.91
B0:     179.99999999949853
EC:     234.000 176.000 176.000  0.000  0.000  0.000 
        176.000 234.000 176.000  0.000  0.000  0.000 
        176.000 176.000 234.000  0.000  0.000  0.000 
         0.000  0.000  0.000 71.200  0.000  0.000 
         0.000  0.000  0.000  0.000 71.200  0.000 
         0.000  0.000  0.000  0.000  0.000 71.200 

Calculated:
a0:     3.5230273034081807
e0:     -4.293359298103641
B0:     278.21585612309525
EC:     318.249 133.693 234.726  0.000  0.000  0.000 
        133.693 322.579 145.773  0.000  0.000  0.000 
        234.726 145.773 318.249  0.000  0.000  0.000 
         0.000  0.000  0.000 198.719  0.000  0.000 
         0.000  0.000  0.000  0.000 268.959  0.000 
         0.000  0.000  0.000  0.000  0.000 195.982 

Calculated:
a0:     3.9682954502792764
e0:     -3.9068835641572437
B0:     181.22572450315107
EC:     247.333 169.160 169.160  0.000  0.000  0.000 
        169.160 247.333 169.160  0.000  0.000  0.000 
        169.160 169.160 247.333  0.000  0.000  0.000 
         0.000  0.000  0.000 67.629  0.000  0.000 
         0.000  0.000  0.000  0.000 67.629  0.000 
         0.000  0.000  0.000  0.000  0.000 67.629 



