#L_UNITS ang
#E_UNITS eV
#S_UNITS GPA
#F_UNITS EV/ANG
#ALAT 15.56
#X 1.0 0.0 0.0
#Y 0.0 1.0 0.0
#Z 0.0 0.0 1.083
#C 1 1 1
#RCUT 6.5
#EPA -3.91
PD 0.0 0.0 0.0 
PD 0.0 0.125 0.115420129271 
PD 0.125 0.0 0.115420129271 
PD 0.125 0.125 0.0 
PD 0.0 0.0 0.230840258541 
PD 0.0 0.125 0.346260387812 
PD 0.125 0.0 0.346260387812 
PD 0.125 0.125 0.230840258541 
PD 0.0 0.0 0.461680517082 
PD 0.0 0.125 0.577100646353 
PD 0.125 0.0 0.577100646353 
PD 0.125 0.125 0.461680517082 
PD 0.0 0.0 0.692520775623 
PD 0.0 0.125 0.807940904894 
PD 0.125 0.0 0.807940904894 
PD 0.125 0.125 0.692520775623 
PD 0.0 0.25 0.0 
PD 0.0 0.375 0.115420129271 
PD 0.125 0.25 0.115420129271 
PD 0.125 0.375 0.0 
PD 0.0 0.25 0.230840258541 
PD 0.0 0.375 0.346260387812 
PD 0.125 0.25 0.346260387812 
PD 0.125 0.375 0.230840258541 
PD 0.0 0.25 0.461680517082 
PD 0.0 0.375 0.577100646353 
PD 0.125 0.25 0.577100646353 
PD 0.125 0.375 0.461680517082 
PD 0.0 0.25 0.692520775623 
PD 0.0 0.375 0.807940904894 
PD 0.125 0.25 0.807940904894 
PD 0.125 0.375 0.692520775623 
PD 0.0 0.5 0.0 
PD 0.0 0.625 0.115420129271 
PD 0.125 0.5 0.115420129271 
PD 0.125 0.625 0.0 
PD 0.0 0.5 0.230840258541 
PD 0.0 0.625 0.346260387812 
PD 0.125 0.5 0.346260387812 
PD 0.125 0.625 0.230840258541 
PD 0.0 0.5 0.461680517082 
PD 0.0 0.625 0.577100646353 
PD 0.125 0.5 0.577100646353 
PD 0.125 0.625 0.461680517082 
PD 0.0 0.5 0.692520775623 
PD 0.0 0.625 0.807940904894 
PD 0.125 0.5 0.807940904894 
PD 0.125 0.625 0.692520775623 
PD 0.0 0.75 0.0 
PD 0.0 0.875 0.115420129271 
PD 0.125 0.75 0.115420129271 
PD 0.125 0.875 0.0 
PD 0.0 0.75 0.230840258541 
PD 0.0 0.875 0.346260387812 
PD 0.125 0.75 0.346260387812 
PD 0.125 0.875 0.230840258541 
PD 0.0 0.75 0.461680517082 
PD 0.0 0.875 0.577100646353 
PD 0.125 0.75 0.577100646353 
PD 0.125 0.875 0.461680517082 
PD 0.0 0.75 0.692520775623 
PD 0.0 0.875 0.807940904894 
PD 0.125 0.75 0.807940904894 
PD 0.125 0.875 0.692520775623 
PD 0.25 0.0 0.0 
PD 0.25 0.125 0.115420129271 
PD 0.375 0.0 0.115420129271 
PD 0.375 0.125 0.0 
PD 0.25 0.0 0.230840258541 
PD 0.25 0.125 0.346260387812 
PD 0.375 0.0 0.346260387812 
PD 0.375 0.125 0.230840258541 
PD 0.25 0.0 0.461680517082 
PD 0.25 0.125 0.577100646353 
PD 0.375 0.0 0.577100646353 
PD 0.375 0.125 0.461680517082 
PD 0.25 0.0 0.692520775623 
PD 0.25 0.125 0.807940904894 
PD 0.375 0.0 0.807940904894 
PD 0.375 0.125 0.692520775623 
PD 0.25 0.25 0.0 
PD 0.25 0.375 0.115420129271 
PD 0.375 0.25 0.115420129271 
PD 0.375 0.375 0.0 
PD 0.25 0.25 0.230840258541 
PD 0.25 0.375 0.346260387812 
PD 0.375 0.25 0.346260387812 
PD 0.375 0.375 0.230840258541 
PD 0.25 0.25 0.461680517082 
PD 0.25 0.375 0.577100646353 
PD 0.375 0.25 0.577100646353 
PD 0.375 0.375 0.461680517082 
PD 0.25 0.25 0.692520775623 
PD 0.25 0.375 0.807940904894 
PD 0.375 0.25 0.807940904894 
PD 0.375 0.375 0.692520775623 
PD 0.25 0.5 0.0 
PD 0.25 0.625 0.115420129271 
PD 0.375 0.5 0.115420129271 
PD 0.375 0.625 0.0 
PD 0.25 0.5 0.230840258541 
PD 0.25 0.625 0.346260387812 
PD 0.375 0.5 0.346260387812 
PD 0.375 0.625 0.230840258541 
PD 0.25 0.5 0.461680517082 
PD 0.25 0.625 0.577100646353 
PD 0.375 0.5 0.577100646353 
PD 0.375 0.625 0.461680517082 
PD 0.25 0.5 0.692520775623 
PD 0.25 0.625 0.807940904894 
PD 0.375 0.5 0.807940904894 
PD 0.375 0.625 0.692520775623 
PD 0.25 0.75 0.0 
PD 0.25 0.875 0.115420129271 
PD 0.375 0.75 0.115420129271 
PD 0.375 0.875 0.0 
PD 0.25 0.75 0.230840258541 
PD 0.25 0.875 0.346260387812 
PD 0.375 0.75 0.346260387812 
PD 0.375 0.875 0.230840258541 
PD 0.25 0.75 0.461680517082 
PD 0.25 0.875 0.577100646353 
PD 0.375 0.75 0.577100646353 
PD 0.375 0.875 0.461680517082 
PD 0.25 0.75 0.692520775623 
PD 0.25 0.875 0.807940904894 
PD 0.375 0.75 0.807940904894 
PD 0.375 0.875 0.692520775623 
PD 0.5 0.0 0.0 
PD 0.5 0.125 0.115420129271 
PD 0.625 0.0 0.115420129271 
PD 0.625 0.125 0.0 
PD 0.5 0.0 0.230840258541 
PD 0.5 0.125 0.346260387812 
PD 0.625 0.0 0.346260387812 
PD 0.625 0.125 0.230840258541 
PD 0.5 0.0 0.461680517082 
PD 0.5 0.125 0.577100646353 
PD 0.625 0.0 0.577100646353 
PD 0.625 0.125 0.461680517082 
PD 0.5 0.0 0.692520775623 
PD 0.5 0.125 0.807940904894 
PD 0.625 0.0 0.807940904894 
PD 0.625 0.125 0.692520775623 
PD 0.5 0.25 0.0 
PD 0.5 0.375 0.115420129271 
PD 0.625 0.25 0.115420129271 
PD 0.625 0.375 0.0 
PD 0.5 0.25 0.230840258541 
PD 0.5 0.375 0.346260387812 
PD 0.625 0.25 0.346260387812 
PD 0.625 0.375 0.230840258541 
PD 0.5 0.25 0.461680517082 
PD 0.5 0.375 0.577100646353 
PD 0.625 0.25 0.577100646353 
PD 0.625 0.375 0.461680517082 
PD 0.5 0.25 0.692520775623 
PD 0.5 0.375 0.807940904894 
PD 0.625 0.25 0.807940904894 
PD 0.625 0.375 0.692520775623 
PD 0.5 0.5 0.0 
PD 0.5 0.625 0.115420129271 
PD 0.625 0.5 0.115420129271 
PD 0.625 0.625 0.0 
PD 0.5 0.5 0.230840258541 
PD 0.5 0.625 0.346260387812 
PD 0.625 0.5 0.346260387812 
PD 0.625 0.625 0.230840258541 
PD 0.5 0.5 0.461680517082 
PD 0.5 0.625 0.577100646353 
PD 0.625 0.5 0.577100646353 
PD 0.625 0.625 0.461680517082 
PD 0.5 0.5 0.692520775623 
PD 0.5 0.625 0.807940904894 
PD 0.625 0.5 0.807940904894 
PD 0.625 0.625 0.692520775623 
PD 0.5 0.75 0.0 
PD 0.5 0.875 0.115420129271 
PD 0.625 0.75 0.115420129271 
PD 0.625 0.875 0.0 
PD 0.5 0.75 0.230840258541 
PD 0.5 0.875 0.346260387812 
PD 0.625 0.75 0.346260387812 
PD 0.625 0.875 0.230840258541 
PD 0.5 0.75 0.461680517082 
PD 0.5 0.875 0.577100646353 
PD 0.625 0.75 0.577100646353 
PD 0.625 0.875 0.461680517082 
PD 0.5 0.75 0.692520775623 
PD 0.5 0.875 0.807940904894 
PD 0.625 0.75 0.807940904894 
PD 0.625 0.875 0.692520775623 
PD 0.75 0.0 0.0 
PD 0.75 0.125 0.115420129271 
PD 0.875 0.0 0.115420129271 
PD 0.875 0.125 0.0 
PD 0.75 0.0 0.230840258541 
PD 0.75 0.125 0.346260387812 
PD 0.875 0.0 0.346260387812 
PD 0.875 0.125 0.230840258541 
PD 0.75 0.0 0.461680517082 
PD 0.75 0.125 0.577100646353 
PD 0.875 0.0 0.577100646353 
PD 0.875 0.125 0.461680517082 
PD 0.75 0.0 0.692520775623 
PD 0.75 0.125 0.807940904894 
PD 0.875 0.0 0.807940904894 
PD 0.875 0.125 0.692520775623 
PD 0.75 0.25 0.0 
PD 0.75 0.375 0.115420129271 
PD 0.875 0.25 0.115420129271 
PD 0.875 0.375 0.0 
PD 0.75 0.25 0.230840258541 
PD 0.75 0.375 0.346260387812 
PD 0.875 0.25 0.346260387812 
PD 0.875 0.375 0.230840258541 
PD 0.75 0.25 0.461680517082 
PD 0.75 0.375 0.577100646353 
PD 0.875 0.25 0.577100646353 
PD 0.875 0.375 0.461680517082 
PD 0.75 0.25 0.692520775623 
PD 0.75 0.375 0.807940904894 
PD 0.875 0.25 0.807940904894 
PD 0.875 0.375 0.692520775623 
PD 0.75 0.5 0.0 
PD 0.75 0.625 0.115420129271 
PD 0.875 0.5 0.115420129271 
PD 0.875 0.625 0.0 
PD 0.75 0.5 0.230840258541 
PD 0.75 0.625 0.346260387812 
PD 0.875 0.5 0.346260387812 
PD 0.875 0.625 0.230840258541 
PD 0.75 0.5 0.461680517082 
PD 0.75 0.625 0.577100646353 
PD 0.875 0.5 0.577100646353 
PD 0.875 0.625 0.461680517082 
PD 0.75 0.5 0.692520775623 
PD 0.75 0.625 0.807940904894 
PD 0.875 0.5 0.807940904894 
PD 0.875 0.625 0.692520775623 
PD 0.75 0.75 0.0 
PD 0.75 0.875 0.115420129271 
PD 0.875 0.75 0.115420129271 
PD 0.875 0.875 0.0 
PD 0.75 0.75 0.230840258541 
PD 0.75 0.875 0.346260387812 
PD 0.875 0.75 0.346260387812 
PD 0.875 0.875 0.230840258541 
PD 0.75 0.75 0.461680517082 
PD 0.75 0.875 0.577100646353 
PD 0.875 0.75 0.577100646353 
PD 0.875 0.875 0.461680517082 
PD 0.75 0.75 0.692520775623 
PD 0.75 0.875 0.807940904894 
PD 0.875 0.75 0.807940904894 
PD 0.875 0.875 0.692520775623 
