########################
# 00000001
########################
RSS 533.9047337962693
BP 0:
a0:   3.3423e+00   e0:  -4.3475e+00   b0:   3.0071e+02   
P: 
  3.4003e+00   5.8649e-01  -9.4609e-01  -4.5070e-01  -6.7542e-01 
 -7.9347e-01  -7.7084e-01  -8.9626e-01  -6.3120e-01  -1.1961e-01 
  4.9489e-02   4.8728e-02   4.6607e-02  -1.2491e-02   8.7934e-04 
 -1.9494e+00   3.0356e+01   2.4336e+01   3.4958e+01   1.6230e+01 
  1.7858e+01   7.6644e+00   1.2400e+00   4.4252e-01   1.0904e-01 
  2.0054e-02   2.2962e-03   2.5583e-03   1.0877e-03   7.9882e-05 
  4.1882e-05   4.4069e-05   2.6414e-06   1.1025e-06   6.3515e-07 
  3.8751e-07   2.2807e-07   1.2762e-07   6.8033e-08   3.4710e-08 
 -1.7286e-03  -7.5914e-05   1.8451e-03 

########################
# 00000002
########################
RSS 541.7456300899235
BP 0:
a0:   3.3388e+00   e0:  -4.3463e+00   b0:   2.9723e+02   
P: 
  3.4918e+00   5.8163e-01  -9.4298e-01  -4.4726e-01  -6.8268e-01 
 -7.9040e-01  -7.6630e-01  -8.9194e-01  -6.3074e-01  -1.1908e-01 
  4.8985e-02   4.7499e-02   4.6856e-02  -1.2387e-02   8.6526e-04 
 -1.9494e+00   3.0356e+01   2.4336e+01   3.4958e+01   1.6230e+01 
  1.7858e+01   7.6644e+00   1.2400e+00   4.4252e-01   1.0904e-01 
  2.0054e-02   2.2962e-03   2.5583e-03   1.0877e-03   7.9882e-05 
  4.1882e-05   4.4069e-05   2.6414e-06   1.1025e-06   6.3515e-07 
  3.8751e-07   2.2807e-07   1.2762e-07   6.8033e-08   3.4710e-08 
 -1.7286e-03  -3.7089e-05  -4.8261e-03 

########################
# 00000003
########################
RSS 577.5327973219696
BP 0:
a0:   3.3344e+00   e0:  -4.3507e+00   b0:   3.0421e+02   
P: 
  3.4725e+00   6.0332e-01  -9.2022e-01  -4.7952e-01  -6.7164e-01 
 -7.8923e-01  -7.6290e-01  -9.0294e-01  -6.4104e-01  -1.1450e-01 
  4.7250e-02   4.7019e-02   4.8076e-02  -1.3102e-02   9.0543e-04 
 -1.9494e+00   3.0356e+01   2.4336e+01   3.4958e+01   1.6230e+01 
  1.7858e+01   7.6644e+00   1.2400e+00   4.4252e-01   1.0904e-01 
  2.0054e-02   2.2962e-03   2.5583e-03   1.0877e-03   7.9882e-05 
  4.1882e-05   4.4069e-05   2.6414e-06   1.1025e-06   6.3515e-07 
  3.8751e-07   2.2807e-07   1.2762e-07   6.8033e-08   3.4710e-08 
 -1.7286e-03   4.8177e-05   7.5514e-03 

########################
# 00000004
########################
RSS 596.7806808179137
BP 0:
a0:   3.3439e+00   e0:  -4.3230e+00   b0:   2.9180e+02   
P: 
  3.4383e+00   5.9004e-01  -9.2527e-01  -4.7617e-01  -6.7031e-01 
 -7.8724e-01  -7.6538e-01  -9.1251e-01  -6.4800e-01  -1.1487e-01 
  4.8734e-02   4.7286e-02   4.7188e-02  -1.3160e-02   9.0470e-04 
 -1.9494e+00   3.0356e+01   2.4336e+01   3.4958e+01   1.6230e+01 
  1.7858e+01   7.6644e+00   1.2400e+00   4.4252e-01   1.0904e-01 
  2.0054e-02   2.2962e-03   2.5583e-03   1.0877e-03   7.9882e-05 
  4.1882e-05   4.4069e-05   2.6414e-06   1.1025e-06   6.3515e-07 
  3.8751e-07   2.2807e-07   1.2762e-07   6.8033e-08   3.4710e-08 
 -1.7286e-03   1.4121e-05   8.0434e-04 

