########################
# 00000001
########################
RSS 452.3163641882485
BP 0:
a0:   3.4052e+00   e0:  -4.4079e+00   b0:   1.0397e+02   
P: 
  3.8758e+00   3.1499e+00   3.7452e+00  -5.2365e+00  -4.7170e+00 
 -8.0533e-01  -2.7947e+00  -1.4596e+00   8.2620e-01  -3.8831e-02 
  1.5147e-01   4.4226e-01   4.5136e-01   1.2809e+00  -7.9193e-01 
  1.9272e-01  -3.2741e-01  -4.9720e-02   1.0272e-01  -1.9494e+00 
  3.0356e+01   2.4336e+01   3.4958e+01   1.6230e+01   1.7858e+01 
  7.6644e+00   1.2400e+00   4.4252e-01   1.0904e-01   2.0054e-02 
  2.2962e-03   2.5583e-03   1.0877e-03   7.9882e-05   4.1882e-05 
  4.4069e-05  -8.6820e+00   3.3168e+00 

########################
# 00000002
########################
RSS 475.4941192634065
BP 0:
a0:   3.6333e+00   e0:  -4.1822e+00   b0:   3.7838e+02   
P: 
  3.2529e+00   3.8973e+00   1.7120e+00  -9.1227e+00  -4.7853e+00 
  1.7594e-01  -2.2608e+00  -2.2294e+00   5.9890e-01   8.1171e-01 
  1.1401e+00  -2.3994e-01   2.4408e-01   1.5783e+00  -6.7536e-01 
  9.5201e-01  -9.2577e-01  -6.8023e-02   1.7438e-01  -1.9494e+00 
  3.0356e+01   2.4336e+01   3.4958e+01   1.6230e+01   1.7858e+01 
  7.6644e+00   1.2400e+00   4.4252e-01   1.0904e-01   2.0054e-02 
  2.2962e-03   2.5583e-03   1.0877e-03   7.9882e-05   4.1882e-05 
  4.4069e-05  -8.2340e+00   3.4630e+00 

########################
# 00000003
########################
RSS 1334.5648962526284
BP 0:
a0:   3.7739e+00   e0:  -4.1212e+00   b0:   5.5982e+02   
P: 
  3.1564e+00   3.6700e+00  -3.5753e+00  -4.2686e-01  -6.1783e+00 
 -1.0863e+00  -2.0771e+00  -8.0766e-01   2.0161e-01   6.6845e-01 
  5.5721e-01  -3.5267e-01   9.7968e-01   2.0867e+00  -6.2327e-01 
  7.0749e-02  -6.2704e-01   4.8402e-02   1.1378e-01  -1.9494e+00 
  3.0356e+01   2.4336e+01   3.4958e+01   1.6230e+01   1.7858e+01 
  7.6644e+00   1.2400e+00   4.4252e-01   1.0904e-01   2.0054e-02 
  2.2962e-03   2.5583e-03   1.0877e-03   7.9882e-05   4.1882e-05 
  4.4069e-05  -8.8223e+00   2.9823e+00 

########################
# 00000004
########################
RSS 2361.1811721999125
BP 0:
a0:   3.6375e+00   e0:  -4.6263e+00   b0:   4.8133e+02   
P: 
  4.3689e+00   3.5600e+00   9.5621e+00  -8.6297e+00  -6.5622e+00 
 -1.0513e+00  -2.6888e+00  -5.6818e-01   1.7076e+00   1.7762e-01 
 -2.9301e-01   1.2478e+00   3.6366e-01   1.1500e+00  -8.0537e-01 
  1.0914e+00  -7.7685e-01  -1.3181e-01   1.6914e-01  -1.9494e+00 
  3.0356e+01   2.4336e+01   3.4958e+01   1.6230e+01   1.7858e+01 
  7.6644e+00   1.2400e+00   4.4252e-01   1.0904e-01   2.0054e-02 
  2.2962e-03   2.5583e-03   1.0877e-03   7.9882e-05   4.1882e-05 
  4.4069e-05  -8.8172e+00   2.9111e+00 

########################
# 00000005
########################
RSS 3106.405415603291
BP 0:
a0:   3.5829e+00   e0:  -4.3860e+00   b0:   3.1954e+02   
P: 
  4.0591e+00   2.6064e+00   1.3335e+01  -3.7309e+00  -3.3583e+00 
 -1.1396e-01  -3.0528e+00  -2.0985e+00   3.1494e-02   3.2439e-01 
 -2.3913e-01   1.2025e+00   1.0567e+00   3.8682e-01  -7.8278e-01 
  2.1478e-01  -8.0816e-02  -5.6532e-02   5.0907e-02  -1.9494e+00 
  3.0356e+01   2.4336e+01   3.4958e+01   1.6230e+01   1.7858e+01 
  7.6644e+00   1.2400e+00   4.4252e-01   1.0904e-01   2.0054e-02 
  2.2962e-03   2.5583e-03   1.0877e-03   7.9882e-05   4.1882e-05 
  4.4069e-05  -7.9562e+00   3.8530e+00 

########################
# 00000006
########################
RSS 6125.2138558456645
BP 0:
a0:   3.8279e+00   e0:  -4.0475e+00   b0:   9.1109e+02   
P: 
  2.6468e+00   2.6908e+00  -1.4556e+01  -1.1435e+01  -4.5116e+00 
 -2.7167e+00  -2.5414e+00  -1.9963e+00   2.4619e+00  -8.0927e-01 
 -1.2325e+00   1.8445e+00   5.4837e-01   4.1614e-01   2.9876e-01 
  3.0746e-01  -4.7725e-01   1.3172e-01  -1.6585e-02  -1.9494e+00 
  3.0356e+01   2.4336e+01   3.4958e+01   1.6230e+01   1.7858e+01 
  7.6644e+00   1.2400e+00   4.4252e-01   1.0904e-01   2.0054e-02 
  2.2962e-03   2.5583e-03   1.0877e-03   7.9882e-05   4.1882e-05 
  4.4069e-05  -9.2793e+00   2.6856e+00 

########################
# 00000007
########################
RSS 7220.4867270649065
BP 0:
a0:   3.9409e+00   e0:  -3.6053e+00   b0:   6.9894e+02   
P: 
  4.7264e+00   2.9287e+00   4.2957e+00  -9.4776e+00  -2.9360e+00 
 -8.8212e-02  -2.3704e+00  -1.9888e+00   8.6073e-01  -6.4479e-01 
 -4.2646e-01  -5.2195e-02   1.9480e-01   2.2579e+00  -3.9410e-01 
 -2.1498e-01  -4.0647e-02  -1.1976e-01   8.6831e-02  -1.9494e+00 
  3.0356e+01   2.4336e+01   3.4958e+01   1.6230e+01   1.7858e+01 
  7.6644e+00   1.2400e+00   4.4252e-01   1.0904e-01   2.0054e-02 
  2.2962e-03   2.5583e-03   1.0877e-03   7.9882e-05   4.1882e-05 
  4.4069e-05  -7.8162e+00   3.3056e+00 

########################
# 00000008
########################
RSS 7724.724160152004
BP 0:
a0:   3.8309e+00   e0:  -5.2452e+00   b0:   9.1680e+02   
P: 
  3.7831e+00   3.9019e+00   5.8068e+00  -7.2231e+00  -3.4387e+00 
 -6.6503e-01  -3.3549e+00  -1.6071e+00   9.9373e-01  -5.6757e-01 
 -1.7280e-01   3.6595e-01   1.3718e+00   2.1356e+00  -7.3911e-01 
  9.2316e-01  -1.0226e+00   3.6151e-02   1.2991e-01  -1.9494e+00 
  3.0356e+01   2.4336e+01   3.4958e+01   1.6230e+01   1.7858e+01 
  7.6644e+00   1.2400e+00   4.4252e-01   1.0904e-01   2.0054e-02 
  2.2962e-03   2.5583e-03   1.0877e-03   7.9882e-05   4.1882e-05 
  4.4069e-05  -8.7162e+00   3.5743e+00 

########################
# 00000009
########################
RSS 7869.794949032124
BP 0:
a0:   3.8040e+00   e0:  -3.6396e+00   b0:   8.9225e+02   
P: 
  3.9007e+00   3.4109e+00   5.9520e+00  -7.4837e+00  -4.7947e+00 
 -1.1031e+00  -2.0795e+00  -1.0598e+00   1.9882e-01   4.2920e-01 
 -3.6525e-01   3.4751e-01  -1.7024e-02   2.0281e+00  -7.4534e-01 
  2.3449e-01  -5.6569e-02  -1.3439e-01   6.9427e-02  -1.9494e+00 
  3.0356e+01   2.4336e+01   3.4958e+01   1.6230e+01   1.7858e+01 
  7.6644e+00   1.2400e+00   4.4252e-01   1.0904e-01   2.0054e-02 
  2.2962e-03   2.5583e-03   1.0877e-03   7.9882e-05   4.1882e-05 
  4.4069e-05  -8.9719e+00   3.4350e+00 

########################
# 00000010
########################
RSS 8842.78523957541
BP 0:
a0:   3.8073e+00   e0:  -2.9523e+00   b0:   7.0991e+02   
P: 
  3.5382e+00   3.7264e+00  -1.6494e+00  -2.1478e+00  -6.1127e+00 
 -1.3769e+00  -2.8617e+00  -1.9550e+00   7.2413e-01   8.9636e-01 
 -8.2470e-02  -2.8376e-01  -4.0234e-01   1.4675e+00  -4.2836e-01 
  1.0874e+00  -6.4731e-01  -7.2024e-02   8.6652e-02  -1.9494e+00 
  3.0356e+01   2.4336e+01   3.4958e+01   1.6230e+01   1.7858e+01 
  7.6644e+00   1.2400e+00   4.4252e-01   1.0904e-01   2.0054e-02 
  2.2962e-03   2.5583e-03   1.0877e-03   7.9882e-05   4.1882e-05 
  4.4069e-05  -9.3613e+00   3.4993e+00 

########################
# 00000011
########################
RSS 8994.463064892714
BP 0:
a0:   3.6609e+00   e0:  -5.4908e+00   b0:   6.8747e+02   
P: 
  4.5886e+00   3.4402e+00   4.4564e+00  -4.3870e-01  -3.6745e+00 
 -1.5039e-01  -2.0837e+00  -7.8708e-01   1.3011e+00   6.6980e-01 
  6.8760e-01   1.1062e-01  -5.2786e-01   2.1909e+00  -1.3631e+00 
  9.7260e-01  -4.4494e-01  -2.0066e-02   4.4544e-02  -1.9494e+00 
  3.0356e+01   2.4336e+01   3.4958e+01   1.6230e+01   1.7858e+01 
  7.6644e+00   1.2400e+00   4.4252e-01   1.0904e-01   2.0054e-02 
  2.2962e-03   2.5583e-03   1.0877e-03   7.9882e-05   4.1882e-05 
  4.4069e-05  -9.3817e+00   3.3202e+00 

########################
# 00000012
########################
RSS 9432.906083795897
BP 0:
a0:   3.7108e+00   e0:  -3.7789e+00   b0:   8.4493e+02   
P: 
  3.9817e+00   3.6443e+00   2.0203e+00  -6.4067e+00  -5.8443e+00 
  1.7633e-01  -2.5827e+00  -2.0960e+00   1.2876e-01   1.1699e-01 
  6.6236e-01   1.4017e+00   3.6111e-01   1.8700e+00  -1.1695e+00 
  7.2739e-03  -8.4415e-02  -7.0813e-03   4.5068e-02  -1.9494e+00 
  3.0356e+01   2.4336e+01   3.4958e+01   1.6230e+01   1.7858e+01 
  7.6644e+00   1.2400e+00   4.4252e-01   1.0904e-01   2.0054e-02 
  2.2962e-03   2.5583e-03   1.0877e-03   7.9882e-05   4.1882e-05 
  4.4069e-05  -8.4953e+00   3.4170e+00 

########################
# 00000013
########################
RSS 9805.481403508831
BP 0:
a0:   3.6919e+00   e0:  -4.2174e+00   b0:   7.9511e+02   
P: 
  2.9731e+00   4.1437e+00   3.2621e+00  -8.5241e+00  -2.7667e+00 
 -5.7000e-01  -2.0261e+00  -9.6324e-01   7.1723e-01   3.4194e-01 
 -6.9362e-01   1.0735e-01   6.5177e-01   9.0811e-01  -1.3338e+00 
  1.0903e+00  -6.3418e-02  -1.4489e-01   2.3650e-02  -1.9494e+00 
  3.0356e+01   2.4336e+01   3.4958e+01   1.6230e+01   1.7858e+01 
  7.6644e+00   1.2400e+00   4.4252e-01   1.0904e-01   2.0054e-02 
  2.2962e-03   2.5583e-03   1.0877e-03   7.9882e-05   4.1882e-05 
  4.4069e-05  -9.5177e+00   2.9774e+00 

########################
# 00000014
########################
RSS 11278.290126560312
BP 0:
a0:   3.2232e+00   e0:  -3.6749e+00   b0:   1.2542e+02   
P: 
  3.7944e+00   3.2731e+00   1.2493e+01  -6.0818e+00  -6.4936e+00 
 -5.3288e-01  -2.5084e+00  -9.6729e-01   1.1519e+00  -6.5922e-01 
 -7.6872e-01   1.3611e+00   1.4274e+00   8.4389e-01  -1.5629e+00 
 -3.9278e-01   2.9513e-01  -5.3262e-03   2.2122e-02  -1.9494e+00 
  3.0356e+01   2.4336e+01   3.4958e+01   1.6230e+01   1.7858e+01 
  7.6644e+00   1.2400e+00   4.4252e-01   1.0904e-01   2.0054e-02 
  2.2962e-03   2.5583e-03   1.0877e-03   7.9882e-05   4.1882e-05 
  4.4069e-05  -8.1366e+00   3.5668e+00 

########################
# 00000015
########################
RSS 11285.148074126051
BP 0:
a0:   3.8568e+00   e0:  -5.7866e+00   b0:   7.3321e+02   
P: 
  2.8891e+00   3.2632e+00  -5.0650e+00  -7.7344e+00  -3.5994e+00 
 -1.7284e+00  -2.5699e+00  -1.4267e+00   1.7976e+00  -2.7083e-01 
  6.0069e-01   2.6534e-01   4.7004e-01   1.2594e+00  -1.7302e-01 
  5.6429e-01  -3.5100e-01  -5.8568e-02   4.2934e-02  -1.9494e+00 
  3.0356e+01   2.4336e+01   3.4958e+01   1.6230e+01   1.7858e+01 
  7.6644e+00   1.2400e+00   4.4252e-01   1.0904e-01   2.0054e-02 
  2.2962e-03   2.5583e-03   1.0877e-03   7.9882e-05   4.1882e-05 
  4.4069e-05  -8.8882e+00   2.8901e+00 

########################
# 00000016
########################
RSS 12138.095207098691
BP 0:
a0:   3.7249e+00   e0:  -5.6619e+00   b0:   8.6841e+02   
P: 
  4.0778e+00   3.7894e+00   1.1861e+01  -6.5288e+00  -5.0363e+00 
 -2.6904e-01  -2.8845e+00  -1.4326e+00   1.7150e+00   3.8568e-01 
 -6.3543e-01   9.0616e-01   1.4300e+00   1.5626e+00  -7.9313e-01 
 -1.7764e-01  -2.7894e-02  -9.2826e-02   8.1420e-02  -1.9494e+00 
  3.0356e+01   2.4336e+01   3.4958e+01   1.6230e+01   1.7858e+01 
  7.6644e+00   1.2400e+00   4.4252e-01   1.0904e-01   2.0054e-02 
  2.2962e-03   2.5583e-03   1.0877e-03   7.9882e-05   4.1882e-05 
  4.4069e-05  -8.1432e+00   3.2225e+00 

########################
# 00000017
########################
RSS 12393.590844118706
BP 0:
a0:   3.9329e+00   e0:  -5.2811e+00   b0:   8.7684e+02   
P: 
  4.6461e+00   2.9019e+00   1.5622e+00  -2.8411e+00  -3.5520e+00 
 -1.5308e+00  -2.4669e+00  -1.1384e+00   2.4035e-01   5.8233e-01 
  4.8351e-01   6.6348e-01   7.8936e-01   2.0285e+00   6.2301e-02 
 -3.1015e-01  -1.6997e-01  -8.6018e-02   8.7220e-02  -1.9494e+00 
  3.0356e+01   2.4336e+01   3.4958e+01   1.6230e+01   1.7858e+01 
  7.6644e+00   1.2400e+00   4.4252e-01   1.0904e-01   2.0054e-02 
  2.2962e-03   2.5583e-03   1.0877e-03   7.9882e-05   4.1882e-05 
  4.4069e-05  -7.9541e+00   3.0752e+00 

########################
# 00000018
########################
RSS 12708.687047832263
BP 0:
a0:   3.7565e+00   e0:  -6.0187e+00   b0:   5.7386e+02   
P: 
  3.6891e+00   3.4322e+00   7.9910e-01  -2.8986e+00  -2.9653e+00 
 -4.8071e-01  -3.0940e+00  -1.0971e+00   1.2132e+00   5.8022e-01 
 -2.1138e-01   5.9545e-01   1.3148e+00   5.2912e-01  -4.3592e-01 
  9.9235e-01  -5.6341e-01  -1.2028e-01   1.0506e-01  -1.9494e+00 
  3.0356e+01   2.4336e+01   3.4958e+01   1.6230e+01   1.7858e+01 
  7.6644e+00   1.2400e+00   4.4252e-01   1.0904e-01   2.0054e-02 
  2.2962e-03   2.5583e-03   1.0877e-03   7.9882e-05   4.1882e-05 
  4.4069e-05  -9.0458e+00   3.4736e+00 

########################
# 00000019
########################
RSS 13487.580782630479
BP 0:
a0:   3.7914e+00   e0:  -5.0506e+00   b0:   8.1150e+02   
P: 
  3.3911e+00   1.9261e+00   1.5679e+01   9.6883e-01  -5.3112e+00 
  8.2225e-01  -2.4456e+00  -5.2442e-01  -1.1501e+00   7.6446e-01 
 -6.7129e-01  -1.3700e-01   1.0823e+00   2.7132e+00  -1.6847e+00 
 -9.2647e-01   8.2732e-01  -4.8159e-02  -5.2911e-02  -1.9494e+00 
  3.0356e+01   2.4336e+01   3.4958e+01   1.6230e+01   1.7858e+01 
  7.6644e+00   1.2400e+00   4.4252e-01   1.0904e-01   2.0054e-02 
  2.2962e-03   2.5583e-03   1.0877e-03   7.9882e-05   4.1882e-05 
  4.4069e-05  -9.4291e+00   2.3324e+00 

########################
# 00000020
########################
RSS 13551.459872788091
BP 0:
a0:   3.8040e+00   e0:  -6.0166e+00   b0:   9.0065e+02   
P: 
  3.2219e+00   2.9461e+00   1.0298e+01  -7.2899e-01  -2.9178e+00 
 -9.7559e-01  -1.8207e+00  -1.4108e+00   3.4351e-01  -7.1946e-01 
 -2.3974e-01   9.8925e-01   8.1262e-01   2.2632e+00  -7.8811e-01 
 -2.4907e-01  -9.9830e-04  -7.2690e-02   6.2064e-02  -1.9494e+00 
  3.0356e+01   2.4336e+01   3.4958e+01   1.6230e+01   1.7858e+01 
  7.6644e+00   1.2400e+00   4.4252e-01   1.0904e-01   2.0054e-02 
  2.2962e-03   2.5583e-03   1.0877e-03   7.9882e-05   4.1882e-05 
  4.4069e-05  -8.3973e+00   3.5767e+00 

########################
# 00000021
########################
RSS 13806.676632234094
BP 0:
a0:   3.6124e+00   e0:  -2.1162e+00   b0:   6.5740e+01   
P: 
  4.1952e+00   2.8965e+00  -2.6301e+00  -4.4959e+00  -3.5127e+00 
 -1.5555e+00  -2.4192e+00  -1.7193e+00   2.7151e-01   6.5505e-01 
 -1.1137e-02  -4.0057e-01   4.1589e-01   9.7959e-01  -6.6066e-01 
  2.6696e-02  -1.0010e-02  -1.2696e-01   8.8567e-02  -1.9494e+00 
  3.0356e+01   2.4336e+01   3.4958e+01   1.6230e+01   1.7858e+01 
  7.6644e+00   1.2400e+00   4.4252e-01   1.0904e-01   2.0054e-02 
  2.2962e-03   2.5583e-03   1.0877e-03   7.9882e-05   4.1882e-05 
  4.4069e-05  -9.0523e+00   3.3303e+00 

########################
# 00000022
########################
RSS 14801.80541162737
BP 0:
a0:   3.8953e+00   e0:  -4.3258e+00   b0:   1.1534e+03   
P: 
  3.0719e+00   2.1736e+00  -5.2985e+00  -3.0638e+00  -6.4269e+00 
 -1.6991e+00  -3.7916e+00  -1.7981e+00   6.7405e-01   1.0064e-01 
  2.5697e-01   2.6167e-01   8.7338e-01   1.8690e+00   4.5881e-04 
 -4.3182e-01   7.3178e-02  -9.2184e-02   4.9174e-02  -1.9494e+00 
  3.0356e+01   2.4336e+01   3.4958e+01   1.6230e+01   1.7858e+01 
  7.6644e+00   1.2400e+00   4.4252e-01   1.0904e-01   2.0054e-02 
  2.2962e-03   2.5583e-03   1.0877e-03   7.9882e-05   4.1882e-05 
  4.4069e-05  -8.8741e+00   3.1669e+00 

########################
# 00000023
########################
RSS 15793.29248358215
BP 0:
a0:   3.5700e+00   e0:  -6.3634e+00   b0:   4.7744e+02   
P: 
  3.3400e+00   3.4337e+00  -4.9336e+00  -3.3485e+00  -5.7637e+00 
  1.5470e-01  -3.0467e+00  -2.2193e+00   1.7208e+00   5.7046e-01 
  1.0826e+00   1.1642e+00  -3.5532e-01   5.6412e-01  -4.4733e-01 
  5.0605e-01  -1.6427e-01  -8.2252e-02   3.9299e-02  -1.9494e+00 
  3.0356e+01   2.4336e+01   3.4958e+01   1.6230e+01   1.7858e+01 
  7.6644e+00   1.2400e+00   4.4252e-01   1.0904e-01   2.0054e-02 
  2.2962e-03   2.5583e-03   1.0877e-03   7.9882e-05   4.1882e-05 
  4.4069e-05  -8.8981e+00   3.6936e+00 

########################
# 00000024
########################
RSS 16165.39378774769
BP 0:
a0:   3.8680e+00   e0:  -3.3511e+00   b0:   1.1198e+03   
P: 
  3.0520e+00   4.0609e+00   3.5806e+00  -1.0134e+01  -5.5785e+00 
 -2.9711e-01  -2.6699e+00  -1.3493e+00   1.4168e-01  -9.2144e-01 
 -8.1126e-01   1.2746e+00   8.9500e-01   1.8467e+00  -5.7824e-01 
  1.0269e+00  -8.7553e-01  -3.2504e-02   1.2425e-01  -1.9494e+00 
  3.0356e+01   2.4336e+01   3.4958e+01   1.6230e+01   1.7858e+01 
  7.6644e+00   1.2400e+00   4.4252e-01   1.0904e-01   2.0054e-02 
  2.2962e-03   2.5583e-03   1.0877e-03   7.9882e-05   4.1882e-05 
  4.4069e-05  -9.5539e+00   3.1693e+00 

########################
# 00000025
########################
RSS 17273.81281777376
BP 0:
a0:   4.1421e+00   e0:  -1.8949e+00   b0:  -4.6726e+01   
P: 
  4.7055e+00   2.5237e+00  -7.5662e-01  -6.4682e+00  -2.7714e+00 
 -3.6444e-01  -3.5232e+00  -1.4140e+00   1.1279e+00   4.4172e-02 
  6.8416e-01   3.6737e-01   8.5337e-02   7.1852e-01  -1.5406e-01 
 -7.2588e-01   7.5391e-02   2.6000e-02   3.9540e-02  -1.9494e+00 
  3.0356e+01   2.4336e+01   3.4958e+01   1.6230e+01   1.7858e+01 
  7.6644e+00   1.2400e+00   4.4252e-01   1.0904e-01   2.0054e-02 
  2.2962e-03   2.5583e-03   1.0877e-03   7.9882e-05   4.1882e-05 
  4.4069e-05  -8.7323e+00   3.1371e+00 

########################
# 00000026
########################
RSS 18738.35529732361
BP 0:
a0:   3.7033e+00   e0:  -2.2597e+00   b0:   8.1461e+02   
P: 
  3.7266e+00   3.5822e+00   4.7960e-02  -3.8193e+00  -5.9272e+00 
  2.6473e-02  -3.1891e+00  -7.9850e-01  -1.1657e-01  -6.5315e-03 
  4.0463e-01   1.1277e+00   1.0418e+00   1.1632e+00  -1.0552e+00 
  5.8058e-01  -5.1718e-01   7.0267e-03   9.0080e-02  -1.9494e+00 
  3.0356e+01   2.4336e+01   3.4958e+01   1.6230e+01   1.7858e+01 
  7.6644e+00   1.2400e+00   4.4252e-01   1.0904e-01   2.0054e-02 
  2.2962e-03   2.5583e-03   1.0877e-03   7.9882e-05   4.1882e-05 
  4.4069e-05  -8.7228e+00   3.8386e+00 

########################
# 00000027
########################
RSS 19749.274908829546
BP 0:
a0:   3.9155e+00   e0:  -3.5349e+00   b0:   1.0914e+03   
P: 
  4.7306e+00   3.1848e+00  -5.8249e+00  -8.6099e+00  -6.4022e+00 
 -1.7726e+00  -2.8501e+00  -1.4011e+00   1.0782e+00  -7.6119e-01 
  6.0487e-01   8.1616e-01  -3.3165e-01   1.8221e+00  -4.6182e-02 
  2.8693e-01  -1.7543e-01  -3.9320e-02   1.1740e-02  -1.9494e+00 
  3.0356e+01   2.4336e+01   3.4958e+01   1.6230e+01   1.7858e+01 
  7.6644e+00   1.2400e+00   4.4252e-01   1.0904e-01   2.0054e-02 
  2.2962e-03   2.5583e-03   1.0877e-03   7.9882e-05   4.1882e-05 
  4.4069e-05  -9.5852e+00   3.7658e+00 

########################
# 00000028
########################
RSS 19919.889725710873
BP 0:
a0:   3.5140e+00   e0:  -6.7324e+00   b0:   4.6119e+02   
P: 
  4.0851e+00   3.7077e+00   2.0899e+00  -7.5495e+00  -4.8481e+00 
 -1.1273e-02  -3.4771e+00  -1.5456e+00   4.7087e-01   4.1491e-01 
  1.1459e+00   9.6646e-01   9.7319e-01   2.1314e+00  -1.5297e+00 
  6.8523e-01  -8.6648e-01  -4.8576e-03   1.7511e-01  -1.9494e+00 
  3.0356e+01   2.4336e+01   3.4958e+01   1.6230e+01   1.7858e+01 
  7.6644e+00   1.2400e+00   4.4252e-01   1.0904e-01   2.0054e-02 
  2.2962e-03   2.5583e-03   1.0877e-03   7.9882e-05   4.1882e-05 
  4.4069e-05  -8.5723e+00   3.1615e+00 

########################
# 00000029
########################
RSS 20012.513475782667
BP 0:
a0:   3.1594e+00   e0:  -1.6602e+00   b0:   8.9080e+01   
P: 
  4.5355e+00   3.4745e+00  -2.9559e+00  -3.1827e+00  -3.1570e+00 
 -1.5181e+00  -2.5065e+00  -1.4462e+00   8.7657e-01   4.5119e-01 
  9.8295e-02   2.5968e-01  -2.2837e-01   2.2119e+00  -1.7327e+00 
  7.2530e-01  -6.4460e-01  -3.8463e-02   1.5776e-01  -1.9494e+00 
  3.0356e+01   2.4336e+01   3.4958e+01   1.6230e+01   1.7858e+01 
  7.6644e+00   1.2400e+00   4.4252e-01   1.0904e-01   2.0054e-02 
  2.2962e-03   2.5583e-03   1.0877e-03   7.9882e-05   4.1882e-05 
  4.4069e-05  -9.1172e+00   3.1619e+00 

########################
# 00000030
########################
RSS 20078.09728921757
BP 0:
a0:   3.9026e+00   e0:  -3.1058e+00   b0:   1.0499e+03   
P: 
  3.2264e+00   2.0924e+00   6.4424e+00  -1.1719e+00  -1.0412e+00 
 -5.6769e-01  -1.3126e+00  -8.2501e-01   1.1336e+00  -2.6236e-01 
 -2.9767e-01   2.4539e-01   2.6267e-02   3.0857e+00  -9.0783e-01 
  3.3435e-01  -3.7045e-01  -1.5872e-03   5.4841e-02  -1.9494e+00 
  3.0356e+01   2.4336e+01   3.4958e+01   1.6230e+01   1.7858e+01 
  7.6644e+00   1.2400e+00   4.4252e-01   1.0904e-01   2.0054e-02 
  2.2962e-03   2.5583e-03   1.0877e-03   7.9882e-05   4.1882e-05 
  4.4069e-05  -9.2184e+00   4.0136e+00 

########################
# 00000031
########################
RSS 21602.44246643985
BP 0:
a0:   3.7410e+00   e0:  -7.0839e+00   b0:   4.1532e+02   
P: 
  3.0302e+00   2.4812e+00  -3.2975e+00  -2.4794e+00  -3.4115e-01 
  3.4383e-01  -8.2770e-01  -9.2224e-01   1.0737e+00   2.0319e-01 
 -1.8803e-01  -5.1134e-01   6.8839e-01   3.6927e+00  -1.3852e+00 
  1.1160e-01  -7.0466e-01   2.3179e-02   1.5150e-01  -1.9494e+00 
  3.0356e+01   2.4336e+01   3.4958e+01   1.6230e+01   1.7858e+01 
  7.6644e+00   1.2400e+00   4.4252e-01   1.0904e-01   2.0054e-02 
  2.2962e-03   2.5583e-03   1.0877e-03   7.9882e-05   4.1882e-05 
  4.4069e-05  -9.5596e+00   4.4165e+00 

########################
# 00000032
########################
RSS 21696.036466475856
BP 0:
a0:   3.8231e+00   e0:  -6.1144e+00   b0:   8.1942e+02   
P: 
  4.0913e+00   3.5229e+00   5.9838e+00  -8.8280e+00  -5.7494e+00 
 -1.7514e+00  -3.4499e+00  -1.1224e+00   1.5609e+00  -6.1434e-01 
  2.9886e-02   1.3269e+00   1.1166e+00   1.1121e+00  -6.6956e-01 
  7.3927e-01  -2.6774e-01  -1.1610e-01   5.7539e-02  -1.9494e+00 
  3.0356e+01   2.4336e+01   3.4958e+01   1.6230e+01   1.7858e+01 
  7.6644e+00   1.2400e+00   4.4252e-01   1.0904e-01   2.0054e-02 
  2.2962e-03   2.5583e-03   1.0877e-03   7.9882e-05   4.1882e-05 
  4.4069e-05  -8.3332e+00   3.2519e+00 

########################
# 00000033
########################
RSS 21746.315329698744
BP 0:
a0:   5.2761e+00   e0:  -2.6422e+00   b0:  -5.2488e+01   
P: 
  3.6314e+00   3.1762e+00   1.1501e+01  -2.3384e+00  -3.8911e+00 
 -5.3786e-01  -3.3880e+00  -1.9446e+00   4.6339e-01   3.3373e-01 
 -2.0514e-01  -7.4574e-02   3.0231e-01   1.9719e+00  -1.7514e+00 
  1.0814e+00  -7.4566e-01   9.4263e-03   1.0350e-01  -1.9494e+00 
  3.0356e+01   2.4336e+01   3.4958e+01   1.6230e+01   1.7858e+01 
  7.6644e+00   1.2400e+00   4.4252e-01   1.0904e-01   2.0054e-02 
  2.2962e-03   2.5583e-03   1.0877e-03   7.9882e-05   4.1882e-05 
  4.4069e-05  -8.5139e+00   3.6876e+00 

########################
# 00000034
########################
RSS 22476.435771564724
BP 0:
a0:   3.7904e+00   e0:  -1.9595e+00   b0:   7.9113e+02   
P: 
  4.7939e+00   2.6455e+00   1.2557e+01  -3.3224e+00  -4.5249e+00 
 -2.3578e-01  -3.5362e+00  -5.1115e-01   1.1061e+00   4.9418e-01 
  9.5742e-01   8.8266e-01   4.9277e-02   2.1325e+00  -6.5073e-01 
  7.4270e-02  -4.7165e-01   5.8413e-03   1.0649e-01  -1.9494e+00 
  3.0356e+01   2.4336e+01   3.4958e+01   1.6230e+01   1.7858e+01 
  7.6644e+00   1.2400e+00   4.4252e-01   1.0904e-01   2.0054e-02 
  2.2962e-03   2.5583e-03   1.0877e-03   7.9882e-05   4.1882e-05 
  4.4069e-05  -9.0923e+00   2.7810e+00 

########################
# 00000035
########################
RSS 23076.755701815393
BP 0:
a0:   3.6118e+00   e0:  -1.4210e+00   b0:   2.2466e+02   
P: 
  3.3964e+00   3.7229e+00  -5.4718e+00  -4.1614e-01  -3.4939e+00 
 -2.7206e-01  -2.0614e+00  -9.9414e-01   1.1837e+00  -6.6900e-01 
 -5.0417e-01   6.6193e-01   5.4570e-01   1.7055e+00  -1.2902e+00 
  3.4438e-01  -4.3015e-01  -4.6511e-02   1.3237e-01  -1.9494e+00 
  3.0356e+01   2.4336e+01   3.4958e+01   1.6230e+01   1.7858e+01 
  7.6644e+00   1.2400e+00   4.4252e-01   1.0904e-01   2.0054e-02 
  2.2962e-03   2.5583e-03   1.0877e-03   7.9882e-05   4.1882e-05 
  4.4069e-05  -9.4449e+00   3.6260e+00 

########################
# 00000036
########################
RSS 24923.050441940515
BP 0:
a0:   3.3865e+00   e0:  -6.7551e+00   b0:   3.6498e+02   
P: 
  4.9611e+00   5.0796e+00   1.4927e+01  -6.0141e+00  -4.5041e+00 
  4.2867e-01  -3.3724e+00  -1.5434e-02   1.1264e+00   1.7312e+00 
 -1.2500e+00   1.0614e+00  -1.5307e+00   2.7791e+00  -2.6026e+00 
  1.7200e+00  -6.7618e-01   1.0975e-01  -3.5623e-03  -1.9494e+00 
  3.0356e+01   2.4336e+01   3.4958e+01   1.6230e+01   1.7858e+01 
  7.6644e+00   1.2400e+00   4.4252e-01   1.0904e-01   2.0054e-02 
  2.2962e-03   2.5583e-03   1.0877e-03   7.9882e-05   4.1882e-05 
  4.4069e-05  -8.9983e+00   4.0215e+00 

########################
# 00000037
########################
RSS 24929.913302897105
BP 0:
a0:   3.7882e+00   e0:  -7.2506e+00   b0:   6.1256e+02   
P: 
  2.9457e+00   2.7244e+00   1.3140e+01  -7.1659e+00  -4.2197e+00 
 -5.3949e-01  -2.5839e+00  -1.7735e+00   1.2922e+00  -8.9866e-02 
 -1.4407e-02  -5.1595e-01  -2.8735e-01   8.8770e-01  -2.2792e-01 
  1.1261e+00  -2.6821e-01  -1.1966e-01   4.3612e-03  -1.9494e+00 
  3.0356e+01   2.4336e+01   3.4958e+01   1.6230e+01   1.7858e+01 
  7.6644e+00   1.2400e+00   4.4252e-01   1.0904e-01   2.0054e-02 
  2.2962e-03   2.5583e-03   1.0877e-03   7.9882e-05   4.1882e-05 
  4.4069e-05  -9.0821e+00   3.2340e+00 

########################
# 00000038
########################
RSS 26955.477703712408
BP 0:
a0:   3.9180e+00   e0:  -2.7137e+00   b0:   1.1480e+03   
P: 
  3.2982e+00   3.5244e+00   1.0129e+01  -6.6123e+00  -5.4219e+00 
 -7.0033e-01  -3.7757e+00  -1.9757e+00   1.2935e+00   1.9965e-03 
 -6.4689e-01   1.9197e-01   1.4309e+00   1.7915e+00  -1.1456e-01 
 -6.2348e-01   1.4027e-01  -5.8377e-02   4.0816e-02  -1.9494e+00 
  3.0356e+01   2.4336e+01   3.4958e+01   1.6230e+01   1.7858e+01 
  7.6644e+00   1.2400e+00   4.4252e-01   1.0904e-01   2.0054e-02 
  2.2962e-03   2.5583e-03   1.0877e-03   7.9882e-05   4.1882e-05 
  4.4069e-05  -7.9452e+00   3.2322e+00 

########################
# 00000039
########################
RSS 28486.07051209034
BP 0:
a0:   3.8877e+00   e0:  -6.2370e+00   b0:   9.7964e+02   
P: 
  4.1523e+00   3.3165e+00   1.3077e+01  -7.7487e-01  -5.9916e+00 
 -1.1322e+00  -2.3040e+00  -1.7771e+00   7.5160e-01   8.0414e-01 
  6.6104e-01   1.7676e-01   7.9168e-01   1.8551e+00  -5.3306e-01 
  3.1924e-01   5.2430e-02  -1.3833e-01   2.0659e-02  -1.9494e+00 
  3.0356e+01   2.4336e+01   3.4958e+01   1.6230e+01   1.7858e+01 
  7.6644e+00   1.2400e+00   4.4252e-01   1.0904e-01   2.0054e-02 
  2.2962e-03   2.5583e-03   1.0877e-03   7.9882e-05   4.1882e-05 
  4.4069e-05  -8.4953e+00   3.7839e+00 

########################
# 00000040
########################
RSS 30081.48147454784
BP 0:
a0:   3.4867e+00   e0:  -7.4413e+00   b0:   3.2392e+02   
P: 
  3.6522e+00   3.9805e+00   6.6416e+00  -8.9199e+00  -5.3727e+00 
 -8.8279e-01  -2.2818e+00  -1.2812e+00   1.6439e+00   4.6124e-01 
  8.2551e-01   5.4428e-01   1.0510e+00   7.0508e-01  -5.3858e-01 
 -9.2149e-02  -1.4244e-01   3.3913e-03   4.4394e-02  -1.9494e+00 
  3.0356e+01   2.4336e+01   3.4958e+01   1.6230e+01   1.7858e+01 
  7.6644e+00   1.2400e+00   4.4252e-01   1.0904e-01   2.0054e-02 
  2.2962e-03   2.5583e-03   1.0877e-03   7.9882e-05   4.1882e-05 
  4.4069e-05  -9.1462e+00   3.7553e+00 

########################
# 00000041
########################
RSS 30363.949029366115
BP 0:
a0:   3.8894e+00   e0:  -7.0388e+00   b0:   1.1215e+03   
P: 
  3.7721e+00   1.8053e+00   3.2521e+00  -3.3007e+00   1.4624e-02 
 -3.1986e-01  -2.2439e+00  -4.9888e-01   1.9007e+00   7.2959e-01 
 -1.2718e+00   2.5750e-01  -2.9569e-02   2.4277e+00  -3.7153e-01 
  4.5211e-01  -2.2367e-01   3.7747e-02  -4.1046e-02  -1.9494e+00 
  3.0356e+01   2.4336e+01   3.4958e+01   1.6230e+01   1.7858e+01 
  7.6644e+00   1.2400e+00   4.4252e-01   1.0904e-01   2.0054e-02 
  2.2962e-03   2.5583e-03   1.0877e-03   7.9882e-05   4.1882e-05 
  4.4069e-05  -9.8187e+00   4.4499e+00 

########################
# 00000042
########################
RSS 30857.0362848076
BP 0:
a0:   3.2470e+00   e0:  -1.5913e+00   b0:   1.3539e+02   
P: 
  3.9380e+00   3.8397e+00  -6.0868e+00  -4.1302e-01  -5.9244e+00 
 -5.2757e-01  -2.7076e+00  -6.6170e-01   1.6169e+00  -3.8744e-01 
 -7.9155e-02   1.0901e+00   8.8723e-01   7.1488e-01  -1.3423e+00 
 -7.8583e-01   6.1909e-01  -1.0856e-01   4.1582e-02  -1.9494e+00 
  3.0356e+01   2.4336e+01   3.4958e+01   1.6230e+01   1.7858e+01 
  7.6644e+00   1.2400e+00   4.4252e-01   1.0904e-01   2.0054e-02 
  2.2962e-03   2.5583e-03   1.0877e-03   7.9882e-05   4.1882e-05 
  4.4069e-05  -9.3955e+00   3.6305e+00 

########################
# 00000043
########################
RSS 31074.043554341515
BP 0:
a0:   4.0991e+00   e0:  -3.2695e+00   b0:   5.5280e+02   
P: 
  4.7971e+00   3.3063e+00   6.2026e+00  -4.3478e+00  -5.3155e+00 
 -5.8358e-01  -3.6010e+00  -1.4895e+00   3.0738e-01   8.1049e-01 
 -4.0990e-02   3.6000e-01   1.4118e+00   1.9984e+00  -2.4353e-01 
  6.6321e-01  -6.5914e-01  -1.4288e-01   1.5880e-01  -1.9494e+00 
  3.0356e+01   2.4336e+01   3.4958e+01   1.6230e+01   1.7858e+01 
  7.6644e+00   1.2400e+00   4.4252e-01   1.0904e-01   2.0054e-02 
  2.2962e-03   2.5583e-03   1.0877e-03   7.9882e-05   4.1882e-05 
  4.4069e-05  -8.3472e+00   3.2371e+00 

########################
# 00000044
########################
RSS 33126.04856935825
BP 0:
a0:   3.9564e+00   e0:  -3.3353e+00   b0:   9.1184e+02   
P: 
  4.2170e+00   2.8404e+00  -4.1722e+00  -4.7317e+00  -6.1281e+00 
 -6.0471e-03  -3.5103e+00  -2.3969e+00   8.8481e-01  -8.5952e-01 
  7.1819e-01   1.0512e+00   1.3376e+00   5.0172e-01  -9.8075e-02 
  8.4551e-01  -2.9066e-01  -8.9040e-02   2.5808e-02  -1.9494e+00 
  3.0356e+01   2.4336e+01   3.4958e+01   1.6230e+01   1.7858e+01 
  7.6644e+00   1.2400e+00   4.4252e-01   1.0904e-01   2.0054e-02 
  2.2962e-03   2.5583e-03   1.0877e-03   7.9882e-05   4.1882e-05 
  4.4069e-05  -9.4449e+00   3.5412e+00 

########################
# 00000045
########################
RSS 33293.04035798928
BP 0:
a0:   4.1655e+00   e0:  -3.3650e+00   b0:   5.0552e+02   
P: 
  2.9957e+00   4.1168e+00   8.7786e+00  -9.1419e+00  -5.9427e+00 
 -1.4678e-01  -2.2091e+00  -2.1102e+00   1.0001e+00  -6.6405e-01 
  3.6318e-01   2.2096e-01   7.3409e-01   1.7242e+00   5.2984e-02 
  9.2212e-01  -6.8866e-01  -1.0918e-01   1.1238e-01  -1.9494e+00 
  3.0356e+01   2.4336e+01   3.4958e+01   1.6230e+01   1.7858e+01 
  7.6644e+00   1.2400e+00   4.4252e-01   1.0904e-01   2.0054e-02 
  2.2962e-03   2.5583e-03   1.0877e-03   7.9882e-05   4.1882e-05 
  4.4069e-05  -8.3694e+00   2.9695e+00 

########################
# 00000046
########################
RSS 33464.60479213658
BP 0:
a0:   4.0785e+00   e0:  -3.4197e+00   b0:   6.2324e+02   
P: 
  3.2072e+00   2.5380e+00   5.3990e+00   1.8586e+00  -2.6833e+00 
 -6.7765e-01  -5.0254e-01  -7.7071e-01   7.8806e-01  -5.7761e-01 
  6.1801e-01   6.7200e-01  -5.9420e-01   3.0209e+00  -7.0062e-01 
  1.2145e+00  -7.1740e-01  -4.3950e-02   6.8182e-02  -1.9494e+00 
  3.0356e+01   2.4336e+01   3.4958e+01   1.6230e+01   1.7858e+01 
  7.6644e+00   1.2400e+00   4.4252e-01   1.0904e-01   2.0054e-02 
  2.2962e-03   2.5583e-03   1.0877e-03   7.9882e-05   4.1882e-05 
  4.4069e-05  -8.8424e+00   4.3186e+00 

########################
# 00000047
########################
RSS 34440.25310350166
BP 0:
a0:   3.8158e+00   e0:  -1.8180e+00   b0:   1.2138e+03   
P: 
  3.6081e+00   3.4587e+00   2.0898e+00   2.2239e+00  -2.2015e+00 
 -1.5300e+00  -2.7617e+00  -1.1307e+00   1.0497e+00  -8.9277e-01 
 -2.5069e-01   4.6068e-01   1.5741e+00   2.7370e+00  -1.1780e+00 
 -4.8669e-01   5.0485e-02  -1.7073e-01   1.4992e-01  -1.9494e+00 
  3.0356e+01   2.4336e+01   3.4958e+01   1.6230e+01   1.7858e+01 
  7.6644e+00   1.2400e+00   4.4252e-01   1.0904e-01   2.0054e-02 
  2.2962e-03   2.5583e-03   1.0877e-03   7.9882e-05   4.1882e-05 
  4.4069e-05  -8.7464e+00   3.7722e+00 

########################
# 00000048
########################
RSS 35143.7893250954
BP 0:
a0:   3.9013e+00   e0:  -2.9354e+00   b0:   1.4071e+03   
P: 
  2.4024e+00   1.1157e+00   1.3867e+01   1.9630e+00  -8.9467e-01 
 -2.9312e-01  -5.2411e-01  -4.4224e-01   8.8893e-01  -2.6227e-01 
  5.2283e-01   8.7884e-02   1.9576e-02   4.0356e+00  -1.0613e+00 
 -7.8105e-02  -2.7930e-01   8.7816e-02   1.8254e-02  -1.9494e+00 
  3.0356e+01   2.4336e+01   3.4958e+01   1.6230e+01   1.7858e+01 
  7.6644e+00   1.2400e+00   4.4252e-01   1.0904e-01   2.0054e-02 
  2.2962e-03   2.5583e-03   1.0877e-03   7.9882e-05   4.1882e-05 
  4.4069e-05  -9.2964e+00   4.2522e+00 

########################
# 00000049
########################
RSS 35322.200192088436
BP 0:
a0:   3.9868e+00   e0:  -1.8385e+00   b0:   6.6213e+02   
P: 
  2.9415e+00   3.6727e+00   4.0519e+00  -8.7637e+00  -3.8461e+00 
  1.2442e-01  -1.9107e+00  -2.1484e+00   9.5714e-01  -6.2355e-01 
  9.1536e-01   2.8635e-01  -3.9326e-01   1.3507e+00  -3.0393e-01 
  1.1307e+00  -4.8735e-01  -9.1776e-02   5.2919e-02  -1.9494e+00 
  3.0356e+01   2.4336e+01   3.4958e+01   1.6230e+01   1.7858e+01 
  7.6644e+00   1.2400e+00   4.4252e-01   1.0904e-01   2.0054e-02 
  2.2962e-03   2.5583e-03   1.0877e-03   7.9882e-05   4.1882e-05 
  4.4069e-05  -9.4241e+00   3.8279e+00 

########################
# 00000050
########################
RSS 36516.883550776314
BP 0:
a0:   3.9227e+00   e0:  -1.5269e+00   b0:   7.5302e+02   
P: 
  4.7828e+00   3.7029e+00   8.8161e+00  -7.1276e+00  -3.8200e+00 
 -1.5350e+00  -2.4056e+00  -1.4293e+00   6.9364e-01  -4.9434e-01 
  9.3006e-02  -1.9948e-01   1.1704e+00   5.6157e-01  -3.1559e-01 
  9.1199e-01  -3.3800e-01  -1.4797e-01   7.7989e-02  -1.9494e+00 
  3.0356e+01   2.4336e+01   3.4958e+01   1.6230e+01   1.7858e+01 
  7.6644e+00   1.2400e+00   4.4252e-01   1.0904e-01   2.0054e-02 
  2.2962e-03   2.5583e-03   1.0877e-03   7.9882e-05   4.1882e-05 
  4.4069e-05  -8.8600e+00   3.7647e+00 

########################
# 00000051
########################
RSS 40652.24909660455
BP 0:
a0:   3.8094e+00   e0:  -7.4476e+00   b0:   1.0281e+03   
P: 
  2.4351e+00   2.0249e+00   1.4798e+01  -5.6862e+00  -6.1562e-01 
 -3.3689e-01  -1.0353e+00  -1.4791e+00   1.2107e+00   3.1444e-01 
  6.0689e-01   2.2692e-01  -7.6163e-01   3.0212e+00  -1.3939e+00 
  1.2152e+00  -3.6335e-01  -2.6317e-02  -1.2346e-02  -1.9494e+00 
  3.0356e+01   2.4336e+01   3.4958e+01   1.6230e+01   1.7858e+01 
  7.6644e+00   1.2400e+00   4.4252e-01   1.0904e-01   2.0054e-02 
  2.2962e-03   2.5583e-03   1.0877e-03   7.9882e-05   4.1882e-05 
  4.4069e-05  -8.7852e+00   4.1427e+00 

########################
# 00000052
########################
RSS 41618.04857473534
BP 0:
a0:   3.9756e+00   e0:  -2.4341e+00   b0:   7.3326e+02   
P: 
  3.5609e+00   1.5126e+00  -1.7456e+01  -1.0300e+01  -2.9426e+00 
 -3.3132e-02  -2.2737e+00  -3.3992e+00   1.4631e+00   3.8578e+00 
  1.1196e+00   1.7673e+00  -1.5463e+00   1.1025e+00   8.1684e-01 
  5.7176e-01  -3.7088e-01  -4.3134e-02   8.9761e-03  -1.9494e+00 
  3.0356e+01   2.4336e+01   3.4958e+01   1.6230e+01   1.7858e+01 
  7.6644e+00   1.2400e+00   4.4252e-01   1.0904e-01   2.0054e-02 
  2.2962e-03   2.5583e-03   1.0877e-03   7.9882e-05   4.1882e-05 
  4.4069e-05  -6.4376e+00   4.7138e+00 

########################
# 00000053
########################
RSS 41678.71883993288
BP 0:
a0:   3.7144e+00   e0:  -8.0851e+00   b0:   1.8030e+02   
P: 
  4.0399e+00   1.1047e+00   9.2002e+00  -3.8795e+00  -8.4856e-01 
  2.3342e-01  -1.9678e+00  -1.6046e+00   1.3768e+00   5.3230e-01 
 -9.9246e-01  -5.5564e-01   1.5454e-01   4.0589e+00  -1.8394e+00 
 -6.0641e-01   1.2779e-01   2.3378e-02   3.3446e-02  -1.9494e+00 
  3.0356e+01   2.4336e+01   3.4958e+01   1.6230e+01   1.7858e+01 
  7.6644e+00   1.2400e+00   4.4252e-01   1.0904e-01   2.0054e-02 
  2.2962e-03   2.5583e-03   1.0877e-03   7.9882e-05   4.1882e-05 
  4.4069e-05  -9.8283e+00   3.6139e+00 

########################
# 00000054
########################
RSS 43254.58664409605
BP 0:
a0:   3.8423e+00   e0:  -2.1570e+00   b0:   1.0414e+03   
P: 
  4.4321e+00   3.9406e+00   9.4515e+00   4.3660e+00  -1.5045e+00 
 -2.2696e+00  -6.5437e-01  -8.5167e-01   2.3071e+00  -1.5222e-01 
 -1.4149e+00   2.1633e+00   1.5323e+00   7.6995e-01  -5.3770e-01 
 -1.0658e+00   9.8419e-01  -1.5749e-01  -3.5414e-02  -1.9494e+00 
  3.0356e+01   2.4336e+01   3.4958e+01   1.6230e+01   1.7858e+01 
  7.6644e+00   1.2400e+00   4.4252e-01   1.0904e-01   2.0054e-02 
  2.2962e-03   2.5583e-03   1.0877e-03   7.9882e-05   4.1882e-05 
  4.4069e-05  -7.0316e+00   3.0344e+00 

########################
# 00000055
########################
RSS 43707.263453169406
BP 0:
a0:   3.7283e+00   e0:  -9.1770e-01   b0:   8.9094e+02   
P: 
  4.4859e+00   3.2362e+00   1.9442e+00  -4.2145e+00  -3.7351e+00 
 -1.2333e+00  -3.1923e+00  -5.1140e-01   1.1988e+00  -3.2788e-01 
  4.0544e-01  -4.7872e-01   5.0715e-01   1.4414e+00  -1.5092e+00 
  6.5527e-01   1.8950e-02  -5.3104e-02   3.4596e-03  -1.9494e+00 
  3.0356e+01   2.4336e+01   3.4958e+01   1.6230e+01   1.7858e+01 
  7.6644e+00   1.2400e+00   4.4252e-01   1.0904e-01   2.0054e-02 
  2.2962e-03   2.5583e-03   1.0877e-03   7.9882e-05   4.1882e-05 
  4.4069e-05  -9.3822e+00   3.1015e+00 

########################
# 00000056
########################
RSS 44110.555699659635
BP 0:
a0:   3.8473e+00   e0:  -4.2322e-01   b0:   3.2826e+02   
P: 
  4.8090e+00   2.5389e+00  -9.7408e-01  -8.0737e+00  -4.2684e+00 
 -5.7266e-01  -1.9180e+00  -1.8765e+00  -1.5216e-01  -5.3040e-01 
  1.0774e+00  -4.0126e-01   9.6018e-01   1.4880e+00  -7.2488e-01 
 -8.4817e-02  -2.8649e-01  -9.2341e-02   1.4787e-01  -1.9494e+00 
  3.0356e+01   2.4336e+01   3.4958e+01   1.6230e+01   1.7858e+01 
  7.6644e+00   1.2400e+00   4.4252e-01   1.0904e-01   2.0054e-02 
  2.2962e-03   2.5583e-03   1.0877e-03   7.9882e-05   4.1882e-05 
  4.4069e-05  -9.0826e+00   3.0173e+00 

########################
# 00000057
########################
RSS 45281.83367700147
BP 0:
a0:   4.0993e+00   e0:  -2.0109e+00   b0:   6.5780e+02   
P: 
  3.6323e+00   4.0807e+00   6.8429e+00  -8.2425e+00  -4.0723e+00 
 -7.0947e-01  -3.1092e+00  -1.3987e+00   1.0470e+00  -3.8727e-01 
 -1.4377e-01   1.3691e+00   1.1248e-01   1.8367e+00   1.8686e-01 
  2.6875e-01  -4.7618e-01  -4.6695e-02   8.7801e-02  -1.9494e+00 
  3.0356e+01   2.4336e+01   3.4958e+01   1.6230e+01   1.7858e+01 
  7.6644e+00   1.2400e+00   4.4252e-01   1.0904e-01   2.0054e-02 
  2.2962e-03   2.5583e-03   1.0877e-03   7.9882e-05   4.1882e-05 
  4.4069e-05  -8.2699e+00   3.6087e+00 

########################
# 00000058
########################
RSS 48077.412789097805
BP 0:
a0:   5.8028e+00   e0:  -1.0707e-01   b0:  -1.6946e+01   
P: 
  3.4967e+00   2.9478e+00   1.9272e+00  -1.4432e+00  -4.5018e+00 
  1.6560e-01  -3.7022e+00  -1.0460e+00   4.1994e-01  -1.2062e-01 
 -4.5393e-01  -8.0686e-02   3.5828e-01   1.0226e+00  -1.3176e+00 
  4.3555e-01  -1.7532e-02  -7.4795e-02   4.1098e-02  -1.9494e+00 
  3.0356e+01   2.4336e+01   3.4958e+01   1.6230e+01   1.7858e+01 
  7.6644e+00   1.2400e+00   4.4252e-01   1.0904e-01   2.0054e-02 
  2.2962e-03   2.5583e-03   1.0877e-03   7.9882e-05   4.1882e-05 
  4.4069e-05  -8.8157e+00   3.7043e+00 

########################
# 00000059
########################
RSS 48461.072257012296
BP 0:
a0:   3.9064e+00   e0:  -7.1751e+00   b0:   1.1332e+03   
P: 
  3.3633e+00   1.6395e+00   1.4508e+01  -2.0801e+00  -2.7608e+00 
 -1.4967e-01  -9.8005e-01  -4.1763e-02   1.2795e+00   5.5494e-01 
  6.5008e-02  -1.6225e-01   1.3740e-01   3.9712e+00  -1.6119e+00 
  1.2398e+00  -5.5160e-01   2.4555e-03   1.1837e-02  -1.9494e+00 
  3.0356e+01   2.4336e+01   3.4958e+01   1.6230e+01   1.7858e+01 
  7.6644e+00   1.2400e+00   4.4252e-01   1.0904e-01   2.0054e-02 
  2.2962e-03   2.5583e-03   1.0877e-03   7.9882e-05   4.1882e-05 
  4.4069e-05  -9.4055e+00   3.7771e+00 

########################
# 00000060
########################
RSS 49922.54998785777
BP 0:
a0:   4.0132e+00   e0:  -7.4396e+00   b0:   1.3164e+03   
P: 
  2.5497e+00   1.4864e+00   5.1173e+00  -3.0082e+00  -2.3949e+00 
 -1.4509e+00  -1.4764e+00  -9.1628e-01   1.4760e+00  -3.8121e-01 
 -3.9023e-01  -1.1469e-01   6.3456e-01   3.8178e+00  -1.0078e-01 
 -3.8108e-02  -4.4275e-01   6.9008e-02   1.8721e-02  -1.9494e+00 
  3.0356e+01   2.4336e+01   3.4958e+01   1.6230e+01   1.7858e+01 
  7.6644e+00   1.2400e+00   4.4252e-01   1.0904e-01   2.0054e-02 
  2.2962e-03   2.5583e-03   1.0877e-03   7.9882e-05   4.1882e-05 
  4.4069e-05  -1.0033e+01   4.0255e+00 

########################
# 00000061
########################
RSS 54905.28485481763
BP 0:
a0:   3.6908e+00   e0:  -8.7311e+00   b0:   2.8375e+02   
P: 
  3.0098e+00   2.6485e+00   8.6222e+00  -7.7456e+00  -6.4898e+00 
 -5.0747e-01  -1.8506e+00  -6.6878e-01   1.1365e-02  -2.9021e-01 
 -5.5120e-02   1.7616e-02   1.2372e+00   6.4810e-01  -5.0306e-02 
  1.1830e+00  -9.3278e-01  -1.4324e-01   1.6749e-01  -1.9494e+00 
  3.0356e+01   2.4336e+01   3.4958e+01   1.6230e+01   1.7858e+01 
  7.6644e+00   1.2400e+00   4.4252e-01   1.0904e-01   2.0054e-02 
  2.2962e-03   2.5583e-03   1.0877e-03   7.9882e-05   4.1882e-05 
  4.4069e-05  -8.1404e+00   3.4937e+00 

########################
# 00000062
########################
RSS 55069.60922866323
BP 0:
a0:   3.6785e+00   e0:   7.6531e-03   b0:   3.6477e+02   
P: 
  2.9314e+00   1.7517e+00  -9.3741e-01   2.0914e+00  -2.9363e+00 
 -4.3606e-01  -1.2811e+00  -1.6952e+00   7.0418e-01   4.9861e-02 
  3.1626e-02   7.0910e-02   5.9648e-01   2.2895e+00  -1.7765e+00 
 -5.8202e-01   3.0757e-01  -1.8908e-02   4.5892e-02  -1.9494e+00 
  3.0356e+01   2.4336e+01   3.4958e+01   1.6230e+01   1.7858e+01 
  7.6644e+00   1.2400e+00   4.4252e-01   1.0904e-01   2.0054e-02 
  2.2962e-03   2.5583e-03   1.0877e-03   7.9882e-05   4.1882e-05 
  4.4069e-05  -9.1068e+00   4.1226e+00 

########################
# 00000063
########################
RSS 55876.33916207672
BP 0:
a0:   3.6852e+00   e0:  -8.4400e+00   b0:   7.0917e+02   
P: 
  3.7775e+00   3.1359e+00  -2.3708e+00  -9.6510e+00  -3.8654e+00 
  8.5430e-02  -3.2442e+00  -1.0808e+00   7.4927e-01  -7.3886e-01 
 -6.9790e-01   9.2086e-01   6.6647e-01   2.0183e+00  -1.6122e+00 
  6.3288e-01  -1.5457e-02  -9.0948e-02   1.7639e-02  -1.9494e+00 
  3.0356e+01   2.4336e+01   3.4958e+01   1.6230e+01   1.7858e+01 
  7.6644e+00   1.2400e+00   4.4252e-01   1.0904e-01   2.0054e-02 
  2.2962e-03   2.5583e-03   1.0877e-03   7.9882e-05   4.1882e-05 
  4.4069e-05  -9.5122e+00   2.9540e+00 

########################
# 00000064
########################
RSS 56503.640816606836
BP 0:
a0:   4.5765e+00   e0:   2.2662e-01   b0:  -1.3782e+01   
P: 
  3.5018e+00   2.4990e+00   1.2961e+01  -3.6688e+00  -4.3470e+00 
 -1.4371e+00  -3.2320e+00  -2.1953e+00   1.3832e+00   2.1485e-01 
 -7.7030e-02  -4.9925e-01   1.3610e+00   4.3476e-01  -7.2114e-01 
 -2.8273e-01  -4.1046e-02   3.4446e-02   4.5872e-02  -1.9494e+00 
  3.0356e+01   2.4336e+01   3.4958e+01   1.6230e+01   1.7858e+01 
  7.6644e+00   1.2400e+00   4.4252e-01   1.0904e-01   2.0054e-02 
  2.2962e-03   2.5583e-03   1.0877e-03   7.9882e-05   4.1882e-05 
  4.4069e-05  -8.6932e+00   3.6731e+00 

########################
# 00000065
########################
RSS 58481.652261385694
BP 0:
a0:   3.8174e+00   e0:  -3.0833e-01   b0:   9.2390e+02   
P: 
  3.4842e+00   3.1541e+00   8.3434e+00   1.6932e+00  -3.0519e+00 
 -1.5806e+00  -9.2191e-01  -2.1948e+00   2.8780e-01   9.1365e-02 
 -9.9854e-01   1.3743e+00   1.5360e+00   2.5458e+00  -1.1947e+00 
 -1.2436e+00   3.9369e-01  -1.5570e-01   1.4213e-01  -1.9494e+00 
  3.0356e+01   2.4336e+01   3.4958e+01   1.6230e+01   1.7858e+01 
  7.6644e+00   1.2400e+00   4.4252e-01   1.0904e-01   2.0054e-02 
  2.2962e-03   2.5583e-03   1.0877e-03   7.9882e-05   4.1882e-05 
  4.4069e-05  -8.7471e+00   3.5054e+00 

########################
# 00000066
########################
RSS 58733.21235439772
BP 0:
a0:   4.0975e+00   e0:  -2.0067e+00   b0:   6.4764e+02   
P: 
  4.5348e+00   3.7727e+00   1.1659e+01  -6.5482e+00  -5.7073e+00 
 -4.9672e-01  -1.8594e+00  -1.0727e+00   1.5784e+00  -9.3640e-02 
 -1.9005e-01   9.4290e-01   4.2621e-01   1.8053e+00  -2.3631e-02 
  8.3155e-01  -5.0911e-01  -1.4592e-01   1.0341e-01  -1.9494e+00 
  3.0356e+01   2.4336e+01   3.4958e+01   1.6230e+01   1.7858e+01 
  7.6644e+00   1.2400e+00   4.4252e-01   1.0904e-01   2.0054e-02 
  2.2962e-03   2.5583e-03   1.0877e-03   7.9882e-05   4.1882e-05 
  4.4069e-05  -9.1412e+00   3.3166e+00 

########################
# 00000067
########################
RSS 58991.847670151146
BP 0:
a0:   3.8532e+00   e0:   9.3302e-02   b0:   5.5067e+02   
P: 
  4.7345e+00   2.9452e+00   4.9372e+00  -6.1793e+00  -5.1794e+00 
 -1.0084e+00  -3.6854e+00  -1.9695e+00   9.0850e-01  -3.3035e-01 
 -7.1890e-01   2.2901e-01  -1.0161e-01   1.2156e+00  -8.3458e-01 
  7.2925e-01  -3.3813e-01  -2.2435e-03   3.2454e-02  -1.9494e+00 
  3.0356e+01   2.4336e+01   3.4958e+01   1.6230e+01   1.7858e+01 
  7.6644e+00   1.2400e+00   4.4252e-01   1.0904e-01   2.0054e-02 
  2.2962e-03   2.5583e-03   1.0877e-03   7.9882e-05   4.1882e-05 
  4.4069e-05  -8.2405e+00   3.7248e+00 

########################
# 00000068
########################
RSS 61194.710058814795
BP 0:
a0:   2.2425e+00   e0:  -7.4519e+00   b0:  -1.6321e+01   
P: 
  4.8431e+00   3.8025e+00   1.1079e+01  -3.9145e+00  -5.7692e+00 
 -6.6741e-01  -3.6170e+00  -7.2363e-01   1.5115e+00  -7.5873e-01 
  8.0493e-01   8.8908e-01   1.3708e+00   9.0617e-01  -6.4712e-01 
 -4.3736e-01  -7.2224e-02  -1.4328e-01   1.5363e-01  -1.9494e+00 
  3.0356e+01   2.4336e+01   3.4958e+01   1.6230e+01   1.7858e+01 
  7.6644e+00   1.2400e+00   4.4252e-01   1.0904e-01   2.0054e-02 
  2.2962e-03   2.5583e-03   1.0877e-03   7.9882e-05   4.1882e-05 
  4.4069e-05  -9.2354e+00   3.5126e+00 

########################
# 00000069
########################
RSS 61600.17954662847
BP 0:
a0:   4.0948e+00   e0:  -5.4340e-01   b0:   4.0077e+02   
P: 
  4.3190e+00   3.0826e+00  -4.8536e-01  -3.6965e+00  -3.2154e+00 
 -8.5581e-01  -2.8390e+00  -5.7386e-01   1.3766e+00   4.2524e-01 
 -3.6074e-01   1.1840e-01   1.4352e+00   4.8218e-01   1.1208e-01 
  3.0625e-01  -2.7674e-01  -9.1782e-02   7.9298e-02  -1.9494e+00 
  3.0356e+01   2.4336e+01   3.4958e+01   1.6230e+01   1.7858e+01 
  7.6644e+00   1.2400e+00   4.4252e-01   1.0904e-01   2.0054e-02 
  2.2962e-03   2.5583e-03   1.0877e-03   7.9882e-05   4.1882e-05 
  4.4069e-05  -7.8351e+00   3.3163e+00 

########################
# 00000070
########################
RSS 62273.863740285145
BP 0:
a0:   3.7510e+00   e0:  -9.0205e+00   b0:   7.0407e+02   
P: 
  2.9055e+00   2.3345e+00   1.2261e+01  -4.6045e+00  -3.3609e+00 
 -2.2246e-01  -3.3043e+00  -8.1197e-01   1.3491e+00   6.8172e-01 
  7.9188e-01   1.0133e+00  -2.2070e-02   1.9064e+00   2.2672e-02 
 -3.9152e-01  -1.0674e-01  -3.7496e-02   4.8252e-02  -1.9494e+00 
  3.0356e+01   2.4336e+01   3.4958e+01   1.6230e+01   1.7858e+01 
  7.6644e+00   1.2400e+00   4.4252e-01   1.0904e-01   2.0054e-02 
  2.2962e-03   2.5583e-03   1.0877e-03   7.9882e-05   4.1882e-05 
  4.4069e-05  -7.8842e+00   3.7205e+00 

########################
# 00000071
########################
RSS 62766.09597309234
BP 0:
a0:   3.9763e+00   e0:  -1.1681e+00   b0:   9.5528e+02   
P: 
  3.1326e+00   2.8749e+00  -1.0307e-02  -3.9286e+00  -4.6778e+00 
 -8.7367e-01  -1.9608e+00  -1.8065e+00   6.6555e-01   6.0050e-01 
 -4.8704e-01   6.5597e-01   9.9183e-01   1.1410e+00  -1.6445e-01 
  3.1757e-03   1.6936e-01  -1.0835e-01   1.1837e-02  -1.9494e+00 
  3.0356e+01   2.4336e+01   3.4958e+01   1.6230e+01   1.7858e+01 
  7.6644e+00   1.2400e+00   4.4252e-01   1.0904e-01   2.0054e-02 
  2.2962e-03   2.5583e-03   1.0877e-03   7.9882e-05   4.1882e-05 
  4.4069e-05  -8.7230e+00   2.9366e+00 

########################
# 00000072
########################
RSS 63041.16130191467
BP 0:
a0:   3.4619e+00   e0:  -8.5368e+00   b0:   4.3681e+02   
P: 
  3.3213e+00   3.0776e+00   3.3677e+00  -5.6876e+00  -5.9405e+00 
  1.8349e-01  -3.1279e+00  -1.0860e+00   1.0384e+00   1.5335e-01 
  4.3497e-01   1.2101e+00   7.9182e-01   7.8225e-01  -1.3849e+00 
  2.2941e-01   2.8431e-01  -1.3617e-01   1.9504e-02  -1.9494e+00 
  3.0356e+01   2.4336e+01   3.4958e+01   1.6230e+01   1.7858e+01 
  7.6644e+00   1.2400e+00   4.4252e-01   1.0904e-01   2.0054e-02 
  2.2962e-03   2.5583e-03   1.0877e-03   7.9882e-05   4.1882e-05 
  4.4069e-05  -8.1356e+00   3.7970e+00 

########################
# 00000073
########################
RSS 63540.3165110862
BP 0:
a0:   3.7116e+00   e0:   4.4910e-01   b0:   3.5649e+02   
P: 
  4.8347e+00   3.5990e+00   3.9112e+00  -9.5188e+00  -4.9975e+00 
 -1.3984e+00  -3.5158e+00  -7.7851e-01   1.6701e+00   1.9723e-02 
  8.1415e-01   8.0830e-01  -7.8524e-02   1.8817e+00  -6.1962e-01 
 -7.3477e-01  -9.6480e-02  -2.5597e-02   1.2447e-01  -1.9494e+00 
  3.0356e+01   2.4336e+01   3.4958e+01   1.6230e+01   1.7858e+01 
  7.6644e+00   1.2400e+00   4.4252e-01   1.0904e-01   2.0054e-02 
  2.2962e-03   2.5583e-03   1.0877e-03   7.9882e-05   4.1882e-05 
  4.4069e-05  -7.9215e+00   3.3222e+00 

########################
# 00000074
########################
RSS 64009.37078109965
BP 0:
a0:   4.0338e+00   e0:  -8.8740e+00   b0:   5.7107e+02   
P: 
  3.4472e+00   3.9213e+00   7.9200e+00  -1.4693e+00  -4.8473e+00 
 -1.1854e+00  -2.9888e+00  -5.8593e-01   4.3161e-01  -4.4268e-01 
  5.4202e-01   9.5055e-01   1.0946e+00   1.5548e+00   1.3640e-02 
  8.7319e-01  -5.3264e-01  -1.0374e-01   6.3383e-02  -1.9494e+00 
  3.0356e+01   2.4336e+01   3.4958e+01   1.6230e+01   1.7858e+01 
  7.6644e+00   1.2400e+00   4.4252e-01   1.0904e-01   2.0054e-02 
  2.2962e-03   2.5583e-03   1.0877e-03   7.9882e-05   4.1882e-05 
  4.4069e-05  -8.1703e+00   2.9202e+00 

########################
# 00000075
########################
RSS 64761.050141910026
BP 0:
a0:   3.8107e+00   e0:  -8.9906e+00   b0:   9.0173e+02   
P: 
  4.2020e+00   1.4371e+00   1.1727e+01  -2.7557e+00   1.4706e-01 
  3.8546e-01  -1.0301e+00  -1.4516e+00   1.1051e+00  -2.0060e-01 
  6.5608e-01   8.2302e-01  -5.7737e-01   2.6028e+00  -6.3832e-01 
  4.5519e-01  -2.0729e-01  -6.5734e-02   2.1740e-02  -1.9494e+00 
  3.0356e+01   2.4336e+01   3.4958e+01   1.6230e+01   1.7858e+01 
  7.6644e+00   1.2400e+00   4.4252e-01   1.0904e-01   2.0054e-02 
  2.2962e-03   2.5583e-03   1.0877e-03   7.9882e-05   4.1882e-05 
  4.4069e-05  -9.9543e+00   4.1238e+00 

########################
# 00000076
########################
RSS 64981.22045078486
BP 0:
a0:   3.6776e+00   e0:  -9.1146e+00   b0:   4.5295e+02   
P: 
  3.7000e+00   3.3303e+00  -4.8265e-01  -8.2914e+00  -6.2841e+00 
 -8.9572e-01  -2.1354e+00  -1.4260e+00   4.9075e-01   4.5301e-01 
 -1.3026e-01   1.3966e+00   1.0030e+00   3.3542e-01   9.6703e-02 
  9.8884e-01  -9.0017e-01  -3.2169e-02   1.1224e-01  -1.9494e+00 
  3.0356e+01   2.4336e+01   3.4958e+01   1.6230e+01   1.7858e+01 
  7.6644e+00   1.2400e+00   4.4252e-01   1.0904e-01   2.0054e-02 
  2.2962e-03   2.5583e-03   1.0877e-03   7.9882e-05   4.1882e-05 
  4.4069e-05  -9.3790e+00   3.1944e+00 

########################
# 00000077
########################
RSS 67299.02410539819
BP 0:
a0:   3.7781e+00   e0:   2.8317e-01   b0:   7.4793e+02   
P: 
  4.0275e+00   2.2782e+00   7.5497e+00  -5.4563e+00  -4.7412e+00 
 -1.2505e+00  -3.3779e+00  -5.5885e-01   1.4784e+00   6.4196e-02 
  1.0082e+00  -1.1756e-01   1.3707e+00   1.1359e+00  -7.7432e-01 
  3.1074e-01  -4.9482e-01   1.8378e-02   9.9231e-02  -1.9494e+00 
  3.0356e+01   2.4336e+01   3.4958e+01   1.6230e+01   1.7858e+01 
  7.6644e+00   1.2400e+00   4.4252e-01   1.0904e-01   2.0054e-02 
  2.2962e-03   2.5583e-03   1.0877e-03   7.9882e-05   4.1882e-05 
  4.4069e-05  -8.7341e+00   3.0136e+00 

########################
# 00000078
########################
RSS 70661.40399553652
BP 0:
a0:   3.9476e+00   e0:  -7.9035e-01   b0:   1.0850e+03   
P: 
  3.3689e+00   2.3777e+00   1.1221e+01  -3.3438e+00  -3.0347e+00 
 -3.5045e-01  -2.1208e+00  -2.8266e-01   2.5178e-01   1.1867e-01 
 -4.1094e-01   1.2362e+00  -7.1790e-01   3.5146e+00  -1.1982e+00 
  1.0866e+00  -7.3773e-01  -3.9728e-02   1.0378e-01  -1.9494e+00 
  3.0356e+01   2.4336e+01   3.4958e+01   1.6230e+01   1.7858e+01 
  7.6644e+00   1.2400e+00   4.4252e-01   1.0904e-01   2.0054e-02 
  2.2962e-03   2.5583e-03   1.0877e-03   7.9882e-05   4.1882e-05 
  4.4069e-05  -9.2972e+00   4.3417e+00 

########################
# 00000079
########################
RSS 71881.82587845183
BP 0:
a0:   3.8034e+00   e0:   1.6103e-01   b0:   1.1717e+03   
P: 
  4.4134e+00   3.7116e+00  -3.4086e+00  -4.3490e+00  -4.9722e+00 
 -4.5443e-01  -3.1244e+00  -2.0117e+00   1.0991e+00  -1.1582e-01 
  2.0014e-01   2.8162e-01   7.6334e-01   2.2663e+00  -1.0726e+00 
  2.2748e-01  -4.0016e-01  -1.3595e-03   9.5393e-02  -1.9494e+00 
  3.0356e+01   2.4336e+01   3.4958e+01   1.6230e+01   1.7858e+01 
  7.6644e+00   1.2400e+00   4.4252e-01   1.0904e-01   2.0054e-02 
  2.2962e-03   2.5583e-03   1.0877e-03   7.9882e-05   4.1882e-05 
  4.4069e-05  -8.8389e+00   3.1809e+00 

########################
# 00000080
########################
RSS 71902.4106551757
BP 0:
a0:   3.8682e+00   e0:   2.0471e-01   b0:   9.1639e+02   
P: 
  3.5529e+00   2.8840e+00   2.2828e+00  -7.6942e+00  -2.9227e+00 
 -7.4924e-02  -2.7140e+00  -2.2823e+00   1.4462e+00  -4.2086e-01 
  6.3311e-01   1.3099e-01   1.0882e+00   8.8915e-01  -1.7798e-01 
 -2.4834e-01  -2.7968e-02  -4.6640e-03   3.2438e-02  -1.9494e+00 
  3.0356e+01   2.4336e+01   3.4958e+01   1.6230e+01   1.7858e+01 
  7.6644e+00   1.2400e+00   4.4252e-01   1.0904e-01   2.0054e-02 
  2.2962e-03   2.5583e-03   1.0877e-03   7.9882e-05   4.1882e-05 
  4.4069e-05  -7.8026e+00   2.9811e+00 

########################
# 00000081
########################
RSS 72442.46785794283
BP 0:
a0:   3.6980e+00   e0:  -9.3777e+00   b0:   5.8109e+02   
P: 
  3.9890e+00   1.6917e+00   7.6862e+00   3.2495e+00  -2.7482e+00 
  3.7221e-01  -1.5084e+00  -7.2950e-01   1.7113e+00   4.3986e-01 
  3.5021e-01  -2.1738e-01   6.2279e-02   2.4887e+00  -9.4372e-01 
  1.0084e+00  -7.3202e-01  -5.3498e-02   1.0052e-01  -1.9494e+00 
  3.0356e+01   2.4336e+01   3.4958e+01   1.6230e+01   1.7858e+01 
  7.6644e+00   1.2400e+00   4.4252e-01   1.0904e-01   2.0054e-02 
  2.2962e-03   2.5583e-03   1.0877e-03   7.9882e-05   4.1882e-05 
  4.4069e-05  -9.5485e+00   4.5339e+00 

########################
# 00000082
########################
RSS 76282.54628211529
BP 0:
a0:   3.3938e+00   e0:   8.0424e-01   b0:   1.3183e+02   
P: 
  4.2999e+00   3.3507e+00   1.0411e+00  -7.3710e+00  -6.0805e+00 
 -3.4666e-01  -2.6816e+00  -1.9896e+00   1.3212e+00   1.7637e-01 
  1.8445e-01  -4.7807e-02   1.2307e+00   1.5528e+00  -1.6772e+00 
 -7.5884e-01   3.1888e-01  -6.2410e-03   6.0710e-02  -1.9494e+00 
  3.0356e+01   2.4336e+01   3.4958e+01   1.6230e+01   1.7858e+01 
  7.6644e+00   1.2400e+00   4.4252e-01   1.0904e-01   2.0054e-02 
  2.2962e-03   2.5583e-03   1.0877e-03   7.9882e-05   4.1882e-05 
  4.4069e-05  -8.3827e+00   2.8428e+00 

########################
# 00000083
########################
RSS 76360.6170200177
BP 0:
a0:   3.7930e+00   e0:   5.6658e-01   b0:   8.3610e+02   
P: 
  2.9064e+00   3.8026e+00   1.1282e+01  -3.7839e+00  -3.3444e+00 
  1.2120e-01  -1.8079e+00  -8.2590e-01   1.1242e-02  -8.1659e-01 
  9.6568e-02   1.2170e+00  -2.9197e-01   1.5301e+00  -9.9034e-01 
 -5.1579e-02   2.1245e-01  -6.0221e-02   1.4794e-02  -1.9494e+00 
  3.0356e+01   2.4336e+01   3.4958e+01   1.6230e+01   1.7858e+01 
  7.6644e+00   1.2400e+00   4.4252e-01   1.0904e-01   2.0054e-02 
  2.2962e-03   2.5583e-03   1.0877e-03   7.9882e-05   4.1882e-05 
  4.4069e-05  -7.7698e+00   3.2146e+00 

########################
# 00000084
########################
RSS 76574.52466875629
BP 0:
a0:   3.7539e+00   e0:   1.9266e-01   b0:   1.0314e+03   
P: 
  4.2564e+00   2.4121e+00  -5.4478e+00  -7.6113e+00  -6.3633e+00 
 -1.0410e+00  -3.2267e+00  -1.3208e+00   8.7332e-01   5.5086e-01 
  8.2971e-01   1.3049e+00   6.2964e-01   1.0766e+00  -8.2411e-01 
 -6.8024e-01   5.2209e-01  -8.5814e-02   1.4445e-02  -1.9494e+00 
  3.0356e+01   2.4336e+01   3.4958e+01   1.6230e+01   1.7858e+01 
  7.6644e+00   1.2400e+00   4.4252e-01   1.0904e-01   2.0054e-02 
  2.2962e-03   2.5583e-03   1.0877e-03   7.9882e-05   4.1882e-05 
  4.4069e-05  -8.4131e+00   3.4411e+00 

########################
# 00000085
########################
RSS 77248.14960882164
BP 0:
a0:   3.8856e+00   e0:  -6.9895e+00   b0:   1.0970e+03   
P: 
  1.0017e+01   4.0074e+00   5.0233e+01  -3.5225e+01  -4.7609e+00 
  6.8993e+00  -2.2250e+00   8.9597e-01  -6.9301e-01  -1.4908e+00 
  3.4890e+00   2.6217e+00   3.9474e+00  -5.1864e+00   2.1819e+00 
  4.1653e+00  -2.5606e+00   3.8432e-01  -7.8094e-02  -1.9494e+00 
  3.0356e+01   2.4336e+01   3.4958e+01   1.6230e+01   1.7858e+01 
  7.6644e+00   1.2400e+00   4.4252e-01   1.0904e-01   2.0054e-02 
  2.2962e-03   2.5583e-03   1.0877e-03   7.9882e-05   4.1882e-05 
  4.4069e-05  -1.2681e+01   2.4138e+00 

########################
# 00000086
########################
RSS 77297.69708625285
BP 0:
a0:   3.8156e+00   e0:  -1.4848e+00   b0:   1.4416e+03   
P: 
  4.2489e+00   2.9701e+00  -6.9754e-01  -6.7750e+00  -2.7406e+00 
 -9.3794e-01  -3.0233e+00  -1.2888e+00   1.1292e+00  -1.7320e-01 
  4.1515e-01   1.3025e+00   1.3832e+00   2.0647e+00  -1.7285e+00 
  3.7359e-01   2.0571e-01  -1.0653e-01   1.4360e-02  -1.9494e+00 
  3.0356e+01   2.4336e+01   3.4958e+01   1.6230e+01   1.7858e+01 
  7.6644e+00   1.2400e+00   4.4252e-01   1.0904e-01   2.0054e-02 
  2.2962e-03   2.5583e-03   1.0877e-03   7.9882e-05   4.1882e-05 
  4.4069e-05  -8.2955e+00   2.8586e+00 

########################
# 00000087
########################
RSS 77307.68323374982
BP 0:
a0:   3.7758e+00   e0:   4.7865e-01   b0:   8.7687e+02   
P: 
  3.0228e+00   2.9532e+00   3.5254e+00  -4.0701e+00  -5.2648e+00 
 -9.0538e-01  -2.1565e+00  -1.1961e+00   6.6026e-01   9.0630e-01 
 -3.4229e-01  -3.8387e-01   3.2744e-01   1.7128e+00  -1.5014e+00 
  6.5110e-01  -1.4562e-02  -9.4371e-02   3.5833e-02  -1.9494e+00 
  3.0356e+01   2.4336e+01   3.4958e+01   1.6230e+01   1.7858e+01 
  7.6644e+00   1.2400e+00   4.4252e-01   1.0904e-01   2.0054e-02 
  2.2962e-03   2.5583e-03   1.0877e-03   7.9882e-05   4.1882e-05 
  4.4069e-05  -8.8094e+00   3.0743e+00 

########################
# 00000088
########################
RSS 77477.51843738367
BP 0:
a0:   3.9167e+00   e0:   4.6577e-01   b0:   7.0848e+02   
P: 
  3.4930e+00   2.3931e+00   1.0067e+01  -9.1772e+00  -2.9272e+00 
 -1.1135e+00  -2.8539e+00  -2.3550e+00   1.5819e+00  -8.4837e-01 
  1.1486e+00  -5.1756e-01   1.0932e+00   1.6394e+00  -6.0540e-01 
  1.0127e+00  -9.5951e-01  -1.0533e-01   2.0193e-01  -1.9494e+00 
  3.0356e+01   2.4336e+01   3.4958e+01   1.6230e+01   1.7858e+01 
  7.6644e+00   1.2400e+00   4.4252e-01   1.0904e-01   2.0054e-02 
  2.2962e-03   2.5583e-03   1.0877e-03   7.9882e-05   4.1882e-05 
  4.4069e-05  -8.7192e+00   3.5668e+00 

########################
# 00000089
########################
RSS 81160.95960059356
BP 0:
a0:   3.8108e+00   e0:  -9.5581e+00   b0:   9.7255e+02   
P: 
  3.4009e+00   3.0261e+00   3.5148e+00  -6.4498e+00  -4.6843e+00 
  1.8105e-01  -3.1575e+00  -9.5746e-01   9.8710e-02  -8.9709e-01 
  3.1533e-01  -4.5669e-01   1.2334e+00   1.7437e+00  -8.5327e-01 
  1.1575e+00  -4.3364e-01  -6.4961e-02   1.7525e-02  -1.9494e+00 
  3.0356e+01   2.4336e+01   3.4958e+01   1.6230e+01   1.7858e+01 
  7.6644e+00   1.2400e+00   4.4252e-01   1.0904e-01   2.0054e-02 
  2.2962e-03   2.5583e-03   1.0877e-03   7.9882e-05   4.1882e-05 
  4.4069e-05  -9.0156e+00   3.4675e+00 

########################
# 00000090
########################
RSS 81447.43903851447
BP 0:
a0:   2.3392e+00   e0:   7.6955e-01   b0:  -1.5783e+01   
P: 
  4.6068e+00   3.5854e+00   3.2152e+00  -8.9013e+00  -4.0258e+00 
 -5.9324e-01  -2.9067e+00  -6.7957e-01   1.0169e+00   4.9316e-01 
 -6.7445e-01   1.2203e+00   1.2177e+00   9.9999e-01  -1.0364e+00 
 -3.0288e-01  -3.8630e-01  -4.5076e-02   1.9259e-01  -1.9494e+00 
  3.0356e+01   2.4336e+01   3.4958e+01   1.6230e+01   1.7858e+01 
  7.6644e+00   1.2400e+00   4.4252e-01   1.0904e-01   2.0054e-02 
  2.2962e-03   2.5583e-03   1.0877e-03   7.9882e-05   4.1882e-05 
  4.4069e-05  -8.7296e+00   3.3169e+00 

########################
# 00000091
########################
RSS 83564.52657045303
BP 0:
a0:   3.3008e+00   e0:   1.1933e+00   b0:   1.0355e+02   
P: 
  4.7300e+00   3.5386e+00   2.9945e+00  -6.5352e+00  -2.9938e+00 
 -5.1277e-01  -3.3338e+00  -1.3267e+00   6.1775e-01  -5.0632e-01 
  1.3890e-01   6.7932e-01   4.6365e-02   1.3785e+00  -1.5455e+00 
  1.0026e+00  -7.6961e-01  -4.6941e-02   1.7116e-01  -1.9494e+00 
  3.0356e+01   2.4336e+01   3.4958e+01   1.6230e+01   1.7858e+01 
  7.6644e+00   1.2400e+00   4.4252e-01   1.0904e-01   2.0054e-02 
  2.2962e-03   2.5583e-03   1.0877e-03   7.9882e-05   4.1882e-05 
  4.4069e-05  -8.7369e+00   3.7005e+00 

########################
# 00000092
########################
RSS 84124.49972884597
BP 0:
a0:   3.4089e+00   e0:  -9.6437e+00   b0:   2.6153e+02   
P: 
  3.5691e+00   2.4715e+00   1.3713e+01  -3.3651e+00  -4.5008e+00 
 -1.9136e-01  -3.7207e+00  -1.0995e+00   1.3145e+00   6.4222e-01 
  4.7122e-01   1.5887e-01   2.4897e-01   7.3366e-01  -8.0195e-01 
  4.9494e-01   7.5674e-02  -1.3187e-01   1.5525e-02  -1.9494e+00 
  3.0356e+01   2.4336e+01   3.4958e+01   1.6230e+01   1.7858e+01 
  7.6644e+00   1.2400e+00   4.4252e-01   1.0904e-01   2.0054e-02 
  2.2962e-03   2.5583e-03   1.0877e-03   7.9882e-05   4.1882e-05 
  4.4069e-05  -8.6782e+00   2.8189e+00 

########################
# 00000093
########################
RSS 85934.94012460698
BP 0:
a0:   3.9543e+00   e0:   4.6423e-01   b0:   7.8849e+02   
P: 
  2.8911e+00   2.6072e+00  -2.8423e+00  -4.8521e+00  -4.8114e+00 
 -1.4006e-01  -2.6348e+00  -2.0473e+00   5.7687e-01  -5.7529e-01 
 -6.5709e-02   8.0808e-03   7.2348e-01   4.1967e-01  -3.3632e-01 
  1.1393e+00  -4.1162e-01  -6.3512e-02   3.0700e-02  -1.9494e+00 
  3.0356e+01   2.4336e+01   3.4958e+01   1.6230e+01   1.7858e+01 
  7.6644e+00   1.2400e+00   4.4252e-01   1.0904e-01   2.0054e-02 
  2.2962e-03   2.5583e-03   1.0877e-03   7.9882e-05   4.1882e-05 
  4.4069e-05  -7.8317e+00   3.6896e+00 

########################
# 00000094
########################
RSS 86017.93530535257
BP 0:
a0:   3.9638e+00   e0:   1.3082e-01   b0:   1.1285e+03   
P: 
  4.7596e+00   2.6421e+00   1.1916e+01  -6.8544e+00  -6.1642e+00 
 -2.5475e-01  -2.3333e+00  -1.9889e+00   5.2502e-01  -4.6980e-01 
 -2.2683e-01  -2.7153e-01   7.0785e-01   1.2612e+00   1.0224e-03 
 -3.6272e-01   3.2687e-01  -1.1366e-01   9.6087e-03  -1.9494e+00 
  3.0356e+01   2.4336e+01   3.4958e+01   1.6230e+01   1.7858e+01 
  7.6644e+00   1.2400e+00   4.4252e-01   1.0904e-01   2.0054e-02 
  2.2962e-03   2.5583e-03   1.0877e-03   7.9882e-05   4.1882e-05 
  4.4069e-05  -9.2345e+00   3.0269e+00 

########################
# 00000095
########################
RSS 86030.31098304628
BP 0:
a0:   4.0757e+00   e0:  -5.5680e+00   b0:   1.0457e+03   
P: 
  2.4907e+00   2.9427e+00   8.6986e+00  -1.9283e+00  -5.9795e-01 
 -3.3245e-01  -8.4614e-01  -5.1899e-01   2.0675e+00   3.8474e-01 
  5.0467e-01   4.3015e-01   3.2505e-01   3.6160e+00  -4.2508e-01 
  4.5435e-01  -3.0784e-02  -8.2954e-02  -2.5596e-02  -1.9494e+00 
  3.0356e+01   2.4336e+01   3.4958e+01   1.6230e+01   1.7858e+01 
  7.6644e+00   1.2400e+00   4.4252e-01   1.0904e-01   2.0054e-02 
  2.2962e-03   2.5583e-03   1.0877e-03   7.9882e-05   4.1882e-05 
  4.4069e-05  -9.3999e+00   3.6355e+00 

########################
# 00000096
########################
RSS 88072.73073976047
BP 0:
a0:   3.6914e+00   e0:  -9.7906e+00   b0:   6.9526e+02   
P: 
  3.8688e+00   2.9418e+00   4.5709e+00  -8.7062e+00  -3.8350e+00 
 -9.9221e-01  -3.2904e+00  -1.6930e+00   1.5177e+00  -6.3780e-01 
 -1.6074e-01   4.6226e-01   6.2006e-01   1.8283e+00  -1.1506e+00 
  8.8916e-01  -3.7288e-01  -2.1692e-03   7.5012e-03  -1.9494e+00 
  3.0356e+01   2.4336e+01   3.4958e+01   1.6230e+01   1.7858e+01 
  7.6644e+00   1.2400e+00   4.4252e-01   1.0904e-01   2.0054e-02 
  2.2962e-03   2.5583e-03   1.0877e-03   7.9882e-05   4.1882e-05 
  4.4069e-05  -9.1343e+00   3.0877e+00 

########################
# 00000097
########################
RSS 92783.98299742115
BP 0:
a0:   3.6619e+00   e0:  -9.7037e+00   b0:   8.7927e+02   
P: 
  4.3035e+00   3.0727e+00  -1.0002e+00  -8.0148e+00  -5.1161e+00 
 -8.7074e-01  -3.4431e+00  -8.6065e-01   1.6916e+00   1.5488e-01 
  6.4800e-01   1.1887e+00   6.4157e-01   1.4419e+00  -9.4795e-01 
  3.9685e-01  -8.7254e-02  -4.0352e-02   7.0393e-03  -1.9494e+00 
  3.0356e+01   2.4336e+01   3.4958e+01   1.6230e+01   1.7858e+01 
  7.6644e+00   1.2400e+00   4.4252e-01   1.0904e-01   2.0054e-02 
  2.2962e-03   2.5583e-03   1.0877e-03   7.9882e-05   4.1882e-05 
  4.4069e-05  -9.4313e+00   2.7942e+00 

########################
# 00000098
########################
RSS 94303.04559689073
BP 0:
a0:   3.6940e+00   e0:  -9.9804e+00   b0:   6.5756e+02   
P: 
  3.4259e+00   3.1017e+00  -1.9825e+00  -1.5776e+00  -5.3977e+00 
 -1.5287e+00  -1.8777e+00  -1.6888e+00   1.3633e+00   3.0256e-01 
  7.3721e-01   5.3794e-01   1.9383e-01   1.5963e+00  -8.0178e-01 
  1.0887e+00  -5.0229e-01  -6.8935e-02   4.6134e-02  -1.9494e+00 
  3.0356e+01   2.4336e+01   3.4958e+01   1.6230e+01   1.7858e+01 
  7.6644e+00   1.2400e+00   4.4252e-01   1.0904e-01   2.0054e-02 
  2.2962e-03   2.5583e-03   1.0877e-03   7.9882e-05   4.1882e-05 
  4.4069e-05  -8.1977e+00   2.8800e+00 

########################
# 00000099
########################
RSS 94656.73114959126
BP 0:
a0:   3.8809e+00   e0:   9.5028e-01   b0:   8.2399e+02   
P: 
  4.8569e+00   2.4743e+00  -5.1682e+00  -6.0787e+00  -5.9399e+00 
 -1.2461e+00  -3.1196e+00  -2.2343e+00   7.9960e-01  -6.5391e-01 
  3.5627e-01   2.9333e-01   8.2261e-01   5.2952e-01  -4.9306e-01 
  6.7609e-01  -2.0756e-01  -1.2351e-01   6.9844e-02  -1.9494e+00 
  3.0356e+01   2.4336e+01   3.4958e+01   1.6230e+01   1.7858e+01 
  7.6644e+00   1.2400e+00   4.4252e-01   1.0904e-01   2.0054e-02 
  2.2962e-03   2.5583e-03   1.0877e-03   7.9882e-05   4.1882e-05 
  4.4069e-05  -8.8097e+00   3.8206e+00 

########################
# 00000100
########################
RSS 96601.49537254013
BP 0:
a0:   3.7948e+00   e0:   1.2495e+00   b0:   8.7575e+02   
P: 
  4.1290e+00   2.3223e+00  -3.3721e-01  -1.0190e+01  -3.4565e+00 
 -1.4171e+00  -2.6150e+00  -5.5281e-01   5.3933e-01   3.8817e-01 
  8.1539e-01   5.0978e-01   1.4481e+00   1.2757e+00  -5.4753e-01 
 -1.5083e-01  -4.7938e-01   3.2101e-02   1.2672e-01  -1.9494e+00 
  3.0356e+01   2.4336e+01   3.4958e+01   1.6230e+01   1.7858e+01 
  7.6644e+00   1.2400e+00   4.4252e-01   1.0904e-01   2.0054e-02 
  2.2962e-03   2.5583e-03   1.0877e-03   7.9882e-05   4.1882e-05 
  4.4069e-05  -9.4852e+00   3.0793e+00 

