#############################################################
#############################################################
CONFIG 1
#############################################################
#############################################################
file_type  STANDARD 
file_path  configs/crowdion.out 
file_part  0 
alat  9.27 
c         1 1 1  
uv_prim   1.0 0.0 0.223  
          0.0 0.653 0.0  
          0.223 0.0 1.0  
uv        1.0 0.0 0.223  
          0.0 0.653 0.0  
          0.223 0.0 1.0  
stress    0.0 0.0 0.0  
          0.0 0.0 0.0  
          0.0 0.0 0.0  
energy    -129.04056 
epa       -3.91032 
rcut      6.5 
rverlet   6.5 
e         1 
f         0 
s         0 

COORDS PRIM (33)
PD  0.25  0.25  0.25  
PD  -0.005857957  -0.005857957  -0.005857957  
PD  -0.066486753  0.25  0.25  
PD  0.25  -0.066486753  0.25  
PD  0.25  0.25  -0.066486753  
PD  -0.005857957  -0.005857957  0.505857957  
PD  -0.017747676  0.25  0.75  
PD  0.25  -0.017747676  0.75  
PD  0.25  0.25  0.566486753  
PD  -0.005857957  0.505857957  -0.005857957  
PD  -0.017747676  0.75  0.25  
PD  0.25  0.566486753  0.25  
PD  0.25  0.75  -0.017747676  
PD  -0.005857957  0.505857957  0.505857957  
PD  -0.015372661  0.75  0.75  
PD  0.25  0.517747676  0.75  
PD  0.25  0.75  0.517747676  
PD  0.505857957  -0.005857957  -0.005857957  
PD  0.566486753  0.25  0.25  
PD  0.75  -0.017747676  0.25  
PD  0.75  0.25  -0.017747676  
PD  0.505857957  -0.005857957  0.505857957  
PD  0.517747676  0.25  0.75  
PD  0.75  -0.015372661  0.75  
PD  0.75  0.25  0.517747676  
PD  0.505857957  0.505857957  -0.005857957  
PD  0.517747676  0.75  0.25  
PD  0.75  0.517747676  0.25  
PD  0.75  0.75  -0.015372661  
PD  0.505857957  0.505857957  0.505857957  
PD  0.515372661  0.75  0.75  
PD  0.75  0.515372661  0.75  
PD  0.75  0.75  0.515372661  


COORDS (33)
PD  0.25  0.25  0.25  
PD  -0.005857957  -0.005857957  -0.005857957  
PD  -0.066486753  0.25  0.25  
PD  0.25  -0.066486753  0.25  
PD  0.25  0.25  -0.066486753  
PD  -0.005857957  -0.005857957  0.505857957  
PD  -0.017747676  0.25  0.75  
PD  0.25  -0.017747676  0.75  
PD  0.25  0.25  0.566486753  
PD  -0.005857957  0.505857957  -0.005857957  
PD  -0.017747676  0.75  0.25  
PD  0.25  0.566486753  0.25  
PD  0.25  0.75  -0.017747676  
PD  -0.005857957  0.505857957  0.505857957  
PD  -0.015372661  0.75  0.75  
PD  0.25  0.517747676  0.75  
PD  0.25  0.75  0.517747676  
PD  0.505857957  -0.005857957  -0.005857957  
PD  0.566486753  0.25  0.25  
PD  0.75  -0.017747676  0.25  
PD  0.75  0.25  -0.017747676  
PD  0.505857957  -0.005857957  0.505857957  
PD  0.517747676  0.25  0.75  
PD  0.75  -0.015372661  0.75  
PD  0.75  0.25  0.517747676  
PD  0.505857957  0.505857957  -0.005857957  
PD  0.517747676  0.75  0.25  
PD  0.75  0.517747676  0.25  
PD  0.75  0.75  -0.015372661  
PD  0.505857957  0.505857957  0.505857957  
PD  0.515372661  0.75  0.75  
PD  0.75  0.515372661  0.75  
PD  0.75  0.75  0.515372661  



#############################################################
#############################################################
CONFIG 2
#############################################################
#############################################################
file_type  STANDARD 
file_path  configs/no_defect_001.dat 
file_part  0 
alat  3.87 
c         4 4 4  
uv_prim   1.0 0.0 0.0  
          0.0 1.0 0.0  
          0.0 0.0 1.0  
uv        4.0 0.0 0.0  
          0.0 4.0 0.0  
          0.0 0.0 4.0  
stress    0.0 0.0 0.0  
          0.0 0.0 0.0  
          0.0 0.0 0.0  
energy    -1000.96 
epa       -3.91 
rcut      6.5 
rverlet   6.5 
e         1 
f         1 
s         1 

COORDS PRIM (4)
PD  0.0  0.0  0.0  0.0  0.0  0.0  
PD  0.0  0.5  0.5  0.0  0.0  0.0  
PD  0.5  0.0  0.5  0.0  0.0  0.0  
PD  0.5  0.5  0.0  0.0  0.0  0.0  


COORDS (256)
PD  0.0  0.0  0.0  0.0  0.0  0.0  
PD  0.0  0.125  0.125  0.0  0.0  0.0  
PD  0.125  0.0  0.125  0.0  0.0  0.0  
PD  0.125  0.125  0.0  0.0  0.0  0.0  
PD  0.0  0.0  0.25  0.0  0.0  0.0  
PD  0.0  0.125  0.375  0.0  0.0  0.0  
PD  0.125  0.0  0.375  0.0  0.0  0.0  
PD  0.125  0.125  0.25  0.0  0.0  0.0  
PD  0.0  0.0  0.5  0.0  0.0  0.0  
PD  0.0  0.125  0.625  0.0  0.0  0.0  
PD  0.125  0.0  0.625  0.0  0.0  0.0  
PD  0.125  0.125  0.5  0.0  0.0  0.0  
PD  0.0  0.0  0.75  0.0  0.0  0.0  
PD  0.0  0.125  0.875  0.0  0.0  0.0  
PD  0.125  0.0  0.875  0.0  0.0  0.0  
PD  0.125  0.125  0.75  0.0  0.0  0.0  
PD  0.0  0.25  0.0  0.0  0.0  0.0  
PD  0.0  0.375  0.125  0.0  0.0  0.0  
PD  0.125  0.25  0.125  0.0  0.0  0.0  
PD  0.125  0.375  0.0  0.0  0.0  0.0  
PD  0.0  0.25  0.25  0.0  0.0  0.0  
PD  0.0  0.375  0.375  0.0  0.0  0.0  
PD  0.125  0.25  0.375  0.0  0.0  0.0  
PD  0.125  0.375  0.25  0.0  0.0  0.0  
PD  0.0  0.25  0.5  0.0  0.0  0.0  
PD  0.0  0.375  0.625  0.0  0.0  0.0  
PD  0.125  0.25  0.625  0.0  0.0  0.0  
PD  0.125  0.375  0.5  0.0  0.0  0.0  
PD  0.0  0.25  0.75  0.0  0.0  0.0  
PD  0.0  0.375  0.875  0.0  0.0  0.0  
PD  0.125  0.25  0.875  0.0  0.0  0.0  
PD  0.125  0.375  0.75  0.0  0.0  0.0  
PD  0.0  0.5  0.0  0.0  0.0  0.0  
PD  0.0  0.625  0.125  0.0  0.0  0.0  
PD  0.125  0.5  0.125  0.0  0.0  0.0  
PD  0.125  0.625  0.0  0.0  0.0  0.0  
PD  0.0  0.5  0.25  0.0  0.0  0.0  
PD  0.0  0.625  0.375  0.0  0.0  0.0  
PD  0.125  0.5  0.375  0.0  0.0  0.0  
PD  0.125  0.625  0.25  0.0  0.0  0.0  
PD  0.0  0.5  0.5  0.0  0.0  0.0  
PD  0.0  0.625  0.625  0.0  0.0  0.0  
PD  0.125  0.5  0.625  0.0  0.0  0.0  
PD  0.125  0.625  0.5  0.0  0.0  0.0  
PD  0.0  0.5  0.75  0.0  0.0  0.0  
PD  0.0  0.625  0.875  0.0  0.0  0.0  
PD  0.125  0.5  0.875  0.0  0.0  0.0  
PD  0.125  0.625  0.75  0.0  0.0  0.0  
PD  0.0  0.75  0.0  0.0  0.0  0.0  
PD  0.0  0.875  0.125  0.0  0.0  0.0  
PD  0.125  0.75  0.125  0.0  0.0  0.0  
PD  0.125  0.875  0.0  0.0  0.0  0.0  
PD  0.0  0.75  0.25  0.0  0.0  0.0  
PD  0.0  0.875  0.375  0.0  0.0  0.0  
PD  0.125  0.75  0.375  0.0  0.0  0.0  
PD  0.125  0.875  0.25  0.0  0.0  0.0  
PD  0.0  0.75  0.5  0.0  0.0  0.0  
PD  0.0  0.875  0.625  0.0  0.0  0.0  
PD  0.125  0.75  0.625  0.0  0.0  0.0  
PD  0.125  0.875  0.5  0.0  0.0  0.0  
PD  0.0  0.75  0.75  0.0  0.0  0.0  
PD  0.0  0.875  0.875  0.0  0.0  0.0  
PD  0.125  0.75  0.875  0.0  0.0  0.0  
PD  0.125  0.875  0.75  0.0  0.0  0.0  
PD  0.25  0.0  0.0  0.0  0.0  0.0  
PD  0.25  0.125  0.125  0.0  0.0  0.0  
PD  0.375  0.0  0.125  0.0  0.0  0.0  
PD  0.375  0.125  0.0  0.0  0.0  0.0  
PD  0.25  0.0  0.25  0.0  0.0  0.0  
PD  0.25  0.125  0.375  0.0  0.0  0.0  
PD  0.375  0.0  0.375  0.0  0.0  0.0  
PD  0.375  0.125  0.25  0.0  0.0  0.0  
PD  0.25  0.0  0.5  0.0  0.0  0.0  
PD  0.25  0.125  0.625  0.0  0.0  0.0  
PD  0.375  0.0  0.625  0.0  0.0  0.0  
PD  0.375  0.125  0.5  0.0  0.0  0.0  
PD  0.25  0.0  0.75  0.0  0.0  0.0  
PD  0.25  0.125  0.875  0.0  0.0  0.0  
PD  0.375  0.0  0.875  0.0  0.0  0.0  
PD  0.375  0.125  0.75  0.0  0.0  0.0  
PD  0.25  0.25  0.0  0.0  0.0  0.0  
PD  0.25  0.375  0.125  0.0  0.0  0.0  
PD  0.375  0.25  0.125  0.0  0.0  0.0  
PD  0.375  0.375  0.0  0.0  0.0  0.0  
PD  0.25  0.25  0.25  0.0  0.0  0.0  
PD  0.25  0.375  0.375  0.0  0.0  0.0  
PD  0.375  0.25  0.375  0.0  0.0  0.0  
PD  0.375  0.375  0.25  0.0  0.0  0.0  
PD  0.25  0.25  0.5  0.0  0.0  0.0  
PD  0.25  0.375  0.625  0.0  0.0  0.0  
PD  0.375  0.25  0.625  0.0  0.0  0.0  
PD  0.375  0.375  0.5  0.0  0.0  0.0  
PD  0.25  0.25  0.75  0.0  0.0  0.0  
PD  0.25  0.375  0.875  0.0  0.0  0.0  
PD  0.375  0.25  0.875  0.0  0.0  0.0  
PD  0.375  0.375  0.75  0.0  0.0  0.0  
PD  0.25  0.5  0.0  0.0  0.0  0.0  
PD  0.25  0.625  0.125  0.0  0.0  0.0  
PD  0.375  0.5  0.125  0.0  0.0  0.0  
PD  0.375  0.625  0.0  0.0  0.0  0.0  
PD  0.25  0.5  0.25  0.0  0.0  0.0  
PD  0.25  0.625  0.375  0.0  0.0  0.0  
PD  0.375  0.5  0.375  0.0  0.0  0.0  
PD  0.375  0.625  0.25  0.0  0.0  0.0  
PD  0.25  0.5  0.5  0.0  0.0  0.0  
PD  0.25  0.625  0.625  0.0  0.0  0.0  
PD  0.375  0.5  0.625  0.0  0.0  0.0  
PD  0.375  0.625  0.5  0.0  0.0  0.0  
PD  0.25  0.5  0.75  0.0  0.0  0.0  
PD  0.25  0.625  0.875  0.0  0.0  0.0  
PD  0.375  0.5  0.875  0.0  0.0  0.0  
PD  0.375  0.625  0.75  0.0  0.0  0.0  
PD  0.25  0.75  0.0  0.0  0.0  0.0  
PD  0.25  0.875  0.125  0.0  0.0  0.0  
PD  0.375  0.75  0.125  0.0  0.0  0.0  
PD  0.375  0.875  0.0  0.0  0.0  0.0  
PD  0.25  0.75  0.25  0.0  0.0  0.0  
PD  0.25  0.875  0.375  0.0  0.0  0.0  
PD  0.375  0.75  0.375  0.0  0.0  0.0  
PD  0.375  0.875  0.25  0.0  0.0  0.0  
PD  0.25  0.75  0.5  0.0  0.0  0.0  
PD  0.25  0.875  0.625  0.0  0.0  0.0  
PD  0.375  0.75  0.625  0.0  0.0  0.0  
PD  0.375  0.875  0.5  0.0  0.0  0.0  
PD  0.25  0.75  0.75  0.0  0.0  0.0  
PD  0.25  0.875  0.875  0.0  0.0  0.0  
PD  0.375  0.75  0.875  0.0  0.0  0.0  
PD  0.375  0.875  0.75  0.0  0.0  0.0  
PD  0.5  0.0  0.0  0.0  0.0  0.0  
PD  0.5  0.125  0.125  0.0  0.0  0.0  
PD  0.625  0.0  0.125  0.0  0.0  0.0  
PD  0.625  0.125  0.0  0.0  0.0  0.0  
PD  0.5  0.0  0.25  0.0  0.0  0.0  
PD  0.5  0.125  0.375  0.0  0.0  0.0  
PD  0.625  0.0  0.375  0.0  0.0  0.0  
PD  0.625  0.125  0.25  0.0  0.0  0.0  
PD  0.5  0.0  0.5  0.0  0.0  0.0  
PD  0.5  0.125  0.625  0.0  0.0  0.0  
PD  0.625  0.0  0.625  0.0  0.0  0.0  
PD  0.625  0.125  0.5  0.0  0.0  0.0  
PD  0.5  0.0  0.75  0.0  0.0  0.0  
PD  0.5  0.125  0.875  0.0  0.0  0.0  
PD  0.625  0.0  0.875  0.0  0.0  0.0  
PD  0.625  0.125  0.75  0.0  0.0  0.0  
PD  0.5  0.25  0.0  0.0  0.0  0.0  
PD  0.5  0.375  0.125  0.0  0.0  0.0  
PD  0.625  0.25  0.125  0.0  0.0  0.0  
PD  0.625  0.375  0.0  0.0  0.0  0.0  
PD  0.5  0.25  0.25  0.0  0.0  0.0  
PD  0.5  0.375  0.375  0.0  0.0  0.0  
PD  0.625  0.25  0.375  0.0  0.0  0.0  
PD  0.625  0.375  0.25  0.0  0.0  0.0  
PD  0.5  0.25  0.5  0.0  0.0  0.0  
PD  0.5  0.375  0.625  0.0  0.0  0.0  
PD  0.625  0.25  0.625  0.0  0.0  0.0  
PD  0.625  0.375  0.5  0.0  0.0  0.0  
PD  0.5  0.25  0.75  0.0  0.0  0.0  
PD  0.5  0.375  0.875  0.0  0.0  0.0  
PD  0.625  0.25  0.875  0.0  0.0  0.0  
PD  0.625  0.375  0.75  0.0  0.0  0.0  
PD  0.5  0.5  0.0  0.0  0.0  0.0  
PD  0.5  0.625  0.125  0.0  0.0  0.0  
PD  0.625  0.5  0.125  0.0  0.0  0.0  
PD  0.625  0.625  0.0  0.0  0.0  0.0  
PD  0.5  0.5  0.25  0.0  0.0  0.0  
PD  0.5  0.625  0.375  0.0  0.0  0.0  
PD  0.625  0.5  0.375  0.0  0.0  0.0  
PD  0.625  0.625  0.25  0.0  0.0  0.0  
PD  0.5  0.5  0.5  0.0  0.0  0.0  
PD  0.5  0.625  0.625  0.0  0.0  0.0  
PD  0.625  0.5  0.625  0.0  0.0  0.0  
PD  0.625  0.625  0.5  0.0  0.0  0.0  
PD  0.5  0.5  0.75  0.0  0.0  0.0  
PD  0.5  0.625  0.875  0.0  0.0  0.0  
PD  0.625  0.5  0.875  0.0  0.0  0.0  
PD  0.625  0.625  0.75  0.0  0.0  0.0  
PD  0.5  0.75  0.0  0.0  0.0  0.0  
PD  0.5  0.875  0.125  0.0  0.0  0.0  
PD  0.625  0.75  0.125  0.0  0.0  0.0  
PD  0.625  0.875  0.0  0.0  0.0  0.0  
PD  0.5  0.75  0.25  0.0  0.0  0.0  
PD  0.5  0.875  0.375  0.0  0.0  0.0  
PD  0.625  0.75  0.375  0.0  0.0  0.0  
PD  0.625  0.875  0.25  0.0  0.0  0.0  
PD  0.5  0.75  0.5  0.0  0.0  0.0  
PD  0.5  0.875  0.625  0.0  0.0  0.0  
PD  0.625  0.75  0.625  0.0  0.0  0.0  
PD  0.625  0.875  0.5  0.0  0.0  0.0  
PD  0.5  0.75  0.75  0.0  0.0  0.0  
PD  0.5  0.875  0.875  0.0  0.0  0.0  
PD  0.625  0.75  0.875  0.0  0.0  0.0  
PD  0.625  0.875  0.75  0.0  0.0  0.0  
PD  0.75  0.0  0.0  0.0  0.0  0.0  
PD  0.75  0.125  0.125  0.0  0.0  0.0  
PD  0.875  0.0  0.125  0.0  0.0  0.0  
PD  0.875  0.125  0.0  0.0  0.0  0.0  
PD  0.75  0.0  0.25  0.0  0.0  0.0  
PD  0.75  0.125  0.375  0.0  0.0  0.0  
PD  0.875  0.0  0.375  0.0  0.0  0.0  
PD  0.875  0.125  0.25  0.0  0.0  0.0  
PD  0.75  0.0  0.5  0.0  0.0  0.0  
PD  0.75  0.125  0.625  0.0  0.0  0.0  
PD  0.875  0.0  0.625  0.0  0.0  0.0  
PD  0.875  0.125  0.5  0.0  0.0  0.0  
PD  0.75  0.0  0.75  0.0  0.0  0.0  
PD  0.75  0.125  0.875  0.0  0.0  0.0  
PD  0.875  0.0  0.875  0.0  0.0  0.0  
PD  0.875  0.125  0.75  0.0  0.0  0.0  
PD  0.75  0.25  0.0  0.0  0.0  0.0  
PD  0.75  0.375  0.125  0.0  0.0  0.0  
PD  0.875  0.25  0.125  0.0  0.0  0.0  
PD  0.875  0.375  0.0  0.0  0.0  0.0  
PD  0.75  0.25  0.25  0.0  0.0  0.0  
PD  0.75  0.375  0.375  0.0  0.0  0.0  
PD  0.875  0.25  0.375  0.0  0.0  0.0  
PD  0.875  0.375  0.25  0.0  0.0  0.0  
PD  0.75  0.25  0.5  0.0  0.0  0.0  
PD  0.75  0.375  0.625  0.0  0.0  0.0  
PD  0.875  0.25  0.625  0.0  0.0  0.0  
PD  0.875  0.375  0.5  0.0  0.0  0.0  
PD  0.75  0.25  0.75  0.0  0.0  0.0  
PD  0.75  0.375  0.875  0.0  0.0  0.0  
PD  0.875  0.25  0.875  0.0  0.0  0.0  
PD  0.875  0.375  0.75  0.0  0.0  0.0  
PD  0.75  0.5  0.0  0.0  0.0  0.0  
PD  0.75  0.625  0.125  0.0  0.0  0.0  
PD  0.875  0.5  0.125  0.0  0.0  0.0  
PD  0.875  0.625  0.0  0.0  0.0  0.0  
PD  0.75  0.5  0.25  0.0  0.0  0.0  
PD  0.75  0.625  0.375  0.0  0.0  0.0  
PD  0.875  0.5  0.375  0.0  0.0  0.0  
PD  0.875  0.625  0.25  0.0  0.0  0.0  
PD  0.75  0.5  0.5  0.0  0.0  0.0  
PD  0.75  0.625  0.625  0.0  0.0  0.0  
PD  0.875  0.5  0.625  0.0  0.0  0.0  
PD  0.875  0.625  0.5  0.0  0.0  0.0  
PD  0.75  0.5  0.75  0.0  0.0  0.0  
PD  0.75  0.625  0.875  0.0  0.0  0.0  
PD  0.875  0.5  0.875  0.0  0.0  0.0  
PD  0.875  0.625  0.75  0.0  0.0  0.0  
PD  0.75  0.75  0.0  0.0  0.0  0.0  
PD  0.75  0.875  0.125  0.0  0.0  0.0  
PD  0.875  0.75  0.125  0.0  0.0  0.0  
PD  0.875  0.875  0.0  0.0  0.0  0.0  
PD  0.75  0.75  0.25  0.0  0.0  0.0  
PD  0.75  0.875  0.375  0.0  0.0  0.0  
PD  0.875  0.75  0.375  0.0  0.0  0.0  
PD  0.875  0.875  0.25  0.0  0.0  0.0  
PD  0.75  0.75  0.5  0.0  0.0  0.0  
PD  0.75  0.875  0.625  0.0  0.0  0.0  
PD  0.875  0.75  0.625  0.0  0.0  0.0  
PD  0.875  0.875  0.5  0.0  0.0  0.0  
PD  0.75  0.75  0.75  0.0  0.0  0.0  
PD  0.75  0.875  0.875  0.0  0.0  0.0  
PD  0.875  0.75  0.875  0.0  0.0  0.0  
PD  0.875  0.875  0.75  0.0  0.0  0.0  



#############################################################
#############################################################
CONFIG 3
#############################################################
#############################################################
file_type  STANDARD 
file_path  configs/no_defect_005.dat 
file_part  0 
alat  3.88 
c         4 4 4  
uv_prim   1.0 0.0 0.0  
          0.0 1.0 0.0  
          0.0 0.0 1.0  
uv        4.0 0.0 0.0  
          0.0 4.0 0.0  
          0.0 0.0 4.0  
stress    0.0 0.0 0.0  
          0.0 0.0 0.0  
          0.0 0.0 0.0  
energy    -1000.96 
epa       -3.91 
rcut      6.5 
rverlet   6.5 
e         1 
f         1 
s         1 

COORDS PRIM (4)
PD  0.0  0.0  0.0  0.0  0.0  0.0  
PD  0.0  0.5  0.5  0.0  0.0  0.0  
PD  0.5  0.0  0.5  0.0  0.0  0.0  
PD  0.5  0.5  0.0  0.0  0.0  0.0  


COORDS (256)
PD  0.0  0.0  0.0  0.0  0.0  0.0  
PD  0.0  0.125  0.125  0.0  0.0  0.0  
PD  0.125  0.0  0.125  0.0  0.0  0.0  
PD  0.125  0.125  0.0  0.0  0.0  0.0  
PD  0.0  0.0  0.25  0.0  0.0  0.0  
PD  0.0  0.125  0.375  0.0  0.0  0.0  
PD  0.125  0.0  0.375  0.0  0.0  0.0  
PD  0.125  0.125  0.25  0.0  0.0  0.0  
PD  0.0  0.0  0.5  0.0  0.0  0.0  
PD  0.0  0.125  0.625  0.0  0.0  0.0  
PD  0.125  0.0  0.625  0.0  0.0  0.0  
PD  0.125  0.125  0.5  0.0  0.0  0.0  
PD  0.0  0.0  0.75  0.0  0.0  0.0  
PD  0.0  0.125  0.875  0.0  0.0  0.0  
PD  0.125  0.0  0.875  0.0  0.0  0.0  
PD  0.125  0.125  0.75  0.0  0.0  0.0  
PD  0.0  0.25  0.0  0.0  0.0  0.0  
PD  0.0  0.375  0.125  0.0  0.0  0.0  
PD  0.125  0.25  0.125  0.0  0.0  0.0  
PD  0.125  0.375  0.0  0.0  0.0  0.0  
PD  0.0  0.25  0.25  0.0  0.0  0.0  
PD  0.0  0.375  0.375  0.0  0.0  0.0  
PD  0.125  0.25  0.375  0.0  0.0  0.0  
PD  0.125  0.375  0.25  0.0  0.0  0.0  
PD  0.0  0.25  0.5  0.0  0.0  0.0  
PD  0.0  0.375  0.625  0.0  0.0  0.0  
PD  0.125  0.25  0.625  0.0  0.0  0.0  
PD  0.125  0.375  0.5  0.0  0.0  0.0  
PD  0.0  0.25  0.75  0.0  0.0  0.0  
PD  0.0  0.375  0.875  0.0  0.0  0.0  
PD  0.125  0.25  0.875  0.0  0.0  0.0  
PD  0.125  0.375  0.75  0.0  0.0  0.0  
PD  0.0  0.5  0.0  0.0  0.0  0.0  
PD  0.0  0.625  0.125  0.0  0.0  0.0  
PD  0.125  0.5  0.125  0.0  0.0  0.0  
PD  0.125  0.625  0.0  0.0  0.0  0.0  
PD  0.0  0.5  0.25  0.0  0.0  0.0  
PD  0.0  0.625  0.375  0.0  0.0  0.0  
PD  0.125  0.5  0.375  0.0  0.0  0.0  
PD  0.125  0.625  0.25  0.0  0.0  0.0  
PD  0.0  0.5  0.5  0.0  0.0  0.0  
PD  0.0  0.625  0.625  0.0  0.0  0.0  
PD  0.125  0.5  0.625  0.0  0.0  0.0  
PD  0.125  0.625  0.5  0.0  0.0  0.0  
PD  0.0  0.5  0.75  0.0  0.0  0.0  
PD  0.0  0.625  0.875  0.0  0.0  0.0  
PD  0.125  0.5  0.875  0.0  0.0  0.0  
PD  0.125  0.625  0.75  0.0  0.0  0.0  
PD  0.0  0.75  0.0  0.0  0.0  0.0  
PD  0.0  0.875  0.125  0.0  0.0  0.0  
PD  0.125  0.75  0.125  0.0  0.0  0.0  
PD  0.125  0.875  0.0  0.0  0.0  0.0  
PD  0.0  0.75  0.25  0.0  0.0  0.0  
PD  0.0  0.875  0.375  0.0  0.0  0.0  
PD  0.125  0.75  0.375  0.0  0.0  0.0  
PD  0.125  0.875  0.25  0.0  0.0  0.0  
PD  0.0  0.75  0.5  0.0  0.0  0.0  
PD  0.0  0.875  0.625  0.0  0.0  0.0  
PD  0.125  0.75  0.625  0.0  0.0  0.0  
PD  0.125  0.875  0.5  0.0  0.0  0.0  
PD  0.0  0.75  0.75  0.0  0.0  0.0  
PD  0.0  0.875  0.875  0.0  0.0  0.0  
PD  0.125  0.75  0.875  0.0  0.0  0.0  
PD  0.125  0.875  0.75  0.0  0.0  0.0  
PD  0.25  0.0  0.0  0.0  0.0  0.0  
PD  0.25  0.125  0.125  0.0  0.0  0.0  
PD  0.375  0.0  0.125  0.0  0.0  0.0  
PD  0.375  0.125  0.0  0.0  0.0  0.0  
PD  0.25  0.0  0.25  0.0  0.0  0.0  
PD  0.25  0.125  0.375  0.0  0.0  0.0  
PD  0.375  0.0  0.375  0.0  0.0  0.0  
PD  0.375  0.125  0.25  0.0  0.0  0.0  
PD  0.25  0.0  0.5  0.0  0.0  0.0  
PD  0.25  0.125  0.625  0.0  0.0  0.0  
PD  0.375  0.0  0.625  0.0  0.0  0.0  
PD  0.375  0.125  0.5  0.0  0.0  0.0  
PD  0.25  0.0  0.75  0.0  0.0  0.0  
PD  0.25  0.125  0.875  0.0  0.0  0.0  
PD  0.375  0.0  0.875  0.0  0.0  0.0  
PD  0.375  0.125  0.75  0.0  0.0  0.0  
PD  0.25  0.25  0.0  0.0  0.0  0.0  
PD  0.25  0.375  0.125  0.0  0.0  0.0  
PD  0.375  0.25  0.125  0.0  0.0  0.0  
PD  0.375  0.375  0.0  0.0  0.0  0.0  
PD  0.25  0.25  0.25  0.0  0.0  0.0  
PD  0.25  0.375  0.375  0.0  0.0  0.0  
PD  0.375  0.25  0.375  0.0  0.0  0.0  
PD  0.375  0.375  0.25  0.0  0.0  0.0  
PD  0.25  0.25  0.5  0.0  0.0  0.0  
PD  0.25  0.375  0.625  0.0  0.0  0.0  
PD  0.375  0.25  0.625  0.0  0.0  0.0  
PD  0.375  0.375  0.5  0.0  0.0  0.0  
PD  0.25  0.25  0.75  0.0  0.0  0.0  
PD  0.25  0.375  0.875  0.0  0.0  0.0  
PD  0.375  0.25  0.875  0.0  0.0  0.0  
PD  0.375  0.375  0.75  0.0  0.0  0.0  
PD  0.25  0.5  0.0  0.0  0.0  0.0  
PD  0.25  0.625  0.125  0.0  0.0  0.0  
PD  0.375  0.5  0.125  0.0  0.0  0.0  
PD  0.375  0.625  0.0  0.0  0.0  0.0  
PD  0.25  0.5  0.25  0.0  0.0  0.0  
PD  0.25  0.625  0.375  0.0  0.0  0.0  
PD  0.375  0.5  0.375  0.0  0.0  0.0  
PD  0.375  0.625  0.25  0.0  0.0  0.0  
PD  0.25  0.5  0.5  0.0  0.0  0.0  
PD  0.25  0.625  0.625  0.0  0.0  0.0  
PD  0.375  0.5  0.625  0.0  0.0  0.0  
PD  0.375  0.625  0.5  0.0  0.0  0.0  
PD  0.25  0.5  0.75  0.0  0.0  0.0  
PD  0.25  0.625  0.875  0.0  0.0  0.0  
PD  0.375  0.5  0.875  0.0  0.0  0.0  
PD  0.375  0.625  0.75  0.0  0.0  0.0  
PD  0.25  0.75  0.0  0.0  0.0  0.0  
PD  0.25  0.875  0.125  0.0  0.0  0.0  
PD  0.375  0.75  0.125  0.0  0.0  0.0  
PD  0.375  0.875  0.0  0.0  0.0  0.0  
PD  0.25  0.75  0.25  0.0  0.0  0.0  
PD  0.25  0.875  0.375  0.0  0.0  0.0  
PD  0.375  0.75  0.375  0.0  0.0  0.0  
PD  0.375  0.875  0.25  0.0  0.0  0.0  
PD  0.25  0.75  0.5  0.0  0.0  0.0  
PD  0.25  0.875  0.625  0.0  0.0  0.0  
PD  0.375  0.75  0.625  0.0  0.0  0.0  
PD  0.375  0.875  0.5  0.0  0.0  0.0  
PD  0.25  0.75  0.75  0.0  0.0  0.0  
PD  0.25  0.875  0.875  0.0  0.0  0.0  
PD  0.375  0.75  0.875  0.0  0.0  0.0  
PD  0.375  0.875  0.75  0.0  0.0  0.0  
PD  0.5  0.0  0.0  0.0  0.0  0.0  
PD  0.5  0.125  0.125  0.0  0.0  0.0  
PD  0.625  0.0  0.125  0.0  0.0  0.0  
PD  0.625  0.125  0.0  0.0  0.0  0.0  
PD  0.5  0.0  0.25  0.0  0.0  0.0  
PD  0.5  0.125  0.375  0.0  0.0  0.0  
PD  0.625  0.0  0.375  0.0  0.0  0.0  
PD  0.625  0.125  0.25  0.0  0.0  0.0  
PD  0.5  0.0  0.5  0.0  0.0  0.0  
PD  0.5  0.125  0.625  0.0  0.0  0.0  
PD  0.625  0.0  0.625  0.0  0.0  0.0  
PD  0.625  0.125  0.5  0.0  0.0  0.0  
PD  0.5  0.0  0.75  0.0  0.0  0.0  
PD  0.5  0.125  0.875  0.0  0.0  0.0  
PD  0.625  0.0  0.875  0.0  0.0  0.0  
PD  0.625  0.125  0.75  0.0  0.0  0.0  
PD  0.5  0.25  0.0  0.0  0.0  0.0  
PD  0.5  0.375  0.125  0.0  0.0  0.0  
PD  0.625  0.25  0.125  0.0  0.0  0.0  
PD  0.625  0.375  0.0  0.0  0.0  0.0  
PD  0.5  0.25  0.25  0.0  0.0  0.0  
PD  0.5  0.375  0.375  0.0  0.0  0.0  
PD  0.625  0.25  0.375  0.0  0.0  0.0  
PD  0.625  0.375  0.25  0.0  0.0  0.0  
PD  0.5  0.25  0.5  0.0  0.0  0.0  
PD  0.5  0.375  0.625  0.0  0.0  0.0  
PD  0.625  0.25  0.625  0.0  0.0  0.0  
PD  0.625  0.375  0.5  0.0  0.0  0.0  
PD  0.5  0.25  0.75  0.0  0.0  0.0  
PD  0.5  0.375  0.875  0.0  0.0  0.0  
PD  0.625  0.25  0.875  0.0  0.0  0.0  
PD  0.625  0.375  0.75  0.0  0.0  0.0  
PD  0.5  0.5  0.0  0.0  0.0  0.0  
PD  0.5  0.625  0.125  0.0  0.0  0.0  
PD  0.625  0.5  0.125  0.0  0.0  0.0  
PD  0.625  0.625  0.0  0.0  0.0  0.0  
PD  0.5  0.5  0.25  0.0  0.0  0.0  
PD  0.5  0.625  0.375  0.0  0.0  0.0  
PD  0.625  0.5  0.375  0.0  0.0  0.0  
PD  0.625  0.625  0.25  0.0  0.0  0.0  
PD  0.5  0.5  0.5  0.0  0.0  0.0  
PD  0.5  0.625  0.625  0.0  0.0  0.0  
PD  0.625  0.5  0.625  0.0  0.0  0.0  
PD  0.625  0.625  0.5  0.0  0.0  0.0  
PD  0.5  0.5  0.75  0.0  0.0  0.0  
PD  0.5  0.625  0.875  0.0  0.0  0.0  
PD  0.625  0.5  0.875  0.0  0.0  0.0  
PD  0.625  0.625  0.75  0.0  0.0  0.0  
PD  0.5  0.75  0.0  0.0  0.0  0.0  
PD  0.5  0.875  0.125  0.0  0.0  0.0  
PD  0.625  0.75  0.125  0.0  0.0  0.0  
PD  0.625  0.875  0.0  0.0  0.0  0.0  
PD  0.5  0.75  0.25  0.0  0.0  0.0  
PD  0.5  0.875  0.375  0.0  0.0  0.0  
PD  0.625  0.75  0.375  0.0  0.0  0.0  
PD  0.625  0.875  0.25  0.0  0.0  0.0  
PD  0.5  0.75  0.5  0.0  0.0  0.0  
PD  0.5  0.875  0.625  0.0  0.0  0.0  
PD  0.625  0.75  0.625  0.0  0.0  0.0  
PD  0.625  0.875  0.5  0.0  0.0  0.0  
PD  0.5  0.75  0.75  0.0  0.0  0.0  
PD  0.5  0.875  0.875  0.0  0.0  0.0  
PD  0.625  0.75  0.875  0.0  0.0  0.0  
PD  0.625  0.875  0.75  0.0  0.0  0.0  
PD  0.75  0.0  0.0  0.0  0.0  0.0  
PD  0.75  0.125  0.125  0.0  0.0  0.0  
PD  0.875  0.0  0.125  0.0  0.0  0.0  
PD  0.875  0.125  0.0  0.0  0.0  0.0  
PD  0.75  0.0  0.25  0.0  0.0  0.0  
PD  0.75  0.125  0.375  0.0  0.0  0.0  
PD  0.875  0.0  0.375  0.0  0.0  0.0  
PD  0.875  0.125  0.25  0.0  0.0  0.0  
PD  0.75  0.0  0.5  0.0  0.0  0.0  
PD  0.75  0.125  0.625  0.0  0.0  0.0  
PD  0.875  0.0  0.625  0.0  0.0  0.0  
PD  0.875  0.125  0.5  0.0  0.0  0.0  
PD  0.75  0.0  0.75  0.0  0.0  0.0  
PD  0.75  0.125  0.875  0.0  0.0  0.0  
PD  0.875  0.0  0.875  0.0  0.0  0.0  
PD  0.875  0.125  0.75  0.0  0.0  0.0  
PD  0.75  0.25  0.0  0.0  0.0  0.0  
PD  0.75  0.375  0.125  0.0  0.0  0.0  
PD  0.875  0.25  0.125  0.0  0.0  0.0  
PD  0.875  0.375  0.0  0.0  0.0  0.0  
PD  0.75  0.25  0.25  0.0  0.0  0.0  
PD  0.75  0.375  0.375  0.0  0.0  0.0  
PD  0.875  0.25  0.375  0.0  0.0  0.0  
PD  0.875  0.375  0.25  0.0  0.0  0.0  
PD  0.75  0.25  0.5  0.0  0.0  0.0  
PD  0.75  0.375  0.625  0.0  0.0  0.0  
PD  0.875  0.25  0.625  0.0  0.0  0.0  
PD  0.875  0.375  0.5  0.0  0.0  0.0  
PD  0.75  0.25  0.75  0.0  0.0  0.0  
PD  0.75  0.375  0.875  0.0  0.0  0.0  
PD  0.875  0.25  0.875  0.0  0.0  0.0  
PD  0.875  0.375  0.75  0.0  0.0  0.0  
PD  0.75  0.5  0.0  0.0  0.0  0.0  
PD  0.75  0.625  0.125  0.0  0.0  0.0  
PD  0.875  0.5  0.125  0.0  0.0  0.0  
PD  0.875  0.625  0.0  0.0  0.0  0.0  
PD  0.75  0.5  0.25  0.0  0.0  0.0  
PD  0.75  0.625  0.375  0.0  0.0  0.0  
PD  0.875  0.5  0.375  0.0  0.0  0.0  
PD  0.875  0.625  0.25  0.0  0.0  0.0  
PD  0.75  0.5  0.5  0.0  0.0  0.0  
PD  0.75  0.625  0.625  0.0  0.0  0.0  
PD  0.875  0.5  0.625  0.0  0.0  0.0  
PD  0.875  0.625  0.5  0.0  0.0  0.0  
PD  0.75  0.5  0.75  0.0  0.0  0.0  
PD  0.75  0.625  0.875  0.0  0.0  0.0  
PD  0.875  0.5  0.875  0.0  0.0  0.0  
PD  0.875  0.625  0.75  0.0  0.0  0.0  
PD  0.75  0.75  0.0  0.0  0.0  0.0  
PD  0.75  0.875  0.125  0.0  0.0  0.0  
PD  0.875  0.75  0.125  0.0  0.0  0.0  
PD  0.875  0.875  0.0  0.0  0.0  0.0  
PD  0.75  0.75  0.25  0.0  0.0  0.0  
PD  0.75  0.875  0.375  0.0  0.0  0.0  
PD  0.875  0.75  0.375  0.0  0.0  0.0  
PD  0.875  0.875  0.25  0.0  0.0  0.0  
PD  0.75  0.75  0.5  0.0  0.0  0.0  
PD  0.75  0.875  0.625  0.0  0.0  0.0  
PD  0.875  0.75  0.625  0.0  0.0  0.0  
PD  0.875  0.875  0.5  0.0  0.0  0.0  
PD  0.75  0.75  0.75  0.0  0.0  0.0  
PD  0.75  0.875  0.875  0.0  0.0  0.0  
PD  0.875  0.75  0.875  0.0  0.0  0.0  
PD  0.875  0.875  0.75  0.0  0.0  0.0  



#############################################################
#############################################################
CONFIG 4
#############################################################
#############################################################
file_type  STANDARD 
file_path  configs/no_defect_002.dat 
file_part  0 
alat  3.88 
c         4 4 4  
uv_prim   1.0 0.0 0.0  
          0.0 1.0 0.0  
          0.0 0.0 1.0  
uv        4.0 0.0 0.0  
          0.0 4.0 0.0  
          0.0 0.0 4.0  
stress    0.0 0.0 0.0  
          0.0 0.0 0.0  
          0.0 0.0 0.0  
energy    -1000.96 
epa       -3.91 
rcut      6.5 
rverlet   6.5 
e         1 
f         1 
s         1 

COORDS PRIM (4)
PD  0.0  0.0  0.0  0.0  0.0  0.0  
PD  0.0  0.5  0.5  0.0  0.0  0.0  
PD  0.5  0.0  0.5  0.0  0.0  0.0  
PD  0.5  0.5  0.0  0.0  0.0  0.0  


COORDS (256)
PD  0.0  0.0  0.0  0.0  0.0  0.0  
PD  0.0  0.125  0.125  0.0  0.0  0.0  
PD  0.125  0.0  0.125  0.0  0.0  0.0  
PD  0.125  0.125  0.0  0.0  0.0  0.0  
PD  0.0  0.0  0.25  0.0  0.0  0.0  
PD  0.0  0.125  0.375  0.0  0.0  0.0  
PD  0.125  0.0  0.375  0.0  0.0  0.0  
PD  0.125  0.125  0.25  0.0  0.0  0.0  
PD  0.0  0.0  0.5  0.0  0.0  0.0  
PD  0.0  0.125  0.625  0.0  0.0  0.0  
PD  0.125  0.0  0.625  0.0  0.0  0.0  
PD  0.125  0.125  0.5  0.0  0.0  0.0  
PD  0.0  0.0  0.75  0.0  0.0  0.0  
PD  0.0  0.125  0.875  0.0  0.0  0.0  
PD  0.125  0.0  0.875  0.0  0.0  0.0  
PD  0.125  0.125  0.75  0.0  0.0  0.0  
PD  0.0  0.25  0.0  0.0  0.0  0.0  
PD  0.0  0.375  0.125  0.0  0.0  0.0  
PD  0.125  0.25  0.125  0.0  0.0  0.0  
PD  0.125  0.375  0.0  0.0  0.0  0.0  
PD  0.0  0.25  0.25  0.0  0.0  0.0  
PD  0.0  0.375  0.375  0.0  0.0  0.0  
PD  0.125  0.25  0.375  0.0  0.0  0.0  
PD  0.125  0.375  0.25  0.0  0.0  0.0  
PD  0.0  0.25  0.5  0.0  0.0  0.0  
PD  0.0  0.375  0.625  0.0  0.0  0.0  
PD  0.125  0.25  0.625  0.0  0.0  0.0  
PD  0.125  0.375  0.5  0.0  0.0  0.0  
PD  0.0  0.25  0.75  0.0  0.0  0.0  
PD  0.0  0.375  0.875  0.0  0.0  0.0  
PD  0.125  0.25  0.875  0.0  0.0  0.0  
PD  0.125  0.375  0.75  0.0  0.0  0.0  
PD  0.0  0.5  0.0  0.0  0.0  0.0  
PD  0.0  0.625  0.125  0.0  0.0  0.0  
PD  0.125  0.5  0.125  0.0  0.0  0.0  
PD  0.125  0.625  0.0  0.0  0.0  0.0  
PD  0.0  0.5  0.25  0.0  0.0  0.0  
PD  0.0  0.625  0.375  0.0  0.0  0.0  
PD  0.125  0.5  0.375  0.0  0.0  0.0  
PD  0.125  0.625  0.25  0.0  0.0  0.0  
PD  0.0  0.5  0.5  0.0  0.0  0.0  
PD  0.0  0.625  0.625  0.0  0.0  0.0  
PD  0.125  0.5  0.625  0.0  0.0  0.0  
PD  0.125  0.625  0.5  0.0  0.0  0.0  
PD  0.0  0.5  0.75  0.0  0.0  0.0  
PD  0.0  0.625  0.875  0.0  0.0  0.0  
PD  0.125  0.5  0.875  0.0  0.0  0.0  
PD  0.125  0.625  0.75  0.0  0.0  0.0  
PD  0.0  0.75  0.0  0.0  0.0  0.0  
PD  0.0  0.875  0.125  0.0  0.0  0.0  
PD  0.125  0.75  0.125  0.0  0.0  0.0  
PD  0.125  0.875  0.0  0.0  0.0  0.0  
PD  0.0  0.75  0.25  0.0  0.0  0.0  
PD  0.0  0.875  0.375  0.0  0.0  0.0  
PD  0.125  0.75  0.375  0.0  0.0  0.0  
PD  0.125  0.875  0.25  0.0  0.0  0.0  
PD  0.0  0.75  0.5  0.0  0.0  0.0  
PD  0.0  0.875  0.625  0.0  0.0  0.0  
PD  0.125  0.75  0.625  0.0  0.0  0.0  
PD  0.125  0.875  0.5  0.0  0.0  0.0  
PD  0.0  0.75  0.75  0.0  0.0  0.0  
PD  0.0  0.875  0.875  0.0  0.0  0.0  
PD  0.125  0.75  0.875  0.0  0.0  0.0  
PD  0.125  0.875  0.75  0.0  0.0  0.0  
PD  0.25  0.0  0.0  0.0  0.0  0.0  
PD  0.25  0.125  0.125  0.0  0.0  0.0  
PD  0.375  0.0  0.125  0.0  0.0  0.0  
PD  0.375  0.125  0.0  0.0  0.0  0.0  
PD  0.25  0.0  0.25  0.0  0.0  0.0  
PD  0.25  0.125  0.375  0.0  0.0  0.0  
PD  0.375  0.0  0.375  0.0  0.0  0.0  
PD  0.375  0.125  0.25  0.0  0.0  0.0  
PD  0.25  0.0  0.5  0.0  0.0  0.0  
PD  0.25  0.125  0.625  0.0  0.0  0.0  
PD  0.375  0.0  0.625  0.0  0.0  0.0  
PD  0.375  0.125  0.5  0.0  0.0  0.0  
PD  0.25  0.0  0.75  0.0  0.0  0.0  
PD  0.25  0.125  0.875  0.0  0.0  0.0  
PD  0.375  0.0  0.875  0.0  0.0  0.0  
PD  0.375  0.125  0.75  0.0  0.0  0.0  
PD  0.25  0.25  0.0  0.0  0.0  0.0  
PD  0.25  0.375  0.125  0.0  0.0  0.0  
PD  0.375  0.25  0.125  0.0  0.0  0.0  
PD  0.375  0.375  0.0  0.0  0.0  0.0  
PD  0.25  0.25  0.25  0.0  0.0  0.0  
PD  0.25  0.375  0.375  0.0  0.0  0.0  
PD  0.375  0.25  0.375  0.0  0.0  0.0  
PD  0.375  0.375  0.25  0.0  0.0  0.0  
PD  0.25  0.25  0.5  0.0  0.0  0.0  
PD  0.25  0.375  0.625  0.0  0.0  0.0  
PD  0.375  0.25  0.625  0.0  0.0  0.0  
PD  0.375  0.375  0.5  0.0  0.0  0.0  
PD  0.25  0.25  0.75  0.0  0.0  0.0  
PD  0.25  0.375  0.875  0.0  0.0  0.0  
PD  0.375  0.25  0.875  0.0  0.0  0.0  
PD  0.375  0.375  0.75  0.0  0.0  0.0  
PD  0.25  0.5  0.0  0.0  0.0  0.0  
PD  0.25  0.625  0.125  0.0  0.0  0.0  
PD  0.375  0.5  0.125  0.0  0.0  0.0  
PD  0.375  0.625  0.0  0.0  0.0  0.0  
PD  0.25  0.5  0.25  0.0  0.0  0.0  
PD  0.25  0.625  0.375  0.0  0.0  0.0  
PD  0.375  0.5  0.375  0.0  0.0  0.0  
PD  0.375  0.625  0.25  0.0  0.0  0.0  
PD  0.25  0.5  0.5  0.0  0.0  0.0  
PD  0.25  0.625  0.625  0.0  0.0  0.0  
PD  0.375  0.5  0.625  0.0  0.0  0.0  
PD  0.375  0.625  0.5  0.0  0.0  0.0  
PD  0.25  0.5  0.75  0.0  0.0  0.0  
PD  0.25  0.625  0.875  0.0  0.0  0.0  
PD  0.375  0.5  0.875  0.0  0.0  0.0  
PD  0.375  0.625  0.75  0.0  0.0  0.0  
PD  0.25  0.75  0.0  0.0  0.0  0.0  
PD  0.25  0.875  0.125  0.0  0.0  0.0  
PD  0.375  0.75  0.125  0.0  0.0  0.0  
PD  0.375  0.875  0.0  0.0  0.0  0.0  
PD  0.25  0.75  0.25  0.0  0.0  0.0  
PD  0.25  0.875  0.375  0.0  0.0  0.0  
PD  0.375  0.75  0.375  0.0  0.0  0.0  
PD  0.375  0.875  0.25  0.0  0.0  0.0  
PD  0.25  0.75  0.5  0.0  0.0  0.0  
PD  0.25  0.875  0.625  0.0  0.0  0.0  
PD  0.375  0.75  0.625  0.0  0.0  0.0  
PD  0.375  0.875  0.5  0.0  0.0  0.0  
PD  0.25  0.75  0.75  0.0  0.0  0.0  
PD  0.25  0.875  0.875  0.0  0.0  0.0  
PD  0.375  0.75  0.875  0.0  0.0  0.0  
PD  0.375  0.875  0.75  0.0  0.0  0.0  
PD  0.5  0.0  0.0  0.0  0.0  0.0  
PD  0.5  0.125  0.125  0.0  0.0  0.0  
PD  0.625  0.0  0.125  0.0  0.0  0.0  
PD  0.625  0.125  0.0  0.0  0.0  0.0  
PD  0.5  0.0  0.25  0.0  0.0  0.0  
PD  0.5  0.125  0.375  0.0  0.0  0.0  
PD  0.625  0.0  0.375  0.0  0.0  0.0  
PD  0.625  0.125  0.25  0.0  0.0  0.0  
PD  0.5  0.0  0.5  0.0  0.0  0.0  
PD  0.5  0.125  0.625  0.0  0.0  0.0  
PD  0.625  0.0  0.625  0.0  0.0  0.0  
PD  0.625  0.125  0.5  0.0  0.0  0.0  
PD  0.5  0.0  0.75  0.0  0.0  0.0  
PD  0.5  0.125  0.875  0.0  0.0  0.0  
PD  0.625  0.0  0.875  0.0  0.0  0.0  
PD  0.625  0.125  0.75  0.0  0.0  0.0  
PD  0.5  0.25  0.0  0.0  0.0  0.0  
PD  0.5  0.375  0.125  0.0  0.0  0.0  
PD  0.625  0.25  0.125  0.0  0.0  0.0  
PD  0.625  0.375  0.0  0.0  0.0  0.0  
PD  0.5  0.25  0.25  0.0  0.0  0.0  
PD  0.5  0.375  0.375  0.0  0.0  0.0  
PD  0.625  0.25  0.375  0.0  0.0  0.0  
PD  0.625  0.375  0.25  0.0  0.0  0.0  
PD  0.5  0.25  0.5  0.0  0.0  0.0  
PD  0.5  0.375  0.625  0.0  0.0  0.0  
PD  0.625  0.25  0.625  0.0  0.0  0.0  
PD  0.625  0.375  0.5  0.0  0.0  0.0  
PD  0.5  0.25  0.75  0.0  0.0  0.0  
PD  0.5  0.375  0.875  0.0  0.0  0.0  
PD  0.625  0.25  0.875  0.0  0.0  0.0  
PD  0.625  0.375  0.75  0.0  0.0  0.0  
PD  0.5  0.5  0.0  0.0  0.0  0.0  
PD  0.5  0.625  0.125  0.0  0.0  0.0  
PD  0.625  0.5  0.125  0.0  0.0  0.0  
PD  0.625  0.625  0.0  0.0  0.0  0.0  
PD  0.5  0.5  0.25  0.0  0.0  0.0  
PD  0.5  0.625  0.375  0.0  0.0  0.0  
PD  0.625  0.5  0.375  0.0  0.0  0.0  
PD  0.625  0.625  0.25  0.0  0.0  0.0  
PD  0.5  0.5  0.5  0.0  0.0  0.0  
PD  0.5  0.625  0.625  0.0  0.0  0.0  
PD  0.625  0.5  0.625  0.0  0.0  0.0  
PD  0.625  0.625  0.5  0.0  0.0  0.0  
PD  0.5  0.5  0.75  0.0  0.0  0.0  
PD  0.5  0.625  0.875  0.0  0.0  0.0  
PD  0.625  0.5  0.875  0.0  0.0  0.0  
PD  0.625  0.625  0.75  0.0  0.0  0.0  
PD  0.5  0.75  0.0  0.0  0.0  0.0  
PD  0.5  0.875  0.125  0.0  0.0  0.0  
PD  0.625  0.75  0.125  0.0  0.0  0.0  
PD  0.625  0.875  0.0  0.0  0.0  0.0  
PD  0.5  0.75  0.25  0.0  0.0  0.0  
PD  0.5  0.875  0.375  0.0  0.0  0.0  
PD  0.625  0.75  0.375  0.0  0.0  0.0  
PD  0.625  0.875  0.25  0.0  0.0  0.0  
PD  0.5  0.75  0.5  0.0  0.0  0.0  
PD  0.5  0.875  0.625  0.0  0.0  0.0  
PD  0.625  0.75  0.625  0.0  0.0  0.0  
PD  0.625  0.875  0.5  0.0  0.0  0.0  
PD  0.5  0.75  0.75  0.0  0.0  0.0  
PD  0.5  0.875  0.875  0.0  0.0  0.0  
PD  0.625  0.75  0.875  0.0  0.0  0.0  
PD  0.625  0.875  0.75  0.0  0.0  0.0  
PD  0.75  0.0  0.0  0.0  0.0  0.0  
PD  0.75  0.125  0.125  0.0  0.0  0.0  
PD  0.875  0.0  0.125  0.0  0.0  0.0  
PD  0.875  0.125  0.0  0.0  0.0  0.0  
PD  0.75  0.0  0.25  0.0  0.0  0.0  
PD  0.75  0.125  0.375  0.0  0.0  0.0  
PD  0.875  0.0  0.375  0.0  0.0  0.0  
PD  0.875  0.125  0.25  0.0  0.0  0.0  
PD  0.75  0.0  0.5  0.0  0.0  0.0  
PD  0.75  0.125  0.625  0.0  0.0  0.0  
PD  0.875  0.0  0.625  0.0  0.0  0.0  
PD  0.875  0.125  0.5  0.0  0.0  0.0  
PD  0.75  0.0  0.75  0.0  0.0  0.0  
PD  0.75  0.125  0.875  0.0  0.0  0.0  
PD  0.875  0.0  0.875  0.0  0.0  0.0  
PD  0.875  0.125  0.75  0.0  0.0  0.0  
PD  0.75  0.25  0.0  0.0  0.0  0.0  
PD  0.75  0.375  0.125  0.0  0.0  0.0  
PD  0.875  0.25  0.125  0.0  0.0  0.0  
PD  0.875  0.375  0.0  0.0  0.0  0.0  
PD  0.75  0.25  0.25  0.0  0.0  0.0  
PD  0.75  0.375  0.375  0.0  0.0  0.0  
PD  0.875  0.25  0.375  0.0  0.0  0.0  
PD  0.875  0.375  0.25  0.0  0.0  0.0  
PD  0.75  0.25  0.5  0.0  0.0  0.0  
PD  0.75  0.375  0.625  0.0  0.0  0.0  
PD  0.875  0.25  0.625  0.0  0.0  0.0  
PD  0.875  0.375  0.5  0.0  0.0  0.0  
PD  0.75  0.25  0.75  0.0  0.0  0.0  
PD  0.75  0.375  0.875  0.0  0.0  0.0  
PD  0.875  0.25  0.875  0.0  0.0  0.0  
PD  0.875  0.375  0.75  0.0  0.0  0.0  
PD  0.75  0.5  0.0  0.0  0.0  0.0  
PD  0.75  0.625  0.125  0.0  0.0  0.0  
PD  0.875  0.5  0.125  0.0  0.0  0.0  
PD  0.875  0.625  0.0  0.0  0.0  0.0  
PD  0.75  0.5  0.25  0.0  0.0  0.0  
PD  0.75  0.625  0.375  0.0  0.0  0.0  
PD  0.875  0.5  0.375  0.0  0.0  0.0  
PD  0.875  0.625  0.25  0.0  0.0  0.0  
PD  0.75  0.5  0.5  0.0  0.0  0.0  
PD  0.75  0.625  0.625  0.0  0.0  0.0  
PD  0.875  0.5  0.625  0.0  0.0  0.0  
PD  0.875  0.625  0.5  0.0  0.0  0.0  
PD  0.75  0.5  0.75  0.0  0.0  0.0  
PD  0.75  0.625  0.875  0.0  0.0  0.0  
PD  0.875  0.5  0.875  0.0  0.0  0.0  
PD  0.875  0.625  0.75  0.0  0.0  0.0  
PD  0.75  0.75  0.0  0.0  0.0  0.0  
PD  0.75  0.875  0.125  0.0  0.0  0.0  
PD  0.875  0.75  0.125  0.0  0.0  0.0  
PD  0.875  0.875  0.0  0.0  0.0  0.0  
PD  0.75  0.75  0.25  0.0  0.0  0.0  
PD  0.75  0.875  0.375  0.0  0.0  0.0  
PD  0.875  0.75  0.375  0.0  0.0  0.0  
PD  0.875  0.875  0.25  0.0  0.0  0.0  
PD  0.75  0.75  0.5  0.0  0.0  0.0  
PD  0.75  0.875  0.625  0.0  0.0  0.0  
PD  0.875  0.75  0.625  0.0  0.0  0.0  
PD  0.875  0.875  0.5  0.0  0.0  0.0  
PD  0.75  0.75  0.75  0.0  0.0  0.0  
PD  0.75  0.875  0.875  0.0  0.0  0.0  
PD  0.875  0.75  0.875  0.0  0.0  0.0  
PD  0.875  0.875  0.75  0.0  0.0  0.0  



#############################################################
#############################################################
CONFIG 5
#############################################################
#############################################################
file_type  STANDARD 
file_path  configs/tetra.out 
file_part  0 
alat  7.86 
c         1 1 1  
uv_prim   1.0 0.0 0.0  
          0.0 1.0 0.0  
          0.0 0.0 1.0  
uv        1.0 0.0 0.0  
          0.0 1.0 0.0  
          0.0 0.0 1.0  
stress    0.0 0.0 0.0  
          0.0 0.0 0.0  
          0.0 0.0 0.0  
energy    -129.04056 
epa       -3.91032 
rcut      6.5 
rverlet   6.5 
e         1 
f         0 
s         0 

COORDS PRIM (33)
PD  0.1274924  0.1274924  0.1274924  
PD  -0.0447353  -0.0447353  -0.0447353  
PD  -0.0447353  0.2997201  0.2997201  
PD  0.2997201  -0.0447353  0.2997201  
PD  0.2997201  0.2997201  -0.0447353  
PD  -0.0002789  -0.0002789  0.5075718  
PD  -0.0002789  0.2552637  0.767352  
PD  0.2552637  -0.0002789  0.767352  
PD  0.2552637  0.2552637  0.5075718  
PD  -0.0002789  0.5075718  -0.0002789  
PD  -0.0002789  0.767352  0.2552637  
PD  0.2552637  0.5075718  0.2552637  
PD  0.2552637  0.767352  -0.0002789  
PD  0.0001613  0.5221396  0.5221396  
PD  0.0001613  0.7527843  0.7527843  
PD  0.2548234  0.5221396  0.7527843  
PD  0.2548234  0.7527843  0.5221396  
PD  0.5075718  -0.0002789  -0.0002789  
PD  0.5075718  0.2552637  0.2552637  
PD  0.767352  -0.0002789  0.2552637  
PD  0.767352  0.2552637  -0.0002789  
PD  0.5221396  0.0001613  0.5221396  
PD  0.5221396  0.2548234  0.7527843  
PD  0.7527843  0.0001613  0.7527843  
PD  0.7527843  0.2548234  0.5221396  
PD  0.5221396  0.5221396  0.0001613  
PD  0.5221396  0.7527843  0.2548234  
PD  0.7527843  0.5221396  0.2548234  
PD  0.7527843  0.7527843  0.0001613  
PD  0.5162247  0.5162247  0.5162247  
PD  0.5162247  0.7586991  0.7586991  
PD  0.7586991  0.5162247  0.7586991  
PD  0.7586991  0.7586991  0.5162247  


COORDS (33)
PD  0.1274924  0.1274924  0.1274924  
PD  -0.0447353  -0.0447353  -0.0447353  
PD  -0.0447353  0.2997201  0.2997201  
PD  0.2997201  -0.0447353  0.2997201  
PD  0.2997201  0.2997201  -0.0447353  
PD  -0.0002789  -0.0002789  0.5075718  
PD  -0.0002789  0.2552637  0.767352  
PD  0.2552637  -0.0002789  0.767352  
PD  0.2552637  0.2552637  0.5075718  
PD  -0.0002789  0.5075718  -0.0002789  
PD  -0.0002789  0.767352  0.2552637  
PD  0.2552637  0.5075718  0.2552637  
PD  0.2552637  0.767352  -0.0002789  
PD  0.0001613  0.5221396  0.5221396  
PD  0.0001613  0.7527843  0.7527843  
PD  0.2548234  0.5221396  0.7527843  
PD  0.2548234  0.7527843  0.5221396  
PD  0.5075718  -0.0002789  -0.0002789  
PD  0.5075718  0.2552637  0.2552637  
PD  0.767352  -0.0002789  0.2552637  
PD  0.767352  0.2552637  -0.0002789  
PD  0.5221396  0.0001613  0.5221396  
PD  0.5221396  0.2548234  0.7527843  
PD  0.7527843  0.0001613  0.7527843  
PD  0.7527843  0.2548234  0.5221396  
PD  0.5221396  0.5221396  0.0001613  
PD  0.5221396  0.7527843  0.2548234  
PD  0.7527843  0.5221396  0.2548234  
PD  0.7527843  0.7527843  0.0001613  
PD  0.5162247  0.5162247  0.5162247  
PD  0.5162247  0.7586991  0.7586991  
PD  0.7586991  0.5162247  0.7586991  
PD  0.7586991  0.7586991  0.5162247  



#############################################################
#############################################################
CONFIG 6
#############################################################
#############################################################
file_type  STANDARD 
file_path  configs/octa.out 
file_part  0 
alat  7.86 
c         1 1 1  
uv_prim   1.0 0.0 0.0  
          0.0 1.0 0.0  
          0.0 0.0 1.0  
uv        1.0 0.0 0.0  
          0.0 1.0 0.0  
          0.0 0.0 1.0  
stress    0.0 0.0 0.0  
          0.0 0.0 0.0  
          0.0 0.0 0.0  
energy    -129.04056 
epa       -3.91032 
rcut      6.5 
rverlet   6.5 
e         1 
f         0 
s         0 

COORDS PRIM (33)
PD  0.25  0.25  0.25  
PD  -0.005857957  -0.005857957  -0.005857957  
PD  -0.066486753  0.25  0.25  
PD  0.25  -0.066486753  0.25  
PD  0.25  0.25  -0.066486753  
PD  -0.005857957  -0.005857957  0.505857957  
PD  -0.017747676  0.25  0.75  
PD  0.25  -0.017747676  0.75  
PD  0.25  0.25  0.566486753  
PD  -0.005857957  0.505857957  -0.005857957  
PD  -0.017747676  0.75  0.25  
PD  0.25  0.566486753  0.25  
PD  0.25  0.75  -0.017747676  
PD  -0.005857957  0.505857957  0.505857957  
PD  -0.015372661  0.75  0.75  
PD  0.25  0.517747676  0.75  
PD  0.25  0.75  0.517747676  
PD  0.505857957  -0.005857957  -0.005857957  
PD  0.566486753  0.25  0.25  
PD  0.75  -0.017747676  0.25  
PD  0.75  0.25  -0.017747676  
PD  0.505857957  -0.005857957  0.505857957  
PD  0.517747676  0.25  0.75  
PD  0.75  -0.015372661  0.75  
PD  0.75  0.25  0.517747676  
PD  0.505857957  0.505857957  -0.005857957  
PD  0.517747676  0.75  0.25  
PD  0.75  0.517747676  0.25  
PD  0.75  0.75  -0.015372661  
PD  0.505857957  0.505857957  0.505857957  
PD  0.515372661  0.75  0.75  
PD  0.75  0.515372661  0.75  
PD  0.75  0.75  0.515372661  


COORDS (33)
PD  0.25  0.25  0.25  
PD  -0.005857957  -0.005857957  -0.005857957  
PD  -0.066486753  0.25  0.25  
PD  0.25  -0.066486753  0.25  
PD  0.25  0.25  -0.066486753  
PD  -0.005857957  -0.005857957  0.505857957  
PD  -0.017747676  0.25  0.75  
PD  0.25  -0.017747676  0.75  
PD  0.25  0.25  0.566486753  
PD  -0.005857957  0.505857957  -0.005857957  
PD  -0.017747676  0.75  0.25  
PD  0.25  0.566486753  0.25  
PD  0.25  0.75  -0.017747676  
PD  -0.005857957  0.505857957  0.505857957  
PD  -0.015372661  0.75  0.75  
PD  0.25  0.517747676  0.75  
PD  0.25  0.75  0.517747676  
PD  0.505857957  -0.005857957  -0.005857957  
PD  0.566486753  0.25  0.25  
PD  0.75  -0.017747676  0.25  
PD  0.75  0.25  -0.017747676  
PD  0.505857957  -0.005857957  0.505857957  
PD  0.517747676  0.25  0.75  
PD  0.75  -0.015372661  0.75  
PD  0.75  0.25  0.517747676  
PD  0.505857957  0.505857957  -0.005857957  
PD  0.517747676  0.75  0.25  
PD  0.75  0.517747676  0.25  
PD  0.75  0.75  -0.015372661  
PD  0.505857957  0.505857957  0.505857957  
PD  0.515372661  0.75  0.75  
PD  0.75  0.515372661  0.75  
PD  0.75  0.75  0.515372661  



#############################################################
#############################################################
CONFIG 7
#############################################################
#############################################################
file_type  STANDARD 
file_path  configs/no_defect_003.dat 
file_part  0 
alat  3.89 
c         4 4 4  
uv_prim   1.0 0.0 0.0  
          0.0 1.0 0.0  
          0.0 0.0 1.0  
uv        4.0 0.0 0.0  
          0.0 4.0 0.0  
          0.0 0.0 4.0  
stress    0.0 0.0 0.0  
          0.0 0.0 0.0  
          0.0 0.0 0.0  
energy    -1000.96 
epa       -3.91 
rcut      6.5 
rverlet   6.5 
e         1 
f         1 
s         1 

COORDS PRIM (4)
PD  0.0  0.0  0.0  0.0  0.0  0.0  
PD  0.0  0.5  0.5  0.0  0.0  0.0  
PD  0.5  0.0  0.5  0.0  0.0  0.0  
PD  0.5  0.5  0.0  0.0  0.0  0.0  


COORDS (256)
PD  0.0  0.0  0.0  0.0  0.0  0.0  
PD  0.0  0.125  0.125  0.0  0.0  0.0  
PD  0.125  0.0  0.125  0.0  0.0  0.0  
PD  0.125  0.125  0.0  0.0  0.0  0.0  
PD  0.0  0.0  0.25  0.0  0.0  0.0  
PD  0.0  0.125  0.375  0.0  0.0  0.0  
PD  0.125  0.0  0.375  0.0  0.0  0.0  
PD  0.125  0.125  0.25  0.0  0.0  0.0  
PD  0.0  0.0  0.5  0.0  0.0  0.0  
PD  0.0  0.125  0.625  0.0  0.0  0.0  
PD  0.125  0.0  0.625  0.0  0.0  0.0  
PD  0.125  0.125  0.5  0.0  0.0  0.0  
PD  0.0  0.0  0.75  0.0  0.0  0.0  
PD  0.0  0.125  0.875  0.0  0.0  0.0  
PD  0.125  0.0  0.875  0.0  0.0  0.0  
PD  0.125  0.125  0.75  0.0  0.0  0.0  
PD  0.0  0.25  0.0  0.0  0.0  0.0  
PD  0.0  0.375  0.125  0.0  0.0  0.0  
PD  0.125  0.25  0.125  0.0  0.0  0.0  
PD  0.125  0.375  0.0  0.0  0.0  0.0  
PD  0.0  0.25  0.25  0.0  0.0  0.0  
PD  0.0  0.375  0.375  0.0  0.0  0.0  
PD  0.125  0.25  0.375  0.0  0.0  0.0  
PD  0.125  0.375  0.25  0.0  0.0  0.0  
PD  0.0  0.25  0.5  0.0  0.0  0.0  
PD  0.0  0.375  0.625  0.0  0.0  0.0  
PD  0.125  0.25  0.625  0.0  0.0  0.0  
PD  0.125  0.375  0.5  0.0  0.0  0.0  
PD  0.0  0.25  0.75  0.0  0.0  0.0  
PD  0.0  0.375  0.875  0.0  0.0  0.0  
PD  0.125  0.25  0.875  0.0  0.0  0.0  
PD  0.125  0.375  0.75  0.0  0.0  0.0  
PD  0.0  0.5  0.0  0.0  0.0  0.0  
PD  0.0  0.625  0.125  0.0  0.0  0.0  
PD  0.125  0.5  0.125  0.0  0.0  0.0  
PD  0.125  0.625  0.0  0.0  0.0  0.0  
PD  0.0  0.5  0.25  0.0  0.0  0.0  
PD  0.0  0.625  0.375  0.0  0.0  0.0  
PD  0.125  0.5  0.375  0.0  0.0  0.0  
PD  0.125  0.625  0.25  0.0  0.0  0.0  
PD  0.0  0.5  0.5  0.0  0.0  0.0  
PD  0.0  0.625  0.625  0.0  0.0  0.0  
PD  0.125  0.5  0.625  0.0  0.0  0.0  
PD  0.125  0.625  0.5  0.0  0.0  0.0  
PD  0.0  0.5  0.75  0.0  0.0  0.0  
PD  0.0  0.625  0.875  0.0  0.0  0.0  
PD  0.125  0.5  0.875  0.0  0.0  0.0  
PD  0.125  0.625  0.75  0.0  0.0  0.0  
PD  0.0  0.75  0.0  0.0  0.0  0.0  
PD  0.0  0.875  0.125  0.0  0.0  0.0  
PD  0.125  0.75  0.125  0.0  0.0  0.0  
PD  0.125  0.875  0.0  0.0  0.0  0.0  
PD  0.0  0.75  0.25  0.0  0.0  0.0  
PD  0.0  0.875  0.375  0.0  0.0  0.0  
PD  0.125  0.75  0.375  0.0  0.0  0.0  
PD  0.125  0.875  0.25  0.0  0.0  0.0  
PD  0.0  0.75  0.5  0.0  0.0  0.0  
PD  0.0  0.875  0.625  0.0  0.0  0.0  
PD  0.125  0.75  0.625  0.0  0.0  0.0  
PD  0.125  0.875  0.5  0.0  0.0  0.0  
PD  0.0  0.75  0.75  0.0  0.0  0.0  
PD  0.0  0.875  0.875  0.0  0.0  0.0  
PD  0.125  0.75  0.875  0.0  0.0  0.0  
PD  0.125  0.875  0.75  0.0  0.0  0.0  
PD  0.25  0.0  0.0  0.0  0.0  0.0  
PD  0.25  0.125  0.125  0.0  0.0  0.0  
PD  0.375  0.0  0.125  0.0  0.0  0.0  
PD  0.375  0.125  0.0  0.0  0.0  0.0  
PD  0.25  0.0  0.25  0.0  0.0  0.0  
PD  0.25  0.125  0.375  0.0  0.0  0.0  
PD  0.375  0.0  0.375  0.0  0.0  0.0  
PD  0.375  0.125  0.25  0.0  0.0  0.0  
PD  0.25  0.0  0.5  0.0  0.0  0.0  
PD  0.25  0.125  0.625  0.0  0.0  0.0  
PD  0.375  0.0  0.625  0.0  0.0  0.0  
PD  0.375  0.125  0.5  0.0  0.0  0.0  
PD  0.25  0.0  0.75  0.0  0.0  0.0  
PD  0.25  0.125  0.875  0.0  0.0  0.0  
PD  0.375  0.0  0.875  0.0  0.0  0.0  
PD  0.375  0.125  0.75  0.0  0.0  0.0  
PD  0.25  0.25  0.0  0.0  0.0  0.0  
PD  0.25  0.375  0.125  0.0  0.0  0.0  
PD  0.375  0.25  0.125  0.0  0.0  0.0  
PD  0.375  0.375  0.0  0.0  0.0  0.0  
PD  0.25  0.25  0.25  0.0  0.0  0.0  
PD  0.25  0.375  0.375  0.0  0.0  0.0  
PD  0.375  0.25  0.375  0.0  0.0  0.0  
PD  0.375  0.375  0.25  0.0  0.0  0.0  
PD  0.25  0.25  0.5  0.0  0.0  0.0  
PD  0.25  0.375  0.625  0.0  0.0  0.0  
PD  0.375  0.25  0.625  0.0  0.0  0.0  
PD  0.375  0.375  0.5  0.0  0.0  0.0  
PD  0.25  0.25  0.75  0.0  0.0  0.0  
PD  0.25  0.375  0.875  0.0  0.0  0.0  
PD  0.375  0.25  0.875  0.0  0.0  0.0  
PD  0.375  0.375  0.75  0.0  0.0  0.0  
PD  0.25  0.5  0.0  0.0  0.0  0.0  
PD  0.25  0.625  0.125  0.0  0.0  0.0  
PD  0.375  0.5  0.125  0.0  0.0  0.0  
PD  0.375  0.625  0.0  0.0  0.0  0.0  
PD  0.25  0.5  0.25  0.0  0.0  0.0  
PD  0.25  0.625  0.375  0.0  0.0  0.0  
PD  0.375  0.5  0.375  0.0  0.0  0.0  
PD  0.375  0.625  0.25  0.0  0.0  0.0  
PD  0.25  0.5  0.5  0.0  0.0  0.0  
PD  0.25  0.625  0.625  0.0  0.0  0.0  
PD  0.375  0.5  0.625  0.0  0.0  0.0  
PD  0.375  0.625  0.5  0.0  0.0  0.0  
PD  0.25  0.5  0.75  0.0  0.0  0.0  
PD  0.25  0.625  0.875  0.0  0.0  0.0  
PD  0.375  0.5  0.875  0.0  0.0  0.0  
PD  0.375  0.625  0.75  0.0  0.0  0.0  
PD  0.25  0.75  0.0  0.0  0.0  0.0  
PD  0.25  0.875  0.125  0.0  0.0  0.0  
PD  0.375  0.75  0.125  0.0  0.0  0.0  
PD  0.375  0.875  0.0  0.0  0.0  0.0  
PD  0.25  0.75  0.25  0.0  0.0  0.0  
PD  0.25  0.875  0.375  0.0  0.0  0.0  
PD  0.375  0.75  0.375  0.0  0.0  0.0  
PD  0.375  0.875  0.25  0.0  0.0  0.0  
PD  0.25  0.75  0.5  0.0  0.0  0.0  
PD  0.25  0.875  0.625  0.0  0.0  0.0  
PD  0.375  0.75  0.625  0.0  0.0  0.0  
PD  0.375  0.875  0.5  0.0  0.0  0.0  
PD  0.25  0.75  0.75  0.0  0.0  0.0  
PD  0.25  0.875  0.875  0.0  0.0  0.0  
PD  0.375  0.75  0.875  0.0  0.0  0.0  
PD  0.375  0.875  0.75  0.0  0.0  0.0  
PD  0.5  0.0  0.0  0.0  0.0  0.0  
PD  0.5  0.125  0.125  0.0  0.0  0.0  
PD  0.625  0.0  0.125  0.0  0.0  0.0  
PD  0.625  0.125  0.0  0.0  0.0  0.0  
PD  0.5  0.0  0.25  0.0  0.0  0.0  
PD  0.5  0.125  0.375  0.0  0.0  0.0  
PD  0.625  0.0  0.375  0.0  0.0  0.0  
PD  0.625  0.125  0.25  0.0  0.0  0.0  
PD  0.5  0.0  0.5  0.0  0.0  0.0  
PD  0.5  0.125  0.625  0.0  0.0  0.0  
PD  0.625  0.0  0.625  0.0  0.0  0.0  
PD  0.625  0.125  0.5  0.0  0.0  0.0  
PD  0.5  0.0  0.75  0.0  0.0  0.0  
PD  0.5  0.125  0.875  0.0  0.0  0.0  
PD  0.625  0.0  0.875  0.0  0.0  0.0  
PD  0.625  0.125  0.75  0.0  0.0  0.0  
PD  0.5  0.25  0.0  0.0  0.0  0.0  
PD  0.5  0.375  0.125  0.0  0.0  0.0  
PD  0.625  0.25  0.125  0.0  0.0  0.0  
PD  0.625  0.375  0.0  0.0  0.0  0.0  
PD  0.5  0.25  0.25  0.0  0.0  0.0  
PD  0.5  0.375  0.375  0.0  0.0  0.0  
PD  0.625  0.25  0.375  0.0  0.0  0.0  
PD  0.625  0.375  0.25  0.0  0.0  0.0  
PD  0.5  0.25  0.5  0.0  0.0  0.0  
PD  0.5  0.375  0.625  0.0  0.0  0.0  
PD  0.625  0.25  0.625  0.0  0.0  0.0  
PD  0.625  0.375  0.5  0.0  0.0  0.0  
PD  0.5  0.25  0.75  0.0  0.0  0.0  
PD  0.5  0.375  0.875  0.0  0.0  0.0  
PD  0.625  0.25  0.875  0.0  0.0  0.0  
PD  0.625  0.375  0.75  0.0  0.0  0.0  
PD  0.5  0.5  0.0  0.0  0.0  0.0  
PD  0.5  0.625  0.125  0.0  0.0  0.0  
PD  0.625  0.5  0.125  0.0  0.0  0.0  
PD  0.625  0.625  0.0  0.0  0.0  0.0  
PD  0.5  0.5  0.25  0.0  0.0  0.0  
PD  0.5  0.625  0.375  0.0  0.0  0.0  
PD  0.625  0.5  0.375  0.0  0.0  0.0  
PD  0.625  0.625  0.25  0.0  0.0  0.0  
PD  0.5  0.5  0.5  0.0  0.0  0.0  
PD  0.5  0.625  0.625  0.0  0.0  0.0  
PD  0.625  0.5  0.625  0.0  0.0  0.0  
PD  0.625  0.625  0.5  0.0  0.0  0.0  
PD  0.5  0.5  0.75  0.0  0.0  0.0  
PD  0.5  0.625  0.875  0.0  0.0  0.0  
PD  0.625  0.5  0.875  0.0  0.0  0.0  
PD  0.625  0.625  0.75  0.0  0.0  0.0  
PD  0.5  0.75  0.0  0.0  0.0  0.0  
PD  0.5  0.875  0.125  0.0  0.0  0.0  
PD  0.625  0.75  0.125  0.0  0.0  0.0  
PD  0.625  0.875  0.0  0.0  0.0  0.0  
PD  0.5  0.75  0.25  0.0  0.0  0.0  
PD  0.5  0.875  0.375  0.0  0.0  0.0  
PD  0.625  0.75  0.375  0.0  0.0  0.0  
PD  0.625  0.875  0.25  0.0  0.0  0.0  
PD  0.5  0.75  0.5  0.0  0.0  0.0  
PD  0.5  0.875  0.625  0.0  0.0  0.0  
PD  0.625  0.75  0.625  0.0  0.0  0.0  
PD  0.625  0.875  0.5  0.0  0.0  0.0  
PD  0.5  0.75  0.75  0.0  0.0  0.0  
PD  0.5  0.875  0.875  0.0  0.0  0.0  
PD  0.625  0.75  0.875  0.0  0.0  0.0  
PD  0.625  0.875  0.75  0.0  0.0  0.0  
PD  0.75  0.0  0.0  0.0  0.0  0.0  
PD  0.75  0.125  0.125  0.0  0.0  0.0  
PD  0.875  0.0  0.125  0.0  0.0  0.0  
PD  0.875  0.125  0.0  0.0  0.0  0.0  
PD  0.75  0.0  0.25  0.0  0.0  0.0  
PD  0.75  0.125  0.375  0.0  0.0  0.0  
PD  0.875  0.0  0.375  0.0  0.0  0.0  
PD  0.875  0.125  0.25  0.0  0.0  0.0  
PD  0.75  0.0  0.5  0.0  0.0  0.0  
PD  0.75  0.125  0.625  0.0  0.0  0.0  
PD  0.875  0.0  0.625  0.0  0.0  0.0  
PD  0.875  0.125  0.5  0.0  0.0  0.0  
PD  0.75  0.0  0.75  0.0  0.0  0.0  
PD  0.75  0.125  0.875  0.0  0.0  0.0  
PD  0.875  0.0  0.875  0.0  0.0  0.0  
PD  0.875  0.125  0.75  0.0  0.0  0.0  
PD  0.75  0.25  0.0  0.0  0.0  0.0  
PD  0.75  0.375  0.125  0.0  0.0  0.0  
PD  0.875  0.25  0.125  0.0  0.0  0.0  
PD  0.875  0.375  0.0  0.0  0.0  0.0  
PD  0.75  0.25  0.25  0.0  0.0  0.0  
PD  0.75  0.375  0.375  0.0  0.0  0.0  
PD  0.875  0.25  0.375  0.0  0.0  0.0  
PD  0.875  0.375  0.25  0.0  0.0  0.0  
PD  0.75  0.25  0.5  0.0  0.0  0.0  
PD  0.75  0.375  0.625  0.0  0.0  0.0  
PD  0.875  0.25  0.625  0.0  0.0  0.0  
PD  0.875  0.375  0.5  0.0  0.0  0.0  
PD  0.75  0.25  0.75  0.0  0.0  0.0  
PD  0.75  0.375  0.875  0.0  0.0  0.0  
PD  0.875  0.25  0.875  0.0  0.0  0.0  
PD  0.875  0.375  0.75  0.0  0.0  0.0  
PD  0.75  0.5  0.0  0.0  0.0  0.0  
PD  0.75  0.625  0.125  0.0  0.0  0.0  
PD  0.875  0.5  0.125  0.0  0.0  0.0  
PD  0.875  0.625  0.0  0.0  0.0  0.0  
PD  0.75  0.5  0.25  0.0  0.0  0.0  
PD  0.75  0.625  0.375  0.0  0.0  0.0  
PD  0.875  0.5  0.375  0.0  0.0  0.0  
PD  0.875  0.625  0.25  0.0  0.0  0.0  
PD  0.75  0.5  0.5  0.0  0.0  0.0  
PD  0.75  0.625  0.625  0.0  0.0  0.0  
PD  0.875  0.5  0.625  0.0  0.0  0.0  
PD  0.875  0.625  0.5  0.0  0.0  0.0  
PD  0.75  0.5  0.75  0.0  0.0  0.0  
PD  0.75  0.625  0.875  0.0  0.0  0.0  
PD  0.875  0.5  0.875  0.0  0.0  0.0  
PD  0.875  0.625  0.75  0.0  0.0  0.0  
PD  0.75  0.75  0.0  0.0  0.0  0.0  
PD  0.75  0.875  0.125  0.0  0.0  0.0  
PD  0.875  0.75  0.125  0.0  0.0  0.0  
PD  0.875  0.875  0.0  0.0  0.0  0.0  
PD  0.75  0.75  0.25  0.0  0.0  0.0  
PD  0.75  0.875  0.375  0.0  0.0  0.0  
PD  0.875  0.75  0.375  0.0  0.0  0.0  
PD  0.875  0.875  0.25  0.0  0.0  0.0  
PD  0.75  0.75  0.5  0.0  0.0  0.0  
PD  0.75  0.875  0.625  0.0  0.0  0.0  
PD  0.875  0.75  0.625  0.0  0.0  0.0  
PD  0.875  0.875  0.5  0.0  0.0  0.0  
PD  0.75  0.75  0.75  0.0  0.0  0.0  
PD  0.75  0.875  0.875  0.0  0.0  0.0  
PD  0.875  0.75  0.875  0.0  0.0  0.0  
PD  0.875  0.875  0.75  0.0  0.0  0.0  



#############################################################
#############################################################
CONFIG 8
#############################################################
#############################################################
file_type  STANDARD 
file_path  configs/no_defect_004.dat 
file_part  0 
alat  3.9 
c         4 4 4  
uv_prim   1.0 0.0 0.0  
          0.0 1.0 0.0  
          0.0 0.0 1.0  
uv        4.0 0.0 0.0  
          0.0 4.0 0.0  
          0.0 0.0 4.0  
stress    0.0 0.0 0.0  
          0.0 0.0 0.0  
          0.0 0.0 0.0  
energy    -1000.96 
epa       -3.91 
rcut      6.5 
rverlet   6.5 
e         1 
f         1 
s         1 

COORDS PRIM (4)
PD  0.0  0.0  0.0  0.0  0.0  0.0  
PD  0.0  0.5  0.5  0.0  0.0  0.0  
PD  0.5  0.0  0.5  0.0  0.0  0.0  
PD  0.5  0.5  0.0  0.0  0.0  0.0  


COORDS (256)
PD  0.0  0.0  0.0  0.0  0.0  0.0  
PD  0.0  0.125  0.125  0.0  0.0  0.0  
PD  0.125  0.0  0.125  0.0  0.0  0.0  
PD  0.125  0.125  0.0  0.0  0.0  0.0  
PD  0.0  0.0  0.25  0.0  0.0  0.0  
PD  0.0  0.125  0.375  0.0  0.0  0.0  
PD  0.125  0.0  0.375  0.0  0.0  0.0  
PD  0.125  0.125  0.25  0.0  0.0  0.0  
PD  0.0  0.0  0.5  0.0  0.0  0.0  
PD  0.0  0.125  0.625  0.0  0.0  0.0  
PD  0.125  0.0  0.625  0.0  0.0  0.0  
PD  0.125  0.125  0.5  0.0  0.0  0.0  
PD  0.0  0.0  0.75  0.0  0.0  0.0  
PD  0.0  0.125  0.875  0.0  0.0  0.0  
PD  0.125  0.0  0.875  0.0  0.0  0.0  
PD  0.125  0.125  0.75  0.0  0.0  0.0  
PD  0.0  0.25  0.0  0.0  0.0  0.0  
PD  0.0  0.375  0.125  0.0  0.0  0.0  
PD  0.125  0.25  0.125  0.0  0.0  0.0  
PD  0.125  0.375  0.0  0.0  0.0  0.0  
PD  0.0  0.25  0.25  0.0  0.0  0.0  
PD  0.0  0.375  0.375  0.0  0.0  0.0  
PD  0.125  0.25  0.375  0.0  0.0  0.0  
PD  0.125  0.375  0.25  0.0  0.0  0.0  
PD  0.0  0.25  0.5  0.0  0.0  0.0  
PD  0.0  0.375  0.625  0.0  0.0  0.0  
PD  0.125  0.25  0.625  0.0  0.0  0.0  
PD  0.125  0.375  0.5  0.0  0.0  0.0  
PD  0.0  0.25  0.75  0.0  0.0  0.0  
PD  0.0  0.375  0.875  0.0  0.0  0.0  
PD  0.125  0.25  0.875  0.0  0.0  0.0  
PD  0.125  0.375  0.75  0.0  0.0  0.0  
PD  0.0  0.5  0.0  0.0  0.0  0.0  
PD  0.0  0.625  0.125  0.0  0.0  0.0  
PD  0.125  0.5  0.125  0.0  0.0  0.0  
PD  0.125  0.625  0.0  0.0  0.0  0.0  
PD  0.0  0.5  0.25  0.0  0.0  0.0  
PD  0.0  0.625  0.375  0.0  0.0  0.0  
PD  0.125  0.5  0.375  0.0  0.0  0.0  
PD  0.125  0.625  0.25  0.0  0.0  0.0  
PD  0.0  0.5  0.5  0.0  0.0  0.0  
PD  0.0  0.625  0.625  0.0  0.0  0.0  
PD  0.125  0.5  0.625  0.0  0.0  0.0  
PD  0.125  0.625  0.5  0.0  0.0  0.0  
PD  0.0  0.5  0.75  0.0  0.0  0.0  
PD  0.0  0.625  0.875  0.0  0.0  0.0  
PD  0.125  0.5  0.875  0.0  0.0  0.0  
PD  0.125  0.625  0.75  0.0  0.0  0.0  
PD  0.0  0.75  0.0  0.0  0.0  0.0  
PD  0.0  0.875  0.125  0.0  0.0  0.0  
PD  0.125  0.75  0.125  0.0  0.0  0.0  
PD  0.125  0.875  0.0  0.0  0.0  0.0  
PD  0.0  0.75  0.25  0.0  0.0  0.0  
PD  0.0  0.875  0.375  0.0  0.0  0.0  
PD  0.125  0.75  0.375  0.0  0.0  0.0  
PD  0.125  0.875  0.25  0.0  0.0  0.0  
PD  0.0  0.75  0.5  0.0  0.0  0.0  
PD  0.0  0.875  0.625  0.0  0.0  0.0  
PD  0.125  0.75  0.625  0.0  0.0  0.0  
PD  0.125  0.875  0.5  0.0  0.0  0.0  
PD  0.0  0.75  0.75  0.0  0.0  0.0  
PD  0.0  0.875  0.875  0.0  0.0  0.0  
PD  0.125  0.75  0.875  0.0  0.0  0.0  
PD  0.125  0.875  0.75  0.0  0.0  0.0  
PD  0.25  0.0  0.0  0.0  0.0  0.0  
PD  0.25  0.125  0.125  0.0  0.0  0.0  
PD  0.375  0.0  0.125  0.0  0.0  0.0  
PD  0.375  0.125  0.0  0.0  0.0  0.0  
PD  0.25  0.0  0.25  0.0  0.0  0.0  
PD  0.25  0.125  0.375  0.0  0.0  0.0  
PD  0.375  0.0  0.375  0.0  0.0  0.0  
PD  0.375  0.125  0.25  0.0  0.0  0.0  
PD  0.25  0.0  0.5  0.0  0.0  0.0  
PD  0.25  0.125  0.625  0.0  0.0  0.0  
PD  0.375  0.0  0.625  0.0  0.0  0.0  
PD  0.375  0.125  0.5  0.0  0.0  0.0  
PD  0.25  0.0  0.75  0.0  0.0  0.0  
PD  0.25  0.125  0.875  0.0  0.0  0.0  
PD  0.375  0.0  0.875  0.0  0.0  0.0  
PD  0.375  0.125  0.75  0.0  0.0  0.0  
PD  0.25  0.25  0.0  0.0  0.0  0.0  
PD  0.25  0.375  0.125  0.0  0.0  0.0  
PD  0.375  0.25  0.125  0.0  0.0  0.0  
PD  0.375  0.375  0.0  0.0  0.0  0.0  
PD  0.25  0.25  0.25  0.0  0.0  0.0  
PD  0.25  0.375  0.375  0.0  0.0  0.0  
PD  0.375  0.25  0.375  0.0  0.0  0.0  
PD  0.375  0.375  0.25  0.0  0.0  0.0  
PD  0.25  0.25  0.5  0.0  0.0  0.0  
PD  0.25  0.375  0.625  0.0  0.0  0.0  
PD  0.375  0.25  0.625  0.0  0.0  0.0  
PD  0.375  0.375  0.5  0.0  0.0  0.0  
PD  0.25  0.25  0.75  0.0  0.0  0.0  
PD  0.25  0.375  0.875  0.0  0.0  0.0  
PD  0.375  0.25  0.875  0.0  0.0  0.0  
PD  0.375  0.375  0.75  0.0  0.0  0.0  
PD  0.25  0.5  0.0  0.0  0.0  0.0  
PD  0.25  0.625  0.125  0.0  0.0  0.0  
PD  0.375  0.5  0.125  0.0  0.0  0.0  
PD  0.375  0.625  0.0  0.0  0.0  0.0  
PD  0.25  0.5  0.25  0.0  0.0  0.0  
PD  0.25  0.625  0.375  0.0  0.0  0.0  
PD  0.375  0.5  0.375  0.0  0.0  0.0  
PD  0.375  0.625  0.25  0.0  0.0  0.0  
PD  0.25  0.5  0.5  0.0  0.0  0.0  
PD  0.25  0.625  0.625  0.0  0.0  0.0  
PD  0.375  0.5  0.625  0.0  0.0  0.0  
PD  0.375  0.625  0.5  0.0  0.0  0.0  
PD  0.25  0.5  0.75  0.0  0.0  0.0  
PD  0.25  0.625  0.875  0.0  0.0  0.0  
PD  0.375  0.5  0.875  0.0  0.0  0.0  
PD  0.375  0.625  0.75  0.0  0.0  0.0  
PD  0.25  0.75  0.0  0.0  0.0  0.0  
PD  0.25  0.875  0.125  0.0  0.0  0.0  
PD  0.375  0.75  0.125  0.0  0.0  0.0  
PD  0.375  0.875  0.0  0.0  0.0  0.0  
PD  0.25  0.75  0.25  0.0  0.0  0.0  
PD  0.25  0.875  0.375  0.0  0.0  0.0  
PD  0.375  0.75  0.375  0.0  0.0  0.0  
PD  0.375  0.875  0.25  0.0  0.0  0.0  
PD  0.25  0.75  0.5  0.0  0.0  0.0  
PD  0.25  0.875  0.625  0.0  0.0  0.0  
PD  0.375  0.75  0.625  0.0  0.0  0.0  
PD  0.375  0.875  0.5  0.0  0.0  0.0  
PD  0.25  0.75  0.75  0.0  0.0  0.0  
PD  0.25  0.875  0.875  0.0  0.0  0.0  
PD  0.375  0.75  0.875  0.0  0.0  0.0  
PD  0.375  0.875  0.75  0.0  0.0  0.0  
PD  0.5  0.0  0.0  0.0  0.0  0.0  
PD  0.5  0.125  0.125  0.0  0.0  0.0  
PD  0.625  0.0  0.125  0.0  0.0  0.0  
PD  0.625  0.125  0.0  0.0  0.0  0.0  
PD  0.5  0.0  0.25  0.0  0.0  0.0  
PD  0.5  0.125  0.375  0.0  0.0  0.0  
PD  0.625  0.0  0.375  0.0  0.0  0.0  
PD  0.625  0.125  0.25  0.0  0.0  0.0  
PD  0.5  0.0  0.5  0.0  0.0  0.0  
PD  0.5  0.125  0.625  0.0  0.0  0.0  
PD  0.625  0.0  0.625  0.0  0.0  0.0  
PD  0.625  0.125  0.5  0.0  0.0  0.0  
PD  0.5  0.0  0.75  0.0  0.0  0.0  
PD  0.5  0.125  0.875  0.0  0.0  0.0  
PD  0.625  0.0  0.875  0.0  0.0  0.0  
PD  0.625  0.125  0.75  0.0  0.0  0.0  
PD  0.5  0.25  0.0  0.0  0.0  0.0  
PD  0.5  0.375  0.125  0.0  0.0  0.0  
PD  0.625  0.25  0.125  0.0  0.0  0.0  
PD  0.625  0.375  0.0  0.0  0.0  0.0  
PD  0.5  0.25  0.25  0.0  0.0  0.0  
PD  0.5  0.375  0.375  0.0  0.0  0.0  
PD  0.625  0.25  0.375  0.0  0.0  0.0  
PD  0.625  0.375  0.25  0.0  0.0  0.0  
PD  0.5  0.25  0.5  0.0  0.0  0.0  
PD  0.5  0.375  0.625  0.0  0.0  0.0  
PD  0.625  0.25  0.625  0.0  0.0  0.0  
PD  0.625  0.375  0.5  0.0  0.0  0.0  
PD  0.5  0.25  0.75  0.0  0.0  0.0  
PD  0.5  0.375  0.875  0.0  0.0  0.0  
PD  0.625  0.25  0.875  0.0  0.0  0.0  
PD  0.625  0.375  0.75  0.0  0.0  0.0  
PD  0.5  0.5  0.0  0.0  0.0  0.0  
PD  0.5  0.625  0.125  0.0  0.0  0.0  
PD  0.625  0.5  0.125  0.0  0.0  0.0  
PD  0.625  0.625  0.0  0.0  0.0  0.0  
PD  0.5  0.5  0.25  0.0  0.0  0.0  
PD  0.5  0.625  0.375  0.0  0.0  0.0  
PD  0.625  0.5  0.375  0.0  0.0  0.0  
PD  0.625  0.625  0.25  0.0  0.0  0.0  
PD  0.5  0.5  0.5  0.0  0.0  0.0  
PD  0.5  0.625  0.625  0.0  0.0  0.0  
PD  0.625  0.5  0.625  0.0  0.0  0.0  
PD  0.625  0.625  0.5  0.0  0.0  0.0  
PD  0.5  0.5  0.75  0.0  0.0  0.0  
PD  0.5  0.625  0.875  0.0  0.0  0.0  
PD  0.625  0.5  0.875  0.0  0.0  0.0  
PD  0.625  0.625  0.75  0.0  0.0  0.0  
PD  0.5  0.75  0.0  0.0  0.0  0.0  
PD  0.5  0.875  0.125  0.0  0.0  0.0  
PD  0.625  0.75  0.125  0.0  0.0  0.0  
PD  0.625  0.875  0.0  0.0  0.0  0.0  
PD  0.5  0.75  0.25  0.0  0.0  0.0  
PD  0.5  0.875  0.375  0.0  0.0  0.0  
PD  0.625  0.75  0.375  0.0  0.0  0.0  
PD  0.625  0.875  0.25  0.0  0.0  0.0  
PD  0.5  0.75  0.5  0.0  0.0  0.0  
PD  0.5  0.875  0.625  0.0  0.0  0.0  
PD  0.625  0.75  0.625  0.0  0.0  0.0  
PD  0.625  0.875  0.5  0.0  0.0  0.0  
PD  0.5  0.75  0.75  0.0  0.0  0.0  
PD  0.5  0.875  0.875  0.0  0.0  0.0  
PD  0.625  0.75  0.875  0.0  0.0  0.0  
PD  0.625  0.875  0.75  0.0  0.0  0.0  
PD  0.75  0.0  0.0  0.0  0.0  0.0  
PD  0.75  0.125  0.125  0.0  0.0  0.0  
PD  0.875  0.0  0.125  0.0  0.0  0.0  
PD  0.875  0.125  0.0  0.0  0.0  0.0  
PD  0.75  0.0  0.25  0.0  0.0  0.0  
PD  0.75  0.125  0.375  0.0  0.0  0.0  
PD  0.875  0.0  0.375  0.0  0.0  0.0  
PD  0.875  0.125  0.25  0.0  0.0  0.0  
PD  0.75  0.0  0.5  0.0  0.0  0.0  
PD  0.75  0.125  0.625  0.0  0.0  0.0  
PD  0.875  0.0  0.625  0.0  0.0  0.0  
PD  0.875  0.125  0.5  0.0  0.0  0.0  
PD  0.75  0.0  0.75  0.0  0.0  0.0  
PD  0.75  0.125  0.875  0.0  0.0  0.0  
PD  0.875  0.0  0.875  0.0  0.0  0.0  
PD  0.875  0.125  0.75  0.0  0.0  0.0  
PD  0.75  0.25  0.0  0.0  0.0  0.0  
PD  0.75  0.375  0.125  0.0  0.0  0.0  
PD  0.875  0.25  0.125  0.0  0.0  0.0  
PD  0.875  0.375  0.0  0.0  0.0  0.0  
PD  0.75  0.25  0.25  0.0  0.0  0.0  
PD  0.75  0.375  0.375  0.0  0.0  0.0  
PD  0.875  0.25  0.375  0.0  0.0  0.0  
PD  0.875  0.375  0.25  0.0  0.0  0.0  
PD  0.75  0.25  0.5  0.0  0.0  0.0  
PD  0.75  0.375  0.625  0.0  0.0  0.0  
PD  0.875  0.25  0.625  0.0  0.0  0.0  
PD  0.875  0.375  0.5  0.0  0.0  0.0  
PD  0.75  0.25  0.75  0.0  0.0  0.0  
PD  0.75  0.375  0.875  0.0  0.0  0.0  
PD  0.875  0.25  0.875  0.0  0.0  0.0  
PD  0.875  0.375  0.75  0.0  0.0  0.0  
PD  0.75  0.5  0.0  0.0  0.0  0.0  
PD  0.75  0.625  0.125  0.0  0.0  0.0  
PD  0.875  0.5  0.125  0.0  0.0  0.0  
PD  0.875  0.625  0.0  0.0  0.0  0.0  
PD  0.75  0.5  0.25  0.0  0.0  0.0  
PD  0.75  0.625  0.375  0.0  0.0  0.0  
PD  0.875  0.5  0.375  0.0  0.0  0.0  
PD  0.875  0.625  0.25  0.0  0.0  0.0  
PD  0.75  0.5  0.5  0.0  0.0  0.0  
PD  0.75  0.625  0.625  0.0  0.0  0.0  
PD  0.875  0.5  0.625  0.0  0.0  0.0  
PD  0.875  0.625  0.5  0.0  0.0  0.0  
PD  0.75  0.5  0.75  0.0  0.0  0.0  
PD  0.75  0.625  0.875  0.0  0.0  0.0  
PD  0.875  0.5  0.875  0.0  0.0  0.0  
PD  0.875  0.625  0.75  0.0  0.0  0.0  
PD  0.75  0.75  0.0  0.0  0.0  0.0  
PD  0.75  0.875  0.125  0.0  0.0  0.0  
PD  0.875  0.75  0.125  0.0  0.0  0.0  
PD  0.875  0.875  0.0  0.0  0.0  0.0  
PD  0.75  0.75  0.25  0.0  0.0  0.0  
PD  0.75  0.875  0.375  0.0  0.0  0.0  
PD  0.875  0.75  0.375  0.0  0.0  0.0  
PD  0.875  0.875  0.25  0.0  0.0  0.0  
PD  0.75  0.75  0.5  0.0  0.0  0.0  
PD  0.75  0.875  0.625  0.0  0.0  0.0  
PD  0.875  0.75  0.625  0.0  0.0  0.0  
PD  0.875  0.875  0.5  0.0  0.0  0.0  
PD  0.75  0.75  0.75  0.0  0.0  0.0  
PD  0.75  0.875  0.875  0.0  0.0  0.0  
PD  0.875  0.75  0.875  0.0  0.0  0.0  
PD  0.875  0.875  0.75  0.0  0.0  0.0  



