RSS:  
648898.2422508374

P:  
-1.79721264466
-3.04451062188
0.855492282273
0.953199958401
0.193853405381
0.6001329253
0.733866867963
-0.623137179318
-0.426777075126
0.635168553826
0.840897702262
-0.86469264043
-0.515278545653
10.638260313
0.0648813961675
0.00958637900018
2.36891224384
0.113102582117
0.0966413020636

EFS Density:
0.42596016038961065

BP Density:
0.42259173862742383


Known:
a0:     3.89
e0:     -3.91
B0:     179.99999999949853
EC:     234.000 176.000 176.000  0.000  0.000  0.000 
        176.000 234.000 176.000  0.000  0.000  0.000 
        176.000 176.000 234.000  0.000  0.000  0.000 
         0.000  0.000  0.000 71.200  0.000  0.000 
         0.000  0.000  0.000  0.000 71.200  0.000 
         0.000  0.000  0.000  0.000  0.000 71.200 

Calculated:
a0:     4.145403447201379
e0:     -6.413727185286836
B0:     720.1513468095787
EC:     240.512 1207.894 1207.894  0.000  0.000  0.000 
        1207.894 240.512 1207.894  0.000  0.000  0.000 
        1207.894 1207.894 240.512  0.000  0.000  0.000 
         0.000  0.000  0.000 993.880  0.000  0.000 
         0.000  0.000  0.000  0.000 993.880  0.000 
         0.000  0.000  0.000  0.000  0.000 993.880 




RSS Details:  
===============================  
Total:      648898.2422508374
a0:         0.0652309208423
e0:         6.26864981834
b0:         11.36421108
ec:         348.329565916
g:          0.0
e:          0.0
v:          0.0
a0 (w):     1630.77302106
e0 (w):     156716.245459
b0 (w):     11364.21108
ec (w):     348329.565916
g (w):      0.0
e (w):      0.0
v (w):      0.0


