RSS:  
459885968.00450736

P:  
1.00097856362
1.00193136582
0.967819160695
-0.039350094384
0.0229473839384
0.000112987087142
-0.0063330918252
-0.000862378854749
0.0155594402076
0.0121303634588
0.00637063510906
0.00746158958155
0.00809304361467
0.0110341550682
-0.00217603478728
0.00364906977302
-0.0165611919771
0.00139114398969
-5.41784812915e-05
-1.94938564301
30.3556213379
24.3362083435
34.9576034546
16.2302913666
17.857875824
7.66438293457
1.23997938633
0.442521393299
0.109044238925
0.0200536046177
0.00229621282779
0.00255827326328
0.00108765787445
7.98819164629e-05
4.18824820372e-05
4.40689618699e-05
-9.11059073598
5.47311123731

Known:
a0:     3.42
e0:     -4.27
B0:     221.99999999938152
EC:     365.600 141.600 141.600  0.000  0.000  0.000 
        141.600 365.600 141.600  0.000  0.000  0.000 
        141.600 141.600 365.600  0.000  0.000  0.000 
         0.000  0.000  0.000 186.000  0.000  0.000 
         0.000  0.000  0.000  0.000 186.000  0.000 
         0.000  0.000  0.000  0.000  0.000 186.000 

Calculated:
a0:     4.124675785398502
e0:     -2.8571535870848415
B0:     -45.292598216309436
EC:     43.662 18.070 18.070  0.000  0.000  0.000 
        18.070 43.662 18.070  0.000  0.000  0.000 
        18.070 18.070 43.662  0.000  0.000  0.000 
         0.000  0.000  0.000 -12.384  0.000  0.000 
         0.000  0.000  0.000  0.000 -12.384  0.000 
         0.000  0.000  0.000  0.000  0.000 -12.384 



