########################
# 00000001
########################
RSS 16031.233266588157
BP 0:
a0:   3.2855e+00   e0:  -4.6261e+00   b0:   2.7518e+02   
P: 
  2.6473e-02  -9.6725e-02  -3.6628e-02   1.6637e-01   6.8417e-02 
 -5.7253e-01  -4.0338e-01  -1.9165e-03   1.1306e-01   8.5300e-04 
  7.0008e-02   6.7759e-02  -1.5942e-02  -9.7920e-04   2.7633e-06 
 -5.5729e-05   2.6365e-01   3.9690e+00  -5.4178e+00   1.1740e+00 
  5.1704e-02 

########################
# 00000002
########################
RSS 76179055.2932086
BP 0:
a0:   3.7593e+00   e0:  -3.2928e+01   b0:   1.1194e+04   
P: 
  1.2724e-02  -1.9320e-01   1.0016e-01  -2.0114e-02  -2.5865e-01 
 -6.7211e-01  -1.0307e+00  -9.9429e-03   6.1749e-02  -3.0537e-03 
 -2.0437e-01  -2.6709e-01  -8.5194e-02   2.9756e-03   4.3328e-06 
  4.3287e-05   5.4541e-01   3.0065e+00   2.7528e+00   1.0603e+00 
 -2.2427e-02 

########################
# 00000003
########################
RSS 99384452.77054831
BP 0:
a0:   3.6358e+00   e0:  -2.1331e+01   b0:   1.6372e+04   
P: 
  6.5923e-02   1.1763e-01  -2.4365e-02  -3.7130e-01  -5.5627e-02 
  1.8987e-02  -7.8679e-01   2.2619e-03  -1.7086e-01  -3.3033e-03 
  2.0569e-01   1.6766e-01   7.6072e-03  -5.2854e-03   4.3123e-06 
  3.9835e-05   2.5788e-01   4.7490e+00  -1.5142e+00   6.4788e-01 
  1.9554e-02 

########################
# 00000004
########################
RSS 147460553.53089544
BP 0:
a0:   3.4476e+00   e0:   6.8501e+00   b0:   2.0510e+04   
P: 
 -2.9207e-02  -2.8244e-01   1.1171e-01   1.0753e-02  -8.1495e-02 
  5.1101e-01  -4.6581e-01  -2.0948e-03   5.1367e-01  -1.2114e-03 
 -4.5354e-02   1.3760e-02   3.9731e-02   2.3264e-03   1.5153e-05 
  1.1718e-04   4.0080e-01   2.6106e+00  -4.9862e+00  -7.7016e-01 
 -2.5374e-02 

########################
# 00000005
########################
RSS 156193892.95833147
BP 0:
a0:   3.4525e+00   e0:   1.1936e+01   b0:   1.9940e+04   
P: 
  2.2653e-02  -3.1611e-01   8.0938e-02   9.5723e-02  -1.9301e-01 
  8.5659e-01  -4.1887e-02   1.1727e-03  -1.8728e-01   2.2897e-03 
  2.7625e-01   3.2635e-01  -4.4681e-02   2.3962e-03   8.1355e-06 
 -2.0021e-04   2.5831e-01   3.4485e+00  -1.1579e+01  -1.7262e+00 
 -2.9609e-02 

########################
# 00000006
########################
RSS 161403666.42253214
BP 0:
a0:   3.4375e+00   e0:  -6.5916e+00   b0:   2.2737e+04   
P: 
  4.6851e-02  -3.3315e-01   4.3974e-02   5.6348e-01   1.9025e-01 
 -8.4204e-01  -1.2908e+00  -1.0414e-02   5.9175e-01   2.5944e-03 
  1.2026e-01   1.7115e-01  -1.3069e-03  -1.3751e-03   1.5517e-05 
 -4.5296e-05  -9.5571e-02   3.5021e+00  -1.4060e+01  -3.1687e-01 
  1.7818e-01 

########################
# 00000007
########################
RSS 175549948.8522393
BP 0:
a0:   3.6983e+00   e0:  -3.9976e+01   b0:   1.3084e+04   
P: 
  1.4249e-02  -2.0048e-01   2.5666e-02   5.7966e-02  -2.0659e-01 
 -1.7971e+00  -1.8365e+00  -2.8812e-03  -4.3252e-03  -6.9055e-04 
  3.1023e-01   2.5048e-01  -6.1783e-02  -2.5392e-03   1.4612e-05 
  2.0128e-06   6.4080e-02   2.9137e+00  -9.0671e+00   2.5274e+00 
  1.4112e-01 

########################
# 00000008
########################
RSS 177442327.07415676
BP 0:
a0:   3.7586e+00   e0:  -4.5323e+01   b0:   1.6410e+04   
P: 
  1.0105e-01  -4.4985e-01   1.3885e-01  -1.7809e-01  -1.7787e-01 
 -1.2185e+00  -1.4085e+00  -5.7603e-03  -2.9046e-01   1.0835e-03 
 -4.4299e-02  -1.3940e-01  -5.5323e-02  -5.0960e-03  -3.6686e-06 
  2.0140e-04  -9.5289e-02   4.0821e+00  -1.8368e+00  -1.9368e-01 
 -5.2327e-02 

########################
# 00000009
########################
RSS 178538579.74872574
BP 0:
a0:   4.0248e+00   e0:  -1.0340e+02   b0:   1.3720e+04   
P: 
 -7.0696e-02  -7.3742e-02   3.7462e-02  -4.0895e-02   1.6982e-01 
 -4.1175e-01  -1.5834e+00  -4.6904e-03   9.8357e-02  -1.0708e-03 
  8.8521e-02  -1.4763e-02   5.5910e-03  -3.1470e-03   1.1506e-05 
  3.2177e-05   6.2450e-01   4.6960e+00  -1.1058e+01   1.9014e+00 
 -2.6273e-03 

########################
# 00000010
########################
RSS 193156984.90669024
BP 0:
a0:   3.5820e+00   e0:  -2.9218e+01   b0:   9.1204e+03   
P: 
  6.4892e-02  -9.3653e-02  -1.9122e-01   9.4949e-01  -1.6598e-01 
 -1.4680e+00  -1.1950e+00   7.0565e-03  -3.9564e-01  -6.7057e-04 
  3.2591e-01   2.8835e-01  -4.7995e-02  -5.6464e-03   9.9306e-06 
  7.8347e-05   4.4252e-01   2.9947e+00  -1.1361e+01   3.6599e-01 
 -1.2866e-02 

########################
# 00000011
########################
RSS 198961026.40300182
BP 0:
a0:   3.5124e+00   e0:  -1.1049e+01   b0:   2.0738e+04   
P: 
 -1.8898e-02  -2.5036e-01   5.6059e-02  -4.4747e-01   7.7012e-02 
 -7.5183e-01  -7.2595e-01   1.7594e-03  -9.9826e-02   5.9498e-04 
 -8.2159e-02  -1.0152e-01   5.1215e-02  -3.7123e-04   6.2728e-06 
 -1.7282e-04   1.6457e-01   4.1869e+00   1.2100e+00  -1.4004e-01 
  2.6946e-02 

########################
# 00000012
########################
RSS 204347466.71543527
BP 0:
a0:   3.6268e+00   e0:   3.5949e+00   b0:   1.2363e+04   
P: 
  1.4477e-01  -1.6905e-02   1.0054e-01  -7.2308e-02  -6.1844e-02 
  1.8057e+00  -8.6183e-01  -1.3589e-03   1.8700e-01  -1.5023e-03 
  8.4455e-02   7.1002e-02  -1.3689e-02   3.3916e-03   1.3052e-05 
  1.7087e-05  -3.8746e-02   8.9564e-01   8.1184e+00   9.1546e-01 
 -4.3660e-02 

########################
# 00000013
########################
RSS 223817998.82798398
BP 0:
a0:   3.5154e+00   e0:  -1.0481e+01   b0:   2.1039e+04   
P: 
 -9.3725e-02  -1.8688e-01  -1.4117e-01   7.6105e-01  -1.5198e-01 
  4.3502e-01  -7.2601e-01   2.6622e-03  -2.4116e-01  -5.5266e-04 
  2.0537e-01   2.1454e-01  -6.1519e-02   4.0162e-04   1.3831e-05 
 -1.8389e-04   2.4976e-01   4.5973e+00  -4.4198e+00  -1.4660e+00 
  1.3375e-02 

########################
# 00000014
########################
RSS 232576582.69790614
BP 0:
a0:   4.0140e+00   e0:  -8.1914e+01   b0:   9.4616e+03   
P: 
  1.7823e-01  -8.5063e-01  -2.4039e-01  -1.0015e+00   7.1187e-01 
  1.2780e+00  -2.0649e+00  -2.0517e-02   5.7272e-01   4.9105e-03 
  5.8546e-01   5.1074e-01   3.1264e-02   6.8428e-03   1.3167e-05 
 -3.7719e-05  -3.1882e-01   4.7760e+00  -2.8677e+00   6.7335e-01 
  2.6105e-01 

########################
# 00000015
########################
RSS 242625864.80293852
BP 0:
a0:   3.7035e+00   e0:  -4.3899e+01   b0:   1.3190e+04   
P: 
  1.4664e-01  -1.5771e-01  -1.7926e-01  -3.6383e-01   2.5558e-01 
 -1.7626e+00  -1.2566e+00   8.0470e-04  -2.6249e-01   2.9903e-03 
 -1.7517e-01  -2.7058e-01  -2.3195e-02  -6.9173e-04  -7.6356e-06 
 -2.0909e-04   1.8131e-01   3.4874e+00  -1.7364e+01  -1.5070e+00 
 -1.8341e-02 

########################
# 00000016
########################
RSS 254001448.1468407
BP 0:
a0:   3.6655e+00   e0:  -1.8547e+01   b0:   2.4583e+04   
P: 
  1.1379e-01  -2.5369e-01   8.6097e-02   5.0807e-01   3.3525e-01 
  1.4680e+00  -9.8468e-01  -2.0444e-03   1.4154e-01   2.9429e-03 
  5.1395e-02   5.9029e-03   3.8240e-02  -5.5370e-03  -1.0235e-05 
 -2.0413e-04   1.3821e-01   4.6391e+00  -1.2872e+01   1.9520e+00 
 -2.8184e-02 

########################
# 00000017
########################
RSS 256840695.45158017
BP 0:
a0:   3.4475e+00   e0:  -3.0829e+01   b0:   1.2965e+04   
P: 
 -2.6250e-02  -5.4374e-01  -1.7917e-01   8.6558e-01   2.3557e-01 
 -3.0872e+00  -2.2165e+00  -1.0438e-02   3.5996e-01   1.7173e-03 
  2.9040e-01   2.8578e-01  -2.2710e-02  -2.7334e-03  -3.0929e-06 
  1.0284e-04   3.2012e-01   3.7246e+00  -1.6978e+01  -6.6432e-01 
  3.3892e-02 

########################
# 00000018
########################
RSS 268913206.70460707
BP 0:
a0:   3.5607e+00   e0:   8.1038e-01   b0:   2.4246e+04   
P: 
 -8.9157e-02  -1.5780e-01   1.4545e-01  -1.4776e-01   2.2753e-01 
  1.6067e+00  -7.4542e-01  -5.2168e-03   1.0356e-01   3.1128e-03 
  2.8717e-01   3.0768e-01  -8.3149e-02   3.1333e-03  -8.1699e-06 
  1.8373e-04   4.3729e-01   2.7760e+00   4.0200e-01   1.0081e-01 
  9.5244e-02 

########################
# 00000019
########################
RSS 273068394.06217086
BP 0:
a0:   3.5176e+00   e0:  -1.1193e+01   b0:   2.7932e+04   
P: 
 -6.3062e-02  -3.7332e-01  -9.9996e-02   7.4962e-01   5.1178e-04 
  9.9305e-02  -8.0663e-01  -1.0773e-02  -7.1127e-03   1.8700e-03 
 -2.2097e-01  -2.3437e-01  -2.5609e-02   7.6341e-04   1.0757e-05 
 -1.8734e-04  -2.2683e-02   3.9234e+00  -1.0041e+01   1.3066e+00 
  1.7017e-01 

########################
# 00000020
########################
RSS 275762008.3224029
BP 0:
a0:   3.6994e+00   e0:  -3.3906e+01   b0:   2.6795e+04   
P: 
  1.0001e-01   1.1277e-01  -1.0503e-02   3.2069e-01   2.9642e-01 
  1.9854e+00  -4.8879e-01   3.2630e-03  -3.3650e-01   3.7569e-03 
 -3.1928e-03  -8.1068e-02  -3.4007e-02  -2.7527e-03  -5.2255e-06 
  1.1686e-05   1.0681e-01   4.4755e+00  -8.3331e+00  -1.1466e+00 
  3.2283e-03 

########################
# 00000021
########################
RSS 328360080.1992011
BP 0:
a0:   3.4748e+00   e0:   1.4573e+01   b0:   3.6253e+04   
P: 
  1.9393e-01   1.8728e-01   1.4281e-01   8.2593e-01   9.1906e-02 
  2.4322e+00  -6.4429e-01   2.2466e-03   7.3995e-01   5.2622e-05 
  2.2003e-01   3.2255e-01  -1.7066e-01  -9.6639e-03   2.7723e-05 
 -8.9828e-05   5.9709e-01   4.7722e+00  -3.0149e+01  -3.0238e+00 
  2.5214e-01 

########################
# 00000022
########################
RSS 347102618.18744457
BP 0:
a0:   3.5516e+00   e0:  -3.9217e+01   b0:   1.2676e+04   
P: 
  1.1032e-01   3.5101e-02  -2.1974e-01   9.3887e-01  -2.5674e-01 
 -2.3910e+00  -2.0179e+00   3.0702e-03   4.9930e-01   2.3874e-03 
 -1.7203e-01  -2.1337e-01   5.9745e-02  -5.2018e-03   7.3031e-06 
 -8.9782e-05   7.6346e-02   2.0801e+00   3.9005e+00   2.7476e-01 
 -1.9515e-02 

########################
# 00000023
########################
RSS 352594667.5817483
BP 0:
a0:   3.7058e+00   e0:  -5.2229e+01   b0:   2.2106e+04   
P: 
  9.4367e-02  -1.5836e-01   7.2985e-02   2.9836e-01  -1.4748e-01 
 -1.0652e+00  -1.6768e+00   5.3307e-03  -4.5113e-01   4.9645e-03 
  2.2029e-01   1.1858e-01   9.5674e-03  -1.8090e-03   1.4501e-05 
 -2.5686e-04   6.7701e-02   2.9745e+00  -5.6213e-01   1.8049e+00 
  1.4311e-02 

########################
# 00000024
########################
RSS 383569583.6024477
BP 0:
a0:   3.8589e+00   e0:  -9.8917e+01   b0:   2.5858e+04   
P: 
  2.8781e-02   2.4051e-02  -1.9251e-03  -1.2807e-01   3.3436e-01 
  1.0659e+00  -1.1962e+00  -9.5838e-03  -3.9769e-01   3.8077e-03 
 -1.1231e-01  -2.6573e-01  -8.5666e-02  -1.2173e-03   1.4717e-05 
  5.3837e-05   3.9935e-01   4.9832e+00  -1.8051e+01   4.3628e-02 
  1.0661e-01 

########################
# 00000025
########################
RSS 384635126.13240385
BP 0:
a0:   3.4524e+00   e0:  -2.0070e+01   b0:   2.6190e+04   
P: 
 -4.7003e-02   3.4922e-01  -2.2503e-02  -4.3216e-03  -2.0824e-01 
 -3.3898e-01  -2.6468e-01  -4.2042e-03  -4.1157e-01   1.1431e-03 
 -2.5218e-01  -2.5147e-01  -1.4961e-04  -4.7717e-03   4.9400e-06 
  2.0466e-04  -5.8133e-02   1.5808e+00   5.4190e+00   3.1776e+00 
 -7.0230e-02 

########################
# 00000026
########################
RSS 392874057.9484196
BP 0:
a0:   3.4843e+00   e0:  -2.2538e+00   b0:   3.4049e+04   
P: 
 -9.7504e-02   1.3464e-01  -1.5741e-02   4.6308e-01   1.7760e-01 
  1.6547e+00  -4.6849e-01  -8.6781e-03   9.8478e-02   1.5105e-03 
  9.0359e-02   1.4415e-01  -9.5017e-02   2.6262e-03   9.4757e-06 
 -1.3121e-04   1.7970e-02   1.6218e+00   2.4329e+00  -9.2706e-02 
  5.3767e-02 

########################
# 00000027
########################
RSS 403108320.05256253
BP 0:
a0:   3.3999e+00   e0:  -2.4007e+00   b0:   3.8923e+04   
P: 
  7.0562e-02   2.7198e-01  -7.3642e-02  -4.8069e-01  -2.4846e-01 
  9.2184e-01   1.2045e-01   6.5218e-03  -1.4004e-01   1.3197e-03 
  2.6806e-01   3.7315e-01  -9.4752e-02  -2.4022e-03   5.8129e-06 
 -1.2851e-04  -1.1612e-01   4.2740e+00   4.1868e+00  -9.7599e-01 
 -6.7587e-02 

########################
# 00000028
########################
RSS 416753464.9878676
BP 0:
a0:   3.7040e+00   e0:  -6.1280e+01   b0:   3.3474e+04   
P: 
  5.8261e-02  -3.4067e-01  -4.4914e-02   1.5387e-01  -1.4020e-01 
  7.0917e-01  -2.2246e+00   4.4201e-03   4.2990e-01  -2.2425e-03 
  2.2542e-01   1.3733e-01  -9.1705e-02   3.0314e-03   2.2617e-06 
 -1.8320e-04   4.3818e-01   2.3055e+00  -1.7263e+01   2.9089e+00 
  2.5206e-02 

########################
# 00000029
########################
RSS 423539393.4721494
BP 0:
a0:   3.6097e+00   e0:  -4.0095e+01   b0:   2.7794e+04   
P: 
 -6.7222e-02  -3.2847e-01  -4.9267e-02   5.2500e-01   3.8587e-01 
 -1.3950e+00  -2.0599e+00   6.0568e-03  -1.9142e-01   6.3090e-04 
  3.8929e-01   3.2245e-01   2.0965e-02  -2.2117e-03   9.4980e-06 
  1.3906e-04   5.4385e-01   3.0422e+00   7.8334e+00  -8.0787e-01 
  2.7907e-02 

########################
# 00000030
########################
RSS 429494477.6821756
BP 0:
a0:   3.3902e+00   e0:  -1.7843e+01   b0:   3.5311e+04   
P: 
 -2.4946e-02  -1.1303e-01  -1.5793e-01   2.3625e-01   1.9813e-01 
 -8.8313e-01  -6.0699e-01  -4.9144e-03  -1.8012e-01  -2.3499e-04 
  2.5425e-01   3.2757e-01  -2.5776e-02   2.6450e-03   1.1929e-05 
 -1.5830e-04   3.9775e-01   2.4641e+00   2.4212e+00   3.8175e+00 
 -2.5520e-02 

########################
# 00000031
########################
RSS 458312880.5980226
BP 0:
a0:   3.5796e+00   e0:  -4.6013e+01   b0:   1.1928e+04   
P: 
 -4.6088e-02  -7.8911e-02   9.0436e-02   9.8711e-02   3.5151e-01 
 -2.6735e+00  -1.5347e+00   2.9909e-03  -1.3971e-01  -1.7222e-03 
 -1.5557e-01  -2.3271e-01  -1.0213e-02   3.1171e-03  -9.0412e-06 
 -3.0738e-04   6.5896e-02   1.7800e+00  -1.6940e+01   3.3721e+00 
  1.8038e-01 

########################
# 00000032
########################
RSS 464058805.6315276
BP 0:
a0:   3.5282e+00   e0:  -4.5078e+01   b0:   1.1623e+04   
P: 
  1.9009e-03   1.5380e-01   1.1784e-01   3.0851e-01  -2.4847e-01 
 -3.3182e+00  -2.2059e+00  -1.1136e-02   2.5373e-01  -2.6443e-03 
 -5.1078e-03  -5.7131e-02  -7.3334e-02  -3.1682e-03   8.5738e-06 
 -1.3967e-04   4.4452e-01   2.6770e+00   3.1277e+00   8.0622e-01 
  1.3074e-01 

########################
# 00000033
########################
RSS 466743142.07661575
BP 0:
a0:   3.3447e+00   e0:  -1.1069e+01   b0:   4.2680e+04   
P: 
 -2.7676e-02  -3.4407e-01  -2.0008e-01   9.4494e-01  -1.3221e-01 
  9.5707e-01   9.0942e-01  -6.5511e-03  -3.2656e-01  -1.8380e-03 
 -2.6677e-01  -1.4193e-01   5.0585e-02  -5.6001e-04   2.4473e-06 
  8.9733e-05   4.1830e-01   2.4884e+00  -1.7590e+01   1.3579e+00 
  9.8845e-03 

########################
# 00000034
########################
RSS 467773308.87638986
BP 0:
a0:   3.3637e+00   e0:  -3.0716e+01   b0:   2.6941e+04   
P: 
  1.1510e-01   3.9900e-02   1.1096e-01   2.2202e-02  -2.2376e-03 
 -2.3087e+00  -1.0097e+00  -5.6018e-03   1.2912e-01  -2.6869e-03 
 -1.3809e-01  -9.8308e-02   4.4058e-02  -6.5116e-04   7.0101e-06 
 -6.1420e-05   5.8512e-01   3.8977e+00  -1.0294e+01   2.0103e+00 
 -1.9849e-02 

########################
# 00000035
########################
RSS 474879418.4452194
BP 0:
a0:   3.4171e+00   e0:  -3.1922e+00   b0:   3.6709e+04   
P: 
  1.1387e-01  -5.6303e-01  -1.3295e-01   3.2497e-01   3.2851e-01 
 -4.9801e-01  -8.4962e-01  -9.2710e-03   2.6798e-01  -3.1659e-04 
  1.9355e-02   9.6626e-02  -8.5274e-02   4.6254e-04  -8.8059e-06 
 -4.3620e-06   6.4802e-01   3.2348e+00  -2.6823e+00   3.3704e+00 
  4.3203e-02 

########################
# 00000036
########################
RSS 500866387.1271144
BP 0:
a0:   3.4228e+00   e0:   1.1343e+01   b0:   4.1771e+04   
P: 
  1.5367e-01  -2.4273e-01  -1.2593e-02   4.7594e-01  -1.0019e-01 
  2.2515e+00   5.8972e-01   7.1394e-03  -3.0318e-01  -1.1732e-03 
  1.2531e-01   2.4001e-01  -1.4399e-02  -4.5712e-04   1.2159e-06 
  1.9480e-04   6.2583e-01   2.3619e+00  -1.2755e+01   3.6298e+00 
 -5.2827e-02 

########################
# 00000037
########################
RSS 504164886.43734336
BP 0:
a0:   3.4877e+00   e0:   3.9318e+00   b0:   3.5081e+04   
P: 
 -6.1732e-04  -5.1140e-02  -1.2486e-01  -5.3396e-01   5.2332e-02 
  1.6579e+00  -1.0974e-01   7.4019e-03  -3.1171e-01   1.9085e-04 
  1.9733e-01   2.4363e-01  -1.5953e-02  -3.2475e-03  -7.6225e-06 
 -2.3723e-04   5.3276e-01   3.8568e+00  -1.0498e+00  -1.2476e+00 
 -7.6555e-02 

########################
# 00000038
########################
RSS 523803111.70372105
BP 0:
a0:   3.3954e+00   e0:  -1.1127e+01   b0:   4.0984e+04   
P: 
  3.3771e-03  -2.6690e-01  -4.4269e-03   7.0273e-01   2.5464e-01 
 -5.2467e-01  -9.4270e-01  -2.4887e-03   6.5054e-01  -1.4546e-03 
 -1.1460e-01  -1.1020e-02  -7.7362e-02   3.3951e-03  -6.6543e-07 
 -7.6231e-05   5.6389e-01   4.6868e+00  -1.3826e+01   3.1392e+00 
  8.2535e-02 

########################
# 00000039
########################
RSS 531452364.2926969
BP 0:
a0:   3.5523e+00   e0:  -4.0147e+01   b0:   2.1728e+04   
P: 
 -5.8171e-02   2.9524e-01  -6.3413e-02  -5.5600e-01  -2.6345e-01 
 -7.5711e-01  -1.7692e+00  -9.1581e-04   5.9456e-02  -1.9682e-03 
  4.1427e-01   4.0207e-01  -7.2290e-02   2.2258e-03  -6.4729e-06 
  1.9981e-04  -1.2617e-01   1.7787e+00  -1.1745e+01   2.7783e+00 
  1.5524e-01 

########################
# 00000040
########################
RSS 535156986.27416867
BP 0:
a0:   3.5502e+00   e0:  -8.1619e+00   b0:   3.5460e+04   
P: 
  9.9073e-02  -4.0897e-01   8.5965e-02   3.8632e-01   3.0670e-01 
  1.8128e+00  -1.3580e+00  -3.9444e-03   3.2364e-01  -2.3092e-04 
  3.3671e-01   3.7054e-01   1.0125e-02   1.2774e-03  -1.0414e-05 
  3.7527e-05  -2.0152e-02   9.9597e-01  -1.2058e+01  -4.8132e-01 
  2.1446e-02 

########################
# 00000041
########################
RSS 561758077.1407171
BP 0:
a0:   3.4750e+00   e0:   1.3690e+00   b0:   3.6095e+04   
P: 
 -1.6721e-03  -5.1977e-01  -1.1079e-01  -3.2005e-01   3.1657e-01 
  4.3925e-01  -5.5897e-01  -1.7956e-03  -4.0102e-01  -2.5545e-03 
  2.8966e-01   3.3000e-01  -9.0188e-02   1.6300e-03   5.8782e-06 
 -2.4600e-04   6.3624e-02   3.4494e+00  -9.5202e+00  -1.7694e-01 
  5.9138e-02 

########################
# 00000042
########################
RSS 566235955.5615089
BP 0:
a0:   3.4386e+00   e0:  -9.4309e-01   b0:   3.9431e+04   
P: 
  1.7053e-02   2.3006e-01   6.8227e-03   5.0120e-03   3.6631e-01 
  1.4876e+00   3.1752e-01  -1.0037e-02  -4.4236e-01   4.7966e-04 
  3.8749e-02   1.0667e-01  -5.9824e-02   3.2069e-03   6.9860e-06 
 -2.0855e-04   3.7792e-01   3.9458e+00  -1.6572e+01  -1.6473e+00 
 -6.1412e-02 

########################
# 00000043
########################
RSS 577638284.7092822
BP 0:
a0:   3.4269e+00   e0:  -3.7848e+00   b0:   4.1982e+04   
P: 
  5.7253e-02   7.7067e-02  -2.0410e-01  -5.0662e-01   3.4346e-01 
  7.0275e-01  -5.2002e-01   7.3859e-03   4.4237e-01   1.8523e-03 
  8.5882e-02   1.8308e-01  -6.4444e-02  -4.6926e-03   5.2237e-06 
 -2.8585e-04   2.8882e-01   3.1657e+00  -1.1861e+01  -7.1720e-01 
  1.7552e-02 

########################
# 00000044
########################
RSS 586689499.0275209
BP 0:
a0:   3.4996e+00   e0:  -3.2355e+01   b0:   2.9790e+04   
P: 
  1.8678e-02  -1.1918e-01  -2.0121e-01  -6.1925e-01  -1.1246e-01 
 -1.8278e+00  -1.3703e+00   3.6605e-03  -3.3378e-01  -2.3143e-03 
 -2.6447e-02  -6.7113e-02  -7.7693e-02  -2.2131e-03  -7.9714e-07 
 -2.8584e-04   3.7182e-01   5.0289e+00  -1.5304e+01  -9.6249e-01 
  5.8442e-02 

########################
# 00000045
########################
RSS 588290447.9824939
BP 0:
a0:   3.7665e+00   e0:  -8.5253e+01   b0:   4.1321e+04   
P: 
  4.9472e-02  -4.5689e-01  -2.9801e-02   1.8297e-01   1.0290e-01 
  2.1077e+00  -2.2190e+00  -7.7452e-03   4.6903e-01  -7.3351e-04 
  4.0317e-02  -9.2949e-02   4.8148e-03  -1.5647e-03   1.2527e-05 
 -4.7495e-05   3.9505e-01   2.2614e+00  -7.4740e+00   3.1174e+00 
 -4.0761e-02 

########################
# 00000046
########################
RSS 608452432.983635
BP 0:
a0:   3.4412e+00   e0:  -2.7155e+00   b0:   4.2765e+04   
P: 
  1.0610e-01  -7.4037e-02  -1.5974e-01   3.5092e-01   2.5576e-01 
  8.9677e-01  -5.7170e-01  -7.0947e-03   2.9318e-01   1.3720e-03 
 -6.9013e-02   1.6538e-02  -9.3898e-02   1.6215e-03   1.6247e-05 
  2.7838e-05   3.3772e-01   3.4543e+00  -1.2096e+01  -1.5893e+00 
  1.3290e-02 

########################
# 00000047
########################
RSS 614903980.0728348
BP 0:
a0:   3.5688e+00   e0:  -4.5842e+01   b0:   2.4673e+04   
P: 
 -3.8553e-03  -1.6709e-01   1.1122e-01   9.4719e-01   1.0979e-01 
 -2.4008e+00  -2.0593e+00  -1.0211e-02  -3.3362e-01  -2.4133e-03 
  6.1124e-02  -1.5812e-02  -6.3269e-02  -3.7378e-03   1.6313e-05 
  5.7423e-05   5.0950e-02   3.2125e+00  -3.4417e+00   1.0496e+00 
  1.7012e-01 

########################
# 00000048
########################
RSS 631745520.1806934
BP 0:
a0:   3.4869e+00   e0:  -3.2999e+01   b0:   3.1309e+04   
P: 
  1.2422e-01  -3.8886e-01  -8.3339e-02  -5.4716e-01  -2.2822e-02 
 -3.0792e+00  -2.1621e+00   4.2817e-03  -2.2347e-01   3.3582e-04 
  3.3832e-01   3.1377e-01  -3.9949e-02  -2.8383e-04   1.3924e-05 
  1.4510e-04   1.3402e-01   2.3990e+00   5.6333e+00   2.4321e+00 
  1.0233e-01 

########################
# 00000049
########################
RSS 669984899.1059664
BP 0:
a0:   3.4507e+00   e0:  -2.6914e+01   b0:   3.6084e+04   
P: 
 -7.8732e-02  -3.9673e-01  -6.1259e-02  -3.5202e-01   3.1493e-01 
 -1.4700e+00  -1.4768e+00   8.1894e-04   4.5750e-01   1.1530e-03 
  2.1344e-01   2.7767e-01  -7.2431e-02  -5.7650e-03  -9.0016e-06 
 -1.6083e-04   6.4503e-01   1.9587e+00  -1.6491e+01   1.0540e+00 
 -3.9071e-03 

########################
# 00000050
########################
RSS 683101244.7505127
BP 0:
a0:   3.3420e+00   e0:  -4.0023e+01   b0:   4.1256e+04   
P: 
 -9.2000e-02  -6.6418e-03  -2.8438e-02   9.7501e-01  -9.3659e-02 
 -1.7189e+00  -5.2725e-01  -6.8686e-03  -4.9600e-02   4.0202e-03 
 -2.4901e-01  -1.6550e-01  -6.2935e-02  -2.9934e-03   5.2658e-06 
 -9.2641e-05   5.6829e-01   3.4873e+00  -1.8922e+01   3.6168e-01 
  1.4894e-01 

########################
# 00000051
########################
RSS 706153762.4074107
BP 0:
a0:   3.4214e+00   e0:  -1.4450e+01   b0:   4.3189e+04   
P: 
  7.9868e-02  -7.7441e-02  -4.6765e-02   7.7182e-01   3.5980e-01 
 -2.0626e-01  -7.1029e-01   4.0101e-03   8.9261e-02  -1.0086e-03 
 -1.2230e-01  -4.7297e-02  -7.0685e-02   3.6415e-03   1.2717e-05 
 -1.0199e-05   5.5419e-01   5.1356e+00  -5.0797e+00   3.2920e+00 
  1.3256e-01 

########################
# 00000052
########################
RSS 717776321.5303622
BP 0:
a0:   3.7106e+00   e0:  -7.7880e+01   b0:   3.9609e+04   
P: 
 -9.0822e-02  -1.0572e-01  -2.0873e-01  -5.5813e-01  -1.0077e-01 
  7.4664e-01  -1.9956e+00   3.1738e-03  -1.2197e-01  -2.7513e-03 
  6.3657e-02  -7.5964e-02   4.3212e-02  -1.6582e-03   3.1190e-06 
 -2.6625e-04   5.0884e-01   2.7814e+00  -1.0888e+01   3.0367e+00 
  5.0921e-02 

########################
# 00000053
########################
RSS 740106680.1279502
BP 0:
a0:   3.4247e+00   e0:  -3.2483e+01   b0:   3.6606e+04   
P: 
  4.9625e-02   2.1349e-01  -1.0775e-01   7.3911e-02   2.2770e-01 
 -3.6590e-01  -6.4057e-01  -5.2807e-03   4.8118e-02   2.7722e-03 
 -1.2689e-01  -7.6018e-02   3.6019e-02   5.6774e-04   1.5169e-07 
 -1.5147e-04  -1.1035e-01   1.5888e+00  -1.3445e+01   6.6477e-01 
  1.5650e-01 

########################
# 00000054
########################
RSS 758428686.8391398
BP 0:
a0:   3.4449e+00   e0:   1.1251e+01   b0:   4.9520e+04   
P: 
 -3.5322e-02  -1.1269e-01   1.4646e-01   5.8511e-01  -1.0425e-01 
  2.1147e+00  -1.5347e-01  -2.0943e-03   2.5339e-01  -2.8361e-03 
 -6.8507e-02   4.8273e-02  -4.3624e-02  -4.5264e-04  -2.1900e-06 
 -1.2672e-04   1.3717e-01   4.1987e+00   3.1224e+00   2.0917e+00 
  5.4783e-03 

########################
# 00000055
########################
RSS 772602632.6225004
BP 0:
a0:   3.3787e+00   e0:  -4.1955e+01   b0:   3.4660e+04   
P: 
 -4.3184e-03   6.5142e-02  -3.1271e-02   1.0683e-03   3.8184e-01 
 -2.8592e+00  -1.3328e+00  -5.2110e-03  -3.0260e-01  -1.6678e-03 
  3.3247e-01   3.7360e-01  -2.3340e-02   3.7048e-03   3.3304e-06 
 -3.1631e-04   5.9539e-01   5.0654e+00  -7.6862e+00   3.2072e+00 
  1.0539e-01 

########################
# 00000056
########################
RSS 777882873.3153491
BP 0:
a0:   3.5199e+00   e0:  -1.4837e+01   b0:   3.9330e+04   
P: 
  1.3795e-01   7.0810e-02  -8.8233e-02  -7.2364e-02   2.8977e-01 
  8.8710e-01  -1.4323e+00  -7.1232e-03   5.9993e-01   2.5432e-03 
 -2.4547e-01  -2.2692e-01  -3.6312e-02  -1.2719e-03  -9.3596e-06 
 -3.0860e-04  -4.2435e-02   2.5132e+00  -1.0528e+01  -5.1048e-01 
  4.6299e-02 

########################
# 00000057
########################
RSS 782933892.4708376
BP 0:
a0:   3.5726e+00   e0:  -2.8848e+01   b0:   4.9847e+04   
P: 
  3.5538e-02  -9.8634e-02  -1.9307e-01   3.0816e-01   1.3057e-01 
  1.0846e+00  -1.5408e+00  -1.1691e-03  -3.5273e-01  -3.3125e-03 
  3.2989e-01   2.8017e-01  -2.1783e-02  -2.3235e-03   1.3658e-05 
 -1.6239e-04   1.6688e-01   3.9695e+00  -1.6531e+01   7.1171e-01 
  5.0839e-02 

########################
# 00000058
########################
RSS 797160640.2145487
BP 0:
a0:   3.4016e+00   e0:  -2.2195e+01   b0:   3.6707e+04   
P: 
  1.5590e-01  -5.7841e-01  -4.4162e-02   2.4914e-01   1.5629e-01 
 -2.2134e+00  -1.0043e+00  -1.0393e-02  -1.6306e-01   3.4180e-03 
 -2.7078e-01  -2.3333e-01  -3.5199e-02  -1.1699e-03   9.8833e-06 
 -1.9787e-04   2.5342e-01   3.8634e+00  -7.3311e+00  -1.0574e-01 
  1.3733e-01 

########################
# 00000059
########################
RSS 876480803.9465663
BP 0:
a0:   3.4006e+00   e0:  -1.4988e+01   b0:   5.6266e+04   
P: 
 -6.3388e-02   1.8565e-01  -1.8438e-01   5.5710e-01   1.0555e-01 
  1.0614e+00  -8.0494e-02  -1.0330e-02  -9.9878e-02   4.2338e-03 
  2.2582e-01   3.6831e-01   5.8645e-02   2.4212e-04   3.3687e-06 
 -2.5275e-04   5.6952e-01   2.7362e+00  -1.4337e+01   2.9313e+00 
  1.4514e-01 

########################
# 00000060
########################
RSS 876618077.2540463
BP 0:
a0:   3.5985e+00   e0:  -4.6537e+01   b0:   4.6162e+04   
P: 
  3.0591e-03   9.8770e-03   5.4534e-02   4.0717e-01   7.0664e-02 
  1.1945e-01  -2.0441e+00   7.5785e-06   2.0339e-02  -2.6760e-03 
 -1.3394e-01  -2.2015e-01  -3.2055e-02  -1.1832e-04  -1.0448e-05 
  1.9302e-04   6.6761e-03   2.7508e+00  -1.3153e+01   1.3344e-01 
  1.7043e-02 

########################
# 00000061
########################
RSS 883610132.9849424
BP 0:
a0:   3.4460e+00   e0:  -5.8616e+00   b0:   4.8108e+04   
P: 
  5.1569e-02  -4.7095e-01   1.1087e-01   7.6013e-01  -2.6733e-01 
 -6.2718e-02  -9.7123e-01   5.1306e-03   9.0543e-03  -1.6909e-03 
 -1.1553e-01  -4.0886e-02  -5.2940e-02   2.3665e-03  -1.9854e-06 
 -2.7013e-05  -4.8379e-02   3.9161e+00  -1.8580e+01   2.7401e-01 
  7.2418e-02 

########################
# 00000062
########################
RSS 894716999.9309778
BP 0:
a0:   3.5053e+00   e0:  -1.9386e+01   b0:   4.5534e+04   
P: 
 -9.2840e-02   2.8227e-02  -4.8179e-02   7.8020e-03  -2.6047e-01 
  5.8397e-01  -1.8280e+00  -7.7623e-04   3.2222e-01   2.5951e-05 
  3.1600e-01   3.6196e-01  -3.8279e-02  -1.0956e-03  -9.7484e-06 
 -2.7320e-04   4.2824e-01   3.2212e+00  -1.0017e+01   3.1408e+00 
  6.5385e-02 

########################
# 00000063
########################
RSS 930415825.5524303
BP 0:
a0:   3.4088e+00   e0:  -2.4575e+01   b0:   4.2313e+04   
P: 
 -1.4889e-02   9.3081e-02  -4.6765e-02  -4.3645e-02   3.7312e-01 
 -7.6816e-01  -4.0358e-01   4.7735e-03  -2.0688e-01   4.9700e-03 
 -2.5891e-01  -2.0140e-01   7.9529e-03  -6.1284e-04   1.0084e-05 
  1.4545e-04   6.4372e-02   2.3062e+00  -4.1377e+00   3.1535e+00 
  1.1388e-01 

########################
# 00000064
########################
RSS 951623183.6575023
BP 0:
a0:   3.4038e+00   e0:   1.9641e+00   b0:   5.7217e+04   
P: 
 -3.6256e-02   6.2761e-02   9.6440e-03  -2.2015e-01  -9.2239e-03 
  1.3278e+00  -1.4013e-02  -1.1008e-02   2.2834e-01   4.4599e-03 
  1.3914e-01   2.9861e-01   3.4181e-02   3.7038e-03  -4.9187e-06 
 -2.3443e-04  -1.2515e-02   1.8852e+00   1.3282e+00   2.4112e+00 
 -1.2611e-02 

########################
# 00000065
########################
RSS 960370377.7923
BP 0:
a0:   3.3892e+00   e0:  -3.4121e+01   b0:   4.4429e+04   
P: 
  1.1661e-01   1.4890e-01   1.2453e-02  -6.0541e-01   3.6461e-01 
 -2.4912e+00  -1.7549e+00   6.9769e-04   5.6091e-01   1.4613e-03 
  2.9376e-01   3.8866e-01   4.3398e-02   1.1772e-03   9.1046e-06 
 -5.6847e-05   6.3333e-01   3.3829e+00  -6.2774e+00  -3.0647e-01 
  2.7348e-02 

########################
# 00000066
########################
RSS 972761455.2695974
BP 0:
a0:   3.6145e+00   e0:  -5.3497e+01   b0:   5.0890e+04   
P: 
 -7.4214e-02  -3.3610e-01  -7.4719e-02   9.7366e-01  -2.0940e-01 
  1.9318e+00  -1.7562e+00  -3.2047e-03   3.6521e-02   1.1682e-03 
  3.9421e-02  -3.0889e-02   3.1026e-02   1.8600e-03  -5.8388e-06 
  1.5107e-04   7.0138e-02   1.2354e+00  -1.0585e+01  -1.1035e+00 
  1.0615e-01 

########################
# 00000067
########################
RSS 974606679.9530334
BP 0:
a0:   3.3626e+00   e0:  -2.9731e+01   b0:   5.7392e+04   
P: 
 -6.8505e-02  -1.3892e-01  -2.0492e-01   5.7449e-01  -8.3914e-02 
 -9.7639e-01  -6.0019e-01  -8.0889e-03   6.2817e-02   1.3772e-03 
  1.5370e-01   3.0593e-01  -7.6421e-02  -5.5222e-03   5.7832e-06 
  7.4765e-05   3.1935e-01   2.7174e+00  -5.0502e+00   2.3556e+00 
  1.8087e-01 

########################
# 00000068
########################
RSS 990103658.1707084
BP 0:
a0:   3.4636e+00   e0:  -1.3755e+01   b0:   5.0304e+04   
P: 
 -4.2438e-02   2.9245e-01   1.3309e-01  -7.5175e-02   6.0693e-02 
  6.3506e-01  -1.2456e+00  -5.2733e-03   5.6228e-01  -1.8101e-03 
 -4.5983e-02   3.7962e-02   5.6165e-02   3.3137e-03  -2.7332e-06 
 -5.8654e-05   5.3871e-01   4.4870e+00  -6.9981e+00   2.5592e+00 
  1.2660e-01 

########################
# 00000069
########################
RSS 993889043.8582667
BP 0:
a0:   3.3721e+00   e0:  -1.5737e+01   b0:   5.3258e+04   
P: 
  1.2178e-01  -2.9274e-01  -4.5647e-02  -2.0122e-01   2.8274e-01 
 -1.0532e+00  -3.1360e-01  -9.9659e-03  -3.0795e-01   7.0075e-04 
  2.3826e-01   3.6484e-01  -5.0595e-03   3.6531e-03   1.2498e-05 
 -1.4135e-04   1.6385e-03   1.1301e+00   7.8552e+00   3.6654e+00 
 -5.9220e-03 

########################
# 00000070
########################
RSS 995071255.0735306
BP 0:
a0:   3.5101e+00   e0:  -5.1642e+01   b0:   3.2289e+04   
P: 
 -6.8609e-02   3.0631e-01  -1.3253e-01   9.6028e-01   7.5767e-02 
 -1.9684e+00  -1.8320e+00  -3.7968e-04  -3.3526e-01  -4.2077e-04 
  1.1733e-02  -3.9414e-02   5.0564e-02  -5.5846e-03  -1.0056e-05 
 -1.4940e-04   3.8687e-01   4.3957e+00  -1.7789e+01   3.1310e+00 
  2.6736e-02 

########################
# 00000071
########################
RSS 995170148.9102758
BP 0:
a0:   3.4899e+00   e0:  -3.4111e+01   b0:   4.1713e+04   
P: 
 -8.8521e-02  -2.1160e-01  -6.4033e-02   1.3906e-01   2.0895e-01 
 -1.6175e+00  -2.0289e+00   2.5691e-03   1.9813e-01   2.2481e-03 
 -8.3181e-02  -8.8301e-02  -5.6136e-02  -4.2616e-03  -8.2677e-06 
 -1.0221e-04   1.6346e-03   2.1877e+00  -6.0232e+00   2.5501e+00 
  9.7730e-02 

########################
# 00000072
########################
RSS 1019235808.5924791
BP 0:
a0:   3.5544e+00   e0:  -1.3493e+01   b0:   4.4713e+04   
P: 
  1.1694e-01  -1.4816e-01  -4.0100e-02   2.1932e-01  -4.7332e-02 
  1.9309e+00  -1.6605e+00   7.3462e-03   1.6437e-01   3.3961e-03 
  1.8288e-01   1.9437e-01  -7.4703e-02  -2.9101e-03  -5.5882e-06 
  1.8664e-05   2.0173e-01   3.7400e+00  -9.5885e+00  -1.1068e+00 
  1.2383e-01 

########################
# 00000073
########################
RSS 1037693576.0795611
BP 0:
a0:   3.3997e+00   e0:  -2.1747e+01   b0:   5.4956e+04   
P: 
 -8.4780e-02   2.9885e-01   5.2830e-02   3.5282e-01   2.1807e-01 
  9.7979e-02  -4.0941e-01   1.6124e-03   4.2561e-02  -7.0244e-04 
 -3.0109e-02   8.9870e-02  -8.4526e-02   9.9852e-04  -1.6326e-06 
 -3.1061e-07   1.9560e-01   2.8332e+00  -6.8750e+00   9.0862e-01 
 -5.3024e-02 

########################
# 00000074
########################
RSS 1061697698.929966
BP 0:
a0:   3.4671e+00   e0:  -1.7392e+01   b0:   4.9095e+04   
P: 
 -8.6597e-02  -3.7659e-01   1.0517e-01   9.4107e-01  -9.4503e-02 
 -3.7323e-01  -1.6196e+00  -3.0631e-03   2.8756e-01   3.7737e-03 
 -1.6263e-01  -1.0912e-01  -6.4580e-02  -4.9373e-04   1.4237e-05 
 -2.0440e-04   5.2627e-01   4.5649e+00   2.7259e+00  -9.0655e-01 
  4.6956e-02 

########################
# 00000075
########################
RSS 1070719225.3906618
BP 0:
a0:   3.4988e+00   e0:  -1.0712e+01   b0:   4.7879e+04   
P: 
  1.5034e-01  -1.7696e-01   1.5123e-02  -2.3133e-01  -1.0460e-01 
  4.9557e-01  -1.4264e+00   5.6873e-03   9.4401e-03   2.6596e-03 
  1.4390e-01   1.8516e-01   2.3796e-02   9.0601e-04   1.0128e-05 
  2.8820e-05   4.1764e-01   3.1991e+00  -7.2988e+00   2.1142e+00 
  9.2081e-02 

########################
# 00000076
########################
RSS 1097008209.023296
BP 0:
a0:   3.3621e+00   e0:  -4.0422e+01   b0:   5.1396e+04   
P: 
  1.4201e-01   1.1907e-02   9.6691e-02   3.0468e-01  -1.5016e-01 
 -2.4549e+00  -1.2144e+00  -3.7576e-03   2.1118e-01  -1.6303e-03 
 -4.3270e-02   6.8432e-02  -4.0431e-02   3.6799e-03  -1.0577e-05 
  6.1102e-05   4.7371e-01   2.8712e+00  -1.1929e+01   2.6250e+00 
 -6.9814e-02 

########################
# 00000077
########################
RSS 1137599239.0170217
BP 0:
a0:   3.4061e+00   e0:  -1.0565e+01   b0:   6.0669e+04   
P: 
 -3.0197e-02  -1.4866e-01   7.3787e-02   4.9785e-01  -1.9213e-01 
  1.7945e-01  -6.8786e-01   1.3006e-03   3.6563e-01   3.2519e-03 
 -1.0971e-01   3.3148e-02  -5.8091e-02  -2.6583e-03  -1.0265e-05 
 -1.8706e-04   5.6288e-01   3.4329e+00  -8.6594e+00   3.8425e-01 
  5.8887e-03 

########################
# 00000078
########################
RSS 1163909566.2995598
BP 0:
a0:   3.4376e+00   e0:  -2.9654e+01   b0:   4.8437e+04   
P: 
 -9.3230e-02  -3.2146e-01  -5.6498e-02   3.7968e-01  -1.1836e-01 
 -2.2326e+00  -1.9556e+00  -3.1138e-03  -1.6886e-01   1.6457e-03 
  2.3319e-01   2.8086e-01  -7.4807e-02  -5.1821e-03  -5.4102e-06 
 -2.9836e-04   5.0816e-01   2.1364e+00   7.6749e+00  -1.4825e+00 
 -6.8407e-02 

########################
# 00000079
########################
RSS 1269668902.3911333
BP 0:
a0:   3.5110e+00   e0:  -3.3711e+01   b0:   4.7241e+04   
P: 
 -6.0434e-02   3.7202e-01  -8.7848e-02  -1.0488e-01  -1.9652e-01 
  2.5612e-01  -1.9105e+00   4.0067e-03   6.4866e-02   1.7884e-03 
  2.2474e-01   2.4550e-01  -6.8421e-02   1.8351e-03   4.4824e-06 
  3.9679e-05   1.3677e-01   2.7631e+00   8.6454e-01  -7.5874e-01 
  1.3638e-01 

########################
# 00000080
########################
RSS 1281086049.3123536
BP 0:
a0:   3.4806e+00   e0:  -3.5013e+01   b0:   4.6983e+04   
P: 
 -7.3781e-02   1.6576e-01   1.3442e-01   6.0109e-01  -6.9668e-02 
 -9.4456e-01  -1.9162e+00   4.1656e-03  -2.0946e-01   1.8537e-03 
  2.7395e-01   3.0274e-01  -5.1251e-02  -5.6894e-03  -6.4450e-06 
  1.9585e-04  -1.2565e-01   2.6103e+00   3.0370e+00   2.2777e+00 
  1.1120e-02 

########################
# 00000081
########################
RSS 1291296629.7373328
BP 0:
a0:   3.4324e+00   e0:  -2.7410e+01   b0:   5.5637e+04   
P: 
  8.8127e-02   3.5195e-01  -2.1628e-02   3.5078e-01   4.4520e-02 
 -2.6680e-01  -9.6677e-01   3.5615e-03  -2.7726e-01  -8.7391e-04 
  1.7419e-01   2.6091e-01  -2.3404e-02  -4.2678e-03   1.4815e-05 
  1.4335e-04   1.1189e-01   2.5803e+00  -1.2902e+01   2.2861e-02 
  4.4492e-02 

########################
# 00000082
########################
RSS 1328376241.114901
BP 0:
a0:   3.3740e+00   e0:  -5.0672e+01   b0:   4.7980e+04   
P: 
 -1.0535e-01  -2.8800e-01  -2.1879e-01   6.7525e-01   3.0911e-01 
 -3.2602e+00  -1.6437e+00   3.5181e-03   1.6491e-01   6.1052e-04 
 -1.7019e-01  -1.0120e-01  -8.2616e-02  -4.5717e-03  -9.7741e-06 
 -8.3090e-05   3.0801e-01   4.2464e+00   4.7654e+00  -7.6785e-01 
  1.3737e-02 

########################
# 00000083
########################
RSS 1362361798.4925983
BP 0:
a0:   3.4515e+00   e0:  -2.0759e+01   b0:   5.6144e+04   
P: 
  1.3495e-01   1.3395e-01  -4.4327e-02   4.9983e-02   4.0378e-02 
 -4.4706e-02  -1.2681e+00  -3.3866e-03   1.7992e-01  -1.8347e-03 
 -9.4978e-02  -1.7525e-02  -2.9947e-02   2.6863e-03  -9.5073e-06 
 -4.3925e-05   4.0210e-01   3.0477e+00  -1.0337e+01   3.7894e+00 
 -5.7871e-02 

########################
# 00000084
########################
RSS 1396945639.5610232
BP 0:
a0:   3.3856e+00   e0:  -5.4692e+01   b0:   4.4958e+04   
P: 
  5.0426e-02   6.8423e-02  -7.8269e-02   8.1491e-01  -1.1902e-01 
 -3.3826e+00  -1.7834e+00   1.9633e-03   2.5397e-02   5.1371e-04 
 -1.6361e-01  -1.1068e-01   2.8680e-02   1.7179e-03   9.4853e-06 
 -2.1682e-04  -9.5865e-02   3.7786e+00  -1.3939e+01  -1.0891e+00 
  1.6930e-01 

########################
# 00000085
########################
RSS 1414667554.7843165
BP 0:
a0:   3.5535e+00   e0:  -2.7504e+01   b0:   6.3599e+04   
P: 
  5.4515e-04  -3.2352e-01   6.6620e-02   7.2447e-01   1.5638e-01 
  5.5095e-01  -2.2968e+00  -2.4850e-03   2.0763e-01  -3.4083e-03 
 -2.1272e-01  -2.6086e-01   9.1108e-03  -1.6864e-04   7.1226e-07 
 -1.2246e-04   2.4490e-01   1.9969e+00   8.0701e+00  -1.1724e+00 
  3.1389e-02 

########################
# 00000086
########################
RSS 1417143837.0466466
BP 0:
a0:   3.4287e+00   e0:  -2.4836e+01   b0:   5.5888e+04   
P: 
  5.2310e-02  -4.7321e-01   9.6957e-02   2.8629e-01   4.3902e-03 
 -1.9688e+00  -1.5732e+00   3.6445e-04  -3.2909e-01   3.4649e-03 
  2.3476e-01   3.1046e-01   5.5952e-02   3.5050e-03   3.0704e-06 
 -4.6118e-05   4.9444e-01   4.8587e+00  -5.5394e+00   1.7169e+00 
 -3.6944e-02 

########################
# 00000087
########################
RSS 1423986999.0542073
BP 0:
a0:   3.4717e+00   e0:  -1.6774e+01   b0:   5.8763e+04   
P: 
  1.0061e-01   2.4561e-01  -1.2378e-02  -6.8388e-02   7.1012e-02 
  5.8121e-01  -1.3546e+00  -5.1472e-03  -1.3493e-01   2.6911e-03 
  3.0780e-01   3.8041e-01  -7.7505e-02   1.5212e-03  -1.0181e-05 
 -2.1775e-04   8.9258e-02   2.0979e+00   7.7732e+00  -1.4151e-02 
  5.0250e-02 

########################
# 00000088
########################
RSS 1452501150.9432464
BP 0:
a0:   3.5227e+00   e0:  -5.3695e+01   b0:   4.5325e+04   
P: 
  1.4100e-01   2.7692e-02  -3.3288e-02  -4.6078e-01  -1.6167e-01 
 -2.7079e+00  -2.3107e+00  -2.3655e-03  -3.9847e-01   2.3776e-03 
 -1.2611e-01  -2.0367e-01   1.9718e-02   2.6277e-03  -4.9055e-06 
 -1.2228e-04   3.6112e-01   3.0605e+00  -1.1215e+01   1.0268e+00 
  1.2083e-01 

########################
# 00000089
########################
RSS 1475248020.4444623
BP 0:
a0:   3.4951e+00   e0:  -4.6791e+01   b0:   5.2537e+04   
P: 
 -5.1026e-02   3.4721e-01  -1.2711e-01   6.1679e-01  -2.7151e-01 
 -6.3874e-01  -1.5256e+00   2.8743e-03  -3.7002e-01   2.8281e-03 
 -1.8343e-01  -2.0687e-01   3.8826e-02  -3.8733e-03   6.0184e-08 
 -1.5052e-04   3.4728e-01   2.3889e+00  -8.5218e+00   3.5534e+00 
  1.6387e-01 

########################
# 00000090
########################
RSS 1528438244.1174722
BP 0:
a0:   3.4742e+00   e0:  -2.9663e+01   b0:   5.6995e+04   
P: 
  3.4537e-02   1.9414e-02  -6.0725e-02   1.8455e-01  -1.1355e-01 
  5.9798e-01  -1.4540e+00   1.7989e-03   3.0058e-01   3.5973e-05 
 -1.0338e-01  -3.5458e-02   2.9065e-02  -3.3822e-03   3.8031e-06 
 -1.6370e-04  -2.0472e-02   1.0187e+00  -1.5363e+01   2.9263e-01 
  1.6363e-01 

########################
# 00000091
########################
RSS 1534044142.0972047
BP 0:
a0:   3.5197e+00   e0:  -2.9923e+01   b0:   5.5237e+04   
P: 
  5.2072e-03   2.9825e-01   3.3296e-03   4.1191e-01   3.7002e-01 
  9.6851e-01  -1.4911e+00   4.7765e-03  -2.7976e-01   4.9817e-03 
  6.9096e-02   6.7647e-02   3.0667e-02   7.3094e-04   1.4918e-05 
 -1.4986e-04  -6.6582e-02   1.6041e+00  -1.8550e-01   2.4675e+00 
 -6.3817e-02 

########################
# 00000092
########################
RSS 1540242754.4718559
BP 0:
a0:   3.4236e+00   e0:   6.5413e+00   b0:   6.9280e+04   
P: 
  1.1824e-01   3.6259e-02  -1.0334e-01  -4.2855e-01  -4.6309e-02 
  2.0334e+00   2.5611e-01  -1.3012e-03  -3.6891e-01  -2.6362e-03 
  2.3074e-01   3.8999e-01   1.6141e-03  -5.8699e-04  -5.7669e-06 
 -3.2399e-04   3.5371e-01   4.9842e+00  -2.6283e+00   1.2065e+00 
 -3.5421e-02 

########################
# 00000093
########################
RSS 1543388807.5622578
BP 0:
a0:   3.4695e+00   e0:  -3.2366e+01   b0:   5.4366e+04   
P: 
  4.7802e-02   1.4593e-01  -1.4615e-01   7.9209e-02  -2.7772e-03 
 -6.5422e-01  -1.4808e+00  -1.0007e-02  -3.6669e-01   4.3446e-03 
  1.0513e-01   1.3964e-01   5.1738e-02  -3.6225e-04   8.7873e-06 
 -3.1853e-05   3.4373e-01   3.3996e+00   5.0240e+00   1.9800e-01 
  1.5515e-01 

########################
# 00000094
########################
RSS 1553891203.2015014
BP 0:
a0:   3.4340e+00   e0:  -4.4299e+01   b0:   4.7545e+04   
P: 
  1.2656e-01   9.3420e-02  -1.0079e-01  -4.7683e-01   1.2639e-01 
 -2.6245e+00  -1.8951e+00   4.6994e-03   2.3383e-01  -1.2717e-03 
 -2.7519e-01  -2.4497e-01  -5.6618e-02   3.0828e-03   1.3312e-05 
  8.6038e-05   7.1405e-02   2.4252e+00  -1.7152e+01  -7.6365e-01 
 -5.0724e-02 

########################
# 00000095
########################
RSS 1618509077.448634
BP 0:
a0:   3.3614e+00   e0:  -3.2166e+01   b0:   6.4003e+04   
P: 
  1.4363e-01  -2.8695e-01  -5.4586e-02   4.9014e-02   1.4339e-01 
 -1.9172e+00  -3.6104e-01  -2.2214e-03  -3.2174e-01  -1.1279e-03 
 -1.6658e-01  -3.3993e-02  -4.4160e-02  -1.7002e-03   7.2295e-06 
 -2.3256e-04   1.4475e-01   1.9145e+00   5.3242e-01  -3.9965e-01 
 -2.5632e-02 

########################
# 00000096
########################
RSS 1660780277.7052522
BP 0:
a0:   3.4329e+00   e0:  -1.7447e+01   b0:   7.1085e+04   
P: 
 -7.0746e-02   3.6032e-01   9.9166e-02   5.7874e-01   5.8609e-02 
  1.1626e+00  -8.2908e-01   7.0809e-04   1.2166e-01   3.0524e-03 
  1.8840e-01   3.3598e-01   4.4826e-02  -2.4617e-05   1.1018e-05 
 -2.2506e-04   2.8703e-01   2.2468e+00  -5.9166e+00   1.3652e+00 
 -5.8954e-02 

########################
# 00000097
########################
RSS 1699768282.022512
BP 0:
a0:   3.4544e+00   e0:  -3.5363e+01   b0:   5.6481e+04   
P: 
  7.5754e-02   2.0743e-01  -1.1011e-01   4.1283e-01   6.1846e-02 
 -8.2823e-01  -1.5305e+00   2.3206e-03  -1.0860e-01   1.9170e-03 
 -1.2751e-01  -7.9576e-02  -7.8465e-02  -3.4149e-03  -1.2880e-06 
 -1.1624e-04   5.5090e-01   3.3914e+00   1.0835e+00   2.3640e+00 
  3.1071e-02 

########################
# 00000098
########################
RSS 1728648940.475739
BP 0:
a0:   3.3628e+00   e0:  -2.9881e+01   b0:   7.4784e+04   
P: 
  3.5998e-02   1.2616e-02  -1.5912e-01   4.1391e-01   2.1164e-01 
  7.3583e-01   6.4913e-01  -5.4700e-03  -7.7197e-02  -2.4192e-03 
 -2.7989e-01  -8.0722e-02   2.4992e-02  -1.7906e-03  -3.1346e-06 
 -2.9147e-04   3.0317e-01   2.0121e+00  -1.4880e+01   8.7608e-01 
  5.3981e-02 

########################
# 00000099
########################
RSS 1731147190.467685
BP 0:
a0:   3.5083e+00   e0:  -2.7915e+00   b0:   6.3179e+04   
P: 
 -6.0685e-02  -5.1530e-01  -8.6777e-02  -2.2591e-01   4.7169e-02 
  1.8297e+00  -1.6664e+00  -8.1427e-03   5.7389e-01   1.4520e-03 
 -1.1993e-01  -5.4396e-02  -2.4610e-02  -3.3527e-03   1.5651e-05 
 -3.1550e-04   3.9418e-01   2.0735e+00  -3.3595e+00   3.1505e+00 
 -2.4478e-02 

########################
# 00000100
########################
RSS 1734891937.11429
BP 0:
a0:   3.4648e+00   e0:   9.1085e+00   b0:   6.8490e+04   
P: 
  1.5462e-01  -4.8430e-01   1.0068e-02   2.9775e-01   3.2808e-01 
  2.1144e+00  -6.6314e-01  -3.1268e-04   8.5977e-03  -4.8879e-04 
  1.1090e-01   2.3594e-01   3.5069e-03  -4.5349e-03   1.1359e-05 
  2.2178e-04   4.6867e-01   2.1925e+00  -6.5046e+00   3.1055e+00 
  1.2327e-01 

