RSS:  
23.84232516320407

P:  
49532.8647408
1495.16909492
241.347590485
204.347819048
111.924116223
57.6862642088
36.0353180738
41.7483303212
21.2159641054
30.7465162564
12.3595228196
18.9009727898
16.431765261
9.31872945805
2.68798425673
2.03842057827
0.881613594121
0.50997881349
0.31022351761
0.155969225569
0.0458296210509
-0.00198459517437
-0.0286755446027
-0.0431531218004
-0.0821300415409
-0.0808136674189
-0.0744439687619
-0.0492620822946
-0.0276608021616
-0.0243044616956
-0.0284707910696
-0.021890740726
-0.00995058429349
-0.00712703221603
-0.00982503376005
-0.00398769331428
-0.0018411474571
0.000696994265719
0.00190366134161
0.00286733414916
0.0023633254388
0.000633235409872
-0.000654140608838
-0.00109555396801
-0.00121239605323
-0.00076471992619
-0.000202067703583
-2.49180254447e-08
0.0
0.0
1.11131767294
1.07424106809
0.500701424661
0.157497803432
0.0557197810676
0.0330607523825
0.0185486664604
0.00996703443449
0.00598326580965
0.00314201239452
0.00203550735844
0.00194727162719
0.00156045370264
0.00107573012166
0.000574796649266
0.000329562514524
0.000105509178532
2.20508453988e-05
7.17956742523e-07
0.0
-8.8318321223
-0.647112923937

Known:
a0:     3.42
e0:     -4.27
B0:     221.99999999938152
EC:     365.600 141.600 233.800  0.000  0.000  0.000 
        141.600 298.700 130.400  0.000  0.000  0.000 
        233.800 130.400 364.600  0.000  0.000  0.000 
         0.000  0.000  0.000 186.300  0.000  0.000 
         0.000  0.000  0.000  0.000 266.800  0.000 
         0.000  0.000  0.000  0.000  0.000 186.300 

Calculated:
a0:     3.580695238367947
e0:     -4.2926972018569005
B0:     256.57483130157306
EC:     354.962 142.993 240.535  0.000  0.000  0.000 
        142.993 301.539 124.472  0.000  0.000  0.000 
        240.535 124.472 354.962  0.000  0.000  0.000 
         0.000  0.000  0.000 185.389  0.000  0.000 
         0.000  0.000  0.000  0.000 268.727  0.000 
         0.000  0.000  0.000  0.000  0.000 185.389 



