########################
# 00000001
########################
RSS 16351.655405610567
BP 0:
a0:   3.4680e+00   e0:  -5.4722e-02   b0:   2.8064e+00   
P: 
  0.0000e+00   0.0000e+00   0.0000e+00   0.0000e+00   0.0000e+00 
  0.0000e+00   0.0000e+00   0.0000e+00   0.0000e+00   0.0000e+00 
  0.0000e+00   0.0000e+00   0.0000e+00   0.0000e+00   0.0000e+00 
 -1.9494e+00   3.0356e+01   2.4336e+01   3.4958e+01   1.6230e+01 
  1.7858e+01   7.6644e+00   1.2400e+00   4.4252e-01   1.0904e-01 
  2.0054e-02   2.2962e-03   2.5583e-03   1.0877e-03   7.9882e-05 
  4.1882e-05   4.4069e-05  -3.0000e-01   3.0000e-02 

########################
# 00000002
########################
RSS 48132.243335915715
BP 0:
a0:   4.1609e+00   e0:  -4.8972e+00   b0:   6.5090e+02   
P: 
  1.7713e+02  -5.2975e+01  -3.1898e+01  -1.1705e+01   1.6402e-01 
 -6.8169e-01  -5.9558e-01  -3.9752e-01   9.7957e-01  -8.0023e-02 
  4.7452e-01   4.0405e-01   8.8119e-01   8.0916e-01  -5.5733e-01 
 -1.9494e+00   3.0356e+01   2.4336e+01   3.4958e+01   1.6230e+01 
  1.7858e+01   7.6644e+00   1.2400e+00   4.4252e-01   1.0904e-01 
  2.0054e-02   2.2962e-03   2.5583e-03   1.0877e-03   7.9882e-05 
  4.1882e-05   4.4069e-05  -2.1555e-01   7.2384e-03 

########################
# 00000003
########################
RSS 127240.32419153856
BP 0:
a0:   4.3756e+00   e0:   1.7956e+00   b0:   4.2793e+02   
P: 
  1.1383e+02   3.2441e+01   4.9825e+01   7.8583e+00  -1.0219e+00 
  7.0110e-01  -7.3487e-01   3.9672e-02   5.3216e-01   9.6033e-01 
  4.1336e-01   7.6316e-01  -8.0579e-01   5.8600e-01  -1.5061e-01 
 -1.9494e+00   3.0356e+01   2.4336e+01   3.4958e+01   1.6230e+01 
  1.7858e+01   7.6644e+00   1.2400e+00   4.4252e-01   1.0904e-01 
  2.0054e-02   2.2962e-03   2.5583e-03   1.0877e-03   7.9882e-05 
  4.1882e-05   4.4069e-05  -3.9980e-01   1.6823e-02 

########################
# 00000004
########################
RSS 278772.1467507349
BP 0:
a0:   3.7890e+00   e0:   1.3292e+01   b0:   1.1974e+03   
P: 
 -4.4131e+01   3.8200e+01  -1.9773e+01  -1.4385e+01  -2.5065e+00 
 -9.6482e-01  -9.5300e-01   6.6661e-01   9.5364e-01   6.7851e-01 
 -8.4699e-01  -9.0710e-01   5.7804e-01   2.7895e-01  -9.8751e-02 
 -1.9494e+00   3.0356e+01   2.4336e+01   3.4958e+01   1.6230e+01 
  1.7858e+01   7.6644e+00   1.2400e+00   4.4252e-01   1.0904e-01 
  2.0054e-02   2.2962e-03   2.5583e-03   1.0877e-03   7.9882e-05 
  4.1882e-05   4.4069e-05   6.2000e-01   1.6012e-01 

########################
# 00000005
########################
RSS 294773.78783208603
BP 0:
a0:   4.2497e+00   e0:   1.1755e+01   b0:   3.8088e+02   
P: 
 -7.3587e+01   1.6661e+01   3.0479e+01   4.3868e+00   8.0295e+00 
  3.5491e-01  -7.7896e-01  -8.8454e-01  -3.1494e-01   6.0874e-01 
 -5.1358e-02   3.7838e-01  -1.1070e-01  -7.1060e-02   6.9774e-02 
 -1.9494e+00   3.0356e+01   2.4336e+01   3.4958e+01   1.6230e+01 
  1.7858e+01   7.6644e+00   1.2400e+00   4.4252e-01   1.0904e-01 
  2.0054e-02   2.2962e-03   2.5583e-03   1.0877e-03   7.9882e-05 
  4.1882e-05   4.4069e-05  -2.7603e-01  -1.2424e-01 

########################
# 00000006
########################
RSS 305797.86138765013
BP 0:
a0:   4.2345e+00   e0:   1.0572e+01   b0:   5.3463e+02   
P: 
  1.2899e+02  -8.9034e+01   4.2978e+01  -2.3446e+00   1.4486e+00 
 -3.7023e-01  -4.0920e-01  -3.5529e-01  -5.8822e-01   5.4306e-01 
 -4.6527e-01   2.3886e-01   9.9856e-01  -3.8858e-02  -1.2714e-01 
 -1.9494e+00   3.0356e+01   2.4336e+01   3.4958e+01   1.6230e+01 
  1.7858e+01   7.6644e+00   1.2400e+00   4.4252e-01   1.0904e-01 
  2.0054e-02   2.2962e-03   2.5583e-03   1.0877e-03   7.9882e-05 
  4.1882e-05   4.4069e-05  -3.6076e-01   1.5236e-01 

########################
# 00000007
########################
RSS 714144.6598759852
BP 0:
a0:   4.1282e+00   e0:   1.6362e+01   b0:   1.2386e+03   
P: 
 -1.8713e+01  -8.7849e+01   4.2068e+01   1.9059e+00   1.1569e+00 
 -2.9269e-01  -6.4191e-02  -6.6166e-01   8.0042e-01   8.1537e-01 
  9.6112e-01  -5.8895e-01   6.9772e-01   8.3886e-01  -3.9877e-01 
 -1.9494e+00   3.0356e+01   2.4336e+01   3.4958e+01   1.6230e+01 
  1.7858e+01   7.6644e+00   1.2400e+00   4.4252e-01   1.0904e-01 
  2.0054e-02   2.2962e-03   2.5583e-03   1.0877e-03   7.9882e-05 
  4.1882e-05   4.4069e-05   5.3304e-02  -2.1966e-01 

########################
# 00000008
########################
RSS 1043718.56335939
BP 0:
a0:   4.2190e+00   e0:   2.3103e+01   b0:   1.0090e+03   
P: 
 -1.9426e+02   4.0235e+01  -2.8641e+01  -1.5871e+01   8.9731e-02 
 -7.3204e-01   3.1831e-01  -3.6139e-01   5.2695e-01  -3.6393e-01 
 -5.4600e-01   1.1029e-01   7.6331e-01   8.5853e-01  -4.0091e-01 
 -1.9494e+00   3.0356e+01   2.4336e+01   3.4958e+01   1.6230e+01 
  1.7858e+01   7.6644e+00   1.2400e+00   4.4252e-01   1.0904e-01 
  2.0054e-02   2.2962e-03   2.5583e-03   1.0877e-03   7.9882e-05 
  4.1882e-05   4.4069e-05  -5.9768e-01  -9.7775e-02 

########################
# 00000009
########################
RSS 2172041.2023785473
BP 0:
a0:   4.2420e+00   e0:   3.6024e+01   b0:   1.3125e+03   
P: 
 -1.5241e+02  -8.3643e+01  -4.0805e+01  -1.6678e+01   8.6557e+00 
  3.7215e-01   7.0478e-01  -8.1301e-01  -1.5441e-01   7.5285e-01 
  9.3574e-01   8.3210e-01  -2.6429e-01  -3.9014e-01   2.8354e-01 
 -1.9494e+00   3.0356e+01   2.4336e+01   3.4958e+01   1.6230e+01 
  1.7858e+01   7.6644e+00   1.2400e+00   4.4252e-01   1.0904e-01 
  2.0054e-02   2.2962e-03   2.5583e-03   1.0877e-03   7.9882e-05 
  4.1882e-05   4.4069e-05  -1.1625e+00   1.3415e-01 

########################
# 00000010
########################
RSS 2773913.317547989
BP 0:
a0:   4.2087e+00   e0:   4.4606e+01   b0:   1.2968e+03   
P: 
  1.9475e+02   7.0579e+01   2.3438e+01   1.7580e+01   4.8427e+00 
  5.4188e-01  -6.4817e-01   5.9629e-01  -7.6218e-01   5.7127e-01 
  8.1750e-01  -4.9161e-01  -8.6801e-03  -1.7240e-01   2.7169e-01 
 -1.9494e+00   3.0356e+01   2.4336e+01   3.4958e+01   1.6230e+01 
  1.7858e+01   7.6644e+00   1.2400e+00   4.4252e-01   1.0904e-01 
  2.0054e-02   2.2962e-03   2.5583e-03   1.0877e-03   7.9882e-05 
  4.1882e-05   4.4069e-05  -7.4361e-01   1.5731e-01 

########################
# 00000011
########################
RSS 3529877.7656820426
BP 0:
a0:   4.3126e+00   e0:   4.9348e+01   b0:   1.2354e+03   
P: 
  9.1062e+01   4.0036e+01   1.9161e+01   1.5960e+01   4.0996e+00 
 -4.5781e-01   3.1624e-01   4.2786e-01  -9.1270e-01  -9.9896e-01 
  3.2530e-01   4.9757e-02  -6.5930e-01   8.0119e-01  -1.6229e-02 
 -1.9494e+00   3.0356e+01   2.4336e+01   3.4958e+01   1.6230e+01 
  1.7858e+01   7.6644e+00   1.2400e+00   4.4252e-01   1.0904e-01 
  2.0054e-02   2.2962e-03   2.5583e-03   1.0877e-03   7.9882e-05 
  4.1882e-05   4.4069e-05  -4.3337e-01  -2.5787e-01 

########################
# 00000012
########################
RSS 5571588.450775671
BP 0:
a0:   4.2320e+00   e0:   6.1474e+01   b0:   2.0276e+03   
P: 
  5.3042e+01   9.0097e+01   1.2766e+01  -1.6391e+01   7.9557e-01 
 -8.2774e-01   8.7492e-01  -9.9477e-01   3.3780e-01  -4.0869e-01 
  5.8879e-01  -6.1199e-01   6.0568e-01   7.9946e-01  -1.5972e-01 
 -1.9494e+00   3.0356e+01   2.4336e+01   3.4958e+01   1.6230e+01 
  1.7858e+01   7.6644e+00   1.2400e+00   4.4252e-01   1.0904e-01 
  2.0054e-02   2.2962e-03   2.5583e-03   1.0877e-03   7.9882e-05 
  4.1882e-05   4.4069e-05  -1.2881e+00   2.9907e-01 

########################
# 00000013
########################
RSS 8164702.767031158
BP 0:
a0:   4.2668e+00   e0:   7.3464e+01   b0:   2.3946e+03   
P: 
  5.4725e+01   5.9131e+01   2.2323e+01   1.0139e+01   6.5278e+00 
 -9.3322e-01  -9.1403e-01  -1.9595e-01  -4.6260e-01   3.1923e-01 
  8.1589e-01   7.3004e-02  -1.7398e-02   8.2308e-01  -5.6070e-02 
 -1.9494e+00   3.0356e+01   2.4336e+01   3.4958e+01   1.6230e+01 
  1.7858e+01   7.6644e+00   1.2400e+00   4.4252e-01   1.0904e-01 
  2.0054e-02   2.2962e-03   2.5583e-03   1.0877e-03   7.9882e-05 
  4.1882e-05   4.4069e-05  -8.5658e-01  -1.3776e-01 

########################
# 00000014
########################
RSS 11420217.94912881
BP 0:
a0:   4.3090e+00   e0:   8.4044e+01   b0:   2.8050e+03   
P: 
  4.1952e+01  -9.9163e+01   3.4226e+01  -1.2549e+01  -2.6822e+00 
  2.1223e-01  -9.5281e-01   1.9327e-01  -7.2912e-01   2.0486e-01 
  3.1639e-01   8.4508e-01   3.6930e-01   9.4441e-01  -1.6005e-01 
 -1.9494e+00   3.0356e+01   2.4336e+01   3.4958e+01   1.6230e+01 
  1.7858e+01   7.6644e+00   1.2400e+00   4.4252e-01   1.0904e-01 
  2.0054e-02   2.2962e-03   2.5583e-03   1.0877e-03   7.9882e-05 
  4.1882e-05   4.4069e-05   1.5353e-01   8.1627e-02 

########################
# 00000015
########################
RSS 11673390.722922754
BP 0:
a0:   4.3078e+00   e0:   8.7682e+01   b0:   2.6598e+03   
P: 
 -1.7386e+02  -3.6946e+01  -3.2100e+01   1.8189e+00  -4.1258e+00 
 -3.4987e-01  -3.9660e-01  -6.4044e-01  -8.7316e-01   5.2118e-01 
 -3.9667e-01   2.2614e-01   7.3439e-01   7.8135e-01  -8.7696e-02 
 -1.9494e+00   3.0356e+01   2.4336e+01   3.4958e+01   1.6230e+01 
  1.7858e+01   7.6644e+00   1.2400e+00   4.4252e-01   1.0904e-01 
  2.0054e-02   2.2962e-03   2.5583e-03   1.0877e-03   7.9882e-05 
  4.1882e-05   4.4069e-05  -1.9551e-01   2.1907e-01 

########################
# 00000016
########################
RSS 13375115.284626853
BP 0:
a0:   4.2221e+00   e0:   1.0102e+02   b0:   2.9092e+03   
P: 
  1.3737e+02  -8.2785e+01   5.3335e+00   2.0240e+00   8.3641e+00 
 -3.9299e-01   5.8686e-01   8.0859e-01  -4.4402e-01   2.1269e-01 
 -1.8223e-01  -2.5529e-02   9.5042e-01  -5.2559e-01   4.6848e-01 
 -1.9494e+00   3.0356e+01   2.4336e+01   3.4958e+01   1.6230e+01 
  1.7858e+01   7.6644e+00   1.2400e+00   4.4252e-01   1.0904e-01 
  2.0054e-02   2.2962e-03   2.5583e-03   1.0877e-03   7.9882e-05 
  4.1882e-05   4.4069e-05  -1.2091e+00  -2.3613e-02 

########################
# 00000017
########################
RSS 13445403.495055595
BP 0:
a0:   4.2867e+00   e0:   9.6085e+01   b0:   2.8765e+03   
P: 
 -3.2639e+01  -4.4061e+00   4.1087e+01   7.1647e-01  -9.2339e+00 
 -8.4418e-01  -6.7159e-01   7.1483e-02   6.7852e-01   1.5925e-02 
 -5.4880e-01  -3.5591e-01   9.6908e-01   8.3571e-01  -7.6425e-02 
 -1.9494e+00   3.0356e+01   2.4336e+01   3.4958e+01   1.6230e+01 
  1.7858e+01   7.6644e+00   1.2400e+00   4.4252e-01   1.0904e-01 
  2.0054e-02   2.2962e-03   2.5583e-03   1.0877e-03   7.9882e-05 
  4.1882e-05   4.4069e-05  -9.4645e-01   9.4569e-02 

########################
# 00000018
########################
RSS 14210235.772811221
BP 0:
a0:   4.2013e+00   e0:   1.0673e+02   b0:   2.9232e+03   
P: 
  8.1633e+01  -8.3130e+01   9.3132e+00  -1.4516e+01   9.1828e+00 
  8.3749e-01   5.6088e-01   5.6562e-01   5.1136e-02  -1.2022e-01 
  8.3990e-01  -8.4988e-01   3.8363e-01  -6.3437e-01   6.7172e-01 
 -1.9494e+00   3.0356e+01   2.4336e+01   3.4958e+01   1.6230e+01 
  1.7858e+01   7.6644e+00   1.2400e+00   4.4252e-01   1.0904e-01 
  2.0054e-02   2.2962e-03   2.5583e-03   1.0877e-03   7.9882e-05 
  4.1882e-05   4.4069e-05  -4.7788e-01  -1.1672e-01 

########################
# 00000019
########################
RSS 14672631.502889454
BP 0:
a0:   4.3268e+00   e0:   9.6744e+01   b0:   2.9874e+03   
P: 
  1.5687e+02  -4.9503e+01  -4.6691e+01   1.3714e+01  -7.4579e+00 
 -4.2888e-01   3.0135e-01   6.2384e-01  -7.8336e-01   3.0935e-01 
  5.8912e-01   7.8121e-01  -3.7987e-01   9.3133e-01   4.0458e-02 
 -1.9494e+00   3.0356e+01   2.4336e+01   3.4958e+01   1.6230e+01 
  1.7858e+01   7.6644e+00   1.2400e+00   4.4252e-01   1.0904e-01 
  2.0054e-02   2.2962e-03   2.5583e-03   1.0877e-03   7.9882e-05 
  4.1882e-05   4.4069e-05  -9.2929e-01   5.1320e-02 

########################
# 00000020
########################
RSS 25153122.190018047
BP 0:
a0:   4.2978e+00   e0:   1.3772e+02   b0:   3.4794e+03   
P: 
  1.5458e+02   7.3394e+01   4.3961e+00   1.3611e+01  -9.2328e+00 
 -6.7523e-01  -4.0321e-02   5.6346e-01   7.3016e-01  -9.5814e-01 
 -4.1409e-01  -7.1995e-01   2.2565e-01   4.9833e-01   4.0112e-01 
 -1.9494e+00   3.0356e+01   2.4336e+01   3.4958e+01   1.6230e+01 
  1.7858e+01   7.6644e+00   1.2400e+00   4.4252e-01   1.0904e-01 
  2.0054e-02   2.2962e-03   2.5583e-03   1.0877e-03   7.9882e-05 
  4.1882e-05   4.4069e-05  -1.4969e-01  -1.8487e-01 

########################
# 00000021
########################
RSS 25627347.292718645
BP 0:
a0:   4.2634e+00   e0:   1.4493e+02   b0:   3.3367e+03   
P: 
  1.8938e+02  -4.7541e+01  -3.5832e+01  -9.7783e+00   7.8698e+00 
  1.7820e-01   3.2593e-01   8.0033e-01  -8.4618e-01  -6.6036e-01 
 -1.0757e-01  -9.5896e-01  -6.4643e-01   4.4240e-02   7.6809e-01 
 -1.9494e+00   3.0356e+01   2.4336e+01   3.4958e+01   1.6230e+01 
  1.7858e+01   7.6644e+00   1.2400e+00   4.4252e-01   1.0904e-01 
  2.0054e-02   2.2962e-03   2.5583e-03   1.0877e-03   7.9882e-05 
  4.1882e-05   4.4069e-05   1.2825e-01   2.7216e-01 

########################
# 00000022
########################
RSS 29618797.206632547
BP 0:
a0:   4.2756e+00   e0:   1.4959e+02   b0:   4.0030e+03   
P: 
 -1.1677e+02   8.0678e+01   2.3485e+01   2.1709e+00  -5.7076e+00 
 -1.6009e-01   8.7802e-01  -3.7668e-01   7.9267e-01   4.4514e-01 
  8.8712e-01  -9.3571e-01  -2.4945e-01   4.3814e-02   7.0707e-01 
 -1.9494e+00   3.0356e+01   2.4336e+01   3.4958e+01   1.6230e+01 
  1.7858e+01   7.6644e+00   1.2400e+00   4.4252e-01   1.0904e-01 
  2.0054e-02   2.2962e-03   2.5583e-03   1.0877e-03   7.9882e-05 
  4.1882e-05   4.4069e-05   1.1105e-01   1.6079e-01 

########################
# 00000023
########################
RSS 34455063.1510434
BP 0:
a0:   4.2651e+00   e0:   1.6214e+02   b0:   4.3920e+03   
P: 
  6.2349e+01   3.5720e+01   6.9005e+00   7.5002e+00   5.4449e-01 
 -8.4758e-02  -9.2919e-01  -1.0837e-02   9.0699e-01   3.1635e-01 
  9.1375e-01  -8.5370e-01   1.4065e-01  -2.6197e-01   8.0855e-01 
 -1.9494e+00   3.0356e+01   2.4336e+01   3.4958e+01   1.6230e+01 
  1.7858e+01   7.6644e+00   1.2400e+00   4.4252e-01   1.0904e-01 
  2.0054e-02   2.2962e-03   2.5583e-03   1.0877e-03   7.9882e-05 
  4.1882e-05   4.4069e-05  -9.1307e-01  -9.5007e-02 

########################
# 00000024
########################
RSS 36082284.32921826
BP 0:
a0:   4.2542e+00   e0:   1.6867e+02   b0:   4.3949e+03   
P: 
 -1.2552e+02   2.8314e+01   4.4970e+01  -1.5907e+01   6.5333e+00 
  7.8114e-01   4.0491e-01   7.6567e-01  -5.2314e-02  -2.9212e-02 
 -4.0693e-01  -5.0472e-01  -3.4657e-01   3.7821e-01   6.4451e-01 
 -1.9494e+00   3.0356e+01   2.4336e+01   3.4958e+01   1.6230e+01 
  1.7858e+01   7.6644e+00   1.2400e+00   4.4252e-01   1.0904e-01 
  2.0054e-02   2.2962e-03   2.5583e-03   1.0877e-03   7.9882e-05 
  4.1882e-05   4.4069e-05  -9.1065e-01   1.9549e-01 

########################
# 00000025
########################
RSS 38478026.34082967
BP 0:
a0:   4.2492e+00   e0:   1.7533e+02   b0:   4.5095e+03   
P: 
 -1.5063e+02  -6.0968e+01  -4.7615e+01  -4.8998e+00   6.5170e+00 
  1.2369e-01   2.7131e-02   2.0043e-01   5.1979e-01  -7.5611e-01 
 -6.7821e-02  -8.5054e-01   6.4758e-01  -4.7130e-01   8.7169e-01 
 -1.9494e+00   3.0356e+01   2.4336e+01   3.4958e+01   1.6230e+01 
  1.7858e+01   7.6644e+00   1.2400e+00   4.4252e-01   1.0904e-01 
  2.0054e-02   2.2962e-03   2.5583e-03   1.0877e-03   7.9882e-05 
  4.1882e-05   4.4069e-05  -9.8611e-01  -5.7656e-02 

########################
# 00000026
########################
RSS 41297211.36142209
BP 0:
a0:   4.2503e+00   e0:   1.7837e+02   b0:   4.9456e+03   
P: 
 -2.1791e+01  -2.9433e+01   3.1453e+01   9.1209e+00   7.0312e+00 
  9.3939e-01  -8.7851e-01   3.0649e-01   7.8087e-01   2.4335e-01 
  2.3184e-01  -3.3085e-01   5.1102e-01  -3.2296e-01   8.0301e-01 
 -1.9494e+00   3.0356e+01   2.4336e+01   3.4958e+01   1.6230e+01 
  1.7858e+01   7.6644e+00   1.2400e+00   4.4252e-01   1.0904e-01 
  2.0054e-02   2.2962e-03   2.5583e-03   1.0877e-03   7.9882e-05 
  4.1882e-05   4.4069e-05   3.3787e-01  -5.8549e-02 

########################
# 00000027
########################
RSS 47657476.002864525
BP 0:
a0:   4.2617e+00   e0:   1.9182e+02   b0:   5.1732e+03   
P: 
 -3.2938e+01  -9.8179e+01  -4.9264e+01  -1.9725e+01   7.7990e+00 
 -3.2896e-01  -4.7974e-02   6.5370e-01  -8.8592e-01   5.1628e-01 
 -9.9786e-01  -1.6539e-01   6.3344e-01   2.2631e-01   6.2065e-01 
 -1.9494e+00   3.0356e+01   2.4336e+01   3.4958e+01   1.6230e+01 
  1.7858e+01   7.6644e+00   1.2400e+00   4.4252e-01   1.0904e-01 
  2.0054e-02   2.2962e-03   2.5583e-03   1.0877e-03   7.9882e-05 
  4.1882e-05   4.4069e-05  -6.1007e-01  -9.6623e-02 

########################
# 00000028
########################
RSS 54493416.12570357
BP 0:
a0:   4.2714e+00   e0:   2.0358e+02   b0:   5.5449e+03   
P: 
 -1.0112e+02   6.2038e+01   2.6954e+01  -4.1927e+00   4.1831e+00 
 -9.0185e-01  -9.3327e-01   2.6310e-01   1.9103e-01  -4.3429e-01 
 -1.2521e-01  -4.9626e-01   5.8693e-01   5.4388e-01   5.6011e-01 
 -1.9494e+00   3.0356e+01   2.4336e+01   3.4958e+01   1.6230e+01 
  1.7858e+01   7.6644e+00   1.2400e+00   4.4252e-01   1.0904e-01 
  2.0054e-02   2.2962e-03   2.5583e-03   1.0877e-03   7.9882e-05 
  4.1882e-05   4.4069e-05   2.1749e-01   1.1843e-01 

########################
# 00000029
########################
RSS 55981886.13271454
BP 0:
a0:   4.2803e+00   e0:   2.0525e+02   b0:   5.5903e+03   
P: 
 -1.5505e+02   5.6710e+01  -3.0096e+00  -1.4929e+01   7.4629e+00 
 -8.6907e-02  -5.0302e-01   4.6737e-01  -3.3349e-01   5.7899e-01 
  4.3508e-01   3.0692e-01  -6.6745e-01   2.7229e-01   8.4260e-01 
 -1.9494e+00   3.0356e+01   2.4336e+01   3.4958e+01   1.6230e+01 
  1.7858e+01   7.6644e+00   1.2400e+00   4.4252e-01   1.0904e-01 
  2.0054e-02   2.2962e-03   2.5583e-03   1.0877e-03   7.9882e-05 
  4.1882e-05   4.4069e-05  -1.2970e+00   1.6302e-01 

########################
# 00000030
########################
RSS 65689310.57815791
BP 0:
a0:   4.2688e+00   e0:   2.2431e+02   b0:   6.0936e+03   
P: 
  2.6434e+01  -6.3607e+01   6.2750e+00  -1.2421e+01   5.4078e+00 
  1.7804e-01  -4.6190e-01  -2.7463e-01  -5.3829e-01  -9.1245e-01 
  2.4799e-01  -7.9140e-01   5.8304e-01   8.7361e-01   5.2116e-01 
 -1.9494e+00   3.0356e+01   2.4336e+01   3.4958e+01   1.6230e+01 
  1.7858e+01   7.6644e+00   1.2400e+00   4.4252e-01   1.0904e-01 
  2.0054e-02   2.2962e-03   2.5583e-03   1.0877e-03   7.9882e-05 
  4.1882e-05   4.4069e-05  -7.1873e-01  -1.1541e-01 

########################
# 00000031
########################
RSS 65721250.0871967
BP 0:
a0:   4.2827e+00   e0:   2.1901e+02   b0:   6.2985e+03   
P: 
 -1.1164e+02  -2.3526e+01  -3.3236e+01  -8.2291e+00  -5.4185e+00 
 -1.9295e-02   6.0449e-01  -9.6454e-01   5.9140e-01   5.3543e-01 
 -2.3691e-01   1.2096e-01   7.4483e-01   7.4831e-01   4.7959e-01 
 -1.9494e+00   3.0356e+01   2.4336e+01   3.4958e+01   1.6230e+01 
  1.7858e+01   7.6644e+00   1.2400e+00   4.4252e-01   1.0904e-01 
  2.0054e-02   2.2962e-03   2.5583e-03   1.0877e-03   7.9882e-05 
  4.1882e-05   4.4069e-05   4.6585e-01  -1.6230e-01 

########################
# 00000032
########################
RSS 72804564.74111283
BP 0:
a0:   4.2678e+00   e0:   2.3546e+02   b0:   6.5051e+03   
P: 
 -1.3497e+02  -1.9392e+01  -2.4631e+01  -5.2211e+00   9.7087e+00 
  6.7408e-01  -1.7960e-01   9.7586e-01  -4.2981e-01   2.6081e-01 
  7.4699e-01   1.5915e-01  -5.1762e-01   3.0609e-01   9.2570e-01 
 -1.9494e+00   3.0356e+01   2.4336e+01   3.4958e+01   1.6230e+01 
  1.7858e+01   7.6644e+00   1.2400e+00   4.4252e-01   1.0904e-01 
  2.0054e-02   2.2962e-03   2.5583e-03   1.0877e-03   7.9882e-05 
  4.1882e-05   4.4069e-05  -9.7778e-01  -1.7389e-01 

########################
# 00000033
########################
RSS 80109580.42276326
BP 0:
a0:   4.2665e+00   e0:   2.4551e+02   b0:   6.9747e+03   
P: 
 -1.7362e+01   4.4326e+01   7.5482e+00  -1.3791e+01   9.9056e+00 
  7.5686e-01  -3.4150e-01  -6.5171e-01   7.2659e-01  -1.5019e-01 
 -7.8264e-01   5.8160e-01   6.2934e-01   7.8325e-01   5.6061e-01 
 -1.9494e+00   3.0356e+01   2.4336e+01   3.4958e+01   1.6230e+01 
  1.7858e+01   7.6644e+00   1.2400e+00   4.4252e-01   1.0904e-01 
  2.0054e-02   2.2962e-03   2.5583e-03   1.0877e-03   7.9882e-05 
  4.1882e-05   4.4069e-05   4.8970e-01   1.0083e-01 

########################
# 00000034
########################
RSS 84342017.00270545
BP 0:
a0:   4.2640e+00   e0:   2.5262e+02   b0:   7.1506e+03   
P: 
  1.1578e+02   4.0371e+00   9.8535e+00   1.9451e+01  -7.2842e-01 
  7.2237e-01  -1.9154e-02   4.4288e-01   2.0837e-01   3.1653e-01 
  6.1135e-01  -7.5224e-01   4.5674e-01   7.2163e-01   7.1513e-01 
 -1.9494e+00   3.0356e+01   2.4336e+01   3.4958e+01   1.6230e+01 
  1.7858e+01   7.6644e+00   1.2400e+00   4.4252e-01   1.0904e-01 
  2.0054e-02   2.2962e-03   2.5583e-03   1.0877e-03   7.9882e-05 
  4.1882e-05   4.4069e-05  -1.2948e+00  -2.0561e-01 

########################
# 00000035
########################
RSS 89883907.69071862
BP 0:
a0:   4.2896e+00   e0:   2.6086e+02   b0:   6.9468e+03   
P: 
 -9.1633e+01   8.8894e+01  -6.1904e+00  -4.1443e+00   5.9819e+00 
 -3.8020e-01  -5.1332e-01  -5.4142e-01  -6.1454e-01  -3.9213e-01 
  9.7638e-01  -1.8597e-01  -4.9519e-01   5.5990e-01   9.5814e-01 
 -1.9494e+00   3.0356e+01   2.4336e+01   3.4958e+01   1.6230e+01 
  1.7858e+01   7.6644e+00   1.2400e+00   4.4252e-01   1.0904e-01 
  2.0054e-02   2.2962e-03   2.5583e-03   1.0877e-03   7.9882e-05 
  4.1882e-05   4.4069e-05   1.3167e-01  -2.3479e-01 

########################
# 00000036
########################
RSS 121242341.19764021
BP 0:
a0:   4.2731e+00   e0:   3.0412e+02   b0:   8.3533e+03   
P: 
  1.2299e+02   3.7237e+01  -3.0517e+01   1.9495e+01   9.0179e+00 
 -1.3200e-01  -3.7362e-01  -4.5362e-01   4.0612e-02   2.6469e-01 
 -6.7994e-01   9.1673e-02   3.5727e-01   8.1456e-01   8.7912e-01 
 -1.9494e+00   3.0356e+01   2.4336e+01   3.4958e+01   1.6230e+01 
  1.7858e+01   7.6644e+00   1.2400e+00   4.4252e-01   1.0904e-01 
  2.0054e-02   2.2962e-03   2.5583e-03   1.0877e-03   7.9882e-05 
  4.1882e-05   4.4069e-05  -1.1401e+00   4.1416e-02 

########################
# 00000037
########################
RSS 133874938.96504232
BP 0:
a0:   4.2844e+00   e0:   3.1574e+02   b0:   8.8456e+03   
P: 
  1.6179e+01  -1.9796e+01  -9.9319e+00  -1.7494e-01   3.8624e+00 
 -8.2706e-02  -8.4985e-01  -9.4110e-01   2.0841e-01  -5.9749e-01 
 -2.7018e-01   5.4006e-01   8.9759e-01   9.4307e-01   7.5430e-01 
 -1.9494e+00   3.0356e+01   2.4336e+01   3.4958e+01   1.6230e+01 
  1.7858e+01   7.6644e+00   1.2400e+00   4.4252e-01   1.0904e-01 
  2.0054e-02   2.2962e-03   2.5583e-03   1.0877e-03   7.9882e-05 
  4.1882e-05   4.4069e-05  -4.4895e-01   2.2280e-02 

########################
# 00000038
########################
RSS 450486711.7614279
BP 0:
a0:   4.2798e+00   e0:   1.0903e+02   b0:   2.9830e+03   
P: 
 -1.5667e+02  -2.7815e+01   4.5958e+01  -6.6805e+00   3.5167e+00 
  8.3543e-01  -9.0390e-02   5.5737e-01   2.6996e-01   4.0352e-01 
 -6.6683e-01   8.4235e-01  -1.6394e-01  -1.2473e-01   4.9633e-01 
 -1.9494e+00   3.0356e+01   2.4336e+01   3.4958e+01   1.6230e+01 
  1.7858e+01   7.6644e+00   1.2400e+00   4.4252e-01   1.0904e-01 
  2.0054e-02   2.2962e-03   2.5583e-03   1.0877e-03   7.9882e-05 
  4.1882e-05   4.4069e-05  -5.4335e-02  -1.2450e-01 

########################
# 00000039
########################
RSS 459204466.55664414
BP 0:
a0:   4.2757e+00   e0:   9.7483e+01   b0:   2.2702e+03   
P: 
 -4.3358e+01  -5.4599e+01   4.1386e+01  -6.7815e-01   2.2070e-01 
 -3.0271e-01  -1.4666e-01   6.5561e-01   5.3384e-01   4.1914e-01 
 -3.3579e-01  -5.4490e-01  -5.5754e-01  -2.6200e-01   6.6318e-01 
 -1.9494e+00   3.0356e+01   2.4336e+01   3.4958e+01   1.6230e+01 
  1.7858e+01   7.6644e+00   1.2400e+00   4.4252e-01   1.0904e-01 
  2.0054e-02   2.2962e-03   2.5583e-03   1.0877e-03   7.9882e-05 
  4.1882e-05   4.4069e-05  -2.3256e-01  -2.5068e-01 

########################
# 00000040
########################
RSS 463640838.0952828
BP 0:
a0:   4.3177e+00   e0:   1.2535e+02   b0:   3.4513e+03   
P: 
  1.8541e+02  -7.8082e+01  -4.8092e+01   1.7602e+01  -7.8109e+00 
 -1.5380e-01  -4.8496e-01  -2.6037e-01  -1.6368e-01   9.5912e-01 
  5.7995e-01  -8.9370e-02  -5.3823e-01   4.9861e-01   4.2821e-01 
 -1.9494e+00   3.0356e+01   2.4336e+01   3.4958e+01   1.6230e+01 
  1.7858e+01   7.6644e+00   1.2400e+00   4.4252e-01   1.0904e-01 
  2.0054e-02   2.2962e-03   2.5583e-03   1.0877e-03   7.9882e-05 
  4.1882e-05   4.4069e-05  -5.0459e-01   9.7340e-02 

########################
# 00000041
########################
RSS 486714199.63238776
BP 0:
a0:   4.2915e+00   e0:   2.0120e+02   b0:   5.0212e+03   
P: 
  9.0687e+01   7.3101e+01   3.5529e+01   1.2132e+01   4.3950e-02 
  5.8762e-01  -5.3474e-01   4.8674e-01   4.7474e-01  -2.8531e-01 
 -9.9046e-01  -8.5020e-02  -4.6521e-01   2.6740e-01   8.5106e-01 
 -1.9494e+00   3.0356e+01   2.4336e+01   3.4958e+01   1.6230e+01 
  1.7858e+01   7.6644e+00   1.2400e+00   4.4252e-01   1.0904e-01 
  2.0054e-02   2.2962e-03   2.5583e-03   1.0877e-03   7.9882e-05 
  4.1882e-05   4.4069e-05   1.4836e-01  -1.3607e-02 

########################
# 00000042
########################
RSS 572801573.291615
BP 0:
a0:   4.1282e+00   e0:   2.2171e+01   b0:   4.5801e+02   
P: 
  8.5851e+00   2.3934e+01  -3.8691e+01   1.7547e+01   2.6556e+00 
 -6.9430e-01   7.8121e-03   8.7290e-01   8.1425e-01  -3.8469e-01 
 -8.8085e-02  -1.7420e-01   1.0982e-01  -6.3911e-01   3.5256e-01 
 -1.9494e+00   3.0356e+01   2.4336e+01   3.4958e+01   1.6230e+01 
  1.7858e+01   7.6644e+00   1.2400e+00   4.4252e-01   1.0904e-01 
  2.0054e-02   2.2962e-03   2.5583e-03   1.0877e-03   7.9882e-05 
  4.1882e-05   4.4069e-05  -1.2417e-01   3.8560e-02 

########################
# 00000043
########################
RSS 693918264.8780761
BP 0:
a0:   4.2933e+00   e0:   2.3701e+02   b0:   6.6003e+03   
P: 
 -1.7137e+01   2.0248e+01  -4.7818e+00  -1.5419e+01  -3.3254e+00 
  8.0031e-01  -4.2031e-01   2.5316e-01   6.7890e-01  -3.9761e-01 
  9.9465e-01   6.6720e-01  -7.6031e-02   6.2493e-03   9.6485e-01 
 -1.9494e+00   3.0356e+01   2.4336e+01   3.4958e+01   1.6230e+01 
  1.7858e+01   7.6644e+00   1.2400e+00   4.4252e-01   1.0904e-01 
  2.0054e-02   2.2962e-03   2.5583e-03   1.0877e-03   7.9882e-05 
  4.1882e-05   4.4069e-05  -2.2562e-01   9.3584e-02 

########################
# 00000044
########################
RSS 700996959.4724321
BP 0:
a0:   4.2720e+00   e0:   9.0586e+01   b0:   2.4842e+03   
P: 
  1.8224e+01  -4.2304e+01   3.7183e+01   1.0846e+01  -1.6895e+00 
  8.0913e-01  -8.1823e-01  -2.6142e-01   3.8423e-01  -4.9595e-02 
  4.2054e-01  -2.1686e-01   8.4718e-01  -6.9503e-01   5.3279e-01 
 -1.9494e+00   3.0356e+01   2.4336e+01   3.4958e+01   1.6230e+01 
  1.7858e+01   7.6644e+00   1.2400e+00   4.4252e-01   1.0904e-01 
  2.0054e-02   2.2962e-03   2.5583e-03   1.0877e-03   7.9882e-05 
  4.1882e-05   4.4069e-05   2.5598e-01   1.8879e-01 

########################
# 00000045
########################
RSS 1036215841.3786243
BP 0:
a0:   4.3441e+00   e0:   1.4113e+02   b0:   3.5652e+03   
P: 
  1.6493e+02  -3.2247e+01   1.8646e+01  -1.6421e+01  -8.6948e+00 
  9.4157e-02   2.4197e-01  -1.9843e-01  -5.0395e-01  -8.1877e-01 
 -2.4175e-01   3.9211e-01  -6.5097e-01   8.3262e-01   3.7045e-01 
 -1.9494e+00   3.0356e+01   2.4336e+01   3.4958e+01   1.6230e+01 
  1.7858e+01   7.6644e+00   1.2400e+00   4.4252e-01   1.0904e-01 
  2.0054e-02   2.2962e-03   2.5583e-03   1.0877e-03   7.9882e-05 
  4.1882e-05   4.4069e-05  -3.3667e-01  -2.6856e-01 

########################
# 00000046
########################
RSS 1066238596.5171736
BP 0:
a0:   4.3544e+00   e0:   2.1982e+01   b0:   2.8581e+02   
P: 
 -3.4372e+01   6.7738e+01   3.2082e+00   1.5418e+01   1.6727e+00 
 -8.8477e-01   9.4982e-01  -8.7144e-01  -6.2641e-01   7.3081e-01 
  1.8178e-01  -4.1177e-01  -1.4161e-01  -7.4982e-01   4.5874e-01 
 -1.9494e+00   3.0356e+01   2.4336e+01   3.4958e+01   1.6230e+01 
  1.7858e+01   7.6644e+00   1.2400e+00   4.4252e-01   1.0904e-01 
  2.0054e-02   2.2962e-03   2.5583e-03   1.0877e-03   7.9882e-05 
  4.1882e-05   4.4069e-05   2.6674e-01   5.6321e-02 

########################
# 00000047
########################
RSS 1073220412.4601115
BP 0:
a0:   4.3358e+00   e0:   1.0795e+02   b0:   2.2985e+03   
P: 
  1.5659e+02   1.1847e+01   1.0766e+01  -3.7711e+00  -7.3864e+00 
  7.4614e-01  -2.9139e-01  -8.1313e-01   4.5985e-01  -6.8416e-01 
 -6.7320e-01  -7.2420e-01  -3.1705e-01   8.6620e-02   5.5440e-01 
 -1.9494e+00   3.0356e+01   2.4336e+01   3.4958e+01   1.6230e+01 
  1.7858e+01   7.6644e+00   1.2400e+00   4.4252e-01   1.0904e-01 
  2.0054e-02   2.2962e-03   2.5583e-03   1.0877e-03   7.9882e-05 
  4.1882e-05   4.4069e-05   6.5668e-01   3.0065e-01 

########################
# 00000048
########################
RSS 1083962016.876303
BP 0:
a0:   4.3102e+00   e0:   1.5870e+02   b0:   4.2127e+03   
P: 
 -1.8352e+02  -9.0531e+01  -2.6107e+01  -1.7413e+01  -9.7277e+00 
  7.2090e-01  -7.7406e-01   7.6362e-01   4.4792e-01   9.8608e-01 
  6.6922e-01   9.7496e-02  -6.9806e-01  -2.9435e-01   9.1848e-01 
 -1.9494e+00   3.0356e+01   2.4336e+01   3.4958e+01   1.6230e+01 
  1.7858e+01   7.6644e+00   1.2400e+00   4.4252e-01   1.0904e-01 
  2.0054e-02   2.2962e-03   2.5583e-03   1.0877e-03   7.9882e-05 
  4.1882e-05   4.4069e-05  -1.0900e+00   3.1986e-01 

########################
# 00000049
########################
RSS 1185651948.3915887
BP 0:
a0:   4.3091e+00   e0:   1.3812e+02   b0:   3.8805e+03   
P: 
  1.5882e+02  -3.7128e+01   4.0215e+01   2.2271e+00  -9.2818e+00 
 -1.5123e-01   8.8303e-02   1.3942e-01   1.8866e-01  -8.9272e-01 
  6.5516e-01   4.0457e-01   8.4664e-01  -2.7274e-01   5.2927e-01 
 -1.9494e+00   3.0356e+01   2.4336e+01   3.4958e+01   1.6230e+01 
  1.7858e+01   7.6644e+00   1.2400e+00   4.4252e-01   1.0904e-01 
  2.0054e-02   2.2962e-03   2.5583e-03   1.0877e-03   7.9882e-05 
  4.1882e-05   4.4069e-05  -1.0959e-01   2.5281e-01 

########################
# 00000050
########################
RSS 1188615991.2775939
BP 0:
a0:   4.2998e+00   e0:   2.5103e+02   b0:   6.9623e+03   
P: 
  1.2862e+02   9.7130e+01   3.9295e+01   9.0779e+00  -2.3304e+00 
 -8.9516e-01  -8.1294e-01  -9.3019e-01   3.2476e-01  -3.1281e-01 
  4.1709e-01   6.9826e-01   9.2614e-01  -1.9593e-01   9.4454e-01 
 -1.9494e+00   3.0356e+01   2.4336e+01   3.4958e+01   1.6230e+01 
  1.7858e+01   7.6644e+00   1.2400e+00   4.4252e-01   1.0904e-01 
  2.0054e-02   2.2962e-03   2.5583e-03   1.0877e-03   7.9882e-05 
  4.1882e-05   4.4069e-05   6.8838e-01  -5.6357e-02 

########################
# 00000051
########################
RSS 1222313117.5421395
BP 0:
a0:   4.2999e+00   e0:   1.7160e+02   b0:   4.5002e+03   
P: 
 -9.8043e+01   1.0704e+01   3.1540e+01  -5.4851e+00   1.2351e+00 
  6.4589e-01  -6.2152e-01   5.5836e-01  -8.2804e-01   1.2874e-01 
 -3.2833e-01   6.8044e-01   1.8123e-01  -3.9396e-01   8.2887e-01 
 -1.9494e+00   3.0356e+01   2.4336e+01   3.4958e+01   1.6230e+01 
  1.7858e+01   7.6644e+00   1.2400e+00   4.4252e-01   1.0904e-01 
  2.0054e-02   2.2962e-03   2.5583e-03   1.0877e-03   7.9882e-05 
  4.1882e-05   4.4069e-05   4.0852e-01   1.1224e-01 

########################
# 00000052
########################
RSS 1309082574.0837798
BP 0:
a0:   4.4059e+00   e0:   4.5795e+01   b0:   1.0721e+03   
P: 
 -1.2152e+02  -7.8708e+01   4.3544e+01  -1.6402e+01   3.2370e+00 
 -6.4499e-01  -9.8923e-01  -9.8681e-01  -9.7842e-01  -9.5030e-01 
  9.6412e-01   1.1629e-01  -1.5293e-01  -3.2970e-02   2.2799e-01 
 -1.9494e+00   3.0356e+01   2.4336e+01   3.4958e+01   1.6230e+01 
  1.7858e+01   7.6644e+00   1.2400e+00   4.4252e-01   1.0904e-01 
  2.0054e-02   2.2962e-03   2.5583e-03   1.0877e-03   7.9882e-05 
  4.1882e-05   4.4069e-05   2.3160e-01  -1.7727e-01 

########################
# 00000053
########################
RSS 1426760341.012724
BP 0:
a0:   4.8004e+00   e0:   1.9525e+01   b0:   1.6040e+02   
P: 
  2.6040e+01  -5.4141e+01  -3.5091e+01  -4.8513e+00   2.4022e+00 
 -3.5982e-01   3.7247e-01  -4.5328e-01  -8.2897e-01   8.1021e-01 
 -3.2995e-01   2.8625e-01  -5.2458e-01  -8.9001e-01   5.5252e-01 
 -1.9494e+00   3.0356e+01   2.4336e+01   3.4958e+01   1.6230e+01 
  1.7858e+01   7.6644e+00   1.2400e+00   4.4252e-01   1.0904e-01 
  2.0054e-02   2.2962e-03   2.5583e-03   1.0877e-03   7.9882e-05 
  4.1882e-05   4.4069e-05  -3.4433e-01  -1.9947e-01 

########################
# 00000054
########################
RSS 1489164740.5483856
BP 0:
a0:   4.3264e+00   e0:   6.0443e+01   b0:   1.3271e+03   
P: 
  1.9868e+02   7.5538e+01  -2.2989e+01  -9.7459e+00   6.2499e+00 
 -9.8635e-01  -9.0843e-01  -1.9159e-01  -8.1655e-01  -4.2489e-01 
 -5.6319e-01   2.9586e-01   5.1999e-01  -6.4904e-01   4.3278e-01 
 -1.9494e+00   3.0356e+01   2.4336e+01   3.4958e+01   1.6230e+01 
  1.7858e+01   7.6644e+00   1.2400e+00   4.4252e-01   1.0904e-01 
  2.0054e-02   2.2962e-03   2.5583e-03   1.0877e-03   7.9882e-05 
  4.1882e-05   4.4069e-05  -4.2601e-01   1.6080e-01 

########################
# 00000055
########################
RSS 1593909099.5034106
BP 0:
a0:   4.3470e+00   e0:   7.2218e+01   b0:   1.9311e+03   
P: 
 -7.6012e+01   3.6839e+01   1.0556e+01   6.7602e+00  -3.7961e+00 
 -9.8920e-01  -1.2518e-01  -4.6262e-01   4.0676e-01  -7.8105e-01 
  9.9148e-01   3.7909e-01   6.9285e-02  -4.4675e-01   4.5758e-01 
 -1.9494e+00   3.0356e+01   2.4336e+01   3.4958e+01   1.6230e+01 
  1.7858e+01   7.6644e+00   1.2400e+00   4.4252e-01   1.0904e-01 
  2.0054e-02   2.2962e-03   2.5583e-03   1.0877e-03   7.9882e-05 
  4.1882e-05   4.4069e-05   3.8510e-01  -6.4350e-02 

########################
# 00000056
########################
RSS 1963670763.7085521
BP 0:
a0:   4.1894e+00   e0:   3.6783e+00   b0:   1.3498e+02   
P: 
  1.9175e+02  -8.2050e+01  -2.9540e+01  -6.3099e+00   3.6767e+00 
 -6.4189e-01   6.4553e-01  -3.7936e-01   1.5556e-01  -3.2635e-02 
 -8.5913e-01   8.8659e-01   9.3710e-01  -9.3419e-01   1.9686e-01 
 -1.9494e+00   3.0356e+01   2.4336e+01   3.4958e+01   1.6230e+01 
  1.7858e+01   7.6644e+00   1.2400e+00   4.4252e-01   1.0904e-01 
  2.0054e-02   2.2962e-03   2.5583e-03   1.0877e-03   7.9882e-05 
  4.1882e-05   4.4069e-05  -7.9238e-01  -1.7367e-01 

########################
# 00000057
########################
RSS 2523876581.192137
BP 0:
a0:   4.2038e+00   e0:   6.1773e+01   b0:   1.4474e+03   
P: 
 -6.7772e+01  -8.0863e+01  -3.6396e+01  -9.8504e+00  -8.9849e+00 
  6.2506e-02  -1.4035e-01   7.0480e-01   8.0694e-01  -9.6778e-01 
 -8.9172e-01  -8.5775e-01  -9.7392e-01  -6.1894e-01   7.7182e-01 
 -1.9494e+00   3.0356e+01   2.4336e+01   3.4958e+01   1.6230e+01 
  1.7858e+01   7.6644e+00   1.2400e+00   4.4252e-01   1.0904e-01 
  2.0054e-02   2.2962e-03   2.5583e-03   1.0877e-03   7.9882e-05 
  4.1882e-05   4.4069e-05  -4.8041e-01  -5.7278e-02 

########################
# 00000058
########################
RSS 2605054928.022001
BP 0:
a0:   3.7208e+00   e0:  -1.6272e+01   b0:   3.4030e+02   
P: 
  5.1569e+01   4.6099e+01  -2.3459e+01  -1.3863e+01  -5.4632e+00 
  8.0547e-01   3.7423e-01   8.9141e-01  -9.9284e-01   6.4460e-01 
  2.5754e-01   2.8213e-01   5.2164e-01   6.1175e-01  -4.4431e-01 
 -1.9494e+00   3.0356e+01   2.4336e+01   3.4958e+01   1.6230e+01 
  1.7858e+01   7.6644e+00   1.2400e+00   4.4252e-01   1.0904e-01 
  2.0054e-02   2.2962e-03   2.5583e-03   1.0877e-03   7.9882e-05 
  4.1882e-05   4.4069e-05  -5.0999e-01   3.2952e-01 

########################
# 00000059
########################
RSS 9149569249.394585
BP 0:
a0:   4.2060e+00   e0:  -2.7555e+01   b0:  -1.6254e+02   
P: 
  9.9611e+00  -8.3052e+01  -3.7419e+01   1.0845e+01  -6.1632e+00 
  9.4903e-01  -7.4855e-01  -9.5090e-01   8.1886e-01  -8.6403e-01 
  8.6308e-01   2.0411e-01   6.3568e-01   8.9719e-01  -6.2999e-01 
 -1.9494e+00   3.0356e+01   2.4336e+01   3.4958e+01   1.6230e+01 
  1.7858e+01   7.6644e+00   1.2400e+00   4.4252e-01   1.0904e-01 
  2.0054e-02   2.2962e-03   2.5583e-03   1.0877e-03   7.9882e-05 
  4.1882e-05   4.4069e-05  -9.1680e-01   1.4118e-01 

########################
# 00000060
########################
RSS 17376173021.578266
BP 0:
a0:   4.4682e+00   e0:  -3.9896e+01   b0:  -4.0033e+02   
P: 
  3.7324e+01  -9.2452e+01   2.8466e+01  -1.5174e+01  -4.8891e+00 
 -2.6234e-01  -1.5865e-01   3.9477e-01   5.2420e-01   6.0077e-01 
  9.6543e-01   1.6556e-01   9.1312e-01  -3.1552e-02  -3.5355e-01 
 -1.9494e+00   3.0356e+01   2.4336e+01   3.4958e+01   1.6230e+01 
  1.7858e+01   7.6644e+00   1.2400e+00   4.4252e-01   1.0904e-01 
  2.0054e-02   2.2962e-03   2.5583e-03   1.0877e-03   7.9882e-05 
  4.1882e-05   4.4069e-05  -4.7805e-01  -6.2396e-02 

########################
# 00000061
########################
RSS 17780804139.715714
BP 0:
a0:   3.4517e+00   e0:   1.3131e+01   b0:  -3.3120e+02   
P: 
  1.1213e+02   3.6637e+01   3.2960e+00  -1.1519e+01   2.2671e+00 
 -8.2568e-01   9.5847e-01   2.5205e-01  -2.7748e-01  -5.1992e-01 
 -6.5042e-01   9.1926e-01  -5.6908e-01  -6.9445e-01   3.9348e-01 
 -1.9494e+00   3.0356e+01   2.4336e+01   3.4958e+01   1.6230e+01 
  1.7858e+01   7.6644e+00   1.2400e+00   4.4252e-01   1.0904e-01 
  2.0054e-02   2.2962e-03   2.5583e-03   1.0877e-03   7.9882e-05 
  4.1882e-05   4.4069e-05   5.5383e-01  -7.4594e-02 

########################
# 00000062
########################
RSS 40679292005.03568
BP 0:
a0:   3.9477e+00   e0:  -7.1592e+00   b0:  -5.9560e+02   
P: 
  8.0350e+01   9.0791e+01   1.3997e+01   1.1014e+00  -1.2978e+00 
 -8.0490e-01   2.1746e-01  -5.9146e-01  -6.8958e-01  -4.8915e-01 
  3.3493e-01   4.7408e-01  -4.7333e-01  -4.5411e-01   2.1682e-01 
 -1.9494e+00   3.0356e+01   2.4336e+01   3.4958e+01   1.6230e+01 
  1.7858e+01   7.6644e+00   1.2400e+00   4.4252e-01   1.0904e-01 
  2.0054e-02   2.2962e-03   2.5583e-03   1.0877e-03   7.9882e-05 
  4.1882e-05   4.4069e-05  -9.4308e-01   3.1533e-01 

########################
# 00000063
########################
RSS 54208819439.18536
BP 0:
a0:   4.3594e+00   e0:  -4.5821e+01   b0:  -8.2627e+02   
P: 
 -1.1087e+02   7.5177e+01  -3.9976e+00  -5.2065e+00  -2.8963e+00 
 -4.8363e-01   9.1946e-01  -4.3789e-01   2.9457e-01   8.7460e-01 
  5.0407e-01  -2.2347e-01   5.7182e-02   4.7128e-01  -4.0385e-01 
 -1.9494e+00   3.0356e+01   2.4336e+01   3.4958e+01   1.6230e+01 
  1.7858e+01   7.6644e+00   1.2400e+00   4.4252e-01   1.0904e-01 
  2.0054e-02   2.2962e-03   2.5583e-03   1.0877e-03   7.9882e-05 
  4.1882e-05   4.4069e-05  -5.3365e-01   2.6879e-01 

########################
# 00000064
########################
RSS 67204153069.38279
BP 0:
a0:   4.2569e+00   e0:  -2.6930e+01   b0:  -9.1907e+02   
P: 
 -4.1806e+01  -7.1688e+01  -1.4991e+01   9.1806e+00  -7.1695e+00 
  6.3835e-01  -7.5410e-02   2.2614e-01  -2.3917e-01  -9.7173e-02 
  7.2212e-02  -6.5289e-01   1.9800e-01  -2.3901e-01  -1.4182e-03 
 -1.9494e+00   3.0356e+01   2.4336e+01   3.4958e+01   1.6230e+01 
  1.7858e+01   7.6644e+00   1.2400e+00   4.4252e-01   1.0904e-01 
  2.0054e-02   2.2962e-03   2.5583e-03   1.0877e-03   7.9882e-05 
  4.1882e-05   4.4069e-05  -2.0212e-01  -1.0029e-01 

########################
# 00000065
########################
RSS 70569086595.42065
BP 0:
a0:   4.2231e+00   e0:  -4.0742e+01   b0:  -9.2458e+02   
P: 
 -1.9162e+02  -7.4215e+01  -9.5668e+00   2.1705e+00  -2.0950e+00 
 -5.5229e-01   9.8054e-01  -2.8678e-01  -7.7651e-01  -3.3651e-01 
  6.4896e-01   3.8792e-01   9.9676e-02   8.3504e-02  -2.5611e-01 
 -1.9494e+00   3.0356e+01   2.4336e+01   3.4958e+01   1.6230e+01 
  1.7858e+01   7.6644e+00   1.2400e+00   4.4252e-01   1.0904e-01 
  2.0054e-02   2.2962e-03   2.5583e-03   1.0877e-03   7.9882e-05 
  4.1882e-05   4.4069e-05  -1.1526e+00  -2.6116e-01 

########################
# 00000066
########################
RSS 92684574625.27843
BP 0:
a0:   4.1589e+00   e0:  -2.9555e+01   b0:  -1.0804e+03   
P: 
  1.9813e+02   3.1283e+01  -1.0271e+01  -6.8913e+00  -7.0712e+00 
 -4.2506e-01  -6.1262e-01  -2.3127e-01   6.7898e-01  -2.7505e-01 
  2.0880e-01  -2.8778e-01  -7.7919e-01   2.1378e-01  -4.7679e-02 
 -1.9494e+00   3.0356e+01   2.4336e+01   3.4958e+01   1.6230e+01 
  1.7858e+01   7.6644e+00   1.2400e+00   4.4252e-01   1.0904e-01 
  2.0054e-02   2.2962e-03   2.5583e-03   1.0877e-03   7.9882e-05 
  4.1882e-05   4.4069e-05  -5.2335e-01   2.8040e-01 

########################
# 00000067
########################
RSS 124576461073.1776
BP 0:
a0:   4.3306e+00   e0:  -2.8138e+01   b0:  -1.3071e+03   
P: 
 -1.2561e+02  -1.0075e+01   4.2100e+01   5.2459e+00   8.6861e+00 
  5.5280e-01   4.9797e-01  -8.8350e-01   7.6359e-01  -6.2814e-01 
  3.1888e-01  -5.9870e-01  -8.9746e-01  -7.8877e-01   3.9767e-01 
 -1.9494e+00   3.0356e+01   2.4336e+01   3.4958e+01   1.6230e+01 
  1.7858e+01   7.6644e+00   1.2400e+00   4.4252e-01   1.0904e-01 
  2.0054e-02   2.2962e-03   2.5583e-03   1.0877e-03   7.9882e-05 
  4.1882e-05   4.4069e-05  -9.8965e-01  -2.6173e-01 

########################
# 00000068
########################
RSS 135753206015.51724
BP 0:
a0:   4.2984e+00   e0:  -4.1352e+01   b0:  -1.3754e+03   
P: 
 -1.3877e+02   8.5960e+01   1.9825e+01  -1.9185e+01   9.2875e+00 
  1.5215e-02  -9.0475e-01  -6.2115e-01   4.1134e-01  -1.9247e-01 
  1.3764e-01  -1.8480e-01  -7.8750e-01  -1.0804e-01   1.4267e-02 
 -1.9494e+00   3.0356e+01   2.4336e+01   3.4958e+01   1.6230e+01 
  1.7858e+01   7.6644e+00   1.2400e+00   4.4252e-01   1.0904e-01 
  2.0054e-02   2.2962e-03   2.5583e-03   1.0877e-03   7.9882e-05 
  4.1882e-05   4.4069e-05   5.8237e-02   2.8588e-01 

########################
# 00000069
########################
RSS 135789970564.15385
BP 0:
a0:   4.2271e+00   e0:  -3.7339e+01   b0:  -1.3433e+03   
P: 
  3.6055e-01  -3.1966e+01  -4.0169e+01   8.3154e+00  -2.9914e+00 
  9.7166e-01  -2.3676e-01  -8.3233e-01  -8.9564e-01  -2.5818e-01 
 -2.0037e-01  -1.8305e-01   6.2262e-01  -8.4888e-01   1.1145e-01 
 -1.9494e+00   3.0356e+01   2.4336e+01   3.4958e+01   1.6230e+01 
  1.7858e+01   7.6644e+00   1.2400e+00   4.4252e-01   1.0904e-01 
  2.0054e-02   2.2962e-03   2.5583e-03   1.0877e-03   7.9882e-05 
  4.1882e-05   4.4069e-05   4.2470e-01   2.3345e-01 

########################
# 00000070
########################
RSS 154058553082.08655
BP 0:
a0:   4.4383e+00   e0:  -7.1638e+01   b0:  -1.5394e+03   
P: 
 -7.2989e+01  -6.8063e+00   8.4692e+00   9.8827e+00   4.3035e+00 
  6.7025e-01   6.2786e-01   5.4673e-01   9.2969e-01   4.6498e-01 
  5.8450e-01  -3.0241e-01   8.0841e-01  -6.8193e-01  -1.8319e-01 
 -1.9494e+00   3.0356e+01   2.4336e+01   3.4958e+01   1.6230e+01 
  1.7858e+01   7.6644e+00   1.2400e+00   4.4252e-01   1.0904e-01 
  2.0054e-02   2.2962e-03   2.5583e-03   1.0877e-03   7.9882e-05 
  4.1882e-05   4.4069e-05  -4.3932e-01  -1.1254e-01 

########################
# 00000071
########################
RSS 183061345618.46152
BP 0:
a0:   4.2547e+00   e0:  -4.2064e+01   b0:  -1.6177e+03   
P: 
  1.9304e+01   8.4080e+01  -3.1501e+01  -1.5396e+01  -2.6710e+00 
  4.4717e-01  -9.6347e-01  -2.3651e-02   3.1387e-02  -8.5710e-01 
  3.2621e-01  -8.4905e-01  -1.8313e-01  -5.0442e-01   1.2499e-01 
 -1.9494e+00   3.0356e+01   2.4336e+01   3.4958e+01   1.6230e+01 
  1.7858e+01   7.6644e+00   1.2400e+00   4.4252e-01   1.0904e-01 
  2.0054e-02   2.2962e-03   2.5583e-03   1.0877e-03   7.9882e-05 
  4.1882e-05   4.4069e-05  -1.1655e+00   1.4707e-01 

########################
# 00000072
########################
RSS 188232347793.9142
BP 0:
a0:   4.2123e+00   e0:  -4.7811e+01   b0:  -1.6262e+03   
P: 
 -2.7243e+01  -9.0828e+01  -2.9669e+01  -3.4124e+00   8.9290e-01 
 -4.7690e-01  -6.2447e-01  -8.5458e-01  -6.5275e-01   9.4009e-01 
 -5.4561e-01  -4.3555e-02  -7.7077e-01   8.2877e-02  -8.1445e-02 
 -1.9494e+00   3.0356e+01   2.4336e+01   3.4958e+01   1.6230e+01 
  1.7858e+01   7.6644e+00   1.2400e+00   4.4252e-01   1.0904e-01 
  2.0054e-02   2.2962e-03   2.5583e-03   1.0877e-03   7.9882e-05 
  4.1882e-05   4.4069e-05  -6.2015e-02   8.6559e-02 

########################
# 00000073
########################
RSS 197619379350.41208
BP 0:
a0:   4.3657e+00   e0:  -7.0394e+01   b0:  -1.7521e+03   
P: 
 -1.2507e+02   5.9947e+01   4.2083e+01   1.2008e+01   2.6356e+00 
 -1.3574e-02   7.1883e-01   8.9844e-01   5.0728e-01  -2.8434e-01 
 -2.0016e-01  -5.6039e-01  -3.9651e-01   9.6357e-01  -6.1097e-01 
 -1.9494e+00   3.0356e+01   2.4336e+01   3.4958e+01   1.6230e+01 
  1.7858e+01   7.6644e+00   1.2400e+00   4.4252e-01   1.0904e-01 
  2.0054e-02   2.2962e-03   2.5583e-03   1.0877e-03   7.9882e-05 
  4.1882e-05   4.4069e-05  -1.0793e-01  -2.4062e-02 

########################
# 00000074
########################
RSS 239432330773.5347
BP 0:
a0:   4.2598e+00   e0:  -6.4400e+01   b0:  -1.8805e+03   
P: 
 -2.3258e+01   4.8987e+01   4.4084e+01   1.2888e+01  -2.9098e+00 
 -7.6086e-01  -1.2592e-01  -9.8399e-01  -3.5705e-01  -5.3070e-01 
  4.7371e-01  -5.6098e-01   6.0879e-01  -4.5208e-01  -1.5455e-01 
 -1.9494e+00   3.0356e+01   2.4336e+01   3.4958e+01   1.6230e+01 
  1.7858e+01   7.6644e+00   1.2400e+00   4.4252e-01   1.0904e-01 
  2.0054e-02   2.2962e-03   2.5583e-03   1.0877e-03   7.9882e-05 
  4.1882e-05   4.4069e-05  -6.9790e-01   3.1077e-01 

########################
# 00000075
########################
RSS 295099579322.28296
BP 0:
a0:   4.2023e+00   e0:  -7.7375e+01   b0:  -2.0592e+03   
P: 
 -1.0356e+01   5.0182e+01   2.2880e+01   1.7648e+01  -9.2038e+00 
  6.7818e-01  -5.8912e-01   1.6917e-01   7.4069e-01   8.8673e-01 
  6.0609e-01   9.0640e-01  -8.0444e-01  -6.7474e-01   4.3436e-02 
 -1.9494e+00   3.0356e+01   2.4336e+01   3.4958e+01   1.6230e+01 
  1.7858e+01   7.6644e+00   1.2400e+00   4.4252e-01   1.0904e-01 
  2.0054e-02   2.2962e-03   2.5583e-03   1.0877e-03   7.9882e-05 
  4.1882e-05   4.4069e-05   9.2073e-02  -1.4820e-01 

########################
# 00000076
########################
RSS 325402242816.9271
BP 0:
a0:   4.3170e+00   e0:  -8.2997e+01   b0:  -2.2428e+03   
P: 
  1.4042e+02  -3.7701e+01  -4.1048e+01   7.4566e-01  -1.5048e+00 
 -1.1782e-01  -7.4510e-01   9.7257e-01   9.6672e-01  -7.3639e-01 
 -1.8458e-01  -1.5412e-01   9.4263e-01  -8.8877e-01  -1.3627e-01 
 -1.9494e+00   3.0356e+01   2.4336e+01   3.4958e+01   1.6230e+01 
  1.7858e+01   7.6644e+00   1.2400e+00   4.4252e-01   1.0904e-01 
  2.0054e-02   2.2962e-03   2.5583e-03   1.0877e-03   7.9882e-05 
  4.1882e-05   4.4069e-05  -1.0415e+00   2.5210e-01 

########################
# 00000077
########################
RSS 341188472828.696
BP 0:
a0:   4.2825e+00   e0:  -8.8963e+01   b0:  -2.2670e+03   
P: 
 -6.2354e+00   3.7002e+01  -3.4659e+01   2.1049e+00   7.9983e+00 
 -8.0318e-01  -7.1218e-01   4.2734e-01   4.8197e-01   8.6726e-01 
  3.6474e-01   8.9631e-01  -8.8838e-01  -4.3443e-01  -1.0732e-01 
 -1.9494e+00   3.0356e+01   2.4336e+01   3.4958e+01   1.6230e+01 
  1.7858e+01   7.6644e+00   1.2400e+00   4.4252e-01   1.0904e-01 
  2.0054e-02   2.2962e-03   2.5583e-03   1.0877e-03   7.9882e-05 
  4.1882e-05   4.4069e-05   4.6142e-01   2.9857e-01 

########################
# 00000078
########################
RSS 342835565976.3909
BP 0:
a0:   4.3039e+00   e0:  -9.3278e+01   b0:  -2.3136e+03   
P: 
 -1.6902e+02  -1.8143e+00  -2.1211e+01  -1.4842e+01   1.3868e+00 
  2.5743e-02   7.5554e-01   6.1997e-01  -1.9948e-01   4.0384e-01 
  6.3463e-01  -6.0554e-03  -9.0134e-01   5.3484e-01  -4.7816e-01 
 -1.9494e+00   3.0356e+01   2.4336e+01   3.4958e+01   1.6230e+01 
  1.7858e+01   7.6644e+00   1.2400e+00   4.4252e-01   1.0904e-01 
  2.0054e-02   2.2962e-03   2.5583e-03   1.0877e-03   7.9882e-05 
  4.1882e-05   4.4069e-05  -6.2159e-01   1.1732e-01 

########################
# 00000079
########################
RSS 471117305783.1236
BP 0:
a0:   4.3236e+00   e0:  -1.0711e+02   b0:  -2.7593e+03   
P: 
 -4.2651e+01  -7.3597e+01  -4.3655e+01   1.4234e+01   4.4599e+00 
  7.4936e-01  -7.6944e-01  -6.5348e-01  -9.9072e-01  -6.2774e-01 
  7.6171e-01  -8.6307e-01   9.8603e-01  -7.6792e-02  -5.6500e-01 
 -1.9494e+00   3.0356e+01   2.4336e+01   3.4958e+01   1.6230e+01 
  1.7858e+01   7.6644e+00   1.2400e+00   4.4252e-01   1.0904e-01 
  2.0054e-02   2.2962e-03   2.5583e-03   1.0877e-03   7.9882e-05 
  4.1882e-05   4.4069e-05  -7.8911e-01   1.3490e-01 

########################
# 00000080
########################
RSS 488164249779.8384
BP 0:
a0:   4.1961e+00   e0:  -9.4409e+01   b0:  -2.6913e+03   
P: 
 -1.4016e+02  -5.5969e+00   4.3359e+01   1.4260e+01  -9.9736e+00 
 -6.2460e-01   8.1689e-01   2.3306e-01  -9.5545e-01  -1.4850e-01 
  6.2108e-01   9.7990e-01  -1.3517e-01  -9.4422e-01  -3.2564e-02 
 -1.9494e+00   3.0356e+01   2.4336e+01   3.4958e+01   1.6230e+01 
  1.7858e+01   7.6644e+00   1.2400e+00   4.4252e-01   1.0904e-01 
  2.0054e-02   2.2962e-03   2.5583e-03   1.0877e-03   7.9882e-05 
  4.1882e-05   4.4069e-05   5.8575e-01   1.0661e-01 

########################
# 00000081
########################
RSS 506288956211.3351
BP 0:
a0:   4.2847e+00   e0:  -1.0287e+02   b0:  -2.8120e+03   
P: 
  1.7548e+02   1.1218e+01  -2.0833e+01   9.7033e+00  -2.3673e+00 
  7.5675e-01  -2.7465e-01   8.8342e-01   9.0475e-01  -2.3889e-02 
  4.0137e-01   3.0713e-01  -2.9843e-01  -8.9778e-01  -3.2484e-02 
 -1.9494e+00   3.0356e+01   2.4336e+01   3.4958e+01   1.6230e+01 
  1.7858e+01   7.6644e+00   1.2400e+00   4.4252e-01   1.0904e-01 
  2.0054e-02   2.2962e-03   2.5583e-03   1.0877e-03   7.9882e-05 
  4.1882e-05   4.4069e-05   2.2176e-01   2.0690e-01 

########################
# 00000082
########################
RSS 624824477152.2767
BP 0:
a0:   4.2472e+00   e0:  -1.1626e+02   b0:  -3.1372e+03   
P: 
 -1.2251e+02   7.8682e+01  -2.2647e+01  -5.1826e-02  -9.2287e+00 
 -3.2680e-01  -4.3403e-01  -7.7026e-01  -7.3892e-01   7.6906e-01 
  6.5437e-02  -7.0361e-02   7.1014e-01  -6.3547e-01  -3.3501e-01 
 -1.9494e+00   3.0356e+01   2.4336e+01   3.4958e+01   1.6230e+01 
  1.7858e+01   7.6644e+00   1.2400e+00   4.4252e-01   1.0904e-01 
  2.0054e-02   2.2962e-03   2.5583e-03   1.0877e-03   7.9882e-05 
  4.1882e-05   4.4069e-05  -7.9583e-01   1.1912e-01 

########################
# 00000083
########################
RSS 662686826861.2219
BP 0:
a0:   4.2837e+00   e0:  -1.1635e+02   b0:  -3.2338e+03   
P: 
 -2.0921e+01   3.8882e+01   1.8486e+01  -1.6140e+01   8.3398e+00 
 -9.0968e-01   2.0260e-01   9.7383e-02  -6.5249e-01   5.2086e-01 
 -9.9658e-01   9.0542e-01   2.0524e-01  -8.5742e-01  -2.1718e-01 
 -1.9494e+00   3.0356e+01   2.4336e+01   3.4958e+01   1.6230e+01 
  1.7858e+01   7.6644e+00   1.2400e+00   4.4252e-01   1.0904e-01 
  2.0054e-02   2.2962e-03   2.5583e-03   1.0877e-03   7.9882e-05 
  4.1882e-05   4.4069e-05   2.1324e-01  -2.3104e-01 

########################
# 00000084
########################
RSS 679229396457.383
BP 0:
a0:   4.2772e+00   e0:  -1.3325e+02   b0:  -3.2777e+03   
P: 
  6.3648e-01   2.9374e+01   1.1199e+01  -1.2149e+01  -3.5894e-01 
 -3.1679e-01   8.2360e-01   5.5262e-02  -8.0204e-01   1.0801e-01 
  7.1104e-01   8.7239e-01   6.0775e-01  -8.3706e-01  -3.8977e-01 
 -1.9494e+00   3.0356e+01   2.4336e+01   3.4958e+01   1.6230e+01 
  1.7858e+01   7.6644e+00   1.2400e+00   4.4252e-01   1.0904e-01 
  2.0054e-02   2.2962e-03   2.5583e-03   1.0877e-03   7.9882e-05 
  4.1882e-05   4.4069e-05   3.5142e-01   2.2400e-01 

########################
# 00000085
########################
RSS 731918425084.4124
BP 0:
a0:   4.2790e+00   e0:  -1.2589e+02   b0:  -3.4056e+03   
P: 
  1.0427e+02  -7.3452e+01  -3.0812e+01   1.7453e+01   5.3754e+00 
 -1.7937e-01   7.2503e-01  -3.5688e-01  -9.8438e-01   4.2850e-01 
 -5.2183e-01   9.0695e-01   3.3493e-01  -8.8911e-01  -2.7303e-01 
 -1.9494e+00   3.0356e+01   2.4336e+01   3.4958e+01   1.6230e+01 
  1.7858e+01   7.6644e+00   1.2400e+00   4.4252e-01   1.0904e-01 
  2.0054e-02   2.2962e-03   2.5583e-03   1.0877e-03   7.9882e-05 
  4.1882e-05   4.4069e-05  -1.4271e-01   2.4400e-01 

########################
# 00000086
########################
RSS 901661937419.8123
BP 0:
a0:   4.2832e+00   e0:  -1.3961e+02   b0:  -3.8299e+03   
P: 
 -3.3501e+01  -5.2057e+01  -3.6979e+01   2.6074e+00  -4.7652e+00 
  2.8391e-01   4.2159e-01   3.9347e-02   1.6701e-02   8.7674e-01 
  6.0336e-01  -3.2668e-01  -2.5951e-01  -8.2955e-01  -1.8550e-01 
 -1.9494e+00   3.0356e+01   2.4336e+01   3.4958e+01   1.6230e+01 
  1.7858e+01   7.6644e+00   1.2400e+00   4.4252e-01   1.0904e-01 
  2.0054e-02   2.2962e-03   2.5583e-03   1.0877e-03   7.9882e-05 
  4.1882e-05   4.4069e-05  -2.8119e-01   2.0211e-01 

########################
# 00000087
########################
RSS 1082496098266.5396
BP 0:
a0:   4.2918e+00   e0:  -1.6445e+02   b0:  -4.2298e+03   
P: 
  1.6584e+01  -8.8697e+01   2.4720e+01   1.1773e+01   3.9982e+00 
  2.9423e-01  -2.0440e-01   4.3584e-02   8.4653e-01  -1.3782e-01 
  1.9976e-01   3.8220e-01  -8.5681e-01   5.3004e-01  -8.0374e-01 
 -1.9494e+00   3.0356e+01   2.4336e+01   3.4958e+01   1.6230e+01 
  1.7858e+01   7.6644e+00   1.2400e+00   4.4252e-01   1.0904e-01 
  2.0054e-02   2.2962e-03   2.5583e-03   1.0877e-03   7.9882e-05 
  4.1882e-05   4.4069e-05   4.7671e-01  -3.9388e-02 

########################
# 00000088
########################
RSS 1167096086242.9138
BP 0:
a0:   4.3131e+00   e0:  -1.7128e+02   b0:  -4.4304e+03   
P: 
  7.3732e+00  -8.3331e+01  -4.5398e+01   7.3217e+00   5.4381e+00 
 -8.2418e-02  -7.5222e-01   9.5280e-01   2.1910e-01  -2.0002e-01 
 -3.9458e-01  -2.1327e-01   1.4788e-01   3.8813e-01  -9.1135e-01 
 -1.9494e+00   3.0356e+01   2.4336e+01   3.4958e+01   1.6230e+01 
  1.7858e+01   7.6644e+00   1.2400e+00   4.4252e-01   1.0904e-01 
  2.0054e-02   2.2962e-03   2.5583e-03   1.0877e-03   7.9882e-05 
  4.1882e-05   4.4069e-05  -2.8678e-02   7.4624e-02 

########################
# 00000089
########################
RSS 1187799280827.7205
BP 0:
a0:   4.3073e+00   e0:  -1.6837e+02   b0:  -4.4669e+03   
P: 
 -8.4078e+01   4.7017e+01   1.7071e+01   1.3842e+01   3.8853e+00 
 -5.3519e-01  -1.4770e-01  -9.4342e-01  -3.8370e-01   1.7275e-02 
  1.6209e-01  -9.0576e-01   7.1155e-01  -4.2421e-02  -7.7830e-01 
 -1.9494e+00   3.0356e+01   2.4336e+01   3.4958e+01   1.6230e+01 
  1.7858e+01   7.6644e+00   1.2400e+00   4.4252e-01   1.0904e-01 
  2.0054e-02   2.2962e-03   2.5583e-03   1.0877e-03   7.9882e-05 
  4.1882e-05   4.4069e-05   5.2125e-01  -1.5401e-01 

########################
# 00000090
########################
RSS 1193545091605.0
BP 0:
a0:   4.2461e+00   e0:  -1.3615e+02   b0:  -4.3946e+03   
P: 
  1.9367e+02   5.1112e+01   2.9112e+00   5.1493e+00  -5.4411e+00 
  8.8124e-01  -6.8384e-01   3.6983e-01  -7.8250e-01  -1.9256e-01 
 -5.8023e-01  -2.2921e-01  -9.4367e-01  -5.2558e-01  -1.4723e-01 
 -1.9494e+00   3.0356e+01   2.4336e+01   3.4958e+01   1.6230e+01 
  1.7858e+01   7.6644e+00   1.2400e+00   4.4252e-01   1.0904e-01 
  2.0054e-02   2.2962e-03   2.5583e-03   1.0877e-03   7.9882e-05 
  4.1882e-05   4.4069e-05  -1.1095e+00   1.5829e-01 

########################
# 00000091
########################
RSS 1203815568053.2363
BP 0:
a0:   4.2587e+00   e0:  -1.4225e+02   b0:  -4.4206e+03   
P: 
 -1.6240e+02   8.0976e+01  -1.6900e+01  -1.2067e+01  -2.6796e+00 
 -7.6625e-01  -2.3115e-01   9.1131e-01  -4.9173e-01  -7.8584e-01 
  3.4956e-01  -3.5737e-01  -7.7176e-01  -7.8237e-01  -1.0658e-01 
 -1.9494e+00   3.0356e+01   2.4336e+01   3.4958e+01   1.6230e+01 
  1.7858e+01   7.6644e+00   1.2400e+00   4.4252e-01   1.0904e-01 
  2.0054e-02   2.2962e-03   2.5583e-03   1.0877e-03   7.9882e-05 
  4.1882e-05   4.4069e-05  -9.6151e-01   3.3687e-02 

########################
# 00000092
########################
RSS 1368707020879.7483
BP 0:
a0:   4.3089e+00   e0:  -1.7640e+02   b0:  -4.8103e+03   
P: 
 -1.9811e+02   9.5987e+01   3.9180e+01  -7.7897e+00  -7.8133e+00 
  1.5047e-02   8.5946e-01   8.2313e-01   7.8758e-01   5.9748e-01 
 -7.5473e-01  -8.8645e-01   7.2873e-01  -7.1745e-01  -5.1432e-01 
 -1.9494e+00   3.0356e+01   2.4336e+01   3.4958e+01   1.6230e+01 
  1.7858e+01   7.6644e+00   1.2400e+00   4.4252e-01   1.0904e-01 
  2.0054e-02   2.2962e-03   2.5583e-03   1.0877e-03   7.9882e-05 
  4.1882e-05   4.4069e-05  -4.1622e-01   1.9057e-01 

########################
# 00000093
########################
RSS 1469655793390.5112
BP 0:
a0:   4.2783e+00   e0:  -1.7286e+02   b0:  -4.9556e+03   
P: 
  1.7345e+02   4.2725e+01  -2.9185e+01   9.8277e+00  -1.0887e+00 
  1.3645e-01  -5.6801e-01   9.1356e-01  -2.8111e-02  -8.5437e-01 
 -9.1710e-01  -2.7445e-01  -6.2085e-01   5.9982e-01  -8.3817e-01 
 -1.9494e+00   3.0356e+01   2.4336e+01   3.4958e+01   1.6230e+01 
  1.7858e+01   7.6644e+00   1.2400e+00   4.4252e-01   1.0904e-01 
  2.0054e-02   2.2962e-03   2.5583e-03   1.0877e-03   7.9882e-05 
  4.1882e-05   4.4069e-05  -8.4851e-01  -2.2564e-01 

########################
# 00000094
########################
RSS 1570691120590.324
BP 0:
a0:   4.2711e+00   e0:  -1.8678e+02   b0:  -5.0937e+03   
P: 
  1.8381e+02   9.7830e+01   2.5987e+01  -1.4214e+01  -9.4625e-01 
  2.3416e-01   7.5479e-01   6.7923e-01  -3.5987e-01   8.1476e-01 
 -9.3780e-01   9.7726e-01  -8.1171e-01  -1.8816e-01  -6.1461e-01 
 -1.9494e+00   3.0356e+01   2.4336e+01   3.4958e+01   1.6230e+01 
  1.7858e+01   7.6644e+00   1.2400e+00   4.4252e-01   1.0904e-01 
  2.0054e-02   2.2962e-03   2.5583e-03   1.0877e-03   7.9882e-05 
  4.1882e-05   4.4069e-05  -8.6518e-01   1.1264e-01 

########################
# 00000095
########################
RSS 1803630995404.176
BP 0:
a0:   4.2508e+00   e0:  -1.9655e+02   b0:  -5.4304e+03   
P: 
 -6.3586e+01  -2.3645e+00   1.7415e+00  -9.6087e-01  -6.1257e+00 
 -6.0878e-01   7.0460e-01  -9.8691e-01   8.6446e-01  -9.9163e-01 
  7.5310e-01   8.7614e-01  -4.0807e-01  -9.2196e-01  -4.2430e-01 
 -1.9494e+00   3.0356e+01   2.4336e+01   3.4958e+01   1.6230e+01 
  1.7858e+01   7.6644e+00   1.2400e+00   4.4252e-01   1.0904e-01 
  2.0054e-02   2.2962e-03   2.5583e-03   1.0877e-03   7.9882e-05 
  4.1882e-05   4.4069e-05  -1.5729e-01  -1.2978e-01 

########################
# 00000096
########################
RSS 1806028532682.9604
BP 0:
a0:   4.2888e+00   e0:  -1.9676e+02   b0:  -5.5129e+03   
P: 
  1.7565e+02   7.7719e+01   3.3073e+01  -5.1075e+00   1.2321e+00 
 -6.6181e-01   5.2042e-01   6.1989e-01  -4.2380e-01  -7.1659e-01 
 -1.1811e-01  -4.0884e-01  -2.1022e-01  -1.1843e-01  -7.2079e-01 
 -1.9494e+00   3.0356e+01   2.4336e+01   3.4958e+01   1.6230e+01 
  1.7858e+01   7.6644e+00   1.2400e+00   4.4252e-01   1.0904e-01 
  2.0054e-02   2.2962e-03   2.5583e-03   1.0877e-03   7.9882e-05 
  4.1882e-05   4.4069e-05  -1.2317e+00  -1.3788e-01 

########################
# 00000097
########################
RSS 2458569335796.623
BP 0:
a0:   4.2736e+00   e0:  -2.3635e+02   b0:  -6.4284e+03   
P: 
  8.4116e+01   5.8231e+01   1.8346e+01  -2.9294e+00   7.4948e-01 
 -5.2371e-03   2.5517e-02  -5.5845e-01   2.1973e-01  -5.3707e-01 
 -7.2294e-01   6.9310e-01  -2.3071e-01  -2.6463e-02  -9.7853e-01 
 -1.9494e+00   3.0356e+01   2.4336e+01   3.4958e+01   1.6230e+01 
  1.7858e+01   7.6644e+00   1.2400e+00   4.4252e-01   1.0904e-01 
  2.0054e-02   2.2962e-03   2.5583e-03   1.0877e-03   7.9882e-05 
  4.1882e-05   4.4069e-05  -8.3121e-01  -9.4727e-02 

########################
# 00000098
########################
RSS 2663635384501.7065
BP 0:
a0:   4.2848e+00   e0:  -2.6093e+02   b0:  -6.6994e+03   
P: 
  3.8437e+01  -3.7684e+01  -4.6660e+01   2.4198e+00   5.5387e+00 
 -3.6410e-01   5.9561e-01  -7.1426e-01  -9.3864e-01   7.7514e-01 
  8.4760e-01   8.0386e-01  -5.6428e-02  -6.7661e-01  -8.8532e-01 
 -1.9494e+00   3.0356e+01   2.4336e+01   3.4958e+01   1.6230e+01 
  1.7858e+01   7.6644e+00   1.2400e+00   4.4252e-01   1.0904e-01 
  2.0054e-02   2.2962e-03   2.5583e-03   1.0877e-03   7.9882e-05 
  4.1882e-05   4.4069e-05  -9.0216e-01  -1.8374e-02 

########################
# 00000099
########################
RSS 3041010515074.9644
BP 0:
a0:   4.2856e+00   e0:  -2.5847e+02   b0:  -7.1746e+03   
P: 
  9.8068e+01   6.7074e+01   1.6012e+01  -1.4863e+01   7.2059e+00 
 -6.6256e-02  -3.6988e-01  -2.4478e-01   9.6184e-01  -7.7470e-01 
 -7.1555e-01   5.8285e-01  -3.5807e-01  -6.3720e-01  -7.9473e-01 
 -1.9494e+00   3.0356e+01   2.4336e+01   3.4958e+01   1.6230e+01 
  1.7858e+01   7.6644e+00   1.2400e+00   4.4252e-01   1.0904e-01 
  2.0054e-02   2.2962e-03   2.5583e-03   1.0877e-03   7.9882e-05 
  4.1882e-05   4.4069e-05  -7.8675e-01  -6.7945e-02 

########################
# 00000100
########################
RSS 3152590013934.6875
BP 0:
a0:   4.2749e+00   e0:  -2.5890e+02   b0:  -7.3258e+03   
P: 
 -3.4428e+01   9.3131e+01   2.6737e+01   7.5833e+00  -4.8429e+00 
 -7.2779e-01  -3.9534e-01  -1.4266e-02  -9.0697e-01  -4.8835e-01 
  2.3904e-01  -9.9385e-01  -1.6292e-01  -1.1354e-01  -9.5161e-01 
 -1.9494e+00   3.0356e+01   2.4336e+01   3.4958e+01   1.6230e+01 
  1.7858e+01   7.6644e+00   1.2400e+00   4.4252e-01   1.0904e-01 
  2.0054e-02   2.2962e-03   2.5583e-03   1.0877e-03   7.9882e-05 
  4.1882e-05   4.4069e-05  -2.6803e-01  -2.4373e-01 

