---START---
00000001
PARAMETERS 
30
100.709261199
13.4725196924
-143.467506795
102.50286723
-58.1689242303
66.7081717009
-41.8261536579
23.2117383004
-8.08226520902
1.34022762361
-0.00554102705924
-1.94938564301
30.3556213379
24.3362083435
34.9576034546
16.2302913666
17.857875824
7.66438293457
1.23997938633
0.442521393299
0.109044238925
0.0200536046177
0.00229621282779
0.00255827326328
0.00108765787445
7.98819164629e-05
4.18824820372e-05
4.40689618699e-05
-9.0801012661
5.46398885496
RSS 206187099510.36996
BP MaxDensity 0.03322256333700663
EFS MaxDensity 0.023410380270729822
a0 3.7024574905520904
e0 -0.8800780373101712
b0 1909.7463561036434
---END---
---START---
00000002
PARAMETERS 
30
100.709261198
13.4725196921
-143.467506807
102.502867227
-58.1689242271
66.7081716945
-41.8261536629
23.2117382973
-8.08226520888
1.34022762336
-0.00554102705816
-1.94938564301
30.3556213379
24.3362083435
34.9576034546
16.2302913666
17.857875824
7.66438293457
1.23997938633
0.442521393299
0.109044238925
0.0200536046177
0.00229621282779
0.00255827326328
0.00108765787445
7.98819164629e-05
4.18824820372e-05
4.40689618699e-05
-9.08010126558
5.4639888553
RSS 206187100784.52954
BP MaxDensity 0.03322256333700663
EFS MaxDensity 0.023410380270729822
a0 3.702457488906519
e0 -0.8800781300961429
b0 1909.7463631119085
---END---
---START---
00000003
PARAMETERS 
30
100.709261228
13.4725196866
-143.467506803
102.502867242
-58.1689242262
66.7081716654
-41.8261536386
23.2117382847
-8.08226521224
1.34022762333
-0.00554102705622
-1.94938564301
30.3556213379
24.3362083435
34.9576034546
16.2302913666
17.857875824
7.66438293457
1.23997938633
0.442521393299
0.109044238925
0.0200536046177
0.00229621282779
0.00255827326328
0.00108765787445
7.98819164629e-05
4.18824820372e-05
4.40689618699e-05
-9.08010126894
5.46398885618
RSS 206187102660.58414
BP MaxDensity 0.03322256333700663
EFS MaxDensity 0.023410380270729822
a0 3.7024574857572197
e0 -0.8800783875873899
b0 1909.7463796411496
---END---
---START---
00000004
PARAMETERS 
30
100.709261067
13.4725196557
-143.467506845
102.502867341
-58.1689242306
66.7081715654
-41.8261536378
23.2117382334
-8.08226522632
1.34022761971
-0.0055410270559
-1.94938564301
30.3556213379
24.3362083435
34.9576034546
16.2302913666
17.857875824
7.66438293457
1.23997938633
0.442521393299
0.109044238925
0.0200536046177
0.00229621282779
0.00255827326328
0.00108765787445
7.98819164629e-05
4.18824820372e-05
4.40689618699e-05
-9.08010126957
5.46398884786
RSS 206187121464.25192
BP MaxDensity 0.03322256333700663
EFS MaxDensity 0.023410380270729822
a0 3.7024574594137345
e0 -0.8800802001264754
b0 1909.7465060992922
---END---
---START---
00000005
PARAMETERS 
30
100.709261355
13.4725196193
-143.467506543
102.502866732
-58.1689247397
66.7081717005
-41.826153608
23.2117380149
-8.08226528834
1.34022762222
-0.00554102705915
-1.94938564301
30.3556213379
24.3362083435
34.9576034546
16.2302913666
17.857875824
7.66438293457
1.23997938633
0.442521393299
0.109044238925
0.0200536046177
0.00229621282779
0.00255827326328
0.00108765787445
7.98819164629e-05
4.18824820372e-05
4.40689618699e-05
-9.08010130744
5.46398883942
RSS 206187177703.76794
BP MaxDensity 0.03322256333700663
EFS MaxDensity 0.023410380270729822
a0 3.70245737708662
e0 -0.8800860547941928
b0 1909.7469387441515
---END---
---START---
00000006
PARAMETERS 
30
100.709260996
13.4725196898
-143.46750776
102.502867772
-58.1689259137
66.7081709483
-41.8261544008
23.2117379249
-8.08226538736
1.34022762567
-0.00554102697534
-1.94938564301
30.3556213379
24.3362083435
34.9576034546
16.2302913666
17.857875824
7.66438293457
1.23997938633
0.442521393299
0.109044238925
0.0200536046177
0.00229621282779
0.00255827326328
0.00108765787445
7.98819164629e-05
4.18824820372e-05
4.40689618699e-05
-9.0801014093
5.46398886345
RSS 206187313844.65875
BP MaxDensity 0.03322256333700663
EFS MaxDensity 0.023410380270729822
a0 3.7024572069236883
e0 -0.8800951472264614
b0 1909.7476320030544
---END---
---START---
00000007
PARAMETERS 
30
100.709258857
13.4725194051
-143.46750182
102.502869518
-58.1689272423
66.7081689624
-41.8261559017
23.2117363713
-8.08226575457
1.34022762096
-0.00554102723507
-1.94938564301
30.3556213379
24.3362083435
34.9576034546
16.2302913666
17.857875824
7.66438293457
1.23997938633
0.442521393299
0.109044238925
0.0200536046177
0.00229621282779
0.00255827326328
0.00108765787445
7.98819164629e-05
4.18824820372e-05
4.40689618699e-05
-9.08010107566
5.46398892194
RSS 206187911721.74286
BP MaxDensity 0.03322256333700663
EFS MaxDensity 0.023410380270729822
a0 3.7024564062600325
e0 -0.8801441878181321
b0 1909.751316881149
---END---
---START---
00000008
PARAMETERS 
30
100.70924004
13.4725208836
-143.467510526
102.502869929
-58.168927373
66.7081585123
-41.8261591638
23.2117290177
-8.08226633436
1.34022759799
-0.00554102752515
-1.94938564301
30.3556213379
24.3362083435
34.9576034546
16.2302913666
17.857875824
7.66438293457
1.23997938633
0.442521393299
0.109044238925
0.0200536046177
0.00229621282779
0.00255827326328
0.00108765787445
7.98819164629e-05
4.18824820372e-05
4.40689618699e-05
-9.08010133317
5.46398850443
RSS 206189983237.41183
BP MaxDensity 0.03322256333700663
EFS MaxDensity 0.023410380270729822
a0 3.702453616029983
e0 -0.8803104801650402
b0 1909.7639796836604
---END---
---START---
00000009
PARAMETERS 
30
100.709242825
13.4725188372
-143.467481119
102.502846108
-58.1689309577
66.7081645399
-41.8261691095
23.2117133732
-8.08226763067
1.34022711537
-0.00554102920102
-1.94938564301
30.3556213379
24.3362083435
34.9576034546
16.2302913666
17.857875824
7.66438293457
1.23997938633
0.442521393299
0.109044238925
0.0200536046177
0.00229621282779
0.00255827326328
0.00108765787445
7.98819164629e-05
4.18824820372e-05
4.40689618699e-05
-9.08010071453
5.46398749822
RSS 206194466897.33734
BP MaxDensity 0.03322256333700663
EFS MaxDensity 0.023410380270729822
a0 3.7024474426298037
e0 -0.8807092164322065
b0 1909.7943097362293
---END---
---START---
00000010
PARAMETERS 
30
100.709112683
13.4725294768
-143.467489927
102.502910675
-58.1689725254
66.7082115162
-41.826197052
23.2116636061
-8.0822865494
1.34022557804
-0.00554104222734
-1.94938564301
30.3556213379
24.3362083435
34.9576034546
16.2302913666
17.857875824
7.66438293457
1.23997938633
0.442521393299
0.109044238925
0.0200536046177
0.00229621282779
0.00255827326328
0.00108765787445
7.98819164629e-05
4.18824820372e-05
4.40689618699e-05
-9.08011753298
5.4639797592
RSS 206213322020.84235
BP MaxDensity 0.03322256333700663
EFS MaxDensity 0.023410380270729822
a0 3.70242080548627
e0 -0.8825908396322241
b0 1909.9318586301538
---END---
---START---
00000011
PARAMETERS 
30
100.709323527
13.4725309475
-143.467891683
102.503417215
-58.1689249977
66.7086629694
-41.8264448143
23.2115536749
-8.0823242143
1.34022416298
-0.00554107581569
-1.94938564301
30.3556213379
24.3362083435
34.9576034546
16.2302913666
17.857875824
7.66438293457
1.23997938633
0.442521393299
0.109044238925
0.0200536046177
0.00229621282779
0.00255827326328
0.00108765787445
7.98819164629e-05
4.18824820372e-05
4.40689618699e-05
-9.08008127237
5.46396399842
RSS 206262693242.82593
BP MaxDensity 0.03322256333700663
EFS MaxDensity 0.023410380270729822
a0 3.702353997170619
e0 -0.8870503037215223
b0 1910.282616215045
---END---
---START---
00000012
PARAMETERS 
30
100.707825744
13.4726921333
-143.466004793
102.506385525
-58.1673455093
66.7087941577
-41.8279146174
23.211210905
-8.08261490018
1.34024679874
-0.00554096178921
-1.94938564301
30.3556213379
24.3362083435
34.9576034546
16.2302913666
17.857875824
7.66438293457
1.23997938633
0.442521393299
0.109044238925
0.0200536046177
0.00229621282779
0.00255827326328
0.00108765787445
7.98819164629e-05
4.18824820372e-05
4.40689618699e-05
-9.08009747044
5.46412075848
RSS 206547251985.15817
BP MaxDensity 0.03322256333700663
EFS MaxDensity 0.023410380270729822
a0 3.701987920283695
e0 -0.9092708132805437
b0 1912.016889974249
---END---
---START---
00000013
PARAMETERS 
30
100.710699861
13.4727754067
-143.462398664
102.508967188
-58.162289888
66.7066397849
-41.8309659401
23.2084929233
-8.08242501821
1.34017916122
-0.0055406758641
-1.94938564301
30.3556213379
24.3362083435
34.9576034546
16.2302913666
17.857875824
7.66438293457
1.23997938633
0.442521393299
0.109044238925
0.0200536046177
0.00229621282779
0.00255827326328
0.00108765787445
7.98819164629e-05
4.18824820372e-05
4.40689618699e-05
-9.07956427394
5.46423255829
RSS 207340392372.95682
BP MaxDensity 0.03322256333700663
EFS MaxDensity 0.023410380270729822
a0 3.700966698261494
e0 -0.9659132659186035
b0 1916.5875442797205
---END---
---START---
00000014
PARAMETERS 
30
100.672346944
13.4751232542
-143.434211807
102.519078353
-58.1648308924
66.7154106438
-41.838035953
23.197001948
-8.08406650326
1.34025298111
-0.00553956953336
-1.94938564301
30.3556213379
24.3362083435
34.9576034546
16.2302913666
17.857875824
7.66438293457
1.23997938633
0.442521393299
0.109044238925
0.0200536046177
0.00229621282779
0.00255827326328
0.00108765787445
7.98819164629e-05
4.18824820372e-05
4.40689618699e-05
-9.07930774488
5.46456752208
RSS 210510346521.33353
BP MaxDensity 0.03322256333700663
EFS MaxDensity 0.023410380270729822
a0 3.696671301950138
e0 -1.246974386481123
b0 1938.9030867521692
---END---
---START---
00000015
PARAMETERS 
30
100.626649772
13.471616669
-143.519929569
102.561729137
-58.2235966914
66.7477547384
-41.8759500951
23.1612688561
-8.08473588826
1.33964219082
-0.00553492135837
-1.94938564301
30.3556213379
24.3362083435
34.9576034546
16.2302913666
17.857875824
7.66438293457
1.23997938633
0.442521393299
0.109044238925
0.0200536046177
0.00229621282779
0.00255827326328
0.00108765787445
7.98819164629e-05
4.18824820372e-05
4.40689618699e-05
-9.0703445356
5.46246587222
RSS 220840972011.5385
BP MaxDensity 0.03322256333700663
EFS MaxDensity 0.023410380270729822
a0 3.683615686498696
e0 -2.0865174479837383
b0 2009.880633852535
---END---
---START---
00000016
PARAMETERS 
30
100.518952945
13.4522701193
-143.873005856
102.909084635
-58.2775671501
66.6978641872
-41.8739785188
23.0655042735
-8.08921998582
1.33925906824
-0.00553897480277
-1.94938564301
30.3556213379
24.3362083435
34.9576034546
16.2302913666
17.857875824
7.66438293457
1.23997938633
0.442521393299
0.109044238925
0.0200536046177
0.00229621282779
0.00255827326328
0.00108765787445
7.98819164629e-05
4.18824820372e-05
4.40689618699e-05
-9.11206491174
5.45650324212
RSS 242124078758.3592
BP MaxDensity 0.03322256333700663
EFS MaxDensity 0.023410380270729822
a0 3.6584880301143303
e0 -4.00772067368028
b0 2180.078813342624
---END---
