RSS:  
7689.276932501463

P:  
156.025752406
35.1922123431
2.44398983503
1.24085511072
-4.5532124951
-0.774778694249
2.59090761192
1.5667690028
0.288870491137
0.476111482424
-0.255614600316
-0.120695190787
-0.148999401862
0.0816995310038
-0.00726940398623
-1.94938564301
30.3556213379
24.3362083435
34.9576034546
16.2302913666
17.857875824
7.66438293457
1.23997938633
0.442521393299
0.109044238925
0.0200536046177
0.00229621282779
0.00255827326328
0.00108765787445
7.98819164629e-05
4.18824820372e-05
4.40689618699e-05
2.6413863452e-06
1.10245503038e-06
6.35151934603e-07
3.87506304378e-07
2.28070874186e-07
1.27619927071e-07
6.8033251921e-08
3.47100943543e-08
-0.0699423274831
0.00105210716991

Known:
a0:     3.42
e0:     -4.27
B0:     221.99999999938152
EC:     365.600 141.600 141.600  0.000  0.000  0.000 
        141.600 365.600 141.600  0.000  0.000  0.000 
        141.600 141.600 365.600  0.000  0.000  0.000 
         0.000  0.000  0.000 186.000  0.000  0.000 
         0.000  0.000  0.000  0.000 186.000  0.000 
         0.000  0.000  0.000  0.000  0.000 186.000 

Calculated:
a0:     3.370438799717381
e0:     -4.439396879756836
B0:     294.68390645631047
EC:     216.336 243.558 243.558  0.000  0.000  0.000 
        243.558 216.336 243.558  0.000  0.000  0.000 
        243.558 243.558 216.336  0.000  0.000  0.000 
         0.000  0.000  0.000 263.393  0.000  0.000 
         0.000  0.000  0.000  0.000 263.393  0.000 
         0.000  0.000  0.000  0.000  0.000 263.393 



