RSS:  
1.5559238511271225

P:  
12.1885947535
4.47429051107
0.0
-0.391809366438
-0.0426245717869
0.0286350430447
-0.00493331028092
-0.000414640477507
0.424870986094
1.36296378329
-5.56772283508
4.56903740284

Known:
a0:     3.89
e0:     -3.91
B0:     179.99999999949853
EC:     234.000 176.000 176.000  0.000  0.000  0.000 
        176.000 234.000 176.000  0.000  0.000  0.000 
        176.000 176.000 234.000  0.000  0.000  0.000 
         0.000  0.000  0.000 71.200  0.000  0.000 
         0.000  0.000  0.000  0.000 71.200  0.000 
         0.000  0.000  0.000  0.000  0.000 71.200 

Calculated:
a0:     3.8757258412155666
e0:     -3.912591743003858
B0:     189.15726805158545
EC:     233.188 177.286 177.286  0.000  0.000  0.000 
        177.286 233.188 177.286  0.000  0.000  0.000 
        177.286 177.286 233.188  0.000  0.000  0.000 
         0.000  0.000  0.000 61.978  0.000  0.000 
         0.000  0.000  0.000  0.000 61.978  0.000 
         0.000  0.000  0.000  0.000  0.000 61.978 



