---START---
00000001
PARAMETERS 
44
0.063326382006
0.417918730396
-0.182816700304
0.513318460243
-0.481742697616
0.634824228034
1.29190290383
0.00595081326836
-0.636740705111
0.00524575701832
0.227583437019
0.291442992288
0.124897137088
0.00394246187065
-1.87239660973e-05
0.000399122519256
-3.37807273865
30.9545097351
24.3578262329
34.9465332031
16.3700447083
17.5453052521
13.2855138779
6.14929246902
2.82058477402
1.31389892101
0.624320983887
0.298337101936
0.146621033549
0.0729197561741
0.035397335887
0.0165679454803
0.00780372228473
0.00380727602169
0.001955231186
0.00104795990046
0.000571479147766
0.000308416812913
0.00016136818158
8.09792909422e-05
6.89509324729e-05
5.56674634012
-1.18209889224
0.0181646658266
RSS 18746273.409397747
BP MaxDensity 6.49018516040629
EFS MaxDensity 7.11559424767243
a0 3.245456876900549
e0 -20.39748503894336
b0 19669.020402773494
---END---
---START---
00000002
PARAMETERS 
44
0.0633264152336
0.417918985407
-0.182816814396
0.513319311479
-0.4817430906
0.63482454881
1.29190260127
0.00595081238752
-0.636741541488
0.00524575593111
0.227583853593
0.291443409891
0.124897084842
0.00394246222221
-1.87239764566e-05
0.000399122253152
-3.37807273865
30.9545097351
24.3578262329
34.9465332031
16.3700447083
17.5453052521
13.2855138779
6.14929246902
2.82058477402
1.31389892101
0.624320983887
0.298337101936
0.146621033549
0.0729197561741
0.035397335887
0.0165679454803
0.00780372228473
0.00380727602169
0.001955231186
0.00104795990046
0.000571479147766
0.000308416812913
0.00016136818158
8.09792909422e-05
6.89509324729e-05
5.56674663852
-1.1820983545
0.0181646661096
RSS 18746325.658475947
BP MaxDensity 6.49018516040629
EFS MaxDensity 7.11559424767243
a0 3.2454572585164287
e0 -20.397435956658114
b0 19669.027142556195
---END---
---START---
00000003
PARAMETERS 
44
0.0633265967291
0.417917374705
-0.182817424628
0.513320644835
-0.4817503411
0.634826567507
1.29190043651
0.00595080587512
-0.636737022624
0.0052457272539
0.227584651847
0.291444588993
0.124897565798
0.00394244935831
-1.87240161807e-05
0.00039912001565
-3.37807273865
30.9545097351
24.3578262329
34.9465332031
16.3700447083
17.5453052521
13.2855138779
6.14929246902
2.82058477402
1.31389892101
0.624320983887
0.298337101936
0.146621033549
0.0729197561741
0.035397335887
0.0165679454803
0.00780372228473
0.00380727602169
0.001955231186
0.00104795990046
0.000571479147766
0.000308416812913
0.00016136818158
8.09792909422e-05
6.89509324729e-05
5.56676921315
-1.1820955822
0.0181647084918
RSS 18746500.41965782
BP MaxDensity 6.49018516040629
EFS MaxDensity 7.11559424767243
a0 3.2454587327483826
e0 -20.396974304192625
b0 19669.049915411317
---END---
---START---
00000004
PARAMETERS 
44
0.0633281369301
0.417916823547
-0.182815544662
0.513333347899
-0.481752930421
0.634834100951
1.29188932764
0.00595079368427
-0.636750076074
0.00524569579268
0.227585936229
0.291444012945
0.124897523433
0.00394241402725
-1.87243274358e-05
0.00039911924464
-3.37807273865
30.9545097351
24.3578262329
34.9465332031
16.3700447083
17.5453052521
13.2855138779
6.14929246902
2.82058477402
1.31389892101
0.624320983887
0.298337101936
0.146621033549
0.0729197561741
0.035397335887
0.0165679454803
0.00780372228473
0.00380727602169
0.001955231186
0.00104795990046
0.000571479147766
0.000308416812913
0.00016136818158
8.09792909422e-05
6.89509324729e-05
5.56680870492
-1.18209571704
0.0181649222126
RSS 18747254.12473724
BP MaxDensity 6.49018516040629
EFS MaxDensity 7.11559424767243
a0 3.245467603895526
e0 -20.395315935385767
b0 19668.750455780955
---END---
---START---
00000005
PARAMETERS 
44
0.0633335864411
0.417882977015
-0.182809620549
0.513387049055
-0.481820314229
0.634878840767
1.29191294819
0.00595090973051
-0.636869101288
0.00524533827259
0.227572500179
0.291419910169
0.12489665416
0.00394237665021
-1.87244294086e-05
0.000399139635633
-3.37807273865
30.9545097351
24.3578262329
34.9465332031
16.3700447083
17.5453052521
13.2855138779
6.14929246902
2.82058477402
1.31389892101
0.624320983887
0.298337101936
0.146621033549
0.0729197561741
0.035397335887
0.0165679454803
0.00780372228473
0.00380727602169
0.001955231186
0.00104795990046
0.000571479147766
0.000308416812913
0.00016136818158
8.09792909422e-05
6.89509324729e-05
5.56680569857
-1.18206757053
0.0181657649778
RSS 18751197.11798944
BP MaxDensity 6.49018516040629
EFS MaxDensity 7.11559424767243
a0 3.2455018554271975
e0 -20.38714563725268
b0 19666.947614075958
---END---
---START---
00000006
PARAMETERS 
44
0.0633321919366
0.417865219253
-0.182815694735
0.513611899986
-0.481955086914
0.635060873047
1.29238402944
0.00595110140806
-0.637146570954
0.0052458664594
0.227612442718
0.291468769148
0.124873525102
0.00394200936825
-1.87190414963e-05
0.000398986715624
-3.37807273865
30.9545097351
24.3578262329
34.9465332031
16.3700447083
17.5453052521
13.2855138779
6.14929246902
2.82058477402
1.31389892101
0.624320983887
0.298337101936
0.146621033549
0.0729197561741
0.035397335887
0.0165679454803
0.00780372228473
0.00380727602169
0.001955231186
0.00104795990046
0.000571479147766
0.000308416812913
0.00016136818158
8.09792909422e-05
6.89509324729e-05
5.5668620718
-1.18186434839
0.018169326925
RSS 18765114.54263048
BP MaxDensity 6.49018516040629
EFS MaxDensity 7.11559424767243
a0 3.2455555460587817
e0 -20.36670184574134
b0 19668.631356244256
---END---
---START---
00000007
PARAMETERS 
44
0.0632933210568
0.417496973443
-0.182677724933
0.514576469036
-0.483310738287
0.635639564715
1.29071096161
0.00595054795348
-0.638256995483
0.00524890648589
0.22773188219
0.291357381845
0.124924332812
0.00394029796727
-1.86999962999e-05
0.000398982839848
-3.37807273865
30.9545097351
24.3578262329
34.9465332031
16.3700447083
17.5453052521
13.2855138779
6.14929246902
2.82058477402
1.31389892101
0.624320983887
0.298337101936
0.146621033549
0.0729197561741
0.035397335887
0.0165679454803
0.00780372228473
0.00380727602169
0.001955231186
0.00104795990046
0.000571479147766
0.000308416812913
0.00016136818158
8.09792909422e-05
6.89509324729e-05
5.56946187385
-1.18081250861
0.0181887877089
RSS 18845730.1482354
BP MaxDensity 6.49018516040629
EFS MaxDensity 7.11559424767243
a0 3.2466071063522453
e0 -20.13137083069912
b0 19619.415601193035
---END---
---START---
00000008
PARAMETERS 
44
0.0634071730001
0.417024555057
-0.182464364988
0.520579548256
-0.48554698615
0.634582703218
1.29714215774
0.00596617242377
-0.637650875467
0.00525639979324
0.22831533382
0.292650765031
0.125460135062
0.00394618478758
-1.87409522079e-05
0.000398437370248
-3.37807273865
30.9545097351
24.3578262329
34.9465332031
16.3700447083
17.5453052521
13.2855138779
6.14929246902
2.82058477402
1.31389892101
0.624320983887
0.298337101936
0.146621033549
0.0729197561741
0.035397335887
0.0165679454803
0.00780372228473
0.00380727602169
0.001955231186
0.00104795990046
0.000571479147766
0.000308416812913
0.00016136818158
8.09792909422e-05
6.89509324729e-05
5.56762805962
-1.17842962754
0.0182276088227
RSS 19015990.590608265
BP MaxDensity 6.49018516040629
EFS MaxDensity 7.11559424767243
a0 3.2462297859715203
e0 -20.0916772566045
b0 19741.676748204
---END---
---START---
00000009
PARAMETERS 
44
0.0633251694619
0.412259948585
-0.185178234642
0.525228353208
-0.495956223014
0.630208170399
1.32726056418
0.00604158736075
-0.659669378803
0.00531863115043
0.228431280588
0.293483536394
0.126496029803
0.00396470585114
-1.87366345985e-05
0.000399806454871
-3.37807273865
30.9545097351
24.3578262329
34.9465332031
16.3700447083
17.5453052521
13.2855138779
6.14929246902
2.82058477402
1.31389892101
0.624320983887
0.298337101936
0.146621033549
0.0729197561741
0.035397335887
0.0165679454803
0.00780372228473
0.00380727602169
0.001955231186
0.00104795990046
0.000571479147766
0.000308416812913
0.00016136818158
8.09792909422e-05
6.89509324729e-05
5.60356915628
-1.18062922578
0.0182927963538
RSS 19631989.350747645
BP MaxDensity 6.49018516040629
EFS MaxDensity 7.11559424767243
a0 3.243655773529061
e0 -20.495386152957412
b0 20020.148937575716
---END---
---START---
00000010
PARAMETERS 
44
0.064822737443
0.428113926168
-0.187127858082
0.561118953154
-0.506084027559
0.634833843096
1.34237632636
0.00610905648655
-0.675159855098
0.00504127593511
0.239720035365
0.307177616589
0.126908714825
0.00382191975813
-1.8827715255e-05
0.000376267449221
-3.37807273865
30.9545097351
24.3578262329
34.9465332031
16.3700447083
17.5453052521
13.2855138779
6.14929246902
2.82058477402
1.31389892101
0.624320983887
0.298337101936
0.146621033549
0.0729197561741
0.035397335887
0.0165679454803
0.00780372228473
0.00380727602169
0.001955231186
0.00104795990046
0.000571479147766
0.000308416812913
0.00016136818158
8.09792909422e-05
6.89509324729e-05
5.5602453403
-1.18682240691
0.0186169238098
RSS 21334372.07494093
BP MaxDensity 6.49018516040629
EFS MaxDensity 7.11559424767243
a0 3.249774064331933
e0 -20.537128851901
b0 20813.403743163617
---END---
---START---
00000011
PARAMETERS 
44
0.0691192
0.460168
-0.177524
0.628442
-0.546039
0.609501
1.4293
0.00603478
-0.744237
0.00546624
0.246223
0.316445
0.129311
0.00382986
-1.93512e-05
0.000401407
-3.37807
30.9545
24.3578
34.9465
16.37
17.5453
13.2855
6.14929
2.82058
1.3139
0.624321
0.298337
0.146621
0.0729198
0.0353973
0.0165679
0.00780372
0.00380728
0.00195523
0.00104796
0.000571479
0.000308417
0.000161368
8.09793e-05
6.89509e-05
5.82335
-1.218
0.0190199
RSS 23134848.432274073
BP MaxDensity 6.49018516040629
EFS MaxDensity 7.11559424767243
a0 3.238506377572645
e0 -23.604808158346273
b0 21879.66031399048
---END---
---START---
00000012
PARAMETERS 
44
-0.188991915563
-3.1870614723
-0.614346164914
-0.632658038864
-5.33342315087
-0.30684398633
-3.10107077739
0.0181547081984
-3.93937165873
0.00885747539562
2.46310275694
2.49267852478
-0.403243552519
0.0251988854317
0.000100443541041
-0.0010424306993
-3.37807273865
30.9545097351
24.3578262329
34.9465332031
16.3700447083
17.5453052521
13.2855138779
6.14929246902
2.82058477402
1.31389892101
0.624320983887
0.298337101936
0.146621033549
0.0729197561741
0.035397335887
0.0165679454803
0.00780372228473
0.00380727602169
0.001955231186
0.00104795990046
0.000571479147766
0.000308416812913
0.00016136818158
8.09792909422e-05
6.89509324729e-05
-21.8110907
1.58057490741
-0.0222787700708
RSS 4435048405.197271
BP MaxDensity 6.49018516040629
EFS MaxDensity 7.11559424767243
a0 3.5156491380318577
e0 -30.1023566997119
b0 97751.81637847118
---END---
---START---
00000013
PARAMETERS 
44
-0.552686905075
2.47273067747
-1.03440528249
0.986073469279
-5.67558672358
1.97146752542
2.37257103478
0.0362361284056
-2.80671438595
-0.00957605200198
-0.15096237277
0.117034014777
0.841637033401
-0.0267390331628
-9.28414783936e-05
0.00301352398517
-3.37807273865
30.9545097351
24.3578262329
34.9465332031
16.3700447083
17.5453052521
13.2855138779
6.14929246902
2.82058477402
1.31389892101
0.624320983887
0.298337101936
0.146621033549
0.0729197561741
0.035397335887
0.0165679454803
0.00780372228473
0.00380727602169
0.001955231186
0.00104795990046
0.000571479147766
0.000308416812913
0.00016136818158
8.09792909422e-05
6.89509324729e-05
18.6904546189
-2.61372131658
0.031153356377
RSS 5401622259.958143
BP MaxDensity 6.49018516040629
EFS MaxDensity 7.11559424767243
a0 3.3664404353072257
e0 -105.59760112128608
b0 113667.5097176836
---END---
---START---
00000014
PARAMETERS 
44
0.144687048334
4.37444499868
-0.528665003449
-3.80248400675
-3.24751812656
2.89717227477
2.46120399275
0.0320129991757
-3.64241465956
0.0204970012536
0.250773429671
0.329546820465
-0.118233679119
0.0251231377745
-0.000121776902219
-0.000288452059611
-3.37807273865
30.9545097351
24.3578262329
34.9465332031
16.3700447083
17.5453052521
13.2855138779
6.14929246902
2.82058477402
1.31389892101
0.624320983887
0.298337101936
0.146621033549
0.0729197561741
0.035397335887
0.0165679454803
0.00780372228473
0.00380727602169
0.001955231186
0.00104795990046
0.000571479147766
0.000308416812913
0.00016136818158
8.09792909422e-05
6.89509324729e-05
20.535076185
-1.83945644991
0.0508034959444
RSS 8357921866.966767
BP MaxDensity 6.49018516040629
EFS MaxDensity 7.11559424767243
a0 3.4640198960656745
e0 -44.29492095352257
b0 138405.23653293218
---END---
---START---
00000015
PARAMETERS 
44
0.147378086507
-4.00797632371
-1.9122982243
5.159267379
-3.00465375191
4.9623694612
-9.21303839711
0.0653108917125
1.46960593147
0.0173591228371
2.48365083291
2.64715930262
-1.1162622544
-0.0286001656806
-0.00020085698954
0.00352310237807
-3.37807273865
30.9545097351
24.3578262329
34.9465332031
16.3700447083
17.5453052521
13.2855138779
6.14929246902
2.82058477402
1.31389892101
0.624320983887
0.298337101936
0.146621033549
0.0729197561741
0.035397335887
0.0165679454803
0.00780372228473
0.00380727602169
0.001955231186
0.00104795990046
0.000571479147766
0.000308416812913
0.00016136818158
8.09792909422e-05
6.89509324729e-05
3.51741389095
1.70637230291
-0.0174940827209
RSS 8490873027.07578
BP MaxDensity 6.49018516040629
EFS MaxDensity 7.11559424767243
a0 3.5754141805438744
e0 9.776166992887923
b0 134053.0999790287
---END---
---START---
00000016
PARAMETERS 
44
-0.309626651348
-2.94906027618
0.402827522921
1.49924950373
-5.0926841979
-1.27421245106
-1.74794369745
-0.00576017009621
-1.03572637345
-0.0168868650423
-2.07625065757
-1.89026860118
0.316107881484
0.0248806139439
-5.62152569693e-06
-0.0023869491734
-3.37807273865
30.9545097351
24.3578262329
34.9465332031
16.3700447083
17.5453052521
13.2855138779
6.14929246902
2.82058477402
1.31389892101
0.624320983887
0.298337101936
0.146621033549
0.0729197561741
0.035397335887
0.0165679454803
0.00780372228473
0.00380727602169
0.001955231186
0.00104795990046
0.000571479147766
0.000308416812913
0.00016136818158
8.09792909422e-05
6.89509324729e-05
-9.27634481271
-1.87271581612
-0.0315672820426
RSS 9978884892.549625
BP MaxDensity 6.49018516040629
EFS MaxDensity 7.11559424767243
a0 3.3357897191531243
e0 -165.3689252938712
b0 98026.69847180016
---END---
---START---
00000017
PARAMETERS 
44
-0.0558967402912
1.37253282527
-1.36625400378
0.563103833698
-4.75543531995
-4.87074048458
-6.27220543656
0.0251893176286
3.41117802329
-0.0169221326322
-0.417490166676
-0.452808587126
0.412203981582
-0.0133142284189
-0.000113142579457
0.00205884595273
-3.37807273865
30.9545097351
24.3578262329
34.9465332031
16.3700447083
17.5453052521
13.2855138779
6.14929246902
2.82058477402
1.31389892101
0.624320983887
0.298337101936
0.146621033549
0.0729197561741
0.035397335887
0.0165679454803
0.00780372228473
0.00380727602169
0.001955231186
0.00104795990046
0.000571479147766
0.000308416812913
0.00016136818158
8.09792909422e-05
6.89509324729e-05
27.8356271496
0.741375508646
0.105893402006
RSS 10630540429.76698
BP MaxDensity 6.49018516040629
EFS MaxDensity 7.11559424767243
a0 3.6173191414664294
e0 10.344680094287986
b0 121191.84911125689
---END---
---START---
00000018
PARAMETERS 
44
-0.563945060423
0.562443723863
-0.116293167788
4.29566610343
-1.36208125295
0.664205236279
4.07289824671
-0.0353521630295
1.02712668527
0.0031748881939
1.91718794242
2.35490632467
-0.239938948507
0.00586353266754
5.7083957703e-05
-0.00127532684325
-3.37807273865
30.9545097351
24.3578262329
34.9465332031
16.3700447083
17.5453052521
13.2855138779
6.14929246902
2.82058477402
1.31389892101
0.624320983887
0.298337101936
0.146621033549
0.0729197561741
0.035397335887
0.0165679454803
0.00780372228473
0.00380727602169
0.001955231186
0.00104795990046
0.000571479147766
0.000308416812913
0.00016136818158
8.09792909422e-05
6.89509324729e-05
23.2199914657
-6.6042315177
0.109323658193
RSS 11051984723.560345
BP MaxDensity 6.49018516040629
EFS MaxDensity 7.11559424767243
a0 -2.7333717166665275
e0 -356.55976336291656
b0 -40952.78233675837
---END---
---START---
00000019
PARAMETERS 
44
1.05333666729
8.15669975137
-0.425104542832
4.42164805358
-3.67785671966
9.10325696823
-2.37225028797
0.0196348354483
0.0304602954529
0.00728666394046
-2.52273042222
-2.48670877788
-1.47405782364
0.0274173908917
0.000243023195027
-0.00526412057238
-3.37807273865
30.9545097351
24.3578262329
34.9465332031
16.3700447083
17.5453052521
13.2855138779
6.14929246902
2.82058477402
1.31389892101
0.624320983887
0.298337101936
0.146621033549
0.0729197561741
0.035397335887
0.0165679454803
0.00780372228473
0.00380727602169
0.001955231186
0.00104795990046
0.000571479147766
0.000308416812913
0.00016136818158
8.09792909422e-05
6.89509324729e-05
-6.82025078179
6.07492384328
-0.161873644199
RSS 11787047283.153637
BP MaxDensity 6.49018516040629
EFS MaxDensity 7.11559424767243
a0 3.3604593988967513
e0 -181.9206507544909
b0 40195.59652424098
---END---
---START---
00000020
PARAMETERS 
44
-0.423721320202
1.78852880626
0.515925920731
3.10840991785
-0.420383023563
-5.02332502992
-1.6609643444
0.0171942782985
-7.1631243717
-0.0487388591788
1.87825576507
1.8661211863
0.383081922543
-0.00576402753242
-0.000204180677011
7.28180272447e-05
-3.37807273865
30.9545097351
24.3578262329
34.9465332031
16.3700447083
17.5453052521
13.2855138779
6.14929246902
2.82058477402
1.31389892101
0.624320983887
0.298337101936
0.146621033549
0.0729197561741
0.035397335887
0.0165679454803
0.00780372228473
0.00380727602169
0.001955231186
0.00104795990046
0.000571479147766
0.000308416812913
0.00016136818158
8.09792909422e-05
6.89509324729e-05
32.1076258589
2.13016817715
-0.020861556266
RSS 13127318632.223011
BP MaxDensity 6.49018516040629
EFS MaxDensity 7.11559424767243
a0 3.463524803854093
e0 -40.225239950954766
b0 158641.82728925018
---END---
---START---
00000021
PARAMETERS 
44
-0.237016701159
-1.70324850426
1.36077860452
4.60831342855
-2.483379089
6.65362695188
-1.11555488995
-0.0125514959796
-8.11718038171
0.0225662917957
-0.259546932245
-0.773919534034
-0.785071323158
-0.0124493754678
9.91976011075e-05
-0.000526910360897
-3.37807273865
30.9545097351
24.3578262329
34.9465332031
16.3700447083
17.5453052521
13.2855138779
6.14929246902
2.82058477402
1.31389892101
0.624320983887
0.298337101936
0.146621033549
0.0729197561741
0.035397335887
0.0165679454803
0.00780372228473
0.00380727602169
0.001955231186
0.00104795990046
0.000571479147766
0.000308416812913
0.00016136818158
8.09792909422e-05
6.89509324729e-05
30.126528143
0.102259966607
-0.0329038925835
RSS 14237876214.93442
BP MaxDensity 6.49018516040629
EFS MaxDensity 7.11559424767243
a0 3.6313298339524747
e0 -91.11771327915302
b0 147845.72992344346
---END---
---START---
00000022
PARAMETERS 
44
0.41015913901
1.59623130025
0.0518602913931
-0.913735345581
0.651014752708
3.10834686033
5.41024259925
0.0623615780912
-6.81081735777
-0.0347892561811
-2.18651928185
-2.46065328838
0.88491349207
-0.0126881139837
9.45048235879e-05
0.00337467119544
-3.37807273865
30.9545097351
24.3578262329
34.9465332031
16.3700447083
17.5453052521
13.2855138779
6.14929246902
2.82058477402
1.31389892101
0.624320983887
0.298337101936
0.146621033549
0.0729197561741
0.035397335887
0.0165679454803
0.00780372228473
0.00380727602169
0.001955231186
0.00104795990046
0.000571479147766
0.000308416812913
0.00016136818158
8.09792909422e-05
6.89509324729e-05
15.4883847478
-6.46718756788
0.0663674729971
RSS 14307702689.73513
BP MaxDensity 6.49018516040629
EFS MaxDensity 7.11559424767243
a0 3.4599869681316804
e0 -156.64941763007354
b0 97854.65886083289
---END---
---START---
00000023
PARAMETERS 
44
-0.0369383879268
4.61821540662
-0.308534589325
4.88812986623
2.08932780639
5.9318999648
4.31379223614
0.0192378145507
-4.5054104046
0.0550347412481
1.51466124721
1.82416394091
-0.959621589396
0.0188894400206
-9.13172101587e-05
0.00402987218737
-3.37807273865
30.9545097351
24.3578262329
34.9465332031
16.3700447083
17.5453052521
13.2855138779
6.14929246902
2.82058477402
1.31389892101
0.624320983887
0.298337101936
0.146621033549
0.0729197561741
0.035397335887
0.0165679454803
0.00780372228473
0.00380727602169
0.001955231186
0.00104795990046
0.000571479147766
0.000308416812913
0.00016136818158
8.09792909422e-05
6.89509324729e-05
-18.9420875855
-2.76788139994
0.103076172322
RSS 15698516638.764042
BP MaxDensity 6.49018516040629
EFS MaxDensity 7.11559424767243
a0 3.4417255834799905
e0 -102.1493436334148
b0 211289.10690821658
---END---
---START---
00000024
PARAMETERS 
44
-0.00861325300859
3.42671241271
-1.34745455643
-1.78436593203
-1.47071903914
-1.27660998973
7.67187240083
0.0535955991332
-7.29237744822
-0.0190429001508
0.98695828439
1.38927620292
-0.71324762315
-0.0100936981855
-0.000199957740254
-0.00246463048059
-3.37807273865
30.9545097351
24.3578262329
34.9465332031
16.3700447083
17.5453052521
13.2855138779
6.14929246902
2.82058477402
1.31389892101
0.624320983887
0.298337101936
0.146621033549
0.0729197561741
0.035397335887
0.0165679454803
0.00780372228473
0.00380727602169
0.001955231186
0.00104795990046
0.000571479147766
0.000308416812913
0.00016136818158
8.09792909422e-05
6.89509324729e-05
12.1862412649
0.842210389213
0.0597800043045
RSS 15818592917.932257
BP MaxDensity 6.49018516040629
EFS MaxDensity 7.11559424767243
a0 3.382802178296666
e0 -0.6690233964663637
b0 224270.82101542398
---END---
---START---
00000025
PARAMETERS 
44
0.628343864176
0.358748013899
1.12202134072
1.60379902096
-4.39462203273
5.58949605707
-8.31007460437
0.0396041932877
-0.0602499441621
0.0470833398972
-2.01522045605
-2.63702448188
0.896453084455
0.00827475199516
-0.000112287104198
0.00244020744193
-3.37807273865
30.9545097351
24.3578262329
34.9465332031
16.3700447083
17.5453052521
13.2855138779
6.14929246902
2.82058477402
1.31389892101
0.624320983887
0.298337101936
0.146621033549
0.0729197561741
0.035397335887
0.0165679454803
0.00780372228473
0.00380727602169
0.001955231186
0.00104795990046
0.000571479147766
0.000308416812913
0.00016136818158
8.09792909422e-05
6.89509324729e-05
9.11191361294
-0.897691308667
0.0125360744767
RSS 19149745723.875423
BP MaxDensity 6.49018516040629
EFS MaxDensity 7.11559424767243
a0 3.6902157157432316
e0 -301.4361015982931
b0 203583.53959907586
---END---
---START---
00000026
PARAMETERS 
44
0.360024590567
2.85634974281
-1.93885677695
3.36568222832
1.55986177414
-1.95714856689
-4.15270985187
-0.00582382012967
1.28072528215
0.0270827540494
0.543551598491
1.08962833737
-0.469205722754
0.0413227554355
-0.000160479643335
-0.00349761412461
-3.37807273865
30.9545097351
24.3578262329
34.9465332031
16.3700447083
17.5453052521
13.2855138779
6.14929246902
2.82058477402
1.31389892101
0.624320983887
0.298337101936
0.146621033549
0.0729197561741
0.035397335887
0.0165679454803
0.00780372228473
0.00380727602169
0.001955231186
0.00104795990046
0.000571479147766
0.000308416812913
0.00016136818158
8.09792909422e-05
6.89509324729e-05
17.2762309483
4.62153677496
-0.0250850197543
RSS 19838479055.251984
BP MaxDensity 6.49018516040629
EFS MaxDensity 7.11559424767243
a0 3.4249882038091832
e0 12.288100496367772
b0 244544.37436076105
---END---
---START---
00000027
PARAMETERS 
44
-0.121762274103
-1.32601424037
-1.12385226523
-1.29984619597
-5.8968619149
-3.63983486958
-4.2741265661
-0.030910338298
-0.39234176765
0.00841617996657
-0.451870819999
-0.0592552776482
0.425565451305
-0.0253738905292
-1.80776003587e-05
0.00181385724507
-3.37807273865
30.9545097351
24.3578262329
34.9465332031
16.3700447083
17.5453052521
13.2855138779
6.14929246902
2.82058477402
1.31389892101
0.624320983887
0.298337101936
0.146621033549
0.0729197561741
0.035397335887
0.0165679454803
0.00780372228473
0.00380727602169
0.001955231186
0.00104795990046
0.000571479147766
0.000308416812913
0.00016136818158
8.09792909422e-05
6.89509324729e-05
26.6194273862
1.88177264517
-0.000380796690406
RSS 21245164777.319496
BP MaxDensity 6.49018516040629
EFS MaxDensity 7.11559424767243
a0 3.4493407472614126
e0 45.679034788268105
b0 224428.70794904462
---END---
---START---
00000028
PARAMETERS 
44
-0.212947921879
1.56663840916
1.21937297595
-2.81363170213
2.93938460222
2.77165170073
-6.20753350553
0.0379018922811
3.01038893768
-0.0333847484421
0.438720200378
0.890589335877
-0.26451115486
-0.0153533727257
-8.80162255784e-05
0.00321041081798
-3.37807273865
30.9545097351
24.3578262329
34.9465332031
16.3700447083
17.5453052521
13.2855138779
6.14929246902
2.82058477402
1.31389892101
0.624320983887
0.298337101936
0.146621033549
0.0729197561741
0.035397335887
0.0165679454803
0.00780372228473
0.00380727602169
0.001955231186
0.00104795990046
0.000571479147766
0.000308416812913
0.00016136818158
8.09792909422e-05
6.89509324729e-05
23.3824390695
-4.97043759183
-0.00331403017731
RSS 25452575760.54855
BP MaxDensity 6.49018516040629
EFS MaxDensity 7.11559424767243
a0 3.409808763075797
e0 -176.7732981409171
b0 220231.38122911565
---END---
---START---
00000029
PARAMETERS 
44
-0.529088114971
-3.17610552524
-1.48522599855
-1.34343571153
-5.5443054733
-3.17545804374
-8.51877476724
-0.018187458773
-2.47836647756
0.056924804119
0.391791440359
-0.0121872934779
-0.852104616907
-0.00307020803555
-0.000130159003941
-0.00296914989737
-3.37807273865
30.9545097351
24.3578262329
34.9465332031
16.3700447083
17.5453052521
13.2855138779
6.14929246902
2.82058477402
1.31389892101
0.624320983887
0.298337101936
0.146621033549
0.0729197561741
0.035397335887
0.0165679454803
0.00780372228473
0.00380727602169
0.001955231186
0.00104795990046
0.000571479147766
0.000308416812913
0.00016136818158
8.09792909422e-05
6.89509324729e-05
2.8600572738
-6.79461118359
-0.00109146175371
RSS 30687018481.644928
BP MaxDensity 6.49018516040629
EFS MaxDensity 7.11559424767243
a0 3.5368091424711037
e0 -328.2249330298902
b0 83834.66113761709
---END---
---START---
00000030
PARAMETERS 
44
-0.565150994321
2.23479206715
-0.170102474932
-0.767749014578
-5.21668191839
3.94447566915
-6.04534402192
-0.0476180330815
-2.03075689284
-0.0363539624637
-0.0880956048137
-0.258295323002
0.615440943096
0.0414880612438
8.41385594867e-05
-0.000731137684377
-3.37807273865
30.9545097351
24.3578262329
34.9465332031
16.3700447083
17.5453052521
13.2855138779
6.14929246902
2.82058477402
1.31389892101
0.624320983887
0.298337101936
0.146621033549
0.0729197561741
0.035397335887
0.0165679454803
0.00780372228473
0.00380727602169
0.001955231186
0.00104795990046
0.000571479147766
0.000308416812913
0.00016136818158
8.09792909422e-05
6.89509324729e-05
19.9828277778
-5.51872653921
-0.0635398421776
RSS 31536684774.412205
BP MaxDensity 6.49018516040629
EFS MaxDensity 7.11559424767243
a0 3.424089569854615
e0 -333.9880949309783
b0 52050.86876425861
---END---
---START---
00000031
PARAMETERS 
44
0.414421422359
-2.81277224167
-0.989302425628
-1.67106595318
-0.0415880118154
1.24819200972
-4.12786790238
0.044478821435
0.876525221675
0.02592721459
-0.940457202447
-0.422354748098
-1.12736383117
0.0168581606307
0.000152334962935
-0.00143346403401
-3.37807273865
30.9545097351
24.3578262329
34.9465332031
16.3700447083
17.5453052521
13.2855138779
6.14929246902
2.82058477402
1.31389892101
0.624320983887
0.298337101936
0.146621033549
0.0729197561741
0.035397335887
0.0165679454803
0.00780372228473
0.00380727602169
0.001955231186
0.00104795990046
0.000571479147766
0.000308416812913
0.00016136818158
8.09792909422e-05
6.89509324729e-05
27.897799365
-5.25971958176
-0.00125102552317
RSS 31889656108.998898
BP MaxDensity 6.49018516040629
EFS MaxDensity 7.11559424767243
a0 3.3891392331164467
e0 -148.56842895826736
b0 283061.17091541766
---END---
---START---
00000032
PARAMETERS 
44
-0.317480945955
0.43330689678
0.568828951041
-4.78177649294
4.74481092787
2.17840545762
-6.06922660472
-0.00346550161938
3.43126374406
-0.0022967991977
2.68453566155
3.32280460134
-1.05179216083
0.0323849730724
-0.000117681942346
0.00195315488212
-3.37807273865
30.9545097351
24.3578262329
34.9465332031
16.3700447083
17.5453052521
13.2855138779
6.14929246902
2.82058477402
1.31389892101
0.624320983887
0.298337101936
0.146621033549
0.0729197561741
0.035397335887
0.0165679454803
0.00780372228473
0.00380727602169
0.001955231186
0.00104795990046
0.000571479147766
0.000308416812913
0.00016136818158
8.09792909422e-05
6.89509324729e-05
13.1020472998
-5.26565974869
0.0922706746449
RSS 32658532995.793846
BP MaxDensity 6.49018516040629
EFS MaxDensity 7.11559424767243
a0 3.448061676805111
e0 -53.15352257101103
b0 320980.06621921516
---END---
---START---
00000033
PARAMETERS 
44
-0.28239474272
4.99325597862
-1.57160838847
1.96334375628
-4.80709838446
4.61233515553
-9.69709861101
-0.0143270723976
6.67921106401
0.050777244025
1.90733604541
2.7841694397
-0.86746549262
0.0354443624286
0.000148984043736
0.00339584234988
-3.37807273865
30.9545097351
24.3578262329
34.9465332031
16.3700447083
17.5453052521
13.2855138779
6.14929246902
2.82058477402
1.31389892101
0.624320983887
0.298337101936
0.146621033549
0.0729197561741
0.035397335887
0.0165679454803
0.00780372228473
0.00380727602169
0.001955231186
0.00104795990046
0.000571479147766
0.000308416812913
0.00016136818158
8.09792909422e-05
6.89509324729e-05
0.27912885166
2.83376634766
0.0657798035061
RSS 36713158670.2651
BP MaxDensity 6.49018516040629
EFS MaxDensity 7.11559424767243
a0 3.4780544695118327
e0 20.91377415392261
b0 380981.19870968466
---END---
---START---
00000034
PARAMETERS 
44
0.530961061458
-2.90739605346
1.06084188648
-3.68332123902
2.82576078255
1.07153755474
-10.1669842386
0.0387461665701
3.7092761783
0.00633212064163
0.231885077081
0.183071396563
-0.845320289828
0.0214835625098
-0.00019277572799
0.00312870961162
-3.37807273865
30.9545097351
24.3578262329
34.9465332031
16.3700447083
17.5453052521
13.2855138779
6.14929246902
2.82058477402
1.31389892101
0.624320983887
0.298337101936
0.146621033549
0.0729197561741
0.035397335887
0.0165679454803
0.00780372228473
0.00380727602169
0.001955231186
0.00104795990046
0.000571479147766
0.000308416812913
0.00016136818158
8.09792909422e-05
6.89509324729e-05
18.124956813
-0.951836184418
0.103149979209
RSS 37831494378.70277
BP MaxDensity 6.49018516040629
EFS MaxDensity 7.11559424767243
a0 3.583460511387639
e0 31.993120547162544
b0 248939.91372944706
---END---
---START---
00000035
PARAMETERS 
44
-0.276561368577
-1.09670103449
-0.915023593141
-5.54552386019
-4.27985357504
-4.69784661465
-5.73862179205
-0.0473209221412
-4.05723672263
0.00691300073866
-0.475513885457
-0.843979552001
-0.357391181756
-0.0325937767291
-4.24292201606e-05
0.000173291076426
-3.37807273865
30.9545097351
24.3578262329
34.9465332031
16.3700447083
17.5453052521
13.2855138779
6.14929246902
2.82058477402
1.31389892101
0.624320983887
0.298337101936
0.146621033549
0.0729197561741
0.035397335887
0.0165679454803
0.00780372228473
0.00380727602169
0.001955231186
0.00104795990046
0.000571479147766
0.000308416812913
0.00016136818158
8.09792909422e-05
6.89509324729e-05
0.499247322839
3.01971803518
0.0619285189716
RSS 40454549277.04344
BP MaxDensity 6.49018516040629
EFS MaxDensity 7.11559424767243
a0 3.558382633628114
e0 -46.45636346272052
b0 345058.4040878084
---END---
---START---
00000036
PARAMETERS 
44
0.509372055932
1.17982491058
-2.4506836427
0.100271816089
5.33862005095
-5.41790679096
-19.4200910957
-0.0577219387899
9.75019622948
0.0562153258188
-2.01105260277
-2.05873459409
0.9006208946
-0.0159933648724
-0.000104066167911
0.000169737394741
-3.37807273865
30.9545097351
24.3578262329
34.9465332031
16.3700447083
17.5453052521
13.2855138779
6.14929246902
2.82058477402
1.31389892101
0.624320983887
0.298337101936
0.146621033549
0.0729197561741
0.035397335887
0.0165679454803
0.00780372228473
0.00380727602169
0.001955231186
0.00104795990046
0.000571479147766
0.000308416812913
0.00016136818158
8.09792909422e-05
6.89509324729e-05
-20.6013029502
1.85717816123
-0.0986670118482
RSS 42948834453.30805
BP MaxDensity 6.49018516040629
EFS MaxDensity 7.11559424767243
a0 3.535827977340906
e0 -354.33791035351663
b0 142898.21478931318
---END---
---START---
00000037
PARAMETERS 
44
-0.0849072389094
3.08036065046
-0.791294874053
0.319373226518
1.17392432305
0.216913249447
-12.1212793902
-0.0298755216138
4.00760478886
-0.00132677394009
0.920106065309
1.24022352489
-0.544332554595
-0.0112514593903
9.72962721355e-05
6.81906129641e-05
-3.37807273865
30.9545097351
24.3578262329
34.9465332031
16.3700447083
17.5453052521
13.2855138779
6.14929246902
2.82058477402
1.31389892101
0.624320983887
0.298337101936
0.146621033549
0.0729197561741
0.035397335887
0.0165679454803
0.00780372228473
0.00380727602169
0.001955231186
0.00104795990046
0.000571479147766
0.000308416812913
0.00016136818158
8.09792909422e-05
6.89509324729e-05
2.90072058178
-2.11288931169
0.00636363871381
RSS 44452125778.767105
BP MaxDensity 6.49018516040629
EFS MaxDensity 7.11559424767243
a0 3.4724450959620508
e0 -238.46218464805102
b0 274694.0092022739
---END---
---START---
00000038
PARAMETERS 
44
0.0497083749885
-1.86261583536
-0.420331248688
-0.295294098352
4.85204947814
1.98908940509
-2.56370719782
0.0333019463937
-4.19110198408
-0.0216393357533
1.1105094273
1.34558015044
-0.170407863247
-0.0325040261284
-9.19774564148e-05
0.00412769600796
-3.37807273865
30.9545097351
24.3578262329
34.9465332031
16.3700447083
17.5453052521
13.2855138779
6.14929246902
2.82058477402
1.31389892101
0.624320983887
0.298337101936
0.146621033549
0.0729197561741
0.035397335887
0.0165679454803
0.00780372228473
0.00380727602169
0.001955231186
0.00104795990046
0.000571479147766
0.000308416812913
0.00016136818158
8.09792909422e-05
6.89509324729e-05
10.2541337655
2.54857075019
0.0150157437142
RSS 45315599361.823235
BP MaxDensity 6.49018516040629
EFS MaxDensity 7.11559424767243
a0 3.4909555067536684
e0 70.31391676641917
b0 326318.5262492941
---END---
---START---
00000039
PARAMETERS 
44
0.05161757161
1.98150346021
0.63032086857
-2.60232414346
-4.35194635794
-3.52706461448
-9.79143236359
0.0257677498099
0.11684498733
0.0100432123232
-1.72802405645
-2.17097301975
-0.789241220586
-0.0218540355288
0.000145166242037
-0.00225362574766
-3.37807273865
30.9545097351
24.3578262329
34.9465332031
16.3700447083
17.5453052521
13.2855138779
6.14929246902
2.82058477402
1.31389892101
0.624320983887
0.298337101936
0.146621033549
0.0729197561741
0.035397335887
0.0165679454803
0.00780372228473
0.00380727602169
0.001955231186
0.00104795990046
0.000571479147766
0.000308416812913
0.00016136818158
8.09792909422e-05
6.89509324729e-05
-14.5402331346
-3.92594133937
-0.0751910877536
RSS 46058209010.276665
BP MaxDensity 6.49018516040629
EFS MaxDensity 7.11559424767243
a0 3.5939114360876547
e0 -433.20937222807265
b0 17121.30414050344
---END---
---START---
00000040
PARAMETERS 
44
-0.108422959683
0.245101502092
-1.76194053697
2.2946368646
1.23425910627
-2.0051639847
-9.71096219576
0.0218731325593
1.78830316347
-0.000161681782642
1.94403389556
2.71902504077
-0.365991900777
-0.0200200809186
4.04481245302e-05
0.00399924149612
-3.37807273865
30.9545097351
24.3578262329
34.9465332031
16.3700447083
17.5453052521
13.2855138779
6.14929246902
2.82058477402
1.31389892101
0.624320983887
0.298337101936
0.146621033549
0.0729197561741
0.035397335887
0.0165679454803
0.00780372228473
0.00380727602169
0.001955231186
0.00104795990046
0.000571479147766
0.000308416812913
0.00016136818158
8.09792909422e-05
6.89509324729e-05
1.76652193037
-0.578219463052
-0.0413631705644
RSS 49559672936.62959
BP MaxDensity 6.49018516040629
EFS MaxDensity 7.11559424767243
a0 3.403542290243717
e0 -231.7112540993287
b0 338196.6833351067
---END---
---START---
00000041
PARAMETERS 
44
0.103251128028
-0.283743175136
0.476737254556
5.74497663386
-3.28163891499
1.94399472374
-12.7804485517
0.0646007421808
-1.11162759483
0.048633810357
-1.73522871217
-2.79847779793
-0.691451587424
-0.0142672747871
4.60828817803e-05
-0.00297701765708
-3.37807273865
30.9545097351
24.3578262329
34.9465332031
16.3700447083
17.5453052521
13.2855138779
6.14929246902
2.82058477402
1.31389892101
0.624320983887
0.298337101936
0.146621033549
0.0729197561741
0.035397335887
0.0165679454803
0.00780372228473
0.00380727602169
0.001955231186
0.00104795990046
0.000571479147766
0.000308416812913
0.00016136818158
8.09792909422e-05
6.89509324729e-05
33.6249519728
-7.22830732675
0.109274101455
RSS 50351314749.64248
BP MaxDensity 6.49018516040629
EFS MaxDensity 7.11559424767243
a0 3.6687654428913716
e0 -483.44184478827634
b0 291565.1591399105
---END---
---START---
00000042
PARAMETERS 
44
-0.509674785497
2.47455357723
-1.67662253192
5.92752769418
2.13739778746
0.362477419629
-12.5915343005
0.00974824290855
2.91137426258
-0.0191473468669
0.0050276313584
0.273828846259
-0.91819456778
0.0271338254531
5.42021579559e-05
0.00423862383528
-3.37807273865
30.9545097351
24.3578262329
34.9465332031
16.3700447083
17.5453052521
13.2855138779
6.14929246902
2.82058477402
1.31389892101
0.624320983887
0.298337101936
0.146621033549
0.0729197561741
0.035397335887
0.0165679454803
0.00780372228473
0.00380727602169
0.001955231186
0.00104795990046
0.000571479147766
0.000308416812913
0.00016136818158
8.09792909422e-05
6.89509324729e-05
3.54230319847
2.32450608185
0.00917829077884
RSS 50866234846.21772
BP MaxDensity 6.49018516040629
EFS MaxDensity 7.11559424767243
a0 3.505294063135833
e0 -154.73305525544052
b0 318737.112617194
---END---
---START---
00000043
PARAMETERS 
44
0.632927675267
0.0989506223293
-1.48431756218
5.09703619506
0.221024723842
-0.661104499415
-10.2468150754
-0.0101574438241
2.27661183485
0.054274416376
0.745711443499
1.47438849834
-0.67291021953
-0.00526355295732
-0.000207115013168
0.00278045762594
-3.37807273865
30.9545097351
24.3578262329
34.9465332031
16.3700447083
17.5453052521
13.2855138779
6.14929246902
2.82058477402
1.31389892101
0.624320983887
0.298337101936
0.146621033549
0.0729197561741
0.035397335887
0.0165679454803
0.00780372228473
0.00380727602169
0.001955231186
0.00104795990046
0.000571479147766
0.000308416812913
0.00016136818158
8.09792909422e-05
6.89509324729e-05
7.91012541046
-0.31187059462
-0.0304948035084
RSS 51380843322.66282
BP MaxDensity 6.49018516040629
EFS MaxDensity 7.11559424767243
a0 3.422874791447723
e0 -175.2419555492899
b0 360506.1669477998
---END---
---START---
00000044
PARAMETERS 
44
-0.515994931736
-0.327497077815
-1.35245543224
6.74586872617
-0.610496571049
5.18068349259
-11.3824755123
0.0179239571507
-2.63270541661
0.0279071935652
1.61992710962
1.69958018421
0.64158905275
0.0361656379155
-3.50395778026e-05
-0.00245806932736
-3.37807273865
30.9545097351
24.3578262329
34.9465332031
16.3700447083
17.5453052521
13.2855138779
6.14929246902
2.82058477402
1.31389892101
0.624320983887
0.298337101936
0.146621033549
0.0729197561741
0.035397335887
0.0165679454803
0.00780372228473
0.00380727602169
0.001955231186
0.00104795990046
0.000571479147766
0.000308416812913
0.00016136818158
8.09792909422e-05
6.89509324729e-05
15.2170063239
2.93291113419
-0.067826430953
RSS 52278529118.96093
BP MaxDensity 6.49018516040629
EFS MaxDensity 7.11559424767243
a0 3.5147416695775613
e0 -134.33197024562293
b0 330364.90997287916
---END---
---START---
00000045
PARAMETERS 
44
0.337802406268
0.971196844551
0.153747349703
-5.55860751819
-3.20044659206
2.76789099173
-7.68367149246
0.00305825228784
0.307614065035
-0.0459337369512
-1.89000959505
-2.06044124477
-0.454061873525
-0.0224113275933
6.04384390421e-05
-0.00294412452212
-3.37807273865
30.9545097351
24.3578262329
34.9465332031
16.3700447083
17.5453052521
13.2855138779
6.14929246902
2.82058477402
1.31389892101
0.624320983887
0.298337101936
0.146621033549
0.0729197561741
0.035397335887
0.0165679454803
0.00780372228473
0.00380727602169
0.001955231186
0.00104795990046
0.000571479147766
0.000308416812913
0.00016136818158
8.09792909422e-05
6.89509324729e-05
-0.881675543633
-6.75314282072
0.0812727387548
RSS 53109383880.1898
BP MaxDensity 6.49018516040629
EFS MaxDensity 7.11559424767243
a0 3.520379852693124
e0 -264.79573300373767
b0 258915.03288147697
---END---
---START---
00000046
PARAMETERS 
44
-0.294901324303
1.04268482409
0.788569588148
-4.95766299343
-5.86252969562
-2.88124460709
-7.60402718524
0.045725774569
-3.41893085229
0.057506596558
-1.45245460419
-1.61521999359
0.333289516361
0.0367904977894
0.000151302723668
0.00231418937256
-3.37807273865
30.9545097351
24.3578262329
34.9465332031
16.3700447083
17.5453052521
13.2855138779
6.14929246902
2.82058477402
1.31389892101
0.624320983887
0.298337101936
0.146621033549
0.0729197561741
0.035397335887
0.0165679454803
0.00780372228473
0.00380727602169
0.001955231186
0.00104795990046
0.000571479147766
0.000308416812913
0.00016136818158
8.09792909422e-05
6.89509324729e-05
14.0500291643
-5.60241998636
-0.0354688620198
RSS 53902460114.4202
BP MaxDensity 6.49018516040629
EFS MaxDensity 7.11559424767243
a0 3.447761054228046
e0 -368.35406240894264
b0 191219.5972093565
---END---
---START---
00000047
PARAMETERS 
44
0.37549793138
1.15485949696
1.04659406187
6.85354938611
-4.67879822931
-1.47193290433
-7.88550801435
0.0498827234753
0.373507429913
-0.0373149232806
1.67824419825
2.30797360886
1.14213399742
0.0253002444682
0.000165888011589
-0.00210082830752
-3.37807273865
30.9545097351
24.3578262329
34.9465332031
16.3700447083
17.5453052521
13.2855138779
6.14929246902
2.82058477402
1.31389892101
0.624320983887
0.298337101936
0.146621033549
0.0729197561741
0.035397335887
0.0165679454803
0.00780372228473
0.00380727602169
0.001955231186
0.00104795990046
0.000571479147766
0.000308416812913
0.00016136818158
8.09792909422e-05
6.89509324729e-05
1.05739352912
-7.05905986331
0.0741726489532
RSS 54552460844.33768
BP MaxDensity 6.49018516040629
EFS MaxDensity 7.11559424767243
a0 3.421727591959711
e0 -269.4189037102362
b0 356927.30706661154
---END---
---START---
00000048
PARAMETERS 
44
0.102318345675
2.67805841618
1.22666298155
-4.66688918476
-4.39680788276
-5.17625585331
-12.5007978153
-0.0389836203641
-0.100207754114
0.0567373663991
2.30724203501
2.37147668494
0.291395788786
-0.0157865549344
-9.36125770597e-05
0.00422012512444
-3.37807273865
30.9545097351
24.3578262329
34.9465332031
16.3700447083
17.5453052521
13.2855138779
6.14929246902
2.82058477402
1.31389892101
0.624320983887
0.298337101936
0.146621033549
0.0729197561741
0.035397335887
0.0165679454803
0.00780372228473
0.00380727602169
0.001955231186
0.00104795990046
0.000571479147766
0.000308416812913
0.00016136818158
8.09792909422e-05
6.89509324729e-05
8.03673462617
-6.71815942139
-0.00233404681703
RSS 55454228392.63742
BP MaxDensity 6.49018516040629
EFS MaxDensity 7.11559424767243
a0 3.451147659311968
e0 -391.9039942982249
b0 202044.62516385934
---END---
---START---
00000049
PARAMETERS 
44
-0.093723941263
1.27106992705
-1.74327253984
-4.59201729054
-4.18690518216
6.08987083177
-7.99272866244
-0.0304119176136
-4.29673529872
0.0139852004151
-0.591099010668
-1.05551047865
0.777748251987
-0.0248267768958
4.85418925329e-05
-0.00310493290953
-3.37807273865
30.9545097351
24.3578262329
34.9465332031
16.3700447083
17.5453052521
13.2855138779
6.14929246902
2.82058477402
1.31389892101
0.624320983887
0.298337101936
0.146621033549
0.0729197561741
0.035397335887
0.0165679454803
0.00780372228473
0.00380727602169
0.001955231186
0.00104795990046
0.000571479147766
0.000308416812913
0.00016136818158
8.09792909422e-05
6.89509324729e-05
6.43169350288
-2.71782660495
-0.0107418924339
RSS 55826081709.69776
BP MaxDensity 6.49018516040629
EFS MaxDensity 7.11559424767243
a0 3.547919802746119
e0 -308.84222123747065
b0 320391.2549169897
---END---
---START---
00000050
PARAMETERS 
44
0.00676935444299
-3.67305363997
1.26582565855
6.53058217218
-1.03468522808
3.73370034665
-1.1244084201
-0.0119598322155
-7.46490237535
0.04965283066
0.607907973492
1.01943842299
-1.12401752785
-0.00391684939268
-0.000200432345609
-0.00301857336668
-3.37807273865
30.9545097351
24.3578262329
34.9465332031
16.3700447083
17.5453052521
13.2855138779
6.14929246902
2.82058477402
1.31389892101
0.624320983887
0.298337101936
0.146621033549
0.0729197561741
0.035397335887
0.0165679454803
0.00780372228473
0.00380727602169
0.001955231186
0.00104795990046
0.000571479147766
0.000308416812913
0.00016136818158
8.09792909422e-05
6.89509324729e-05
17.8112798999
-2.70299483187
0.0166089130518
RSS 56165367312.66525
BP MaxDensity 6.49018516040629
EFS MaxDensity 7.11559424767243
a0 3.4379700272818834
e0 -47.920774091982125
b0 372478.8809366906
---END---
---START---
00000051
PARAMETERS 
44
-0.445182505607
-2.59885696478
-1.10793401515
-1.4461672506
-5.62421946446
3.10339105864
2.6104549523
-0.00687120947717
0.658090190273
0.0110365255868
-1.02498341383
0.103385332859
0.228881741522
0.0239982255086
4.54844351988e-05
-0.00249706979931
-3.37807273865
30.9545097351
24.3578262329
34.9465332031
16.3700447083
17.5453052521
13.2855138779
6.14929246902
2.82058477402
1.31389892101
0.624320983887
0.298337101936
0.146621033549
0.0729197561741
0.035397335887
0.0165679454803
0.00780372228473
0.00380727602169
0.001955231186
0.00104795990046
0.000571479147766
0.000308416812913
0.00016136818158
8.09792909422e-05
6.89509324729e-05
17.0357736195
4.12533996597
-0.00128404828645
RSS 56222620339.15368
BP MaxDensity 6.49018516040629
EFS MaxDensity 7.11559424767243
a0 3.39593210651604
e0 194.61506087715452
b0 381187.36823955737
---END---
---START---
00000052
PARAMETERS 
44
-0.557718644337
3.8271614544
0.627757626117
5.33362199441
4.47207276807
-3.14841007025
2.69421834365
0.0575026991301
-3.64163069982
0.0431023357935
-0.601260885626
0.062415190575
1.20158919284
-0.0261127476787
-3.41105444317e-05
-0.000249166857496
-3.37807273865
30.9545097351
24.3578262329
34.9465332031
16.3700447083
17.5453052521
13.2855138779
6.14929246902
2.82058477402
1.31389892101
0.624320983887
0.298337101936
0.146621033549
0.0729197561741
0.035397335887
0.0165679454803
0.00780372228473
0.00380727602169
0.001955231186
0.00104795990046
0.000571479147766
0.000308416812913
0.00016136818158
8.09792909422e-05
6.89509324729e-05
0.494871420162
-5.78781784879
0.00691003749707
RSS 56711277089.317764
BP MaxDensity 6.49018516040629
EFS MaxDensity 7.11559424767243
a0 3.2933522982004106
e0 -517.6618267656806
b0 314949.2940076906
---END---
---START---
00000053
PARAMETERS 
44
-0.227872321461
-1.22244833065
-0.775483767287
-4.0172732939
-0.119598976712
-1.44605830357
-7.9474071098
0.0236482820063
-5.30776737475
-0.0115156688992
-0.162161037207
-0.838616881435
1.24162672095
-0.023705989469
0.000120016245065
0.0011005748273
-3.37807273865
30.9545097351
24.3578262329
34.9465332031
16.3700447083
17.5453052521
13.2855138779
6.14929246902
2.82058477402
1.31389892101
0.624320983887
0.298337101936
0.146621033549
0.0729197561741
0.035397335887
0.0165679454803
0.00780372228473
0.00380727602169
0.001955231186
0.00104795990046
0.000571479147766
0.000308416812913
0.00016136818158
8.09792909422e-05
6.89509324729e-05
9.72931932124
-6.22438566095
0.0841601459845
RSS 58387986961.31735
BP MaxDensity 6.49018516040629
EFS MaxDensity 7.11559424767243
a0 3.568851893073135
e0 -330.6740831401781
b0 321301.67483303905
---END---
---START---
00000054
PARAMETERS 
44
-0.167545285439
-1.01626146604
0.182034170188
-2.28645864644
3.04969072363
4.60244575289
15.3392847652
-0.0151685383749
-6.63265121046
-0.0432775633552
-1.25914004377
-0.550054351182
-1.04944594565
-0.0220482497555
8.90362562231e-05
0.00131127598386
-3.37807273865
30.9545097351
24.3578262329
34.9465332031
16.3700447083
17.5453052521
13.2855138779
6.14929246902
2.82058477402
1.31389892101
0.624320983887
0.298337101936
0.146621033549
0.0729197561741
0.035397335887
0.0165679454803
0.00780372228473
0.00380727602169
0.001955231186
0.00104795990046
0.000571479147766
0.000308416812913
0.00016136818158
8.09792909422e-05
6.89509324729e-05
-3.9261376048
3.67545764135
0.0975932995058
RSS 59241678908.57536
BP MaxDensity 6.49018516040629
EFS MaxDensity 7.11559424767243
a0 3.398872868145764
e0 308.50168242498535
b0 283080.7392260669
---END---
---START---
00000055
PARAMETERS 
44
0.192133537012
4.25647455338
-1.47474293788
-1.46631703306
-1.68032588835
-4.42327375021
2.47694985178
-0.0542868323943
-3.01369511391
0.0145167527318
-0.682140475821
0.261330300179
-0.23667038162
-0.00579038046306
7.80356070115e-05
-0.0022824489603
-3.37807273865
30.9545097351
24.3578262329
34.9465332031
16.3700447083
17.5453052521
13.2855138779
6.14929246902
2.82058477402
1.31389892101
0.624320983887
0.298337101936
0.146621033549
0.0729197561741
0.035397335887
0.0165679454803
0.00780372228473
0.00380727602169
0.001955231186
0.00104795990046
0.000571479147766
0.000308416812913
0.00016136818158
8.09792909422e-05
6.89509324729e-05
10.0189521306
3.33662859347
0.0155967819518
RSS 61359315715.81242
BP MaxDensity 6.49018516040629
EFS MaxDensity 7.11559424767243
a0 3.384181725642116
e0 -78.39434613041584
b0 422849.9114563162
---END---
---START---
00000056
PARAMETERS 
44
-0.548488784073
-0.810352174104
0.494001823584
1.72759967777
1.461974151
-0.531586912869
-0.748187895912
0.0590172540719
-2.73785438689
0.02054562394
-0.172653373839
0.321137521028
-1.14665917362
0.0103103520125
9.25699880248e-05
-0.00115713635951
-3.37807273865
30.9545097351
24.3578262329
34.9465332031
16.3700447083
17.5453052521
13.2855138779
6.14929246902
2.82058477402
1.31389892101
0.624320983887
0.298337101936
0.146621033549
0.0729197561741
0.035397335887
0.0165679454803
0.00780372228473
0.00380727602169
0.001955231186
0.00104795990046
0.000571479147766
0.000308416812913
0.00016136818158
8.09792909422e-05
6.89509324729e-05
17.1933501163
1.40280904372
0.0854808168379
RSS 61515958977.58452
BP MaxDensity 6.49018516040629
EFS MaxDensity 7.11559424767243
a0 3.4645949818241855
e0 116.58170872081273
b0 383006.40301036026
---END---
---START---
00000057
PARAMETERS 
44
0.559089276088
1.18125596155
0.445171980746
3.77205667188
4.55109270109
1.0497020234
-8.84335212403
0.0472994627565
2.44177381862
0.038942275749
-1.17929956642
-0.574383379063
1.35816552557
-0.0243178153926
-0.000109044901546
-0.00229998882209
-3.37807273865
30.9545097351
24.3578262329
34.9465332031
16.3700447083
17.5453052521
13.2855138779
6.14929246902
2.82058477402
1.31389892101
0.624320983887
0.298337101936
0.146621033549
0.0729197561741
0.035397335887
0.0165679454803
0.00780372228473
0.00380727602169
0.001955231186
0.00104795990046
0.000571479147766
0.000308416812913
0.00016136818158
8.09792909422e-05
6.89509324729e-05
20.2662291061
2.56085224548
-0.0660506054316
RSS 62787640024.65726
BP MaxDensity 6.49018516040629
EFS MaxDensity 7.11559424767243
a0 3.443193495951456
e0 -76.44768560300125
b0 367448.7006364495
---END---
---START---
00000058
PARAMETERS 
44
0.154168474996
-3.69083621144
1.05435657555
5.83616875297
-0.911849554692
0.740360236532
-7.56494761659
-0.00258185442644
-0.132149284215
-0.0279495690428
1.04022922426
1.94556161906
0.463697571722
-0.0163635389502
-1.24303652246e-05
-0.00290112926884
-3.37807273865
30.9545097351
24.3578262329
34.9465332031
16.3700447083
17.5453052521
13.2855138779
6.14929246902
2.82058477402
1.31389892101
0.624320983887
0.298337101936
0.146621033549
0.0729197561741
0.035397335887
0.0165679454803
0.00780372228473
0.00380727602169
0.001955231186
0.00104795990046
0.000571479147766
0.000308416812913
0.00016136818158
8.09792909422e-05
6.89509324729e-05
28.5826223929
-3.66508626187
-0.00924927208178
RSS 64892424922.55508
BP MaxDensity 6.49018516040629
EFS MaxDensity 7.11559424767243
a0 3.410356949193745
e0 -108.23845890012814
b0 439076.3411874342
---END---
---START---
00000059
PARAMETERS 
44
0.0192213546953
-0.633195468348
-1.12498619708
0.483132937015
-0.694091917422
-3.81215724504
-11.7797970652
-0.0420985688296
0.836484531317
-0.0216909279505
-1.73473147653
-2.22931589713
0.332319723926
-0.017182476729
-0.000103791993664
0.000272306535849
-3.37807273865
30.9545097351
24.3578262329
34.9465332031
16.3700447083
17.5453052521
13.2855138779
6.14929246902
2.82058477402
1.31389892101
0.624320983887
0.298337101936
0.146621033549
0.0729197561741
0.035397335887
0.0165679454803
0.00780372228473
0.00380727602169
0.001955231186
0.00104795990046
0.000571479147766
0.000308416812913
0.00016136818158
8.09792909422e-05
6.89509324729e-05
26.1172153722
3.30392555822
0.101503920528
RSS 68238088782.923164
BP MaxDensity 6.49018516040629
EFS MaxDensity 7.11559424767243
a0 3.5801066320163946
e0 -55.69929855486366
b0 465647.70206518413
---END---
---START---
00000060
PARAMETERS 
44
0.0900560272768
4.59830629742
0.90400548088
1.65102767041
2.14081261377
3.80887413049
-11.9024782895
0.0137233730106
-5.61888117538
0.00695561015882
0.857951044637
-0.367480615628
-0.291653615001
0.000342527252942
2.94756922501e-05
0.00263478602058
-3.37807273865
30.9545097351
24.3578262329
34.9465332031
16.3700447083
17.5453052521
13.2855138779
6.14929246902
2.82058477402
1.31389892101
0.624320983887
0.298337101936
0.146621033549
0.0729197561741
0.035397335887
0.0165679454803
0.00780372228473
0.00380727602169
0.001955231186
0.00104795990046
0.000571479147766
0.000308416812913
0.00016136818158
8.09792909422e-05
6.89509324729e-05
20.1979808565
-4.54115264221
0.0881245549527
RSS 69124090271.79593
BP MaxDensity 6.49018516040629
EFS MaxDensity 7.11559424767243
a0 3.6772218269957087
e0 -615.1952748341217
b0 334273.6414437894
---END---
---START---
00000061
PARAMETERS 
44
0.651371019369
-1.02098563324
-1.03210522265
6.72989995284
-3.46628920755
-0.055095729044
-2.27225188778
0.0442436601081
5.72505970669
-0.0127252460523
-0.735958249029
0.853822126785
0.733815902601
0.0153519615866
-3.11054349962e-05
-0.00177387561345
-3.37807273865
30.9545097351
24.3578262329
34.9465332031
16.3700447083
17.5453052521
13.2855138779
6.14929246902
2.82058477402
1.31389892101
0.624320983887
0.298337101936
0.146621033549
0.0729197561741
0.035397335887
0.0165679454803
0.00780372228473
0.00380727602169
0.001955231186
0.00104795990046
0.000571479147766
0.000308416812913
0.00016136818158
8.09792909422e-05
6.89509324729e-05
-20.0400410789
-0.0770108987005
0.0704806195639
RSS 69226829323.57727
BP MaxDensity 6.49018516040629
EFS MaxDensity 7.11559424767243
a0 3.3875901529961436
e0 -33.141053084765694
b0 536739.1934087944
---END---
---START---
00000062
PARAMETERS 
44
-0.399465547335
3.54953974832
-1.62463949337
-4.20560198044
-1.58069514017
-1.27708271707
-10.4198932311
0.0417081034337
1.82293452168
0.00403450150078
0.754730576031
1.47126292477
0.772739284452
-0.0210314343313
-6.80082271331e-05
0.00122632069239
-3.37807273865
30.9545097351
24.3578262329
34.9465332031
16.3700447083
17.5453052521
13.2855138779
6.14929246902
2.82058477402
1.31389892101
0.624320983887
0.298337101936
0.146621033549
0.0729197561741
0.035397335887
0.0165679454803
0.00780372228473
0.00380727602169
0.001955231186
0.00104795990046
0.000571479147766
0.000308416812913
0.00016136818158
8.09792909422e-05
6.89509324729e-05
28.861090569
-0.56161299484
-0.075396156846
RSS 69751074763.6328
BP MaxDensity 6.49018516040629
EFS MaxDensity 7.11559424767243
a0 3.4092055523572724
e0 -278.3223680668327
b0 363373.6753375061
---END---
---START---
00000063
PARAMETERS 
44
-0.498697492894
1.93889329221
-1.41408373012
1.04092776194
3.1228848331
0.542234471708
-9.14512918234
0.050689645883
-6.25268698537
-0.0123559597793
0.960320826255
0.493588537302
-0.669008877333
-0.0150027911132
-0.000171008226036
0.00320729461469
-3.37807273865
30.9545097351
24.3578262329
34.9465332031
16.3700447083
17.5453052521
13.2855138779
6.14929246902
2.82058477402
1.31389892101
0.624320983887
0.298337101936
0.146621033549
0.0729197561741
0.035397335887
0.0165679454803
0.00780372228473
0.00380727602169
0.001955231186
0.00104795990046
0.000571479147766
0.000308416812913
0.00016136818158
8.09792909422e-05
6.89509324729e-05
-19.1092750048
-1.96320945155
-0.0277177525051
RSS 72059835995.30682
BP MaxDensity 6.49018516040629
EFS MaxDensity 7.11559424767243
a0 3.5302317711302407
e0 -426.8083317644847
b0 273687.30018115975
---END---
---START---
00000064
PARAMETERS 
44
-0.0728283977303
-1.51117343967
-1.67244646882
3.819210469
2.902095215
-3.42959323342
5.12806836424
-0.01214534302
1.09660558188
-0.0242178452355
0.213636990384
1.66298126675
1.06818176377
0.0193517495086
-0.000165453483137
0.00236740867486
-3.37807273865
30.9545097351
24.3578262329
34.9465332031
16.3700447083
17.5453052521
13.2855138779
6.14929246902
2.82058477402
1.31389892101
0.624320983887
0.298337101936
0.146621033549
0.0729197561741
0.035397335887
0.0165679454803
0.00780372228473
0.00380727602169
0.001955231186
0.00104795990046
0.000571479147766
0.000308416812913
0.00016136818158
8.09792909422e-05
6.89509324729e-05
19.4220231034
1.96360303384
0.0978054644465
RSS 73584799850.80861
BP MaxDensity 6.49018516040629
EFS MaxDensity 7.11559424767243
a0 3.376032359695727
e0 165.81444901170659
b0 459465.44141876756
---END---
---START---
00000065
PARAMETERS 
44
0.563970745835
-4.024729837
1.53590903559
-1.35101750192
3.95439007469
-1.14328964773
-9.78154049334
0.0170977231233
2.52593054254
0.0377591502511
1.96677221968
2.84090239706
-0.291992778629
0.0418513572497
-0.000108272294994
-0.00319311761823
-3.37807273865
30.9545097351
24.3578262329
34.9465332031
16.3700447083
17.5453052521
13.2855138779
6.14929246902
2.82058477402
1.31389892101
0.624320983887
0.298337101936
0.146621033549
0.0729197561741
0.035397335887
0.0165679454803
0.00780372228473
0.00380727602169
0.001955231186
0.00104795990046
0.000571479147766
0.000308416812913
0.00016136818158
8.09792909422e-05
6.89509324729e-05
-6.74726593805
-5.64304669453
0.012359989621
RSS 73929569397.67006
BP MaxDensity 6.49018516040629
EFS MaxDensity 7.11559424767243
a0 3.4112009002358303
e0 -198.67226384781011
b0 437242.175226924
---END---
---START---
00000066
PARAMETERS 
44
0.320382149584
-3.48132739519
-0.968999718012
-2.89658802794
1.83323429088
-2.62937787682
-7.07965447651
0.00546037596671
-4.47631510525
-0.0021491070447
-0.923700722122
-1.13339646853
1.27880799008
-0.000911775426476
2.07474844825e-05
0.0028025906384
-3.37807273865
30.9545097351
24.3578262329
34.9465332031
16.3700447083
17.5453052521
13.2855138779
6.14929246902
2.82058477402
1.31389892101
0.624320983887
0.298337101936
0.146621033549
0.0729197561741
0.035397335887
0.0165679454803
0.00780372228473
0.00380727602169
0.001955231186
0.00104795990046
0.000571479147766
0.000308416812913
0.00016136818158
8.09792909422e-05
6.89509324729e-05
-15.6502580124
-4.59104676085
0.0600719496916
RSS 74593169712.81479
BP MaxDensity 6.49018516040629
EFS MaxDensity 7.11559424767243
a0 3.500657269057228
e0 -247.85659891493867
b0 390708.1451726546
---END---
---START---
00000067
PARAMETERS 
44
0.307065074191
-2.63691997075
0.755827047433
-1.91691753175
-5.44595363704
-1.25925996598
4.64404226529
0.0649798812954
-6.69711552077
0.0579591674815
-1.40186647869
-0.811497066965
-0.661565649174
-0.0228524466188
-3.81338830041e-05
0.00422548613855
-3.37807273865
30.9545097351
24.3578262329
34.9465332031
16.3700447083
17.5453052521
13.2855138779
6.14929246902
2.82058477402
1.31389892101
0.624320983887
0.298337101936
0.146621033549
0.0729197561741
0.035397335887
0.0165679454803
0.00780372228473
0.00380727602169
0.001955231186
0.00104795990046
0.000571479147766
0.000308416812913
0.00016136818158
8.09792909422e-05
6.89509324729e-05
7.23188622981
3.53630014894
0.0777314897872
RSS 79379227241.88007
BP MaxDensity 6.49018516040629
EFS MaxDensity 7.11559424767243
a0 3.452011394920399
e0 221.2696795123341
b0 393124.6820705378
---END---
---START---
00000068
PARAMETERS 
44
0.188948945774
4.6052381279
-0.765861399048
2.42010103422
4.38373693528
-0.549811201042
-9.39882643077
0.047274539187
-3.16860338565
0.025201226776
-0.266934968489
-0.77870251555
0.129924020839
0.0361084017514
0.000172106629572
-0.00334458761334
-3.37807273865
30.9545097351
24.3578262329
34.9465332031
16.3700447083
17.5453052521
13.2855138779
6.14929246902
2.82058477402
1.31389892101
0.624320983887
0.298337101936
0.146621033549
0.0729197561741
0.035397335887
0.0165679454803
0.00780372228473
0.00380727602169
0.001955231186
0.00104795990046
0.000571479147766
0.000308416812913
0.00016136818158
8.09792909422e-05
6.89509324729e-05
12.4628788189
-4.62181677031
0.0865249602319
RSS 80142566409.96387
BP MaxDensity 6.49018516040629
EFS MaxDensity 7.11559424767243
a0 3.5346276877942318
e0 -358.7220218268099
b0 395367.1123806622
---END---
---START---
00000069
PARAMETERS 
44
-0.252883473591
-3.29307305488
-0.717948052748
1.46308760832
-1.27786972085
-0.422688535781
-10.9782852115
-0.0454720161254
5.22901637573
0.0211255530958
-1.3662373465
-0.673527714932
-1.00179881408
-0.0301297384023
3.51958289401e-05
0.000673657458126
-3.37807273865
30.9545097351
24.3578262329
34.9465332031
16.3700447083
17.5453052521
13.2855138779
6.14929246902
2.82058477402
1.31389892101
0.624320983887
0.298337101936
0.146621033549
0.0729197561741
0.035397335887
0.0165679454803
0.00780372228473
0.00380727602169
0.001955231186
0.00104795990046
0.000571479147766
0.000308416812913
0.00016136818158
8.09792909422e-05
6.89509324729e-05
-8.61716125822
-1.71374162285
0.0930170154534
RSS 82011310535.41325
BP MaxDensity 6.49018516040629
EFS MaxDensity 7.11559424767243
a0 3.4699846528569753
e0 -41.106640330690844
b0 474800.74272244406
---END---
---START---
00000070
PARAMETERS 
44
0.350028375179
4.04222605006
-0.842738695394
1.16916407872
1.18971024826
3.60510468229
-2.60421434226
0.0422285643415
1.60196619617
-0.0249576520444
-1.13064723609
-0.381811249118
0.623277831655
-0.0113160788931
0.000119829942495
-0.000604709489929
-3.37807273865
30.9545097351
24.3578262329
34.9465332031
16.3700447083
17.5453052521
13.2855138779
6.14929246902
2.82058477402
1.31389892101
0.624320983887
0.298337101936
0.146621033549
0.0729197561741
0.035397335887
0.0165679454803
0.00780372228473
0.00380727602169
0.001955231186
0.00104795990046
0.000571479147766
0.000308416812913
0.00016136818158
8.09792909422e-05
6.89509324729e-05
-20.0018856657
-6.98469467074
0.106511824213
RSS 83418165069.0608
BP MaxDensity 6.49018516040629
EFS MaxDensity 7.11559424767243
a0 3.418540480601398
e0 -305.56320276140485
b0 437653.12985937484
---END---
---START---
00000071
PARAMETERS 
44
-0.0948048725195
1.18206254642
0.888930584816
-0.151349473447
-5.96156789926
0.53327184029
-6.41145629829
-0.0110844057042
-3.57623640539
0.0534409724102
0.713053841332
0.939131480357
-0.915566191326
0.0320709402624
-0.000205846804649
0.00182826178076
-3.37807273865
30.9545097351
24.3578262329
34.9465332031
16.3700447083
17.5453052521
13.2855138779
6.14929246902
2.82058477402
1.31389892101
0.624320983887
0.298337101936
0.146621033549
0.0729197561741
0.035397335887
0.0165679454803
0.00780372228473
0.00380727602169
0.001955231186
0.00104795990046
0.000571479147766
0.000308416812913
0.00016136818158
8.09792909422e-05
6.89509324729e-05
12.8424178075
3.01990228739
0.100681528417
RSS 84446070977.50018
BP MaxDensity 6.49018516040629
EFS MaxDensity 7.11559424767243
a0 3.520424525897254
e0 62.446829687000644
b0 415416.99173680175
---END---
---START---
00000072
PARAMETERS 
44
0.759863345575
-1.68448925196
-1.82228584312
5.21170409092
4.32811088539
5.34415787155
-7.9926398415
0.0379679307128
1.14507143608
-0.0330697247508
-2.13512004714
-1.78320142065
1.00872915809
-0.0121840034185
0.000142886710866
-0.00283273342809
-3.37807273865
30.9545097351
24.3578262329
34.9465332031
16.3700447083
17.5453052521
13.2855138779
6.14929246902
2.82058477402
1.31389892101
0.624320983887
0.298337101936
0.146621033549
0.0729197561741
0.035397335887
0.0165679454803
0.00780372228473
0.00380727602169
0.001955231186
0.00104795990046
0.000571479147766
0.000308416812913
0.00016136818158
8.09792909422e-05
6.89509324729e-05
-4.1432157526
1.16779617313
0.0236782387596
RSS 85529525485.72894
BP MaxDensity 6.49018516040629
EFS MaxDensity 7.11559424767243
a0 3.491317167091014
e0 -50.13983992928901
b0 419857.5721668692
---END---
---START---
00000073
PARAMETERS 
44
-0.363513294876
-1.63815442043
1.26427412085
0.279524549233
0.0289906916926
0.51559108689
-6.38750518078
0.0596166323278
1.15212528982
-0.0414912679981
1.49730127779
2.73909060828
-0.721437448242
0.0416982672693
0.000168739993883
-0.00281658636809
-3.37807273865
30.9545097351
24.3578262329
34.9465332031
16.3700447083
17.5453052521
13.2855138779
6.14929246902
2.82058477402
1.31389892101
0.624320983887
0.298337101936
0.146621033549
0.0729197561741
0.035397335887
0.0165679454803
0.00780372228473
0.00380727602169
0.001955231186
0.00104795990046
0.000571479147766
0.000308416812913
0.00016136818158
8.09792909422e-05
6.89509324729e-05
21.100501836
-1.85614499076
-0.0182392722391
RSS 85984305764.27219
BP MaxDensity 6.49018516040629
EFS MaxDensity 7.11559424767243
a0 3.3954741415760057
e0 -116.01600031826976
b0 516929.61468446674
---END---
---START---
00000074
PARAMETERS 
44
-0.612824988917
1.25579869505
-1.48526499776
2.61781682695
0.792446715398
0.493620449643
-10.1367887933
-0.0357544312667
-5.22663057706
0.00225000414365
-0.888498200611
-1.39271526911
-0.681079969569
-0.0229290737019
6.67369587095e-05
0.00213410341527
-3.37807273865
30.9545097351
24.3578262329
34.9465332031
16.3700447083
17.5453052521
13.2855138779
6.14929246902
2.82058477402
1.31389892101
0.624320983887
0.298337101936
0.146621033549
0.0729197561741
0.035397335887
0.0165679454803
0.00780372228473
0.00380727602169
0.001955231186
0.00104795990046
0.000571479147766
0.000308416812913
0.00016136818158
8.09792909422e-05
6.89509324729e-05
22.9633076192
-1.92659388568
0.0508885200702
RSS 86414070065.91357
BP MaxDensity 6.49018516040629
EFS MaxDensity 7.11559424767243
a0 3.5373563465708644
e0 -284.5539191415945
b0 450155.1258288887
---END---
---START---
00000075
PARAMETERS 
44
-0.0928366530169
2.50334011287
-0.0614955893826
0.0603513188264
-5.48009629214
-5.09389944584
-9.06352570419
-0.050839431598
2.25417222605
0.0400111821008
2.03121337284
3.34443127623
1.29555700451
-0.016234698313
-2.46253808234e-05
0.00223880008205
-3.37807273865
30.9545097351
24.3578262329
34.9465332031
16.3700447083
17.5453052521
13.2855138779
6.14929246902
2.82058477402
1.31389892101
0.624320983887
0.298337101936
0.146621033549
0.0729197561741
0.035397335887
0.0165679454803
0.00780372228473
0.00380727602169
0.001955231186
0.00104795990046
0.000571479147766
0.000308416812913
0.00016136818158
8.09792909422e-05
6.89509324729e-05
20.7671790144
-0.95372372715
0.00244379324437
RSS 87316599647.70486
BP MaxDensity 6.49018516040629
EFS MaxDensity 7.11559424767243
a0 3.397219057579634
e0 -198.74438336819378
b0 519686.84761776956
---END---
---START---
00000076
PARAMETERS 
44
-0.585739190417
1.2696733046
0.23542350165
-3.67396779814
-4.19005437228
0.44001768798
-3.63742411305
0.0359940582512
-1.01529301993
0.0146551558289
0.14403006977
1.26129988401
-0.328486381287
0.0168012870206
0.000173843591951
0.00107213251779
-3.37807273865
30.9545097351
24.3578262329
34.9465332031
16.3700447083
17.5453052521
13.2855138779
6.14929246902
2.82058477402
1.31389892101
0.624320983887
0.298337101936
0.146621033549
0.0729197561741
0.035397335887
0.0165679454803
0.00780372228473
0.00380727602169
0.001955231186
0.00104795990046
0.000571479147766
0.000308416812913
0.00016136818158
8.09792909422e-05
6.89509324729e-05
-8.10788229717
2.21015382465
-0.0298721766004
RSS 89955546387.25795
BP MaxDensity 6.49018516040629
EFS MaxDensity 7.11559424767243
a0 3.4062169183376745
e0 -126.22746716929346
b0 500811.672641453
---END---
---START---
00000077
PARAMETERS 
44
-0.244444665417
-0.75128533581
-1.63306898302
5.86906785405
-3.06284576283
-4.25476464426
-12.4782245794
0.0317469388993
-4.32135052754
0.0476788945576
-0.0823406603878
-0.633254630687
0.0238927412343
0.0308937954304
-8.14874050651e-05
-0.00323378757291
-3.37807273865
30.9545097351
24.3578262329
34.9465332031
16.3700447083
17.5453052521
13.2855138779
6.14929246902
2.82058477402
1.31389892101
0.624320983887
0.298337101936
0.146621033549
0.0729197561741
0.035397335887
0.0165679454803
0.00780372228473
0.00380727602169
0.001955231186
0.00104795990046
0.000571479147766
0.000308416812913
0.00016136818158
8.09792909422e-05
6.89509324729e-05
-13.5225674803
-0.964482486115
0.0906631424706
RSS 90342711388.68954
BP MaxDensity 6.49018516040629
EFS MaxDensity 7.11559424767243
a0 3.5481462006329267
e0 -304.4695194753306
b0 472516.79626004305
---END---
---START---
00000078
PARAMETERS 
44
0.223961569211
0.912416419506
-1.38621108001
6.60385480323
-4.98084008855
4.29988169434
3.25671647954
0.0390851008651
-0.532342610891
0.0117937159969
1.08594759447
2.65027580532
-0.912284018934
-0.0197327014133
-0.00012373783632
-0.00128703818047
-3.37807273865
30.9545097351
24.3578262329
34.9465332031
16.3700447083
17.5453052521
13.2855138779
6.14929246902
2.82058477402
1.31389892101
0.624320983887
0.298337101936
0.146621033549
0.0729197561741
0.035397335887
0.0165679454803
0.00780372228473
0.00380727602169
0.001955231186
0.00104795990046
0.000571479147766
0.000308416812913
0.00016136818158
8.09792909422e-05
6.89509324729e-05
19.2554334113
2.48198742166
0.102608666873
RSS 90806498743.93484
BP MaxDensity 6.49018516040629
EFS MaxDensity 7.11559424767243
a0 3.4100480881326845
e0 193.99612258336683
b0 580536.9834388187
---END---
---START---
00000079
PARAMETERS 
44
-0.515836007624
3.21733047472
0.947871930247
4.61798895681
-1.19081646177
-4.36323868963
-12.1749175325
0.0148464990728
3.5563705577
0.0351537894121
0.434039613313
1.09687141545
1.1018077012
-0.0300173841134
-6.69211903911e-05
-0.00126722087156
-3.37807273865
30.9545097351
24.3578262329
34.9465332031
16.3700447083
17.5453052521
13.2855138779
6.14929246902
2.82058477402
1.31389892101
0.624320983887
0.298337101936
0.146621033549
0.0729197561741
0.035397335887
0.0165679454803
0.00780372228473
0.00380727602169
0.001955231186
0.00104795990046
0.000571479147766
0.000308416812913
0.00016136818158
8.09792909422e-05
6.89509324729e-05
26.358373088
-5.69388919491
0.0979546900838
RSS 91044686208.7927
BP MaxDensity 6.49018516040629
EFS MaxDensity 7.11559424767243
a0 3.449533755733024
e0 -240.31167458912972
b0 463174.3965533318
---END---
---START---
00000080
PARAMETERS 
44
-0.519168215443
1.07138688996
-1.59535201872
2.27266183073
-0.69577378197
1.97944768409
6.58736427143
-0.0116734577141
-6.54277329697
0.0481909416549
-1.81932825324
-0.659654392009
-1.09613071708
0.0205361530815
0.000146243750586
-0.00146522230482
-3.37807273865
30.9545097351
24.3578262329
34.9465332031
16.3700447083
17.5453052521
13.2855138779
6.14929246902
2.82058477402
1.31389892101
0.624320983887
0.298337101936
0.146621033549
0.0729197561741
0.035397335887
0.0165679454803
0.00780372228473
0.00380727602169
0.001955231186
0.00104795990046
0.000571479147766
0.000308416812913
0.00016136818158
8.09792909422e-05
6.89509324729e-05
-12.1661247451
1.8896227715
-0.014690477983
RSS 94085707005.75209
BP MaxDensity 6.49018516040629
EFS MaxDensity 7.11559424767243
a0 3.367902285907186
e0 -191.72117062237191
b0 525295.8644287376
---END---
---START---
00000081
PARAMETERS 
44
0.455349103199
-1.44571928912
-1.19797567316
6.78469070938
-3.13126875214
-2.39285383735
-11.0150814169
0.0184754219138
-2.93659603375
-0.0423892231455
1.96355678075
2.48225105635
-0.835052417205
-0.00304704292636
0.000142437417825
0.00399382902152
-3.37807273865
30.9545097351
24.3578262329
34.9465332031
16.3700447083
17.5453052521
13.2855138779
6.14929246902
2.82058477402
1.31389892101
0.624320983887
0.298337101936
0.146621033549
0.0729197561741
0.035397335887
0.0165679454803
0.00780372228473
0.00380727602169
0.001955231186
0.00104795990046
0.000571479147766
0.000308416812913
0.00016136818158
8.09792909422e-05
6.89509324729e-05
27.5794632829
-3.2466594208
0.0821585586439
RSS 94487238593.63461
BP MaxDensity 6.49018516040629
EFS MaxDensity 7.11559424767243
a0 3.4702146832903935
e0 -125.5987533349597
b0 476917.0549512071
---END---
---START---
00000082
PARAMETERS 
44
0.593450511673
-0.421688438446
0.177190798676
-3.32523893292
-2.18470234209
2.79340066345
-9.62081009548
0.000728905581513
-6.65214564015
-0.0194131582717
-2.13531268356
-2.50291418459
1.42145020208
-0.00190888616261
-1.54020570118e-05
0.000387039566839
-3.37807273865
30.9545097351
24.3578262329
34.9465332031
16.3700447083
17.5453052521
13.2855138779
6.14929246902
2.82058477402
1.31389892101
0.624320983887
0.298337101936
0.146621033549
0.0729197561741
0.035397335887
0.0165679454803
0.00780372228473
0.00380727602169
0.001955231186
0.00104795990046
0.000571479147766
0.000308416812913
0.00016136818158
8.09792909422e-05
6.89509324729e-05
6.23532790343
-1.68474849231
-0.0650047047541
RSS 99661254722.49403
BP MaxDensity 6.49018516040629
EFS MaxDensity 7.11559424767243
a0 3.5082793152028793
e0 -325.59663133654817
b0 412909.47374559985
---END---
---START---
00000083
PARAMETERS 
44
-0.443851375651
-1.79151658725
0.637591254179
3.02587608593
3.69104434055
3.17671254059
-7.30103692271
0.00242192061748
-7.5841288269
0.00732997412135
0.302448150421
0.0991906298453
0.820529713536
0.0372444114437
4.88372726867e-05
0.00136429503057
-3.37807273865
30.9545097351
24.3578262329
34.9465332031
16.3700447083
17.5453052521
13.2855138779
6.14929246902
2.82058477402
1.31389892101
0.624320983887
0.298337101936
0.146621033549
0.0729197561741
0.035397335887
0.0165679454803
0.00780372228473
0.00380727602169
0.001955231186
0.00104795990046
0.000571479147766
0.000308416812913
0.00016136818158
8.09792909422e-05
6.89509324729e-05
3.16397873749
1.12324993952
0.0168011992353
RSS 100729423998.89714
BP MaxDensity 6.49018516040629
EFS MaxDensity 7.11559424767243
a0 3.5168950143205544
e0 -124.39460858551061
b0 522902.0164856786
---END---
---START---
00000084
PARAMETERS 
44
-0.56004014813
0.0458612772004
0.38851970979
2.79427919987
4.19345624409
-1.15830695189
-2.30282543082
0.0277859290381
-3.02477945913
-0.00724961215061
-0.577876087186
0.223878975453
-0.127650358518
0.0389189379383
-0.000173931049079
0.00225119679249
-3.37807273865
30.9545097351
24.3578262329
34.9465332031
16.3700447083
17.5453052521
13.2855138779
6.14929246902
2.82058477402
1.31389892101
0.624320983887
0.298337101936
0.146621033549
0.0729197561741
0.035397335887
0.0165679454803
0.00780372228473
0.00380727602169
0.001955231186
0.00104795990046
0.000571479147766
0.000308416812913
0.00016136818158
8.09792909422e-05
6.89509324729e-05
23.7486185642
-5.89699031741
0.0789508906842
RSS 103965562621.65018
BP MaxDensity 6.49018516040629
EFS MaxDensity 7.11559424767243
a0 3.413668195951147
e0 -204.7661620450914
b0 505744.75515628036
---END---
---START---
00000085
PARAMETERS 
44
0.233800526362
-1.36995234447
-0.176768205483
2.07259457372
-2.29035965054
6.28751416666
-3.95621617028
0.0498342859773
0.123148660577
0.0469949544557
-0.256610019574
0.818922058561
-0.221356827534
0.00116956308274
5.87970110283e-05
0.00369983024462
-3.37807273865
30.9545097351
24.3578262329
34.9465332031
16.3700447083
17.5453052521
13.2855138779
6.14929246902
2.82058477402
1.31389892101
0.624320983887
0.298337101936
0.146621033549
0.0729197561741
0.035397335887
0.0165679454803
0.00780372228473
0.00380727602169
0.001955231186
0.00104795990046
0.000571479147766
0.000308416812913
0.00016136818158
8.09792909422e-05
6.89509324729e-05
24.8812498451
1.85820698036
0.0341771304312
RSS 104552402791.3504
BP MaxDensity 6.49018516040629
EFS MaxDensity 7.11559424767243
a0 3.4478084858153952
e0 132.8301467352837
b0 536316.0078814563
---END---
---START---
00000086
PARAMETERS 
44
0.560783962654
-4.03913277482
-1.0756373937
-2.33510690693
-4.35644014907
-2.87984680336
-7.9224651136
-0.031512709155
4.00969607102
-0.0231585277484
-2.1016795459
-0.967270471177
0.299243299884
0.0216047734406
2.04011531362e-05
0.00406278122198
-3.37807273865
30.9545097351
24.3578262329
34.9465332031
16.3700447083
17.5453052521
13.2855138779
6.14929246902
2.82058477402
1.31389892101
0.624320983887
0.298337101936
0.146621033549
0.0729197561741
0.035397335887
0.0165679454803
0.00780372228473
0.00380727602169
0.001955231186
0.00104795990046
0.000571479147766
0.000308416812913
0.00016136818158
8.09792909422e-05
6.89509324729e-05
14.447764821
0.887980687841
0.0292775509367
RSS 104676106451.94913
BP MaxDensity 6.49018516040629
EFS MaxDensity 7.11559424767243
a0 3.43128250275682
e0 47.10231004734719
b0 531502.519251395
---END---
---START---
00000087
PARAMETERS 
44
0.43151617701
-4.02762661683
-0.022357229912
-5.13393964144
-2.10651488059
6.28650382582
-4.79170866259
0.0163128346366
-3.08543922276
0.0350955656831
-1.49603141229
-1.28958672428
0.464025531094
-0.0133131333972
-2.68304036297e-05
-0.00148125101365
-3.37807273865
30.9545097351
24.3578262329
34.9465332031
16.3700447083
17.5453052521
13.2855138779
6.14929246902
2.82058477402
1.31389892101
0.624320983887
0.298337101936
0.146621033549
0.0729197561741
0.035397335887
0.0165679454803
0.00780372228473
0.00380727602169
0.001955231186
0.00104795990046
0.000571479147766
0.000308416812913
0.00016136818158
8.09792909422e-05
6.89509324729e-05
14.2946030183
-3.88718547687
0.098041856285
RSS 105155181250.63716
BP MaxDensity 6.49018516040629
EFS MaxDensity 7.11559424767243
a0 3.500461406519026
e0 -3.053193856770067
b0 453724.21695982665
---END---
---START---
00000088
PARAMETERS 
44
-0.569256730587
2.20590275481
1.32046546059
2.81233270456
-2.62631282303
5.81942973467
-9.46647107514
0.0550019421904
5.76198230521
0.0585973635315
1.4673436007
3.02743799629
-0.69511202169
0.00233239652622
-0.000191588314822
-0.000552202360407
-3.37807273865
30.9545097351
24.3578262329
34.9465332031
16.3700447083
17.5453052521
13.2855138779
6.14929246902
2.82058477402
1.31389892101
0.624320983887
0.298337101936
0.146621033549
0.0729197561741
0.035397335887
0.0165679454803
0.00780372228473
0.00380727602169
0.001955231186
0.00104795990046
0.000571479147766
0.000308416812913
0.00016136818158
8.09792909422e-05
6.89509324729e-05
-13.897192337
1.16966010255
-0.0121222571779
RSS 106021802594.69136
BP MaxDensity 6.49018516040629
EFS MaxDensity 7.11559424767243
a0 3.415595850197311
e0 -115.93823146350684
b0 602829.1007453968
---END---
---START---
00000089
PARAMETERS 
44
-0.0883883736763
1.58304007926
0.0245774973157
0.170878395251
-4.2059039908
3.53605699059
-8.89626075481
-0.00278624774988
0.123210415592
-0.00297457007223
1.99315040663
3.05223088935
-0.105858502782
0.0370481464223
7.86513973862e-05
0.00169537903212
-3.37807273865
30.9545097351
24.3578262329
34.9465332031
16.3700447083
17.5453052521
13.2855138779
6.14929246902
2.82058477402
1.31389892101
0.624320983887
0.298337101936
0.146621033549
0.0729197561741
0.035397335887
0.0165679454803
0.00780372228473
0.00380727602169
0.001955231186
0.00104795990046
0.000571479147766
0.000308416812913
0.00016136818158
8.09792909422e-05
6.89509324729e-05
24.6761912105
-0.568729298978
0.0315268254431
RSS 107093025805.0302
BP MaxDensity 6.49018516040629
EFS MaxDensity 7.11559424767243
a0 3.4458225775753712
e0 -57.35683556045956
b0 560994.342490133
---END---
---START---
00000090
PARAMETERS 
44
0.218577661874
2.53038401028
0.0742551212811
-4.85523203793
1.33118859314
-2.53595896199
-6.48224177991
-0.0277227663706
3.81831080799
0.0208233323123
0.164919550799
1.46599800729
1.38777635578
-0.0249893514057
-7.2561081291e-06
-0.00147571554765
-3.37807273865
30.9545097351
24.3578262329
34.9465332031
16.3700447083
17.5453052521
13.2855138779
6.14929246902
2.82058477402
1.31389892101
0.624320983887
0.298337101936
0.146621033549
0.0729197561741
0.035397335887
0.0165679454803
0.00780372228473
0.00380727602169
0.001955231186
0.00104795990046
0.000571479147766
0.000308416812913
0.00016136818158
8.09792909422e-05
6.89509324729e-05
3.70989084704
-2.8182132674
-0.0198792062145
RSS 108629673320.45743
BP MaxDensity 6.49018516040629
EFS MaxDensity 7.11559424767243
a0 3.375915304842469
e0 -312.2865789106058
b0 518958.443529485
---END---
---START---
00000091
PARAMETERS 
44
-0.264599072095
-2.9760369651
-1.60522934318
5.07851048654
0.763648977615
3.03456523287
2.99792588688
0.0187214928001
-6.20609491957
0.0228925695011
0.441774034608
1.82805039679
0.992763373534
-0.0287762426906
-0.000180760413692
-0.000771311068376
-3.37807273865
30.9545097351
24.3578262329
34.9465332031
16.3700447083
17.5453052521
13.2855138779
6.14929246902
2.82058477402
1.31389892101
0.624320983887
0.298337101936
0.146621033549
0.0729197561741
0.035397335887
0.0165679454803
0.00780372228473
0.00380727602169
0.001955231186
0.00104795990046
0.000571479147766
0.000308416812913
0.00016136818158
8.09792909422e-05
6.89509324729e-05
20.5518330133
-5.96005828437
-0.0267121393079
RSS 109335379103.89767
BP MaxDensity 6.49018516040629
EFS MaxDensity 7.11559424767243
a0 3.344048908595937
e0 -375.72602862052435
b0 570466.5543833198
---END---
---START---
00000092
PARAMETERS 
44
-0.262740539404
4.06430825244
-1.826500883
-2.97346380855
-5.93711537628
5.54023136602
10.7636475413
0.0652853230759
-5.51518726383
0.0486727812217
-1.45526829067
0.0930084834266
-0.87010107083
0.00101039577728
0.00012296303763
0.00312280310364
-3.37807273865
30.9545097351
24.3578262329
34.9465332031
16.3700447083
17.5453052521
13.2855138779
6.14929246902
2.82058477402
1.31389892101
0.624320983887
0.298337101936
0.146621033549
0.0729197561741
0.035397335887
0.0165679454803
0.00780372228473
0.00380727602169
0.001955231186
0.00104795990046
0.000571479147766
0.000308416812913
0.00016136818158
8.09792909422e-05
6.89509324729e-05
23.881419826
2.50059685493
0.0481899026519
RSS 110474459523.77664
BP MaxDensity 6.49018516040629
EFS MaxDensity 7.11559424767243
a0 3.3790212710170526
e0 29.85398907451874
b0 596529.6621480731
---END---
---START---
00000093
PARAMETERS 
44
-0.409211608209
2.42587288573
1.35664098733
-0.506634252668
-4.95950976474
6.56003679907
9.80421359375
0.0102825953845
-1.49271617015
0.0394538405728
-0.624829861752
1.22733950626
-1.07051884145
-0.0205184784593
0.000127821409208
-0.00289970834097
-3.37807273865
30.9545097351
24.3578262329
34.9465332031
16.3700447083
17.5453052521
13.2855138779
6.14929246902
2.82058477402
1.31389892101
0.624320983887
0.298337101936
0.146621033549
0.0729197561741
0.035397335887
0.0165679454803
0.00780372228473
0.00380727602169
0.001955231186
0.00104795990046
0.000571479147766
0.000308416812913
0.00016136818158
8.09792909422e-05
6.89509324729e-05
-11.4447053669
3.55929586379
0.0590538494678
RSS 112947911583.07208
BP MaxDensity 6.49018516040629
EFS MaxDensity 7.11559424767243
a0 3.3766269089549286
e0 103.36610518909191
b0 628969.4579292728
---END---
---START---
00000094
PARAMETERS 
44
-0.339724509842
2.86148643267
-0.622407351425
-5.28277548245
1.03818130346
6.08192080206
-5.9307847478
0.0200073594236
-7.83371600978
0.0594962539027
0.33131825559
-0.179193706118
-0.826808782049
0.0210477855848
8.79097796048e-05
-0.00185907481359
-3.37807273865
30.9545097351
24.3578262329
34.9465332031
16.3700447083
17.5453052521
13.2855138779
6.14929246902
2.82058477402
1.31389892101
0.624320983887
0.298337101936
0.146621033549
0.0729197561741
0.035397335887
0.0165679454803
0.00780372228473
0.00380727602169
0.001955231186
0.00104795990046
0.000571479147766
0.000308416812913
0.00016136818158
8.09792909422e-05
6.89509324729e-05
1.64013710829
0.236836181025
0.091310712387
RSS 112981488097.6873
BP MaxDensity 6.49018516040629
EFS MaxDensity 7.11559424767243
a0 3.541360351169961
e0 -187.2589065205368
b0 583247.4194839321
---END---
---START---
00000095
PARAMETERS 
44
-1.22306558031
0.839909512682
-1.5715018678
-10.6665346835
-10.3914675148
3.11743783762
-19.6545560454
-0.0178625712213
11.5619672195
-0.0126184021749
-4.03297676472
-3.23445929244
2.30753534822
0.0292554968904
-0.000294457545269
-0.00642801862086
-3.37807273865
30.9545097351
24.3578262329
34.9465332031
16.3700447083
17.5453052521
13.2855138779
6.14929246902
2.82058477402
1.31389892101
0.624320983887
0.298337101936
0.146621033549
0.0729197561741
0.035397335887
0.0165679454803
0.00780372228473
0.00380727602169
0.001955231186
0.00104795990046
0.000571479147766
0.000308416812913
0.00016136818158
8.09792909422e-05
6.89509324729e-05
13.4887521438
-1.60211944262
-0.14649791261
RSS 113106545435.24257
BP MaxDensity 6.49018516040629
EFS MaxDensity 7.11559424767243
a0 3.428738046055689
e0 -378.70599393453983
b0 417144.78112830897
---END---
---START---
00000096
PARAMETERS 
44
0.015744653851
-2.00148016072
-0.788217451891
-3.50766539555
-4.26902805919
-5.17299368802
-7.83841645904
-0.0483034769842
4.3342270922
0.0469868183259
-2.04077250123
-0.765698714951
0.380120948944
0.0181951555144
8.48459110244e-05
-0.00275048533151
-3.37807273865
30.9545097351
24.3578262329
34.9465332031
16.3700447083
17.5453052521
13.2855138779
6.14929246902
2.82058477402
1.31389892101
0.624320983887
0.298337101936
0.146621033549
0.0729197561741
0.035397335887
0.0165679454803
0.00780372228473
0.00380727602169
0.001955231186
0.00104795990046
0.000571479147766
0.000308416812913
0.00016136818158
8.09792909422e-05
6.89509324729e-05
-13.4527167894
2.61886452247
-0.0177456879634
RSS 114202889067.32858
BP MaxDensity 6.49018516040629
EFS MaxDensity 7.11559424767243
a0 3.407131598164462
e0 -97.26127255878325
b0 560033.753002429
---END---
---START---
00000097
PARAMETERS 
44
-0.525927527433
-2.61391381281
-1.46497159929
-0.427010569614
1.57115618885
-2.00140086033
8.22769240103
0.0332628252182
-7.56609543196
0.0443432447596
-1.73040558997
-0.559218263409
-0.436376183988
-0.0179472190034
-5.13421929396e-05
0.000546422472514
-3.37807273865
30.9545097351
24.3578262329
34.9465332031
16.3700447083
17.5453052521
13.2855138779
6.14929246902
2.82058477402
1.31389892101
0.624320983887
0.298337101936
0.146621033549
0.0729197561741
0.035397335887
0.0165679454803
0.00780372228473
0.00380727602169
0.001955231186
0.00104795990046
0.000571479147766
0.000308416812913
0.00016136818158
8.09792909422e-05
6.89509324729e-05
-1.59718986353
1.44981413863
0.0367961007903
RSS 114373729167.57768
BP MaxDensity 6.49018516040629
EFS MaxDensity 7.11559424767243
a0 3.37983737759591
e0 -39.603132266401076
b0 552742.2241290975
---END---
---START---
00000098
PARAMETERS 
44
0.0692568730526
1.59537601448
-1.57030293341
-5.437599247
3.31169105971
0.903362830016
-10.8228639825
0.0648634588743
-1.77750100123
-0.0408335525084
-0.793643952201
-0.626276880029
-0.146580904136
0.0275854887808
0.000167595426695
0.00355738596423
-3.37807273865
30.9545097351
24.3578262329
34.9465332031
16.3700447083
17.5453052521
13.2855138779
6.14929246902
2.82058477402
1.31389892101
0.624320983887
0.298337101936
0.146621033549
0.0729197561741
0.035397335887
0.0165679454803
0.00780372228473
0.00380727602169
0.001955231186
0.00104795990046
0.000571479147766
0.000308416812913
0.00016136818158
8.09792909422e-05
6.89509324729e-05
-1.86323496668
-2.79993602517
-0.0322627085347
RSS 114938766989.90886
BP MaxDensity 6.49018516040629
EFS MaxDensity 7.11559424767243
a0 3.4642940446097157
e0 -362.24110938934706
b0 443840.82818138716
---END---
---START---
00000099
PARAMETERS 
44
0.00506450928579
1.74867388553
-1.75204593086
-2.42294365305
0.970215587291
2.61632699071
-0.160580078746
0.034640881974
-7.79920596829
0.0123695304983
-0.231891053038
0.436846806676
0.224303964522
-0.0122339892454
4.95731362945e-05
0.00381927675885
-3.37807273865
30.9545097351
24.3578262329
34.9465332031
16.3700447083
17.5453052521
13.2855138779
6.14929246902
2.82058477402
1.31389892101
0.624320983887
0.298337101936
0.146621033549
0.0729197561741
0.035397335887
0.0165679454803
0.00780372228473
0.00380727602169
0.001955231186
0.00104795990046
0.000571479147766
0.000308416812913
0.00016136818158
8.09792909422e-05
6.89509324729e-05
27.78905591
-4.77538897215
0.0252233160694
RSS 121107687125.36668
BP MaxDensity 6.49018516040629
EFS MaxDensity 7.11559424767243
a0 3.416183852714864
e0 -263.10726682627836
b0 501936.1483925728
---END---
---START---
00000100
PARAMETERS 
44
0.45613659336
-2.51955149414
0.448638401555
-4.85654503682
2.40444746124
-4.62547390953
-10.5267008806
-0.00367288964168
-0.538058703576
-0.0290163846665
-2.12248416541
-1.73533310788
0.27064451623
0.0150431867393
-2.16711274422e-05
-0.000422374258906
-3.37807273865
30.9545097351
24.3578262329
34.9465332031
16.3700447083
17.5453052521
13.2855138779
6.14929246902
2.82058477402
1.31389892101
0.624320983887
0.298337101936
0.146621033549
0.0729197561741
0.035397335887
0.0165679454803
0.00780372228473
0.00380727602169
0.001955231186
0.00104795990046
0.000571479147766
0.000308416812913
0.00016136818158
8.09792909422e-05
6.89509324729e-05
-17.3845620318
-2.90958785047
-0.0174591648686
RSS 121806454538.9117
BP MaxDensity 6.49018516040629
EFS MaxDensity 7.11559424767243
a0 3.4428221297875536
e0 -301.8469222598495
b0 449778.8292379799
---END---
