RSS:  
771668.8517802587

P:  
0.0165240520015
0.0689532473973
-0.0299207753939
0.0423568679193
0.0651568742781
-0.313489797979
-0.314974860234
-0.00377524274495
0.0861535193553
0.000719648056335
0.0621358290471
0.0580221722852
-0.0155082448812
-0.000367902265335
1.61629577315e-05
6.58812120136e-06
0.329730900502
3.24082522037
-5.15161188215
0.781604460409
0.0273820232434

Known:
a0:     3.42
e0:     -4.27
B0:     210.99999999941215
EC:     365.000 137.000 137.000  0.000  0.000  0.000 
        137.000 365.000 137.000  0.000  0.000  0.000 
        137.000 137.000 365.000  0.000  0.000  0.000 
         0.000  0.000  0.000 186.000  0.000  0.000 
         0.000  0.000  0.000  0.000 186.000  0.000 
         0.000  0.000  0.000  0.000  0.000 186.000 

Calculated:
a0:     3.7007294544646774
e0:     -6.688100775093966
B0:     478.5390538719402
EC:     674.541 805.256 805.256  0.000  0.000  0.000 
        805.256 674.541 805.256  0.000  0.000  0.000 
        805.256 805.256 674.541  0.000  0.000  0.000 
         0.000  0.000  0.000 410.127  0.000  0.000 
         0.000  0.000  0.000  0.000 410.127  0.000 
         0.000  0.000  0.000  0.000  0.000 410.127 



