RSS:  
200.14026986366372

P:  
18.9666015324
4.07122339848
-0.273269465704
0.0110793246794
0.0210085659183
0.0164505987553
0.0605239862496
1.11356550702
-12.4792031189
87.2324014924

Known:
a0:     2.86
e0:     -4.32
B0:     169.99999999952638
EC:     243.000 145.000 145.000  0.000  0.000  0.000 
        145.000 243.000 145.000  0.000  0.000  0.000 
        145.000 145.000 243.000  0.000  0.000  0.000 
         0.000  0.000  0.000 116.000  0.000  0.000 
         0.000  0.000  0.000  0.000 116.000  0.000 
         0.000  0.000  0.000  0.000  0.000 116.000 

Known:
a0:     3.42
e0:     -4.27
B0:     221.99999999938152
EC:     365.600 141.600 233.800  0.000  0.000  0.000 
        141.600 298.700 130.400  0.000  0.000  0.000 
        233.800 130.400 364.600  0.000  0.000  0.000 
         0.000  0.000  0.000 186.300  0.000  0.000 
         0.000  0.000  0.000  0.000 266.800  0.000 
         0.000  0.000  0.000  0.000  0.000 186.300 

Calculated:
a0:     2.906052120862239
e0:     -4.348054504533167
B0:     239.4513346081278
EC:     227.430 158.548 158.548  0.000  0.000  0.000 
        158.548 227.430 158.548  0.000  0.000  0.000 
        158.548 158.548 227.430  0.000  0.000  0.000 
         0.000  0.000  0.000 149.686  0.000  0.000 
         0.000  0.000  0.000  0.000 149.686  0.000 
         0.000  0.000  0.000  0.000  0.000 149.686 

Calculated:
a0:     3.6286142430322768
e0:     -4.286146336235478
B0:     260.1558483231611
EC:     298.706 156.815 282.395  0.000  0.000  0.000 
        156.815 224.153 156.456  0.000  0.000  0.000 
        282.395 156.456 298.706  0.000  0.000  0.000 
         0.000  0.000  0.000 149.221  0.000  0.000 
         0.000  0.000  0.000  0.000 185.113  0.000 
         0.000  0.000  0.000  0.000  0.000 149.221 



