RSS:  
1597.4123428086505

P:  
-64.7516461239
50.6276775661
88.986338659
34.0843212936
-35.5020783001
0.139396678834
-9.27475719873
0.644890398599
0.15902237589
-0.241878878885
0.810202069008
0.968474617636
0.130911675418
0.504078120622
0.0988226401573
-0.551294694408
0.230902025926
-0.0339360108893
0.0
-1.94938564301
30.3556213379
24.3362083435
34.9576034546
16.2302913666
17.857875824
7.66438293457
1.23997938633
0.442521393299
0.109044238925
0.0200536046177
0.00229621282779
0.00255827326328
0.00108765787445
7.98819164629e-05
4.18824820372e-05
4.40689618699e-05
0.712750788154
-0.0508751314706
131.226556071
-4.05888701086
-0.750856441971
46.6415587948
-41.0448673
-6.05416172478
-4.73034914455
-0.188283349181
-0.088203466793
0.740805657382
-0.554374239797
-0.0861032612764
0.907763299216
0.374071371856
0.303064478743
-0.23189060566
0.241164358141
-0.107048195423
0.0
-1.94938564301
30.3556213379
24.3362083435
34.9576034546
16.2302913666
17.857875824
7.66438293457
1.23997938633
0.442521393299
0.109044238925
0.0200536046177
0.00229621282779
0.00255827326328
0.00108765787445
7.98819164629e-05
4.18824820372e-05
4.40689618699e-05
-0.610627929103
0.49310613436
90.6178801138
-13.3651909392
-61.924085534
-71.2702126877
23.589934372
-7.51525080984
-1.63889622414
0.273834327708
-0.382885760161
-0.798707549888
0.253086402324
0.389813865557
1.07598500611
0.444290624465
0.431615552435
0.587991239399
0.599650397868
-0.74552900562
0.0

Known:
a0:     3.42
e0:     -4.27
B0:     221.99999999938152
EC:     365.600 141.600 141.600  0.000  0.000  0.000 
        141.600 365.600 141.600  0.000  0.000  0.000 
        141.600 141.600 365.600  0.000  0.000  0.000 
         0.000  0.000  0.000 186.000  0.000  0.000 
         0.000  0.000  0.000  0.000 186.000  0.000 
         0.000  0.000  0.000  0.000  0.000 186.000 

Known:
a0:     3.89
e0:     -3.91
B0:     179.99999999949853
EC:     234.000 176.000 176.000  0.000  0.000  0.000 
        176.000 234.000 176.000  0.000  0.000  0.000 
        176.000 176.000 234.000  0.000  0.000  0.000 
         0.000  0.000  0.000 71.200  0.000  0.000 
         0.000  0.000  0.000  0.000 71.200  0.000 
         0.000  0.000  0.000  0.000  0.000 71.200 

Calculated:
a0:     3.6654191573545694
e0:     -4.257087359591421
B0:     255.62975659667134
EC:     93.692 246.649 246.649  0.000  0.000  0.000 
        246.649 93.692 246.649  0.000  0.000  0.000 
        246.649 246.649 93.692  0.000  0.000  0.000 
         0.000  0.000  0.000 121.319  0.000  0.000 
         0.000  0.000  0.000  0.000 121.319  0.000 
         0.000  0.000  0.000  0.000  0.000 121.319 

Calculated:
a0:     4.200197390261116
e0:     -4.119563740243953
B0:     194.64951943183993
EC:     291.472 205.436 205.436  0.000  0.000  0.000 
        205.436 291.472 205.436  0.000  0.000  0.000 
        205.436 205.436 291.472  0.000  0.000  0.000 
         0.000  0.000  0.000 129.699  0.000  0.000 
         0.000  0.000  0.000  0.000 129.699  0.000 
         0.000  0.000  0.000  0.000  0.000 129.699 



