##############################################################################################################################
STRESS RESULTS
Config Count: 149
##############################################################################################################################
Config 1:   0.00845101112716   -2.18275021208e-08 -8.84688995056e-11 
            -2.18275021209e-08 0.00633238882628   -3.00078988903e-08 
            -8.84688996162e-11 -3.00078988903e-08 0.0084516829021    

Config 2:   0.00260437299443   -0.000171524447582 -0.00068795105912  
            -0.000171524447582 0.00248516080871   -2.78983070254e-05 
            -0.00068795105912  -2.78983070254e-05 0.00268679115428   

Config 3:   0.00911433147875   -2.28202350146e-08 1.03985439775e-09  
            -2.28202350147e-08 0.00815525080635   -2.57560530559e-08 
            1.03985439798e-09  -2.57560530559e-08 0.00911482049042   

Config 4:   0.00993168100733   0.000129030565061  -5.35682829413e-05 
            0.000129030565061  0.0135960099392    6.39277742945e-05  
            -5.35682829413e-05 6.39277742945e-05  0.0088780560054    

Config 5:   0.00378564938648   0.000619078579268  0.00143910319884   
            0.000619078579268  0.00255000391194   0.000430034018353  
            0.00143910319884   0.000430034018353  0.00225551038062   

Config 6:   0.0122317480706    0.000171703441488  -4.05342663832e-05 
            0.000171703441488  0.016990506033     0.000104348060828  
            -4.05342663832e-05 0.000104348060828  0.0111841452092    

Config 7:   0.00480381838327   -0.000172538921174 -0.000564225699939 
            -0.000172538921174 0.00586334360388   -4.31293415895e-05 
            -0.000564225699939 -4.31293415895e-05 0.00479937663847   

Config 8:   0.00735658862476   -0.000116596360329 4.88788049562e-05  
            -0.000116596360329 0.00787773197737   0.00122218842366   
            4.88788049562e-05  0.00122218842366   0.00752543493795   

Config 9:   0.00725004051088   0.00172715169243   2.33462442449e-05  
            0.00172715169243   0.00775095071846   7.47944813996e-05  
            2.33462442449e-05  7.47944813996e-05  0.00759761359843   

Config 10:  0.00664654950213   0.000132482524524  0.000412887356921  
            0.000132482524524  0.00703227014186   5.87813704844e-07  
            0.000412887356921  5.87813704844e-07  0.00776684683918   

Config 11:  0.00845101112716   -2.18275021208e-08 -8.84688995056e-11 
            -2.18275021209e-08 0.00633238882628   -3.00078988903e-08 
            -8.84688996162e-11 -3.00078988903e-08 0.0084516829021    

Config 12:  0.00711939876948   0.00017304763632   0.000544240392421  
            0.00017304763632   0.00896258107151   4.22623306341e-05  
            0.000544240392421  4.22623306341e-05  0.00823598006963   

Config 13:  0.00857071257252   -2.16612012557e-08 -1.37881475507e-10 
            -2.16612012557e-08 0.00654379091648   -2.99472883387e-08 
            -1.37881475472e-10 -2.99472883388e-08 0.00845167289389   

Config 14:  0.00845101112716   -2.18275021208e-08 -8.84688995056e-11 
            -2.18275021209e-08 0.00633238882628   -3.00078988903e-08 
            -8.84688996162e-11 -3.00078988903e-08 0.0084516829021    

Config 15:  0.0072734114294    0.00219999736018   2.35031565113e-05  
            0.00219999736018   0.00777212523312   7.50915687549e-05  
            2.35031565113e-05  7.50915687549e-05  0.00760629212166   

Config 16:  0.00845101112716   -2.18275021208e-08 -8.84688995056e-11 
            -2.18275021209e-08 0.00633238882628   -3.00078988903e-08 
            -8.84688996162e-11 -3.00078988903e-08 0.0084516829021    

Config 17:  0.00852464541264   -2.14350590405e-08 -2.69866445661e-10 
            -2.14350590405e-08 0.00696370706161   -2.95005473887e-08 
            -2.69866445641e-10 -2.95005473887e-08 0.00880939141299   

Config 18:  0.00863022910071   -2.16236563308e-08 -1.79381411455e-10 
            -2.1623656331e-08  0.00664915099096   -2.99048659179e-08 
            -1.79381411364e-10 -2.99048659178e-08 0.00846144853868   

Config 19:  0.00721141399108   0.000304198145447  2.27522731438e-05  
            0.000304198145447  0.00772051379384   7.36894938281e-05  
            2.27522731438e-05  7.36894938281e-05  0.00757655571409   

Config 20:  0.00849719920096   -2.1244867993e-08  1.29356448295e-09  
            -2.12448679929e-08 0.00685897616498   -2.95871978802e-08 
            1.29356448289e-09  -2.95871978801e-08 0.00874947909763   

Config 21:  0.00855350707691   -2.33969790927e-08 -1.29940515659e-10 
            -2.33969790928e-08 0.00657394638676   -3.02587630506e-08 
            -1.29940515766e-10 -3.02587630506e-08 0.00855417139511   

Config 22:  0.00734887463096   -0.000116105690936 4.86691082274e-05  
            -0.000116105690936 0.00785783312941   0.000767769764583  
            4.86691082274e-05  0.000767769764583  0.00750370090031   

Config 23:  0.00721882379279   0.000779303279649  2.29796582185e-05  
            0.000779303279649  0.00772491142138   7.40916036998e-05  
            2.29796582185e-05  7.40916036998e-05  0.00758257086332   

Config 24:  0.0089593132991    -2.03035049626e-08 -2.92444893691e-10 
            -2.03035049625e-08 0.00761635228348   -2.9467653811e-08  
            -2.92444893711e-10 -2.94676538109e-08 0.00895994926408   

Config 25:  0.00687794880588   0.000158392172074  0.00048625378104   
            0.000158392172074  0.00801802667691   1.90610472575e-05  
            0.00048625378104   1.90610472575e-05  0.00801752960896   

Config 26:  0.00672996611173   0.000135957754774  0.000442904392055  
            0.000135957754774  0.00739159074129   1.39554875783e-05  
            0.000442904392055  1.39554875783e-05  0.00784721697589   

Config 27:  0.00885860854712   -2.36786551594e-08 -2.52355462842e-10 
            -2.36786551593e-08 0.00734480639017   -2.62570278138e-08 
            -2.52355462717e-10 -2.62570278139e-08 0.00885925145123   

Config 28:  0.00875731643605   -2.16496130307e-08 -2.11372051292e-10 
            -2.16496130305e-08 0.00708017963639   -2.98818136254e-08 
            -2.11372051483e-10 -2.98818136255e-08 0.00875796611411   

Config 29:  0.00691233860335   0.000175781140418  0.000484337004288  
            0.000175781140418  0.00805603022131   4.16451732253e-06  
            0.000484337004288  4.16451732253e-06  0.00814781374619   

Config 30:  0.00730915364312   -0.000158264854502 -2.95039054857e-05 
            -0.000158264854502 0.00763499630564   5.74599664136e-05  
            -2.95039054857e-05 5.74599664136e-05  0.00709492239495   

Config 31:  0.0083452743893    -2.15027801979e-08 1.45174161e-09     
            -2.1502780198e-08  0.0062050003771    -2.99517487585e-08 
            1.45174161015e-09  -2.99517487586e-08 0.00840994282674   

Config 32:  0.00845101112716   -2.18275021208e-08 -8.84688995056e-11 
            -2.18275021209e-08 0.00633238882628   -3.00078988903e-08 
            -8.84688996162e-11 -3.00078988903e-08 0.0084516829021    

Config 33:  0.00880872754586   -2.14237361661e-08 -2.75534772933e-10 
            -2.14237361659e-08 0.00696367605154   -2.97442597822e-08 
            -2.75534772851e-10 -2.97442597822e-08 0.00852509723504   

Config 34:  0.00767939865415   -8.53121906344e-05 0.00115094767348   
            -8.53121906344e-05 0.0076918135864    4.72182552818e-05  
            0.00115094767348   4.72182552818e-05  0.00735914512792   

Config 35:  0.00845106930152   -2.14461148435e-08 1.36681691151e-09  
            -2.14461148435e-08 0.00654379960286   -2.98242406393e-08 
            1.36681691162e-09  -2.98242406392e-08 0.00857138092036   

Config 36:  0.00711755462218   -4.81814637789e-05 0.00101685595261   
            -4.81814637789e-05 0.00779715201311   4.3362876832e-05   
            0.00101685595261   4.3362876832e-05   0.0071747589766    

Config 37:  0.008689428155     -2.15538070844e-08 -2.26150403115e-10 
            -2.15538070843e-08 0.00675421549973   -2.98582329783e-08 
            -2.26150403252e-10 -2.98582329784e-08 0.00847658093187   

Config 38:  0.00736524572069   -0.000117089149024 4.90773216023e-05  
            -0.000117089149024 0.00790288796471   0.0016759518496    
            4.90773216023e-05  0.0016759518496    0.00755210773545   

Config 39:  0.00845101112716   -2.18275021208e-08 -8.84688995056e-11 
            -2.18275021209e-08 0.00633238882628   -3.00078988903e-08 
            -8.84688996162e-11 -3.00078988903e-08 0.0084516829021    

Config 40:  0.00845101112716   -2.18275021208e-08 -8.84688995056e-11 
            -2.18275021209e-08 0.00633238882628   -3.00078988903e-08 
            -8.84688996162e-11 -3.00078988903e-08 0.0084516829021    

Config 41:  0.00845101112716   -2.18275021208e-08 -8.84688995056e-11 
            -2.18275021209e-08 0.00633238882628   -3.00078988903e-08 
            -8.84688996162e-11 -3.00078988903e-08 0.0084516829021    

Config 42:  0.00849472437243   -2.29570015929e-08 1.84864460256e-10  
            -2.29570015931e-08 0.00646870712147   -3.00057713102e-08 
            1.84864460092e-10  -3.00057713102e-08 0.00855340487976   

Config 43:  0.00845101112716   -2.18275021208e-08 -8.84688995056e-11 
            -2.18275021209e-08 0.00633238882628   -3.00078988903e-08 
            -8.84688996162e-11 -3.00078988903e-08 0.0084516829021    

Config 44:  0.00847606307279   -2.13249780659e-08 1.33201899153e-09  
            -2.13249780658e-08 0.00675423422861   -2.96890660781e-08 
            1.33201899157e-09  -2.96890660781e-08 0.0086901010466    

Config 45:  0.00689015298864   0.000147425788827  0.00048699505469   
            0.000147425788827  0.00800528916989   2.93617011412e-05  
            0.00048699505469   2.93617011412e-05  0.0079809802286    

Config 46:  0.00845101112716   -2.18275021208e-08 -8.84688995056e-11 
            -2.18275021209e-08 0.00633238882628   -3.00078988903e-08 
            -8.84688996162e-11 -3.00078988903e-08 0.0084516829021    

Config 47:  0.00846088240083   -2.16486175979e-08 -1.82408244446e-10 
            -2.16486175978e-08 0.00664916735572   -2.97569957296e-08 
            -1.82408244338e-10 -2.97569957295e-08 0.00863089858356   

Config 48:  0.0066152387479    0.000130916244015  0.000397731667274  
            0.000130916244015  0.00686641176622   -5.99693618339e-06 
            0.000397731667274  -5.99693618339e-06 0.00772929841557   

Config 49:  0.00874881193507   -2.14585129517e-08 -2.48539855725e-10 
            -2.14585129516e-08 0.00685895152953   -2.98017811464e-08 
            -2.48539855786e-10 -2.98017811463e-08 0.00849768430411   

Config 50:  0.00788627703345   -6.13481014226e-05 0.00174982240897   
            -6.13481014226e-05 0.00737663714545   9.94438024418e-05  
            0.00174982240897   9.94438024418e-05  0.00740492430605   

Config 51:  0.00737482845259   -0.000117591734138 4.92838060015e-05  
            -0.000117591734138 0.00793324177101   0.00212950707726   
            4.92838060015e-05  0.00212950707726   0.00758357909775   

Config 52:  0.00865568563373   -2.17111134367e-08 -1.70719870807e-10 
            -2.17111134366e-08 0.00682340505339   -2.99254187112e-08 
            -1.70719870863e-10 -2.99254187112e-08 0.00865634260199   

Config 53:  0.00851116065619   -2.1760625687e-08  -1.13775234971e-10 
            -2.1760625687e-08  0.00643837628215   -2.99754685979e-08 
            -1.13775235065e-10 -2.99754685979e-08 0.00844890157976   

Config 54:  0.00744309758106   0.000132183625108  -1.11111524317e-05 
            0.000132183625108  0.0070073025543    -4.27056918968e-05 
            -1.11111524317e-05 -4.27056918968e-05 0.00618268665645   

Config 55:  0.00723179138859   0.0012536468242    2.31536004214e-05  
            0.0012536468242    0.00773518527042   7.44469466246e-05  
            2.31536004214e-05  7.44469466246e-05  0.00758967498402   

Config 56:  0.00816147294876   8.00835823378e-05  0.00147628128555   
            8.00835823378e-05  0.00736579783624   8.55492533563e-05  
            0.00147628128555   8.55492533563e-05  0.00779043021647   

Config 57:  0.0076824842944    -4.9427343825e-05  -8.6950553149e-05  
            -4.9427343825e-05  0.00711289084823   -5.23478660659e-05 
            -8.6950553149e-05  -5.23478660659e-05 0.00593894143219   

Config 58:  0.00748296262685   -5.59469799521e-05 0.000637709671684  
            -5.59469799521e-05 0.00732591627468   8.91236339227e-05  
            0.000637709671684  8.91236339227e-05  0.00698177396033   

Config 59:  0.00701073042753   0.000157333140839  0.000515882861422  
            0.000157333140839  0.00846214827571   3.82473966651e-05  
            0.000515882861422  3.82473966651e-05  0.00808567375716   

Config 60:  0.00734254823531   -0.000115614987231 4.84540298987e-05  
            -0.000115614987231 0.00784361685873   0.000312750372081  
            4.84540298987e-05  0.000312750372081  0.00748714819227   

Config 61:  0.006880126223     0.000152859535474  0.000486664566153  
            0.000152859535474  0.00801056322024   2.41704549177e-05  
            0.000486664566153  2.41704549177e-05  0.00799042187301   

Config 62:  0.00689300448288   0.000169868766574  0.000485178340832  
            0.000169868766574  0.00804101127668   9.05299818662e-06  
            0.000485178340832  9.05299818662e-06  0.00809159664234   

Config 63:  0.00668481027271   0.000134154037679  0.000427951138342  
            0.000134154037679  0.007207252903     7.22034862109e-06  
            0.000427951138342  7.22034862109e-06  0.00780614591411   

Config 64:  0.00844826605024   -2.15101017834e-08 1.40076140012e-09  
            -2.15101017836e-08 0.00643837817266   -2.99120930074e-08 
            1.40076140018e-09  -2.99120930075e-08 0.00851183003218   

Config 65:  0.0071777125626    0.000181112251852  0.000558136074066  
            0.000181112251852  0.00922829483913   4.44142490229e-05  
            0.000558136074066  4.44142490229e-05  0.00833142784779   

Config 66:  0.00723777991291   0.000189276484836  0.000571889389274  
            0.000189276484836  0.00950398785425   4.66543218283e-05  
            0.000571889389274  4.66543218283e-05  0.00843367379833   

Config 67:  0.00688129691656   0.000164075816488  0.00048583293205   
            0.000164075816488  0.00802837028933   1.40284122045e-05  
            0.00048583293205   1.40284122045e-05  0.00804718051375   

Config 68:  0.00706413226476   0.000165121779393  0.000530107713331  
            0.000165121779393  0.0087071101206    4.02114746882e-05  
            0.000530107713331  4.02114746882e-05  0.00815635986415   

Config 69:  0.00678169615853   0.000137892122697  0.000457748736948  
            0.000137892122697  0.00758572159796   2.07678550113e-05  
            0.000457748736948  2.07678550113e-05  0.00789040804348   

Config 70:  0.00905954718994   -1.89918915549e-08 -3.29612151391e-10 
            -1.89918915549e-08 0.00789521724706   -3.21202031891e-08 
            -3.29612151258e-10 -3.21202031891e-08 0.00906017565109   

Config 71:  0.00714746437017   0.000504071179457  1.24976767112e-05  
            0.000504071179457  0.00660739547687   0.000724215902931  
            1.24976767112e-05  0.000724215902931  0.00630231677962   

Config 72:  0.00734387360489   0.000816854754037  0.000251422757303  
            0.000816854754037  0.00663606686977   -0.000279616148594 
            0.000251422757303  -0.000279616148594 0.00721695277304   

Config 73:  0.00702025699598   0.000101806855549  0.000222123571775  
            0.000101806855549  0.00695964416357   -0.000287875254228 
            0.000222123571775  -0.000287875254228 0.00723012991714   

Config 74:  0.00731406124202   0.000108483883012  0.000221626175289  
            0.000108483883012  0.00659298946901   -0.000287242328009 
            0.000221626175289  -0.000287242328009 0.00722874391804   

Config 75:  0.00731630461625   0.000114752729932  0.000218469865846  
            0.000114752729932  0.00631312426886   -0.000281605794921 
            0.000218469865846  -0.000281605794921 0.00752479794908   

Config 76:  0.00743518441757   0.000105982544178  0.00022405792787   
            0.000105982544178  0.00671529969338   -0.00028316622593  
            0.00022405792787   -0.00028316622593  0.00719741425848   

Config 77:  0.00731406124202   0.000108483883012  0.000221626175289  
            0.000108483883012  0.00659298946901   -0.000287242328009 
            0.000221626175289  -0.000287242328009 0.00722874391804   

Config 78:  0.00754383300866   0.00128630862128   0.000231239932711  
            0.00128630862128   0.00678859796059   -9.94629912117e-05 
            0.000231239932711  -9.94629912117e-05 0.00630321759874   

Config 79:  0.00731406124202   0.000108483883012  0.000221626175289  
            0.000108483883012  0.00659298946901   -0.000287242328009 
            0.000221626175289  -0.000287242328009 0.00722874391804   

Config 80:  0.00744946454765   0.000102351658409  0.000226074180705  
            0.000102351658409  0.00698447702973   -0.000265530675258 
            0.000226074180705  -0.000265530675258 0.00761512668115   

Config 81:  0.00749693174868   0.000104725811644  0.000225321094413  
            0.000104725811644  0.00677761764202   -0.000280929694226 
            0.000225321094413  -0.000280929694226 0.00719007429008   

Config 82:  0.00730977227948   0.000400097213844  0.000233414436527  
            0.000400097213844  0.00659407532991   -0.000284250804035 
            0.000233414436527  -0.000284250804035 0.00722392903642   

Config 83:  0.00736414184889   0.000103530506258  0.000224796115635  
            0.000103530506258  0.00691236154137   -0.000269608212943 
            0.000224796115635  -0.000269608212943 0.00754387607512   

Config 84:  0.00737471697974   0.000108910905712  0.000222101681767  
            0.000108910905712  0.00657820875563   -0.00028374359279  
            0.000222101681767  -0.00028374359279  0.00728916947758   

Config 85:  0.007050838737     0.000118462520033  0.000183234999872  
            0.000118462520033  0.00654077059192   0.000631611317837  
            0.000183234999872  0.000631611317837  0.00655524001592   

Config 86:  0.00748321899048   0.000852965141054  0.000220727133313  
            0.000852965141054  0.00672480253998   -0.000103752798791 
            0.000220727133313  -0.000103752798791 0.00630860869602   

Config 87:  0.00763038231136   0.000108337512762  0.000224119753636  
            0.000108337512762  0.00663004795125   -0.000269499605415 
            0.000224119753636  -0.000269499605415 0.00754370838563   

Config 88:  0.00710030261249   0.00010942708466   0.000219284477619  
            0.00010942708466   0.00659507215076   -0.000283274608768 
            0.000219284477619  -0.000283274608768 0.00745287210556   

Config 89:  0.00709987252312   0.000104511627088  0.000221555772303  
            0.000104511627088  0.00681691306585   -0.000287520878954 
            0.000221555772303  -0.000287520878954 0.0072304298758    

Config 90:  0.00756235955085   0.000109301968929  0.000223579341995  
            0.000109301968929  0.00657908042817   -0.000273081152139 
            0.000223579341995  -0.000273081152139 0.00747599084457   

Config 91:  0.00749735946963   0.000109637141678  0.000223069235158  
            0.000109637141678  0.00655711813132   -0.000276651485413 
            0.000223069235158  -0.000276651485413 0.00741128231837   

Config 92:  0.00701521388207   0.000110007161937  0.000217957168691  
            0.000110007161937  0.00660360266476   -0.000279179403593 
            0.000217957168691  -0.000279179403593 0.00767416158689   

Config 93:  0.00741949381436   0.000157788317884  0.000725487164309  
            0.000157788317884  0.00642633615379   0.000238813183975  
            0.000725487164309  0.000238813183975  0.00655877518948   

Config 94:  0.00724249887328   0.000107133736556  0.000221564077092  
            0.000107133736556  0.00666836453416   -0.000287341942534 
            0.000221564077092  -0.000287341942534 0.00722878597147   

Config 95:  0.00731406124202   0.000108483883012  0.000221626175289  
            0.000108483883012  0.00659298946901   -0.000287242328009 
            0.000221626175289  -0.000287242328009 0.00722874391804   

Config 96:  0.00770131369844   0.000101072374332  0.000228548569049  
            0.000101072374332  0.00698363074486   -0.000270509701399 
            0.000228548569049  -0.000270509701399 0.007345971529     

Config 97:  0.00745570436042   0.00015679222636   0.00116711527229   
            0.00015679222636   0.00642275968765   0.00023301515597   
            0.00116711527229   0.00023301515597   0.00659462537274   

Config 98:  0.00729256937644   0.000106603826134  0.000222487016259  
            0.000106603826134  0.00671591918489   -0.000280467570673 
            0.000222487016259  -0.000280467570673 0.00734999919774   

Config 99:  0.008213641057     0.000481198487874  0.00071472304447   
            0.000481198487874  0.00697991943329   0.00033979176062   
            0.00071472304447   0.00033979176062   0.00650255352838   

Config 100: 0.00756172779947   0.000103493519075  0.000226474516476  
            0.000103493519075  0.00684297117688   -0.000278108336185 
            0.000226474516476  -0.000278108336185 0.00721071096742   

Config 101: 0.00705158667884   0.000122969059618  0.000180186332199  
            0.000122969059618  0.00658239404266   0.000916497110453  
            0.000180186332199  0.000916497110453  0.00659202608081   

Config 102: 0.00731406124202   0.000108483883012  0.000221626175289  
            0.000108483883012  0.00659298946901   -0.000287242328009 
            0.000221626175289  -0.000287242328009 0.00722874391804   

Config 103: 0.00731406124202   0.000108483883012  0.000221626175289  
            0.000108483883012  0.00659298946901   -0.000287242328009 
            0.000221626175289  -0.000287242328009 0.00722874391804   

Config 104: 0.00731406124202   0.000108483883012  0.000221626175289  
            0.000108483883012  0.00659298946901   -0.000287242328009 
            0.000221626175289  -0.000287242328009 0.00722874391804   

Config 105: 0.00731407272607   0.00011017725607   0.000220898884012  
            0.00011017725607   0.00651695309319   -0.000285812723706 
            0.000220898884012  -0.000285812723706 0.00730403089522   

Config 106: 0.00731406124202   0.000108483883012  0.000221626175289  
            0.000108483883012  0.00659298946901   -0.000287242328009 
            0.000221626175289  -0.000287242328009 0.00722874391804   

Config 107: 0.00731340383509   0.000104625411035  0.000223804031762  
            0.000104625411035  0.00684403899192   -0.00027341856663  
            0.000223804031762  -0.00027341856663  0.0074764100467    

Config 108: 0.00724261888002   0.000108808591126  0.000220842243365  
            0.000108808591126  0.00659314911135   -0.000285911184047 
            0.000220842243365  -0.000285911184047 0.00730417997793   

Config 109: 0.00731406124202   0.000108483883012  0.000221626175289  
            0.000108483883012  0.00659298946901   -0.000287242328009 
            0.000221626175289  -0.000287242328009 0.00722874391804   

Config 110: 0.00728976154504   0.000105648333872  0.00022303496215   
            0.000105648333872  0.00677853134187   -0.000277039504487 
            0.00022303496215   -0.000277039504487 0.00741175861717   

Config 111: 0.00701427643802   0.000100392337121  0.000222725635475  
            0.000100392337121  0.00703799213709   -0.000287464789803 
            0.000222725635475  -0.000287464789803 0.00723853684537   

Config 112: 0.00762951207494   0.000102283025544  0.000227574256449  
            0.000102283025544  0.00691129820463   -0.00027470641414  
            0.000227574256449  -0.00027470641414  0.0072600358484    

Config 113: 0.00747538265059   0.000156757014162  0.00132655938485   
            0.000156757014162  0.00642336814547   0.000231235429359  
            0.00132655938485   0.000231235429359  0.00661489345091   

Config 114: 0.00705350529192   0.000124978882284  0.000178613371862  
            0.000124978882284  0.00660341780009   0.00107592676571   
            0.000178613371862  0.00107592676571   0.00661145464723   

Config 115: 0.00743545854458   0.000109357604541  0.000222583684607  
            0.000109357604541  0.0065634573105    -0.000280211106161 
            0.000222583684607  -0.000280211106161 0.00734965758942   

Config 116: 0.007374583893     0.000107228249416  0.000222797970966  
            0.000107228249416  0.00665411280774   -0.00028519927785  
            0.000222797970966  -0.00028519927785  0.00721306219263   

Config 117: 0.00748735417831   0.000548366335411  0.000213855186598  
            0.000548366335411  0.00672754250573   -0.000106529156    
            0.000213855186598  -0.000106529156    0.00631444310477   

Config 118: 0.00749097308135   0.000997888496124  0.000224161199067  
            0.000997888496124  0.00673324258828   -0.000102349821733 
            0.000224161199067  -0.000102349821733 0.00630557648172   

Config 119: 0.0082035691975    0.000487196990876  0.000257225103019  
            0.000487196990876  0.00697500724806   0.000359391734733  
            0.000257225103019  0.000359391734733  0.00649393402991   

Config 120: 0.00714375607491   0.000494735749608  2.68406856145e-05  
            0.000494735749608  0.00659842552738   0.000256858668124  
            2.68406856145e-05  0.000256858668124  0.00629866504973   

Config 121: 0.0074165198254    0.000157373423848  0.00088176644069   
            0.000157373423848  0.00642449439982   0.000236835777477  
            0.00088176644069   0.000236835777477  0.00655550725654   

Config 122: 0.00731460373651   0.000111884778713  0.000220173821146  
            0.000111884778713  0.0064407358382    -0.000284390462515 
            0.000220173821146  -0.000284390462515 0.0073785716782    

Config 123: 0.00705145140769   0.000116129218753  0.000184720601609  
            0.000116129218753  0.00654248170125   0.000475705918485  
            0.000184720601609  0.000475705918485  0.00655974190985   

Config 124: 0.00717104038166   0.000109125780273  0.00022003710209   
            0.000109125780273  0.00659381885478   -0.000284593784816 
            0.00022003710209   -0.000284593784816 0.00737886596408   

Config 125: 0.00702103309469   0.000109875173694  0.000218205088556  
            0.000109875173694  0.00659506975917   -0.000280914382818 
            0.000218205088556  -0.000280914382818 0.00759575531864   

Config 126: 0.00705049781451   0.000103168210293  0.00022174857947   
            0.000103168210293  0.00688915530247   -0.000287659774613 
            0.00022174857947   -0.000287659774613 0.00723080672193   

Config 127: 0.00730327445254   0.000107544488293  0.00022203712222   
            0.000107544488293  0.00665440728807   -0.000283841789017 
            0.00022203712222   -0.000283841789017 0.00728932972733   

Config 128: 0.00731603674244   0.000115491692199  0.000217155603596  
            0.000115491692199  0.00628137832765   -0.00028024246989  
            0.000217155603596  -0.00028024246989  0.00759560416463   

Config 129: 0.00732499650461   0.000115673456205  0.000216517650652  
            0.000115673456205  0.00627557015903   -0.000278907720893 
            0.000216517650652  -0.000278907720893 0.00767442491188   

Config 130: 0.00705107582338   0.00010968102841   0.000218658114728  
            0.00010968102841   0.00659557985072   -0.000282039945614 
            0.000218658114728  -0.000282039945614 0.0075251684947    

Config 131: 0.0073157359015    0.000113563124547  0.000219509399399  
            0.000113563124547  0.0063654173792    -0.000282993463903 
            0.000219509399399  -0.000282993463903 0.00745245110773   

Config 132: 0.00717076603526   0.000105817831885  0.000221536095886  
            0.000105817831885  0.00674297248273   -0.000287442873706 
            0.000221536095886  -0.000287442873706 0.0072293179914    

Config 133: 0.00770246101397   0.000106570606989  0.000224686350853  
            0.000106570606989  0.00671803862061   -0.000265902078847 
            0.000224686350853  -0.000265902078847 0.00761546464224   

Config 134: 0.00536268015395   0.000141947766738  0.000195248662534  
            0.000141947766738  0.00467788725873   -0.000442700685408 
            0.000195248662534  -0.000442700685408 0.00535273164755   

Config 135: 0.00974444477316   6.60375129886e-05  0.000259438479132  
            6.60375129886e-05  0.00903768264171   -0.000146753006232 
            0.000259438479132  -0.000146753006232 0.00963134509253   

Config 136: 0.00898157129264   7.89501571236e-05  0.000245620362103  
            7.89501571236e-05  0.00827301776769   -0.00019264865329  
            0.000245620362103  -0.00019264865329  0.00888070998861   

Config 137: 0.00397709772314   0.00016732820001   0.000207386061563  
            0.00016732820001   0.00332029071385   -0.000518382165911 
            0.000207386061563  -0.000518382165911 0.00398535275499   

Config 138: 0.0112383716531    2.87078922842e-05  0.000258486274059  
            2.87078922842e-05  0.0105445437829    -3.95216431669e-05 
            0.000258486274059  -3.95216431669e-05 0.0111094758828    

Config 139: 0.00551825332467   0.000136233849156  0.000188694968502  
            0.000136233849156  0.00482172594847   -0.000413750567911 
            0.000188694968502  -0.000413750567911 0.00549087779661   

Config 140: 0.00610329978766   0.000126116798018  0.00019528655398   
            0.000126116798018  0.005400783151     -0.000372790719394 
            0.00019528655398   -0.000372790719394 0.00606038640216   

Config 141: 0.0101531857607    5.41466012028e-05  0.000254773074352  
            5.41466012028e-05  0.00944947932544   -0.000113702241615 
            0.000254773074352  -0.000113702241615 0.0100347670027    

Config 142: 0.0106426189343    4.18179630265e-05  0.000254138126126  
            4.18179630265e-05  0.00994309721046   -7.82924537287e-05 
            0.000254138126126  -7.82924537287e-05 0.0105189411617    

Config 143: 0.00793787158994   9.79921629063e-05  0.000232072928052  
            9.79921629063e-05  0.00721260391986   -0.0002451995861   
            0.000232072928052  -0.0002451995861   0.00783644633777   

Config 144: 0.00731406124202   0.000108483883012  0.000221626175289  
            0.000108483883012  0.00659298946901   -0.000287242328009 
            0.000221626175289  -0.000287242328009 0.00722874391804   

Config 145: 0.00352140142366   0.000181077892933  0.000216633239312  
            0.000181077892933  0.00285358458188   -0.00055696928668  
            0.000216633239312  -0.00055696928668  0.00352760089745   

Config 146: 0.0118578194266    1.50150190048e-05  0.000263191127343  
            1.50150190048e-05  0.0111717754104    -4.28078237052e-07 
            0.000263191127343  -4.28078237052e-07 0.0117256278437    

Config 147: 0.00683001680952   0.000116483252811  0.000213459354791  
            0.000116483252811  0.00611921602873   -0.000325825287479 
            0.000213459354791  -0.000325825287479 0.006765213963     

Config 148: 0.00483611338182   0.000153841780459  0.000201003680008  
            0.000153841780459  0.00415466148404   -0.000479465913211 
            0.000201003680008  -0.000479465913211 0.00483280037338   

Config 149: 0.0                0.0                0.0                
            0.0                0.0                0.0                
            0.0                0.0                0.0                

##############################################################################################################################
