RSS:  
65562.65148952244

P:  
-0.0938688
-0.938153
0.232997
2.88446
0.508081
0.170122
0.0401034
-0.0117342
-0.373775
-0.00220316
0.140149
0.0195836
-0.269236
-0.0201
-1.17102e-05
-0.00108818
-1.98202
3.1703
-38.3931
10.2932
-0.126455

Known:
a0:     3.89
e0:     -3.91
B0:     179.99999999949853
EC:     234.000 176.000 176.000  0.000  0.000  0.000 
        176.000 234.000 176.000  0.000  0.000  0.000 
        176.000 176.000 234.000  0.000  0.000  0.000 
         0.000  0.000  0.000 71.200  0.000  0.000 
         0.000  0.000  0.000  0.000 71.200  0.000 
         0.000  0.000  0.000  0.000  0.000 71.200 

Calculated:
a0:     4.225522090447136
e0:     -6.629120571505647
B0:     941.9490238946257
EC:     146.416 255.178 255.178  0.000  0.000  0.000 
        255.178 146.416 255.178  0.000  0.000  0.000 
        255.178 255.178 146.416  0.000  0.000  0.000 
         0.000  0.000  0.000 28.006  0.000  0.000 
         0.000  0.000  0.000  0.000 28.006  0.000 
         0.000  0.000  0.000  0.000  0.000 28.006 



