RSS:  
13.280306699038423

P:  
52202.0945383
898.127596086
284.045245182
216.603111843
112.080188126
56.8129603345
64.3068172666
34.8833655215
21.073104833
12.4874406944
23.9028470549
21.2193682667
13.6756447043
9.23616570316
2.52675652762
1.40499320751
0.662732537828
0.462068059464
0.336328375043
0.17069822408
0.0323836322368
-0.00113877209169
-0.0360220425352
-0.069121822133
-0.102529230458
-0.0742810879683
-0.0878180293767
-0.0404425706574
-0.034036600336
-0.028601078187
-0.0146545596497
-0.0110374228318
-0.0109111166043
-0.01174451868
-0.0108263641684
-0.00696247877648
-0.0028527595614
0.000571948533132
0.00190339938466
0.00276627265535
0.00196265297341
0.000841780160142
-0.000626601373652
-0.000708974896725
-0.00128154249901
-0.000570491621615
-0.000204764617826
-2.31091617563e-08
0.0
0.0
0.6
0.8
0.388406844347
0.189522198246
0.0599993582001
0.0246146030937
0.0147651610651
0.00983086143059
0.00504978002899
0.00259578465818
0.00203317095573
0.00257295825325
0.00192139199861
0.000697419209802
0.000748255392824
0.000377669588982
0.000127267824544
1.54289468167e-05
8.40911447087e-07
0.0
-11.0057043072
4.82732627538

Known:
a0:     3.42
e0:     -4.27
B0:     221.99999999938152
EC:     365.600 141.600 141.600  0.000  0.000  0.000 
        141.600 365.600 141.600  0.000  0.000  0.000 
        141.600 141.600 365.600  0.000  0.000  0.000 
         0.000  0.000  0.000 186.000  0.000  0.000 
         0.000  0.000  0.000  0.000 186.000  0.000 
         0.000  0.000  0.000  0.000  0.000 186.000 

Calculated:
a0:     3.505974727918199
e0:     -4.263448123123712
B0:     238.79244250118674
EC:     361.064 144.371 144.371  0.000  0.000  0.000 
        144.371 361.064 144.371  0.000  0.000  0.000 
        144.371 144.371 361.064  0.000  0.000  0.000 
         0.000  0.000  0.000 181.726  0.000  0.000 
         0.000  0.000  0.000  0.000 181.726  0.000 
         0.000  0.000  0.000  0.000  0.000 181.726 



