RSS:  
1138.7385570452636

P:  
1.72988362329
0.827402209007
-0.580307486746
-1.23618794757
-1.96686267193
-0.546335195268
-0.759988925454
-0.844595044187
-0.502549686455
-0.0845638039516
0.036066040642
0.169438030187
0.0578258231677
-0.0118410155085
0.000136801927068
-3.23841428757
56.9552688599
51.2536506653
71.9797286987
53.9278030396
56.510761261
33.0753250122
16.0129852295
20.1976509094
15.297118187
7.96383523941
3.73623371124
1.70640695095
0.780170083046
0.353803098202
0.160490393639
0.0750296339393
0.0364681556821
0.0182912945747
0.00921274907887
0.00457642273977
0.00224253395572
0.00110084796324
0.000553363934159
0.000289990362944
0.000159374292707
9.11536626518e-05
7.60359180276e-05
0.162933857434
-0.0153723770367

Known:
a0:     3.89
e0:     -3.91
B0:     179.99999999949853
EC:     234.000 176.000 176.000  0.000  0.000  0.000 
        176.000 234.000 176.000  0.000  0.000  0.000 
        176.000 176.000 234.000  0.000  0.000  0.000 
         0.000  0.000  0.000 71.200  0.000  0.000 
         0.000  0.000  0.000  0.000 71.200  0.000 
         0.000  0.000  0.000  0.000  0.000 71.200 

Calculated:
a0:     3.8867757033214927
e0:     -3.908090081288875
B0:     138.71783930296527
EC:     282.094 137.616 137.616  0.000  0.000  0.000 
        137.616 282.094 137.616  0.000  0.000  0.000 
        137.616 137.616 282.094  0.000  0.000  0.000 
         0.000  0.000  0.000 132.853  0.000  0.000 
         0.000  0.000  0.000  0.000 132.853  0.000 
         0.000  0.000  0.000  0.000  0.000 132.853 



