RSS:  
525.5479913977068

P:  
3.40027356148
0.586494624615
-0.946090579033
-0.451524830132
-0.675416469574
-0.793465018272
-0.770479222807
-0.895429682732
-0.629872718728
-0.119620260876
0.0494495562669
0.0489018364892
0.046710169902
-0.0124856924424
0.000879611079405
-1.94938564301
30.3556213379
24.3362083435
34.9576034546
16.2302913666
17.857875824
7.66438293457
1.23997938633
0.442796425295
0.109044238925
0.0201205271563
0.0022956259682
0.00255846806841
0.00108644582812
7.9855942486e-05
4.19304246069e-05
4.41655303937e-05
2.63876309849e-06
1.10332522101e-06
6.34632495862e-07
3.86964399222e-07
2.28232993221e-07
1.27244922877e-07
6.79376232517e-08
3.47470906195e-08
-0.00172557719932
-6.78508713899e-05
0.0019581145028

Known:
a0:     3.42
e0:     -4.27
B0:     221.99999999938152
EC:     365.600 141.600 141.600  0.000  0.000  0.000 
        141.600 365.600 141.600  0.000  0.000  0.000 
        141.600 141.600 365.600  0.000  0.000  0.000 
         0.000  0.000  0.000 186.000  0.000  0.000 
         0.000  0.000  0.000  0.000 186.000  0.000 
         0.000  0.000  0.000  0.000  0.000 186.000 

Calculated:
a0:     3.3411640247281174
e0:     -4.346286158819318
B0:     303.43318953962745
EC:     349.700 157.896 157.896  0.000  0.000  0.000 
        157.896 349.700 157.896  0.000  0.000  0.000 
        157.896 157.896 349.700  0.000  0.000  0.000 
         0.000  0.000  0.000 168.679  0.000  0.000 
         0.000  0.000  0.000  0.000 168.679  0.000 
         0.000  0.000  0.000  0.000  0.000 168.679 



