RSS:  
4.534898039271404

P:  
2.06832018557
1.04025512626
-0.815369216815
-1.39078057208
-1.4047838023
-0.565455242659
-0.837054425122
-0.827615225313
-0.464263306429
-0.0563556535308
0.0108777239751
0.132376990656
0.0491134201932
-0.0126775852424
0.000170784707981
-3.23841428757
56.9552688599
51.2536506653
71.9797286987
53.9278030396
56.510761261
33.0753250122
16.0129852295
20.1976509094
15.297118187
7.96383523941
3.73623371124
1.70640695095
0.780170083046
0.353803098202
0.160490393639
0.0750296339393
0.0364681556821
0.0182912945747
0.00921274907887
0.00457642273977
0.00224253395572
0.00110084796324
0.000553363934159
0.000289990362944
0.000159374292707
9.11536626518e-05
7.60359180276e-05
-0.00052525129318
0.0159416451172

Known:
a0:     3.89
e0:     -3.91
B0:     179.99999999949853
EC:     234.000 176.000 176.000  0.000  0.000  0.000 
        176.000 234.000 176.000  0.000  0.000  0.000 
        176.000 176.000 234.000  0.000  0.000  0.000 
         0.000  0.000  0.000 71.200  0.000  0.000 
         0.000  0.000  0.000  0.000 71.200  0.000 
         0.000  0.000  0.000  0.000  0.000 71.200 

Calculated:
a0:     3.9421082262301024
e0:     -3.8939999060062385
B0:     170.84186298093346
EC:     238.466 171.819 171.819  0.000  0.000  0.000 
        171.819 238.466 171.819  0.000  0.000  0.000 
        171.819 171.819 238.466  0.000  0.000  0.000 
         0.000  0.000  0.000 84.377  0.000  0.000 
         0.000  0.000  0.000  0.000 84.377  0.000 
         0.000  0.000  0.000  0.000  0.000 84.377 



