RSS:  
104.33305239122498

P:  
-28.1022443015
24.4221927066
-1.40387738054
3.32131038548
8.71933971926
2.78678455155
7.56961066136
-0.652004160096
-3.30788137716
1.27233767853
0.385763769706
0.0372400457636
-0.00318946693021
-0.0559931227525
0.0508617222608
-0.0219979190085
0.000722650785182
0.0
-1.94938564301
30.3556213379
24.3362083435
34.9576034546
16.2302913666
17.857875824
7.66438293457
1.23997938633
0.442521393299
0.109044238925
0.0200536046177
0.00229621282779
0.00255827326328
0.00108765787445
7.98819164629e-05
4.18824820372e-05
4.40689618699e-05
-17.7538614447
0.43795904999
1.0
-148.636200471
-2.88679251929
78.4256633118
-1.54767308337
-59.0378394253
11.9799275713
-1.20468126554
0.0979949550121
-0.741660460453
-2.3104515557
-0.476485789891
1.70908685049
0.466544510483
-0.910633418263
0.706078495881
-0.21858673775
0.0115775863872
0.0
-1.94938564301
30.3556213379
24.3362083435
34.9576034546
16.2302913666
17.857875824
7.66438293457
1.23997938633
0.442521393299
0.109044238925
0.0200536046177
0.00229621282779
0.00255827326328
0.00108765787445
7.98819164629e-05
4.18824820372e-05
4.40689618699e-05
-18.2131954925
-0.539815683767
1.0
-168.186418635
-3.28479688678
73.529594562
-1.21380115894
-44.6516303909
10.4642204394
-0.89210306243
0.06702958816
-1.00715228873
-2.21723256093
-0.375756677413
1.543520921
0.429875783606
-0.67969766148
0.674050722306
-0.230369996833
0.0131366058851
0.0

Known:
a0:     3.42
e0:     -4.27
B0:     221.99999999938152
EC:     365.600 141.600 141.600  0.000  0.000  0.000 
        141.600 365.600 141.600  0.000  0.000  0.000 
        141.600 141.600 365.600  0.000  0.000  0.000 
         0.000  0.000  0.000 186.000  0.000  0.000 
         0.000  0.000  0.000  0.000 186.000  0.000 
         0.000  0.000  0.000  0.000  0.000 186.000 

Known:
a0:     3.89
e0:     -3.91
B0:     179.99999999949853
EC:     234.000 176.000 176.000  0.000  0.000  0.000 
        176.000 234.000 176.000  0.000  0.000  0.000 
        176.000 176.000 234.000  0.000  0.000  0.000 
         0.000  0.000  0.000 71.200  0.000  0.000 
         0.000  0.000  0.000  0.000 71.200  0.000 
         0.000  0.000  0.000  0.000  0.000 71.200 

Calculated:
a0:     3.423255779118154
e0:     -4.3109265018348255
B0:     278.0253694190181
EC:     305.371 168.776 168.776  0.000  0.000  0.000 
        168.776 305.371 168.776  0.000  0.000  0.000 
        168.776 168.776 305.371  0.000  0.000  0.000 
         0.000  0.000  0.000 227.121  0.000  0.000 
         0.000  0.000  0.000  0.000 227.121  0.000 
         0.000  0.000  0.000  0.000  0.000 227.121 

Calculated:
a0:     3.9397480728210987
e0:     -3.9429814577583215
B0:     157.68405829469899
EC:     251.562 170.884 170.884  0.000  0.000  0.000 
        170.884 251.562 170.884  0.000  0.000  0.000 
        170.884 170.884 251.562  0.000  0.000  0.000 
         0.000  0.000  0.000 61.899  0.000  0.000 
         0.000  0.000  0.000  0.000 61.899  0.000 
         0.000  0.000  0.000  0.000  0.000 61.899 



