########################
# 00000001
########################
RSS 28158281688.422474
BP 0:
a0:   4.1496e+00   e0:   1.9190e+01   b0:   1.4937e+03   
P: 
  1.0159e+02   1.3443e+01  -1.4395e+02   1.0156e+02  -5.8168e+01 
  6.6799e+01  -4.0733e+01   2.4251e+01  -7.8945e+00   1.3501e+00 
 -5.5377e-03  -1.9494e+00   3.0356e+01   2.4336e+01   3.4958e+01 
  1.6230e+01   1.7858e+01   7.6644e+00   1.2400e+00   4.4252e-01 
  1.0904e-01   2.0054e-02   2.2962e-03   2.5583e-03   1.0877e-03 
  7.9882e-05   4.1882e-05   4.4069e-05  -9.1271e+00   5.4630e+00 


########################
# 00000002
########################
RSS 28620382626.66774
BP 0:
a0:   4.1476e+00   e0:   1.9103e+01   b0:   1.4908e+03   
P: 
  1.0159e+02   1.3444e+01  -1.4395e+02   1.0155e+02  -5.8173e+01 
  6.6791e+01  -4.0743e+01   2.4245e+01  -7.8958e+00   1.3501e+00 
 -5.5375e-03  -1.9494e+00   3.0356e+01   2.4336e+01   3.4958e+01 
  1.6230e+01   1.7858e+01   7.6644e+00   1.2400e+00   4.4252e-01 
  1.0904e-01   2.0054e-02   2.2962e-03   2.5583e-03   1.0877e-03 
  7.9882e-05   4.1882e-05   4.4069e-05  -9.1274e+00   5.4632e+00 


########################
# 00000003
########################
RSS 30068912035.44689
BP 0:
a0:   4.1416e+00   e0:   1.8841e+01   b0:   1.4826e+03   
P: 
  1.0157e+02   1.3443e+01  -1.4393e+02   1.0155e+02  -5.8167e+01 
  6.6775e+01  -4.0775e+01   2.4225e+01  -7.9003e+00   1.3505e+00 
 -5.5371e-03  -1.9494e+00   3.0356e+01   2.4336e+01   3.4958e+01 
  1.6230e+01   1.7858e+01   7.6644e+00   1.2400e+00   4.4252e-01 
  1.0904e-01   2.0054e-02   2.2962e-03   2.5583e-03   1.0877e-03 
  7.9882e-05   4.1882e-05   4.4069e-05  -9.1270e+00   5.4634e+00 


########################
# 00000004
########################
RSS 35632930444.74138
BP 0:
a0:   4.1192e+00   e0:   1.7863e+01   b0:   1.4549e+03   
P: 
  1.0166e+02   1.3438e+01  -1.4397e+02   1.0150e+02  -5.8169e+01 
  6.6717e+01  -4.0884e+01   2.4150e+01  -7.9090e+00   1.3489e+00 
 -5.5400e-03  -1.9494e+00   3.0356e+01   2.4336e+01   3.4958e+01 
  1.6230e+01   1.7858e+01   7.6644e+00   1.2400e+00   4.4252e-01 
  1.0904e-01   2.0054e-02   2.2962e-03   2.5583e-03   1.0877e-03 
  7.9882e-05   4.1882e-05   4.4069e-05  -9.1227e+00   5.4625e+00 


########################
# 00000005
########################
RSS 55722257552.21535
BP 0:
a0:   4.0408e+00   e0:   1.4348e+01   b0:   1.4116e+03   
P: 
  1.0176e+02   1.3420e+01  -1.4404e+02   1.0156e+02  -5.8258e+01 
  6.6588e+01  -4.1065e+01   2.3927e+01  -7.9605e+00   1.3461e+00 
 -5.5304e-03  -1.9494e+00   3.0356e+01   2.4336e+01   3.4958e+01 
  1.6230e+01   1.7858e+01   7.6644e+00   1.2400e+00   4.4252e-01 
  1.0904e-01   2.0054e-02   2.2962e-03   2.5583e-03   1.0877e-03 
  7.9882e-05   4.1882e-05   4.4069e-05  -9.1285e+00   5.4674e+00 


########################
# 00000006
########################
RSS 242124078758.3592
BP 0:
a0:   3.6585e+00   e0:  -4.0077e+00   b0:   2.1801e+03   
P: 
  1.0052e+02   1.3452e+01  -1.4387e+02   1.0291e+02  -5.8278e+01 
  6.6698e+01  -4.1874e+01   2.3066e+01  -8.0892e+00   1.3393e+00 
 -5.5390e-03  -1.9494e+00   3.0356e+01   2.4336e+01   3.4958e+01 
  1.6230e+01   1.7858e+01   7.6644e+00   1.2400e+00   4.4252e-01 
  1.0904e-01   2.0054e-02   2.2962e-03   2.5583e-03   1.0877e-03 
  7.9882e-05   4.1882e-05   4.4069e-05  -9.1121e+00   5.4565e+00 


