---START---
00000001
PARAMETERS 
38
3.63030710564
2.35069742442
11.7106697517
-7.14119599121
-4.65647086371
0.867568092513
-1.40303056503
-0.0675082163518
0.841790073256
0.478751912074
0.694556944295
0.998955905204
-0.0498355816587
0.654572348955
-0.246711858655
0.392396309636
-0.486130178464
-0.0992532213666
0.136135067257
-1.94938564301
30.3556213379
24.3362083435
34.9576034546
16.2302913666
17.857875824
7.66438293457
1.23997938633
0.442521393299
0.109044238925
0.0200536046177
0.00229621282779
0.00255827326328
0.00108765787445
7.98819164629e-05
4.18824820372e-05
4.40689618699e-05
-7.68308010142
3.45218874562
RSS 40.263413376988126
BP MaxDensity 0.04637054227801532
EFS MaxDensity 0.033147034905770895
a0 3.453304762980962
e0 -4.274691254517002
b0 241.4566895526471
---END---
---START---
00000002
PARAMETERS 
38
3.63387071273
2.35409320108
11.7206278605
-7.18816702817
-4.64529957204
0.857471138709
-1.40398393919
-0.0597894252521
0.838243694881
0.476957337175
0.699979735066
0.997552624208
-0.0532173311016
0.653661875157
-0.25142356425
0.400673280164
-0.491739102894
-0.0987662613974
0.136619087798
-1.94938564301
30.3556213379
24.3362083435
34.9576034546
16.2302913666
17.857875824
7.66438293457
1.23997938633
0.442521393299
0.109044238925
0.0200536046177
0.00229621282779
0.00255827326328
0.00108765787445
7.98819164629e-05
4.18824820372e-05
4.40689618699e-05
-7.67381534534
3.4566669394
RSS 41.24863582046207
BP MaxDensity 0.04637054227801532
EFS MaxDensity 0.033147034905770895
a0 3.4471022680952808
e0 -4.287647166856988
b0 239.34001286604772
---END---
---START---
00000003
PARAMETERS 
38
3.67640836854
2.30251736003
11.7275341654
-7.05320875128
-4.53780988329
0.967085588054
-1.37607936729
0.00716682929195
0.909658071653
0.485736847515
0.630334917871
0.909752289719
0.00880840285616
0.598132927674
-0.252191146071
0.439793401284
-0.496382839328
-0.0971614875692
0.133221905407
-1.94938564301
30.3556213379
24.3362083435
34.9576034546
16.2302913666
17.857875824
7.66438293457
1.23997938633
0.442521393299
0.109044238925
0.0200536046177
0.00229621282779
0.00255827326328
0.00108765787445
7.98819164629e-05
4.18824820372e-05
4.40689618699e-05
-7.59725204718
3.4450093064
RSS 46.37979909630111
BP MaxDensity 0.04637054227801532
EFS MaxDensity 0.033147034905770895
a0 3.441486634389754
e0 -4.29333069562257
b0 239.45246521495935
---END---
---START---
00000004
PARAMETERS 
38
3.6713608655
2.26744043114
11.3461024154
-7.02680100411
-4.50895210899
0.992013232493
-1.3960808581
0.0165257321196
0.906012020611
0.463240797927
0.64902055928
0.924940269534
-0.0261800108222
0.570131672917
-0.222757505195
0.46817016941
-0.517027409349
-0.0926200550796
0.131877903076
-1.94938564301
30.3556213379
24.3362083435
34.9576034546
16.2302913666
17.857875824
7.66438293457
1.23997938633
0.442521393299
0.109044238925
0.0200536046177
0.00229621282779
0.00255827326328
0.00108765787445
7.98819164629e-05
4.18824820372e-05
4.40689618699e-05
-7.60799452273
3.44286846516
RSS 61.88949751602418
BP MaxDensity 0.04637054227801532
EFS MaxDensity 0.033147034905770895
a0 3.445566539523451
e0 -4.276025186073482
b0 238.80638909132455
---END---
---START---
00000005
PARAMETERS 
38
3.6740569308
2.27227344002
11.3771267838
-7.05922471225
-4.41534492004
1.03088844823
-1.42024773357
0.0303997852622
0.933060994962
0.422692358383
0.683594798736
0.925126850291
-0.00624270184956
0.611305797611
-0.239706114131
0.466807489003
-0.521677888805
-0.0920167754555
0.132855459301
-1.94938564301
30.3556213379
24.3362083435
34.9576034546
16.2302913666
17.857875824
7.66438293457
1.23997938633
0.442521393299
0.109044238925
0.0200536046177
0.00229621282779
0.00255827326328
0.00108765787445
7.98819164629e-05
4.18824820372e-05
4.40689618699e-05
-7.6479310652
3.42613321028
RSS 62.8031507620577
BP MaxDensity 0.04637054227801532
EFS MaxDensity 0.033147034905770895
a0 3.463200900673247
e0 -4.304698123405037
b0 249.65319724073763
---END---
---START---
00000006
PARAMETERS 
38
3.67405693082
2.27227344002
11.3771267838
-5.03041670689
-4.41534492001
1.03088844823
-1.42024773353
0.0303997852279
0.933060849234
0.408002086127
0.683594798755
0.925126850288
-0.00624270185137
0.611305797609
-0.239706114126
0.46680748906
-0.521677888817
-0.0920167754572
0.132855470506
-1.94938564301
30.3556213379
24.3362083435
34.9576034546
16.2302913666
17.857875824
7.66438293457
1.23997938633
0.442521393299
0.109044238925
0.0200536046177
0.00229621282779
0.00255827326328
0.00108765787445
7.98819164629e-05
4.18824820372e-05
4.40689618699e-05
-7.64793106479
3.42613321029
RSS 63.26432308021351
BP MaxDensity 0.04637054227801532
EFS MaxDensity 0.033147034905770895
a0 3.461984053576984
e0 -4.305971774101869
b0 248.04330412931452
---END---
---START---
00000007
PARAMETERS 
38
3.67405693077
2.2722734397
11.3771267838
-7.05922471219
-4.41534492003
1.03088844823
-1.42024773353
0.0303997852507
0.933060849236
0.408002086128
0.683594798733
0.925127062173
-0.00624270183751
0.611305797609
-0.239706114131
0.466807489053
-0.521677888822
-0.092016775457
0.132855470506
-1.94938564301
30.3556213379
24.3362083435
34.9576034546
16.2302913666
17.857875824
7.66438293457
1.23997938633
0.442521393299
0.109044238925
0.0200536046177
0.00229621282779
0.00255827326328
0.00108765787445
7.98819164629e-05
4.18824820372e-05
4.40689618699e-05
-7.64793106479
3.42613321029
RSS 63.447607250211355
BP MaxDensity 0.04637054227801532
EFS MaxDensity 0.033147034905770895
a0 3.461984125972479
e0 -4.305971564045338
b0 248.04335358080496
---END---
---START---
00000008
PARAMETERS 
38
3.67405693082
2.27227343967
11.3771267838
-7.05922471219
-4.41534492002
1.03088844758
-1.42024773352
0.0303997852463
0.933060844164
0.408002086107
0.68359479876
0.925126850285
-0.00624270185118
0.611305797996
-0.23970611413
0.466807489059
-0.521677888804
-0.0920167754557
0.132855454075
-1.94938564301
30.3556213379
24.3362083435
34.9576034546
16.2302913666
17.857875824
7.66438293457
1.23997938633
0.442521393299
0.109044238925
0.0200536046177
0.00229621282779
0.00255827326328
0.00108765787445
7.98819164629e-05
4.18824820372e-05
4.40689618699e-05
-7.6479310648
3.10219265881
RSS 63.45432153064544
BP MaxDensity 0.04637054227801532
EFS MaxDensity 0.033147034905770895
a0 3.461966876858117
e0 -4.306282514305707
b0 248.01099091148865
---END---
---START---
00000009
PARAMETERS 
38
3.67405693082
2.27227344002
11.3771267838
-5.03041670689
-4.41534492001
1.03088844823
-1.42024773353
0.0303997852279
0.933060849234
0.408002086127
0.683594798755
0.925126850288
-0.0062427018514
0.611305797609
-0.239706114126
0.46680748906
-0.521677888817
-0.0920167754572
0.132855470506
-1.94938564301
30.3556213379
24.3362083435
34.9576034546
16.2302913666
17.857875824
7.66438293457
1.23997938633
0.442521393299
0.109044238925
0.0200536046177
0.00229621282779
0.00255827326328
0.00108765787445
7.98819164629e-05
4.18824820372e-05
4.40689618699e-05
-7.64793106479
3.42613321028
RSS 63.50124636354318
BP MaxDensity 0.04637054227801532
EFS MaxDensity 0.033147034905770895
a0 3.4619840535683566
e0 -4.305971774106779
b0 248.0433041427414
---END---
---START---
00000010
PARAMETERS 
38
3.6740569308
2.27227343968
11.377126784
-7.0592247121
-4.41534492005
1.03088844759
-1.42024773354
0.030399785262
0.933060844157
0.408002086104
0.683594798744
0.92512685028
-0.0062427018423
0.611305798005
-0.239706114121
0.466807489067
-0.521677888804
-0.0920167754565
0.132855454074
-1.94938564301
30.3556213379
24.3362083435
34.9576034546
16.2302913666
17.857875824
7.66438293457
1.23997938633
0.442521393299
0.109044238925
0.0200536046177
0.00229621282779
0.00255827326328
0.00108765787445
7.98819164629e-05
4.18824820372e-05
4.40689618699e-05
-7.64793106477
3.10219265881
RSS 63.637680310525994
BP MaxDensity 0.04637054227801532
EFS MaxDensity 0.033147034905770895
a0 3.4619668769172343
e0 -4.30628251392701
b0 248.01099093429428
---END---
---START---
00000011
PARAMETERS 
38
3.6740569308
2.27227343966
11.3771267839
-5.03041670689
-4.41534492
1.0308884501
-1.42024773354
0.0303997852522
0.933060994885
0.408002086127
0.683594798825
0.925126850542
-0.00624270185741
0.61130579761
-0.239706077072
0.466807489065
-0.521677888823
-0.0920167754581
0.132855454075
-1.94938564301
30.3556213379
24.3362083435
34.9576034546
16.2302913666
17.857875824
7.66438293457
1.23997938633
0.442521393299
0.109044238925
0.0200536046177
0.00229621282779
0.00255827326328
0.00108765787445
7.98819164629e-05
4.18824820372e-05
4.40689618699e-05
-7.6479310639
3.42613321028
RSS 63.77579589998067
BP MaxDensity 0.04637054227801532
EFS MaxDensity 0.033147034905770895
a0 3.461983282150073
e0 -4.30598136103121
b0 248.04304254799436
---END---
---START---
00000012
PARAMETERS 
38
3.6740569308
2.27227343967
11.3771267838
-5.03041670689
-4.4153449391
1.03088844822
-1.42024773353
0.0303997852278
0.933060849236
0.408002086126
0.683594798758
0.925126850479
-0.0062427018527
0.61130579761
-0.23970607668
0.46680748906
-0.521677888824
-0.0920167754568
0.132855459304
-1.94938564301
30.3556213379
24.3362083435
34.9576034546
16.2302913666
17.857875824
7.66438293457
1.23997938633
0.442521393299
0.109044238925
0.0200536046177
0.00229621282779
0.00255827326328
0.00108765787445
7.98819164629e-05
4.18824820372e-05
4.40689618699e-05
-7.64793106479
3.42613321028
RSS 63.920789133017024
BP MaxDensity 0.04637054227801532
EFS MaxDensity 0.033147034905770895
a0 3.4619835698198735
e0 -4.305977905156345
b0 248.04313453740735
---END---
---START---
00000013
PARAMETERS 
38
3.6740569308
2.27227344002
11.3771262779
-7.05922471225
-4.41534493906
1.0308884492
-1.42024773357
0.0303997852515
0.933060994962
0.422692358383
0.68359479879
0.92512685105
-0.00624279880726
0.61130579761
-0.239706114128
0.466807489003
-0.521677888741
-0.0920167754555
0.132855459301
-1.94938564301
30.3556213379
24.3362083435
34.9576034546
16.2302913666
17.857875824
7.66438293457
1.23997938633
0.442521393299
0.109044238925
0.0200536046177
0.00229621282779
0.00255827326328
0.00108765787445
7.98819164629e-05
4.18824820372e-05
4.40689618699e-05
-7.64793106524
3.42613321028
RSS 64.25787607402921
BP MaxDensity 0.04637054227801532
EFS MaxDensity 0.033147034905770895
a0 3.463200825657947
e0 -4.304698468532037
b0 249.65316184400285
---END---
---START---
00000014
PARAMETERS 
38
3.67405692992
2.27227343941
11.3771267838
-5.03041670688
-4.41534492001
1.03088844823
-1.42024773353
0.0303997852604
0.933060846325
0.408002086124
0.683594798742
0.92512685029
-0.00624283181707
0.611305798002
-0.239706114122
0.466807489061
-0.521677888821
-0.092016771933
0.132855459453
-1.94938564301
30.3556213379
24.3362083435
34.9576034546
16.2302913666
17.857875824
7.66438293457
1.23997938633
0.442521393299
0.109044238925
0.0200536046177
0.00229621282779
0.00255827326328
0.00108765787445
7.98819164629e-05
4.18824820372e-05
4.40689618699e-05
-7.64793106478
3.42613321028
RSS 64.4393744536164
BP MaxDensity 0.04637054227801532
EFS MaxDensity 0.033147034905770895
a0 3.461983455218109
e0 -4.305978148717613
b0 248.04308349974997
---END---
---START---
00000015
PARAMETERS 
38
3.6740569308
2.27227344002
11.3771267838
-5.03041670688
-4.41534492001
1.03088844823
-1.42024773353
0.0303997852594
0.933060849236
0.408002086126
0.68359479876
0.925126850292
-0.00624270185271
0.61130579761
-0.239706114129
0.466807489059
-0.521677888824
-0.092016775457
0.132855470506
-1.94938564301
30.3556213379
24.3362083435
34.9576034546
16.2302913666
17.857875824
7.66438293457
1.23997938633
0.442521393299
0.109044238925
0.0200536046177
0.00229621282779
0.00255827326328
0.00108765787445
7.98819164629e-05
4.18824820372e-05
4.40689618699e-05
-7.64793106479
3.42613321028
RSS 64.47481738977937
BP MaxDensity 0.04637054227801532
EFS MaxDensity 0.033147034905770895
a0 3.4619840534396014
e0 -4.305971775469705
b0 248.0433040946035
---END---
---START---
00000016
PARAMETERS 
38
3.6740569308
2.27227344002
11.3771267838
-5.03041670688
-4.41534492001
1.03088844823
-1.42024773353
0.0303997852593
0.933060849236
0.408002086127
0.68359479876
0.925126850292
-0.00624270185273
0.61130579761
-0.239706114129
0.46680748906
-0.521677888823
-0.092016775457
0.132855470506
-1.94938564301
30.3556213379
24.3362083435
34.9576034546
16.2302913666
17.857875824
7.66438293457
1.23997938633
0.442521393299
0.109044238925
0.0200536046177
0.00229621282779
0.00255827326328
0.00108765787445
7.98819164629e-05
4.18824820372e-05
4.40689618699e-05
-7.64793106479
3.42613321028
RSS 64.4749329593586
BP MaxDensity 0.04637054227801532
EFS MaxDensity 0.033147034905770895
a0 3.461984053447189
e0 -4.305971775403699
b0 248.0433041021013
---END---
---START---
00000017
PARAMETERS 
38
3.6740569308
2.27227344002
11.3771267838
-5.03041670688
-4.41534492001
1.03088844823
-1.42024773353
0.0303997852591
0.933060849236
0.408002086127
0.68359479876
0.925126850292
-0.00624270185269
0.61130579761
-0.239706114129
0.46680748906
-0.521677888823
-0.092016775457
0.132855470506
-1.94938564301
30.3556213379
24.3362083435
34.9576034546
16.2302913666
17.857875824
7.66438293457
1.23997938633
0.442521393299
0.109044238925
0.0200536046177
0.00229621282779
0.00255827326328
0.00108765787445
7.98819164629e-05
4.18824820372e-05
4.40689618699e-05
-7.64793106479
3.42613321028
RSS 64.47634561559933
BP MaxDensity 0.04637054227801532
EFS MaxDensity 0.033147034905770895
a0 3.461984053455113
e0 -4.305971775371558
b0 248.04330408985916
---END---
---START---
00000018
PARAMETERS 
38
3.67405693081
2.27227344002
11.3771262786
-7.0592247337
-4.41534492
1.03088844758
-1.42024773358
0.0303997852616
0.933060994966
0.408002086127
0.683594798735
0.925126850477
-0.00624270185112
0.611305826802
-0.239706114132
0.46680748903
-0.521677888787
-0.092016767249
0.132855470506
-1.94938564301
30.3556213379
24.3362083435
34.9576034546
16.2302913666
17.857875824
7.66438293457
1.23997938633
0.442521393299
0.109044238925
0.0200536046177
0.00229621282779
0.00255827326328
0.00108765787445
7.98819164629e-05
4.18824820372e-05
4.40689618699e-05
-7.6479310652
3.42613321028
RSS 64.47682020320704
BP MaxDensity 0.04637054227801532
EFS MaxDensity 0.033147034905770895
a0 3.4619843938600683
e0 -4.305968203173448
b0 248.0434329381009
---END---
---START---
00000019
PARAMETERS 
38
3.67405692992
2.27227343941
11.3771267838
-5.03041670688
-4.41534492001
1.03088844823
-1.42024773353
0.0303997852603
0.933060846325
0.408002086124
0.683594798742
0.92512685029
-0.00624283181723
0.611305798002
-0.239706114123
0.466807489061
-0.521677888821
-0.092016771933
0.132855459453
-1.94938564301
30.3556213379
24.3362083435
34.9576034546
16.2302913666
17.857875824
7.66438293457
1.23997938633
0.442521393299
0.109044238925
0.0200536046177
0.00229621282779
0.00255827326328
0.00108765787445
7.98819164629e-05
4.18824820372e-05
4.40689618699e-05
-7.64793106478
3.42613321028
RSS 64.47684506759123
BP MaxDensity 0.04637054227801532
EFS MaxDensity 0.033147034905770895
a0 3.4619834552103024
e0 -4.305978148695271
b0 248.04308350396718
---END---
---START---
00000020
PARAMETERS 
38
3.6740569308
2.27227344002
11.3771267838
-5.03041670688
-4.41534492001
1.03088844822
-1.42024773353
0.0303997852598
0.933060849236
0.408002086126
0.68359479876
0.925126850291
-0.00624270185044
0.61130579761
-0.239706114131
0.466807489059
-0.521677888824
-0.0920167754572
0.132855470506
-1.94938564301
30.3556213379
24.3362083435
34.9576034546
16.2302913666
17.857875824
7.66438293457
1.23997938633
0.442521393299
0.109044238925
0.0200536046177
0.00229621282779
0.00255827326328
0.00108765787445
7.98819164629e-05
4.18824820372e-05
4.40689618699e-05
-7.64793106479
3.42613321028
RSS 64.47754267927802
BP MaxDensity 0.04637054227801532
EFS MaxDensity 0.033147034905770895
a0 3.4619840534277158
e0 -4.305971775621793
b0 248.04330409007025
---END---
---START---
00000021
PARAMETERS 
38
3.6740569308
2.27227344002
11.3771267838
-5.03041670688
-4.41534492001
1.03088844823
-1.42024773353
0.0303997852615
0.933060849237
0.408002086129
0.683594798759
0.925126850291
-0.00624270184954
0.611305797609
-0.23970611413
0.466807489058
-0.521677888823
-0.0920167754571
0.132855470506
-1.94938564301
30.3556213379
24.3362083435
34.9576034546
16.2302913666
17.857875824
7.66438293457
1.23997938633
0.442521393299
0.109044238925
0.0200536046177
0.00229621282779
0.00255827326328
0.00108765787445
7.98819164629e-05
4.18824820372e-05
4.40689618699e-05
-7.64793106479
3.42613321029
RSS 64.47846646909605
BP MaxDensity 0.04637054227801532
EFS MaxDensity 0.033147034905770895
a0 3.4619840534321757
e0 -4.305971775508626
b0 248.04330410426883
---END---
---START---
00000022
PARAMETERS 
38
3.6740569308
2.27227343966
11.3771262786
-7.0592247337
-4.41534492001
1.03088844755
-1.42024773353
0.0303997852593
0.933060994917
0.408002086127
0.68359479876
0.925126850289
-0.00624279881176
0.611305797609
-0.23970611413
0.466807489058
-0.521677888787
-0.092016767249
0.132855454075
-1.94938564301
30.3556213379
24.3362083435
34.9576034546
16.2302913666
17.857875824
7.66438293457
1.23997938633
0.442521393299
0.109044238925
0.0200536046177
0.00229621282779
0.00255827326328
0.00108765787445
7.98819164629e-05
4.18824820372e-05
4.40689618699e-05
-7.64793106479
3.42613321029
RSS 64.4786795353093
BP MaxDensity 0.04637054227801532
EFS MaxDensity 0.033147034905770895
a0 3.4619833483542584
e0 -4.305979728039408
b0 248.04305804995786
---END---
---START---
00000023
PARAMETERS 
38
3.67405693082
2.27227343967
11.3771267838
-7.0592247337
-4.4153449391
1.03088844823
-1.42024773353
0.0303997852164
0.933060849234
0.408002086524
0.683594798748
0.925126850288
-0.00624270185142
0.611305826798
-0.239706114126
0.466807489057
-0.52167788882
-0.0920167754572
0.132855470506
-1.94938564301
30.3556213379
24.3362083435
34.9576034546
16.2302913666
17.857875824
7.66438293457
1.23997938633
0.442521393299
0.109044238925
0.0200536046177
0.00229621282779
0.00255827326328
0.00108765787445
7.98819164629e-05
4.18824820372e-05
4.40689618699e-05
-7.64793125971
3.42613321029
RSS 64.47982093351088
BP MaxDensity 0.04637054227801532
EFS MaxDensity 0.033147034905770895
a0 3.4619841043840074
e0 -4.305971465044113
b0 248.04332299469624
---END---
---START---
00000024
PARAMETERS 
38
3.6740569308
2.27227344002
11.3771262787
-5.03041670688
-4.41534492001
1.03088844822
-1.42024773353
0.030399785295
0.933060994905
0.408002086523
0.683594798747
0.925126850289
-0.00624270184906
0.611305826735
-0.239706076619
0.466807489056
-0.521677888862
-0.0920167672462
0.132855459304
-1.94938564301
30.3556213379
24.3362083435
34.9576034546
16.2302913666
17.857875824
7.66438293457
1.23997938633
0.442521393299
0.109044238925
0.0200536046177
0.00229621282779
0.00255827326328
0.00108765787445
7.98819164629e-05
4.18824820372e-05
4.40689618699e-05
-7.6479310648
3.42613321028
RSS 64.48104024425957
BP MaxDensity 0.04637054227801532
EFS MaxDensity 0.033147034905770895
a0 3.461983909327109
e0 -4.30597434189212
b0 248.0432630452877
---END---
---START---
00000025
PARAMETERS 
38
3.67405693081
2.27227343967
11.3771267839
-5.03041670688
-4.41534492003
1.03088844823
-1.42024773353
0.0303997852497
0.933060849236
0.408002086104
0.683594798738
0.925126850291
-0.00624270185026
0.611305797996
-0.239706114124
0.466807489057
-0.52167788882
-0.0920167754561
0.132855454075
-1.94938564301
30.3556213379
24.3362083435
34.9576034546
16.2302913666
17.857875824
7.66438293457
1.23997938633
0.442521393299
0.109044238925
0.0200536046177
0.00229621282779
0.00255827326328
0.00108765787445
7.98819164629e-05
4.18824820372e-05
4.40689618699e-05
-7.64793106477
3.42613321029
RSS 64.48413041615504
BP MaxDensity 0.04637054227801532
EFS MaxDensity 0.033147034905770895
a0 3.4619831367979
e0 -4.305982594400108
b0 248.0429847047799
---END---
---START---
00000026
PARAMETERS 
38
3.67405693081
2.27227343967
11.3771267839
-5.03041670688
-4.41534492003
1.03088844823
-1.42024773353
0.0303997852497
0.933060849236
0.408002086104
0.683594798738
0.925126850291
-0.00624270185023
0.611305797996
-0.239706114124
0.466807489057
-0.52167788882
-0.0920167754561
0.132855454075
-1.94938564301
30.3556213379
24.3362083435
34.9576034546
16.2302913666
17.857875824
7.66438293457
1.23997938633
0.442521393299
0.109044238925
0.0200536046177
0.00229621282779
0.00255827326328
0.00108765787445
7.98819164629e-05
4.18824820372e-05
4.40689618699e-05
-7.64793106477
3.42613321029
RSS 64.4843487927436
BP MaxDensity 0.04637054227801532
EFS MaxDensity 0.033147034905770895
a0 3.4619831367958973
e0 -4.30598259439029
b0 248.04298470950775
---END---
---START---
00000027
PARAMETERS 
38
3.6740569308
2.27227344002
11.3771267838
-5.03041670689
-4.41534492001
1.03088844823
-1.42024773353
0.0303997852614
0.933060849237
0.408002086129
0.683594798759
0.925126850291
-0.00624270184961
0.611305797609
-0.23970611413
0.466807489058
-0.521677888823
-0.0920167754569
0.132855470506
-1.94938564301
30.3556213379
24.3362083435
34.9576034546
16.2302913666
17.857875824
7.66438293457
1.23997938633
0.442521393299
0.109044238925
0.0200536046177
0.00229621282779
0.00255827326328
0.00108765787445
7.98819164629e-05
4.18824820372e-05
4.40689618699e-05
-7.64793106479
3.42613321029
RSS 64.48624114878346
BP MaxDensity 0.04637054227801532
EFS MaxDensity 0.033147034905770895
a0 3.4619840534612165
e0 -4.305971775312701
b0 248.0433040959105
---END---
---START---
00000028
PARAMETERS 
38
3.6740569308
2.27227343965
11.3771267838
-5.03041670689
-4.41534492003
1.03088844757
-1.42024773353
0.0303997852449
0.93306099494
0.408002086117
0.68359479876
0.925126850292
-0.00624270184968
0.611305797609
-0.239706114131
0.46680748906
-0.521677888824
-0.0920167754569
0.132855470506
-1.94938564301
30.3556213379
24.3362083435
34.9576034546
16.2302913666
17.857875824
7.66438293457
1.23997938633
0.442521393299
0.109044238925
0.0200536046177
0.00229621282779
0.00255827326328
0.00108765787445
7.98819164629e-05
4.18824820372e-05
4.40689618699e-05
-7.64793106477
3.42613321028
RSS 64.48652465760657
BP MaxDensity 0.04637054227801532
EFS MaxDensity 0.033147034905770895
a0 3.4619840591891857
e0 -4.305971773632028
b0 248.04331431586633
---END---
---START---
00000029
PARAMETERS 
38
3.6740569308
2.27227343971
11.3771262794
-5.03041670688
-4.41534492001
1.0308884476
-1.42024773353
0.030399785267
0.933060844049
0.408002086127
0.683594798759
0.925126850291
-0.0062427850645
0.611305947012
-0.239705982926
0.466807489059
-0.52167768869
-0.092016775457
0.132855470506
-1.94938564301
30.3556213379
24.3362083435
34.9576034546
16.2302913666
17.857875824
7.66438293457
1.23997938633
0.442521393299
0.109044238925
0.0200536046177
0.00229621282779
0.00255827326328
0.00108765787445
7.98819164629e-05
4.18824820372e-05
4.40689618699e-05
-7.64793106501
3.42613321028
RSS 64.48964734477656
BP MaxDensity 0.04637054227801532
EFS MaxDensity 0.033147034905770895
a0 3.4619879712375594
e0 -4.305931487889864
b0 248.0447093198819
---END---
---START---
00000030
PARAMETERS 
38
3.67405693081
2.27227343968
11.3771267839
-5.03041670688
-4.41534492001
1.03088844823
-1.42024773353
0.0303997852458
0.933060846325
0.408002086124
0.683594798743
0.925127323127
-0.00624283181702
0.611305797995
-0.239706114122
0.46680748906
-0.521677888853
-0.092016771933
0.132855459453
-1.94938564301
30.3556213379
24.3362083435
34.9576034546
16.2302913666
17.857875824
7.66438293457
1.23997938633
0.442521393299
0.109044238925
0.0200536046177
0.00229621282779
0.00255827326328
0.00108765787445
7.98819164629e-05
4.18824820372e-05
4.40689618699e-05
-7.64793106478
3.42613321028
RSS 64.49054748237556
BP MaxDensity 0.04637054227801532
EFS MaxDensity 0.033147034905770895
a0 3.461983616594239
e0 -4.30597768211674
b0 248.0431937511736
---END---
---START---
00000031
PARAMETERS 
38
3.6740569308
2.27227344002
11.3771267838
-5.03041670688
-4.41534492001
1.03088844823
-1.42024773353
0.03039978526
0.933060849236
0.408002086127
0.683594798759
0.925126850291
-0.00624270185167
0.61130579761
-0.23970611413
0.466807489059
-0.521677888823
-0.092016775457
0.132855470506
-1.94938564301
30.3556213379
24.3362083435
34.9576034546
16.2302913666
17.857875824
7.66438293457
1.23997938633
0.442521393299
0.109044238925
0.0200536046177
0.00229621282779
0.00255827326328
0.00108765787445
7.98819164629e-05
4.18824820372e-05
4.40689618699e-05
-7.64793106479
3.42613321028
RSS 64.49067490355559
BP MaxDensity 0.04637054227801532
EFS MaxDensity 0.033147034905770895
a0 3.4619840534472943
e0 -4.305971775377341
b0 248.04330410095758
---END---
---START---
00000032
PARAMETERS 
38
3.67405693084
2.27227344002
11.3771267839
-7.05922471216
-4.41534492
1.0308884476
-1.42024773354
0.0303997852248
0.933060849235
0.408002086126
0.683594798759
0.925126850291
-0.00624270185572
0.611305947012
-0.239706114129
0.466807489059
-0.52167768869
-0.0920167759062
0.132855470506
-1.94938564301
30.3556213379
24.3362083435
34.9576034546
16.2302913666
17.857875824
7.66438293457
1.23997938633
0.442521393299
0.109044238925
0.0200536046177
0.00229621282779
0.00255827326328
0.00108765787445
7.98819164629e-05
4.18824820372e-05
4.40689618699e-05
-7.64793106479
3.42613321028
RSS 64.49187532113088
BP MaxDensity 0.04637054227801532
EFS MaxDensity 0.033147034905770895
a0 3.4619875254650534
e0 -4.305935734401979
b0 248.04456578847942
---END---
---START---
00000033
PARAMETERS 
38
3.6740569308
2.27227343966
11.3771262794
-5.03041670839
-4.41534492001
1.0308884476
-1.42024773352
0.0303997852599
0.933060844166
0.408002086127
0.683594798757
0.925126850291
-0.00624278506434
0.611305947012
-0.239705982926
0.466807489059
-0.521677888812
-0.0920167719364
0.132855470506
-1.94938564301
30.3556213379
24.3362083435
34.9576034546
16.2302913666
17.857875824
7.66438293457
1.23997938633
0.442521393299
0.109044238925
0.0200536046177
0.00229621282779
0.00255827326328
0.00108765787445
7.98819164629e-05
4.18824820372e-05
4.40689618699e-05
-7.6479310639
3.42613321028
RSS 64.4919316074107
BP MaxDensity 0.04637054227801532
EFS MaxDensity 0.033147034905770895
a0 3.4619848675087237
e0 -4.305964559978024
b0 248.04358354886242
---END---
---START---
00000034
PARAMETERS 
38
3.6740569308
2.27227344002
11.3771262788
-5.03041670688
-4.41534492
1.03088844823
-1.42024773353
0.0303997852597
0.93306084417
0.408002086128
0.68359479876
0.925126850292
-0.00624270185164
0.611305826703
-0.239706076731
0.466807489058
-0.521677888821
-0.0920167672392
0.132855470507
-1.94938564301
30.3556213379
24.3362083435
34.9576034546
16.2302913666
17.857875824
7.66438293457
1.23997938633
0.442521393299
0.109044238925
0.0200536046177
0.00229621282779
0.00255827326328
0.00108765787445
7.98819164629e-05
4.18824820372e-05
4.40689618699e-05
-7.6479310648
3.42613321029
RSS 64.49257447120627
BP MaxDensity 0.04637054227801532
EFS MaxDensity 0.033147034905770895
a0 3.4619845292328884
e0 -4.305966958341781
b0 248.04347052576156
---END---
---START---
00000035
PARAMETERS 
38
3.6740569308
2.27227344002
11.3771267838
-5.03041670688
-4.41534492001
1.03088844822
-1.42024773353
0.0303997852611
0.933060849236
0.408002086126
0.68359479875
0.925126850277
-0.0062427018506
0.611305797989
-0.23970611413
0.466807489058
-0.521677888822
-0.0920167754569
0.132855470506
-1.94938564301
30.3556213379
24.3362083435
34.9576034546
16.2302913666
17.857875824
7.66438293457
1.23997938633
0.442521393299
0.109044238925
0.0200536046177
0.00229621282779
0.00255827326328
0.00108765787445
7.98819164629e-05
4.18824820372e-05
4.40689618699e-05
-7.64793106479
3.42613321028
RSS 64.49281405633059
BP MaxDensity 0.04637054227801532
EFS MaxDensity 0.033147034905770895
a0 3.4619840541194558
e0 -4.305971770770325
b0 248.04330435353114
---END---
---START---
00000036
PARAMETERS 
38
3.6740569308
2.27227343971
11.3771262794
-7.05922473352
-4.41534492001
1.0308884476
-1.42024773353
0.0303997852328
0.933060844049
0.408002086127
0.683594798759
0.925127062084
-0.00624270184529
0.611305947012
-0.239705982926
0.466807489046
-0.521677688689
-0.092016767242
0.132855470506
-1.94938564301
30.3556213379
24.3362083435
34.9576034546
16.2302913666
17.857875824
7.66438293457
1.23997938633
0.442521393299
0.109044238925
0.0200536046177
0.00229621282779
0.00255827326328
0.00108765787445
7.98819164629e-05
4.18824820372e-05
4.40689618699e-05
-7.64793106501
3.42613321029
RSS 64.4934317611206
BP MaxDensity 0.04637054227801532
EFS MaxDensity 0.033147034905770895
a0 3.4619883929870405
e0 -4.305927745122024
b0 248.0448888695848
---END---
---START---
00000037
PARAMETERS 
38
3.67405693081
2.27227344002
11.3771262786
-5.03041670688
-4.41534492
1.0308884476
-1.42024773358
0.0303997852667
0.933060994966
0.408002086127
0.683594798759
0.925126850291
-0.0062427018513
0.611305947012
-0.239705982927
0.466807489059
-0.52167768869
-0.092016767249
0.132855470506
-1.94938564301
30.3556213379
24.3362083435
34.9576034546
16.2302913666
17.857875824
7.66438293457
1.23997938633
0.442521393299
0.109044238925
0.0200536046177
0.00229621282779
0.00255827326328
0.00108765787445
7.98819164629e-05
4.18824820372e-05
4.40689618699e-05
-7.6479310652
3.42613321028
RSS 64.49343956586648
BP MaxDensity 0.04637054227801532
EFS MaxDensity 0.033147034905770895
a0 3.4619883262755247
e0 -4.305927956477113
b0 248.04484993763208
---END---
---START---
00000038
PARAMETERS 
38
3.67405693081
2.27227344002
11.3771262786
-5.03041670688
-4.41534492
1.0308884476
-1.42024773358
0.0303997852667
0.933060994966
0.408002086127
0.683594798759
0.925126850291
-0.0062427018513
0.611305947012
-0.239705982927
0.466807489059
-0.52167768869
-0.092016767249
0.132855470506
-1.94938564301
30.3556213379
24.3362083435
34.9576034546
16.2302913666
17.857875824
7.66438293457
1.23997938633
0.442521393299
0.109044238925
0.0200536046177
0.00229621282779
0.00255827326328
0.00108765787445
7.98819164629e-05
4.18824820372e-05
4.40689618699e-05
-7.6479310652
3.42613321028
RSS 64.4934400095524
BP MaxDensity 0.04637054227801532
EFS MaxDensity 0.033147034905770895
a0 3.461988326282601
e0 -4.30592795646183
b0 248.04484993032588
---END---
---START---
00000039
PARAMETERS 
38
3.67405693081
2.27227344002
11.3771262786
-5.03041670688
-4.41534492001
1.0308884476
-1.42024773358
0.0303997852666
0.933060994966
0.408002086127
0.683594798759
0.925126850291
-0.00624270185136
0.611305947012
-0.239705982927
0.466807489059
-0.52167768869
-0.092016767249
0.132855470506
-1.94938564301
30.3556213379
24.3362083435
34.9576034546
16.2302913666
17.857875824
7.66438293457
1.23997938633
0.442521393299
0.109044238925
0.0200536046177
0.00229621282779
0.00255827326328
0.00108765787445
7.98819164629e-05
4.18824820372e-05
4.40689618699e-05
-7.6479310652
3.42613321028
RSS 64.49344001284288
BP MaxDensity 0.04637054227801532
EFS MaxDensity 0.033147034905770895
a0 3.461988326283145
e0 -4.305927956471144
b0 248.04484993172287
---END---
---START---
00000040
PARAMETERS 
38
3.67405693081
2.27227344002
11.3771262786
-5.03041670688
-4.41534492
1.0308884476
-1.42024773358
0.0303997852667
0.933060994966
0.408002086127
0.683594798759
0.925126850291
-0.00624270185132
0.611305947012
-0.239705982927
0.466807489059
-0.52167768869
-0.092016767249
0.132855470506
-1.94938564301
30.3556213379
24.3362083435
34.9576034546
16.2302913666
17.857875824
7.66438293457
1.23997938633
0.442521393299
0.109044238925
0.0200536046177
0.00229621282779
0.00255827326328
0.00108765787445
7.98819164629e-05
4.18824820372e-05
4.40689618699e-05
-7.6479310652
3.42613321028
RSS 64.49344001396317
BP MaxDensity 0.04637054227801532
EFS MaxDensity 0.033147034905770895
a0 3.461988326281698
e0 -4.305927956470804
b0 248.04484993451507
---END---
---START---
00000041
PARAMETERS 
38
3.67405693081
2.27227344002
11.3771262786
-5.03041670688
-4.41534492
1.0308884476
-1.42024773358
0.0303997852667
0.933060994966
0.408002086127
0.683594798759
0.925126850291
-0.00624270185132
0.611305947012
-0.239705982927
0.466807489059
-0.52167768869
-0.092016767249
0.132855470506
-1.94938564301
30.3556213379
24.3362083435
34.9576034546
16.2302913666
17.857875824
7.66438293457
1.23997938633
0.442521393299
0.109044238925
0.0200536046177
0.00229621282779
0.00255827326328
0.00108765787445
7.98819164629e-05
4.18824820372e-05
4.40689618699e-05
-7.6479310652
3.42613321028
RSS 64.49344001595975
BP MaxDensity 0.04637054227801532
EFS MaxDensity 0.033147034905770895
a0 3.4619883262748807
e0 -4.3059279564795565
b0 248.04484993461656
---END---
---START---
00000042
PARAMETERS 
38
3.67405693081
2.27227344002
11.3771262786
-5.03041670688
-4.41534492001
1.03088844823
-1.42024773353
0.0303997852666
0.933060994966
0.408002086127
0.68359479876
0.925126850291
-0.00624270185273
0.611305947012
-0.239705982927
0.466807489059
-0.52167768869
-0.092016767249
0.132855470506
-1.94938564301
30.3556213379
24.3362083435
34.9576034546
16.2302913666
17.857875824
7.66438293457
1.23997938633
0.442521393299
0.109044238925
0.0200536046177
0.00229621282779
0.00255827326328
0.00108765787445
7.98819164629e-05
4.18824820372e-05
4.40689618699e-05
-7.6479310652
3.42613321028
RSS 64.49344002579456
BP MaxDensity 0.04637054227801532
EFS MaxDensity 0.033147034905770895
a0 3.4619883262658835
e0 -4.305927956534132
b0 248.04484993852293
---END---
---START---
00000043
PARAMETERS 
38
3.6740569308
2.27227343967
11.3771262794
-5.03041670688
-4.41534492001
1.0308884476
-1.42024773353
0.0303997852668
0.933060844049
0.408002086127
0.683594798752
0.925126850291
-0.00624278506446
0.611305947012
-0.239705982926
0.466807489059
-0.521677688689
-0.0920167672462
0.132855470506
-1.94938564301
30.3556213379
24.3362083435
34.9576034546
16.2302913666
17.857875824
7.66438293457
1.23997938633
0.442521393299
0.109044238925
0.0200536046177
0.00229621282779
0.00255827326328
0.00108765787445
7.98819164629e-05
4.18824820372e-05
4.40689618699e-05
-7.64793106389
3.42613321029
RSS 64.49346650336571
BP MaxDensity 0.04637054227801532
EFS MaxDensity 0.033147034905770895
a0 3.4619882543309557
e0 -4.305928264516666
b0 248.04480852813901
---END---
---START---
00000044
PARAMETERS 
38
3.6740569308
2.27227343966
11.3771262794
-7.05922471218
-4.41534492001
1.0308884476
-1.42024773353
0.0303997852668
0.933060844166
0.408002086127
0.683594798752
0.925126850291
-0.00624278506435
0.611305947012
-0.239705982926
0.466807489059
-0.52167768869
-0.0920167672462
0.132855470506
-1.94938564301
30.3556213379
24.3362083435
34.9576034546
16.2302913666
17.857875824
7.66438293457
1.23997938633
0.442521393299
0.109044238925
0.0200536046177
0.00229621282779
0.00255827326328
0.00108765787445
7.98819164629e-05
4.18824820372e-05
4.40689618699e-05
-7.64793106389
3.42613321028
RSS 64.4934665185292
BP MaxDensity 0.04637054227801532
EFS MaxDensity 0.033147034905770895
a0 3.461988254328184
e0 -4.305928264615078
b0 248.04480852345216
---END---
---START---
00000045
PARAMETERS 
38
3.6740569308
2.27227343966
11.3771262794
-7.05922471218
-4.41534492001
1.0308884476
-1.42024773353
0.0303997852668
0.933060844166
0.408002086127
0.683594798752
0.925126850291
-0.00624278506438
0.611305947012
-0.239705982926
0.466807489059
-0.52167768869
-0.0920167672462
0.132855470506
-1.94938564301
30.3556213379
24.3362083435
34.9576034546
16.2302913666
17.857875824
7.66438293457
1.23997938633
0.442521393299
0.109044238925
0.0200536046177
0.00229621282779
0.00255827326328
0.00108765787445
7.98819164629e-05
4.18824820372e-05
4.40689618699e-05
-7.64793106389
3.42613321029
RSS 64.49346651903753
BP MaxDensity 0.04637054227801532
EFS MaxDensity 0.033147034905770895
a0 3.4619882543295297
e0 -4.305928264626948
b0 248.04480852400465
---END---
---START---
00000046
PARAMETERS 
38
3.6740569308
2.27227343966
11.3771262794
-7.05922471218
-4.41534492001
1.0308884476
-1.42024773353
0.0303997852668
0.933060844166
0.408002086127
0.683594798752
0.925126850291
-0.00624278506436
0.611305947012
-0.239705982926
0.466807489059
-0.52167768869
-0.0920167672462
0.132855470506
-1.94938564301
30.3556213379
24.3362083435
34.9576034546
16.2302913666
17.857875824
7.66438293457
1.23997938633
0.442521393299
0.109044238925
0.0200536046177
0.00229621282779
0.00255827326328
0.00108765787445
7.98819164629e-05
4.18824820372e-05
4.40689618699e-05
-7.64793106389
3.42613321029
RSS 64.49346652076946
BP MaxDensity 0.04637054227801532
EFS MaxDensity 0.033147034905770895
a0 3.4619882543252354
e0 -4.3059282646258925
b0 248.04480852754094
---END---
---START---
00000047
PARAMETERS 
38
3.6740569308
2.27227343966
11.3771262794
-7.05922471218
-4.41534492001
1.0308884476
-1.42024773353
0.0303997852668
0.933060844166
0.408002086127
0.683594798752
0.925126850291
-0.00624278506436
0.611305947012
-0.239705982926
0.466807489059
-0.52167768869
-0.0920167672462
0.132855470506
-1.94938564301
30.3556213379
24.3362083435
34.9576034546
16.2302913666
17.857875824
7.66438293457
1.23997938633
0.442521393299
0.109044238925
0.0200536046177
0.00229621282779
0.00255827326328
0.00108765787445
7.98819164629e-05
4.18824820372e-05
4.40689618699e-05
-7.64793106389
3.42613321028
RSS 64.49346652179378
BP MaxDensity 0.04637054227801532
EFS MaxDensity 0.033147034905770895
a0 3.4619882543284013
e0 -4.30592826463341
b0 248.0448085288098
---END---
---START---
00000048
PARAMETERS 
38
3.6740569308
2.27227343966
11.3771262794
-7.05922471218
-4.41534492001
1.0308884476
-1.42024773353
0.0303997852668
0.933060844166
0.408002086127
0.683594798752
0.925126850291
-0.00624278506441
0.611305947012
-0.239705982926
0.466807489059
-0.52167768869
-0.0920167672462
0.132855470506
-1.94938564301
30.3556213379
24.3362083435
34.9576034546
16.2302913666
17.857875824
7.66438293457
1.23997938633
0.442521393299
0.109044238925
0.0200536046177
0.00229621282779
0.00255827326328
0.00108765787445
7.98819164629e-05
4.18824820372e-05
4.40689618699e-05
-7.64793106389
3.42613321028
RSS 64.4934665223692
BP MaxDensity 0.04637054227801532
EFS MaxDensity 0.033147034905770895
a0 3.4619882543224656
e0 -4.305928264634238
b0 248.04480852776112
---END---
---START---
00000049
PARAMETERS 
38
3.6740569308
2.27227343966
11.3771262794
-7.05922471218
-4.41534492001
1.0308884476
-1.42024773353
0.0303997852668
0.933060844166
0.408002086127
0.683594798752
0.925126850291
-0.00624278506434
0.611305947012
-0.239705982926
0.466807489059
-0.52167768869
-0.0920167672462
0.132855470506
-1.94938564301
30.3556213379
24.3362083435
34.9576034546
16.2302913666
17.857875824
7.66438293457
1.23997938633
0.442521393299
0.109044238925
0.0200536046177
0.00229621282779
0.00255827326328
0.00108765787445
7.98819164629e-05
4.18824820372e-05
4.40689618699e-05
-7.6479310639
3.42613321028
RSS 64.493466523054
BP MaxDensity 0.04637054227801532
EFS MaxDensity 0.033147034905770895
a0 3.461988254321075
e0 -4.305928264632122
b0 248.04480853052874
---END---
---START---
00000050
PARAMETERS 
38
3.6740569308
2.27227343966
11.3771262794
-7.05922471218
-4.41534492001
1.0308884476
-1.42024773353
0.0303997852668
0.933060844166
0.408002086127
0.683594798752
0.925126850291
-0.00624278506437
0.611305947012
-0.239705982926
0.466807489059
-0.52167768869
-0.0920167672462
0.132855470506
-1.94938564301
30.3556213379
24.3362083435
34.9576034546
16.2302913666
17.857875824
7.66438293457
1.23997938633
0.442521393299
0.109044238925
0.0200536046177
0.00229621282779
0.00255827326328
0.00108765787445
7.98819164629e-05
4.18824820372e-05
4.40689618699e-05
-7.64793106389
3.42613321028
RSS 64.4934665231632
BP MaxDensity 0.04637054227801532
EFS MaxDensity 0.033147034905770895
a0 3.461988254326536
e0 -4.305928264640596
b0 248.04480852968385
---END---
---START---
00000051
PARAMETERS 
38
3.6740569308
2.27227343966
11.3771262794
-7.05922471218
-4.41534492001
1.0308884476
-1.42024773353
0.0303997852668
0.933060844166
0.408002086127
0.683594798752
0.925126850291
-0.00624278506441
0.611305947012
-0.239705982926
0.466807489059
-0.52167768869
-0.0920167672462
0.132855470506
-1.94938564301
30.3556213379
24.3362083435
34.9576034546
16.2302913666
17.857875824
7.66438293457
1.23997938633
0.442521393299
0.109044238925
0.0200536046177
0.00229621282779
0.00255827326328
0.00108765787445
7.98819164629e-05
4.18824820372e-05
4.40689618699e-05
-7.64793106389
3.42613321028
RSS 64.49346652468412
BP MaxDensity 0.04637054227801532
EFS MaxDensity 0.033147034905770895
a0 3.461988254324658
e0 -4.305928264643473
b0 248.04480852899854
---END---
---START---
00000052
PARAMETERS 
38
3.6740569308
2.27227343966
11.3771262794
-7.05922471218
-4.41534492001
1.0308884476
-1.42024773353
0.0303997852668
0.933060844166
0.408002086127
0.683594798752
0.925126850291
-0.00624278506442
0.611305947012
-0.239705982926
0.466807489059
-0.52167768869
-0.0920167672462
0.132855470506
-1.94938564301
30.3556213379
24.3362083435
34.9576034546
16.2302913666
17.857875824
7.66438293457
1.23997938633
0.442521393299
0.109044238925
0.0200536046177
0.00229621282779
0.00255827326328
0.00108765787445
7.98819164629e-05
4.18824820372e-05
4.40689618699e-05
-7.64793106389
3.42613321029
RSS 64.49346652485984
BP MaxDensity 0.04637054227801532
EFS MaxDensity 0.033147034905770895
a0 3.4619882543209384
e0 -4.305928264627529
b0 248.0448085318663
---END---
---START---
00000053
PARAMETERS 
38
3.6740569308
2.27227343966
11.3771262794
-7.05922471218
-4.41534492001
1.0308884476
-1.42024773353
0.0303997852668
0.933060844166
0.408002086127
0.683594798752
0.925126850291
-0.00624278506436
0.611305947012
-0.239705982926
0.466807489059
-0.52167768869
-0.0920167672462
0.132855470506
-1.94938564301
30.3556213379
24.3362083435
34.9576034546
16.2302913666
17.857875824
7.66438293457
1.23997938633
0.442521393299
0.109044238925
0.0200536046177
0.00229621282779
0.00255827326328
0.00108765787445
7.98819164629e-05
4.18824820372e-05
4.40689618699e-05
-7.64793106389
3.42613321028
RSS 64.49346652540277
BP MaxDensity 0.04637054227801532
EFS MaxDensity 0.033147034905770895
a0 3.461988254320089
e0 -4.305928264624938
b0 248.04480853779248
---END---
---START---
00000054
PARAMETERS 
38
3.6740569308
2.27227343966
11.3771262794
-7.05922471218
-4.41534492001
1.0308884476
-1.42024773353
0.0303997852668
0.933060844166
0.408002086127
0.683594798752
0.925126850291
-0.00624278506443
0.611305947012
-0.239705982926
0.466807489059
-0.52167768869
-0.0920167672462
0.132855470506
-1.94938564301
30.3556213379
24.3362083435
34.9576034546
16.2302913666
17.857875824
7.66438293457
1.23997938633
0.442521393299
0.109044238925
0.0200536046177
0.00229621282779
0.00255827326328
0.00108765787445
7.98819164629e-05
4.18824820372e-05
4.40689618699e-05
-7.64793106389
3.42613321029
RSS 64.49346652568725
BP MaxDensity 0.04637054227801532
EFS MaxDensity 0.033147034905770895
a0 3.4619882543218186
e0 -4.305928264644745
b0 248.0448085285483
---END---
---START---
00000055
PARAMETERS 
38
3.6740569308
2.27227343966
11.3771262794
-7.05922471218
-4.41534492001
1.0308884476
-1.42024773353
0.0303997852668
0.933060844166
0.408002086127
0.683594798752
0.925126850291
-0.00624278506446
0.611305947012
-0.239705982926
0.466807489059
-0.52167768869
-0.0920167672462
0.132855470506
-1.94938564301
30.3556213379
24.3362083435
34.9576034546
16.2302913666
17.857875824
7.66438293457
1.23997938633
0.442521393299
0.109044238925
0.0200536046177
0.00229621282779
0.00255827326328
0.00108765787445
7.98819164629e-05
4.18824820372e-05
4.40689618699e-05
-7.64793106389
3.42613321029
RSS 64.49346652606847
BP MaxDensity 0.04637054227801532
EFS MaxDensity 0.033147034905770895
a0 3.461988254320136
e0 -4.305928264655057
b0 248.04480853190537
---END---
---START---
00000056
PARAMETERS 
38
3.6740569308
2.27227343966
11.3771262794
-7.05922471218
-4.41534492001
1.0308884476
-1.42024773353
0.0303997852669
0.933060844166
0.408002086127
0.683594798752
0.925126850291
-0.00624278506438
0.611305947012
-0.239705982926
0.466807489059
-0.52167768869
-0.0920167672462
0.132855470506
-1.94938564301
30.3556213379
24.3362083435
34.9576034546
16.2302913666
17.857875824
7.66438293457
1.23997938633
0.442521393299
0.109044238925
0.0200536046177
0.00229621282779
0.00255827326328
0.00108765787445
7.98819164629e-05
4.18824820372e-05
4.40689618699e-05
-7.64793106389
3.42613321029
RSS 64.49346655904718
BP MaxDensity 0.04637054227801532
EFS MaxDensity 0.033147034905770895
a0 3.461988254327211
e0 -4.305928264629327
b0 248.0448085217823
---END---
---START---
00000057
PARAMETERS 
38
3.6740569308
2.27227343976
11.3771262794
-5.03041670688
-4.41534493903
1.0308884476
-1.42024773353
0.0303997852671
0.93306084405
0.408002086127
0.683594798773
0.925126850291
-0.00624278506451
0.611305947012
-0.239705982927
0.466807489059
-0.52167768869
-0.0920167672524
0.132855470506
-1.94938564301
30.3556213379
24.3362083435
34.9576034546
16.2302913666
17.857875824
7.66438293457
1.23997938633
0.442521393299
0.109044238925
0.0200536046177
0.00229621282779
0.00255827326328
0.00108765787445
7.98819164629e-05
4.18824820372e-05
4.40689618699e-05
-7.64793106501
3.42613321028
RSS 64.49346688113441
BP MaxDensity 0.04637054227801532
EFS MaxDensity 0.033147034905770895
a0 3.461988254112395
e0 -4.305928267222637
b0 248.04480844284754
---END---
---START---
00000058
PARAMETERS 
38
3.6740569308
2.27227344002
11.3771267838
-7.0592247336
-4.41534493924
1.03088844823
-1.42024773353
0.0303997852669
0.933060844049
0.408002086127
0.683594798734
0.92512685029
-0.00624270185294
0.611305797609
-0.239705982926
0.466807489059
-0.52167768869
-0.0920167714746
0.132855470507
-1.94938564301
30.3556213379
24.3362083435
34.9576034546
16.2302913666
17.857875824
7.66438293457
1.23997938633
0.442521393299
0.109044238925
0.0200536046177
0.00229621282779
0.00255827326328
0.00108765787445
7.98819164629e-05
4.18824820372e-05
4.40689618699e-05
-7.6479310648
3.42613321028
RSS 64.49354456771454
BP MaxDensity 0.04637054227801532
EFS MaxDensity 0.033147034905770895
a0 3.461987912435152
e0 -4.305931378033447
b0 248.04468958323412
---END---
---START---
00000059
PARAMETERS 
38
3.67405693081
2.27227344002
11.3771267838
-5.03041670688
-4.41534492
1.03088844822
-1.42024773358
0.0303997852606
0.933060994966
0.408002086112
0.683594798759
0.92512685029
-0.00624270185253
0.611305826856
-0.239705982927
0.466807489057
-0.52167768869
-0.092016767249
0.132855470506
-1.94938564301
30.3556213379
24.3362083435
34.9576034546
16.2302913666
17.857875824
7.66438293457
1.23997938633
0.442521393299
0.109044238925
0.0200536046177
0.00229621282779
0.00255827326328
0.00108765787445
7.98819164629e-05
4.18824820372e-05
4.40689618699e-05
-7.6479310648
3.42613321028
RSS 64.4936135842378
BP MaxDensity 0.04637054227801532
EFS MaxDensity 0.033147034905770895
a0 3.4619881153959207
e0 -4.305929372793458
b0 248.0447705277715
---END---
---START---
00000060
PARAMETERS 
38
3.67405693081
2.27227344002
11.3771267837
-7.05922473354
-4.41534492001
1.03088844822
-1.42024773353
0.0303997851815
0.93306084417
0.408002086126
0.683594792463
0.925126850291
-0.00624270184966
0.611305797608
-0.239705982926
0.466807489059
-0.52167768869
-0.0920167672405
0.132855470507
-1.94938564301
30.3556213379
24.3362083435
34.9576034546
16.2302913666
17.857875824
7.66438293457
1.23997938633
0.442521393299
0.109044238925
0.0200536046177
0.00229621282779
0.00255827326328
0.00108765787445
7.98819164629e-05
4.18824820372e-05
4.40689618699e-05
-7.64793106503
3.42613321029
RSS 64.49364893382824
BP MaxDensity 0.04637054227801532
EFS MaxDensity 0.033147034905770895
a0 3.4619880574990103
e0 -4.305929717519432
b0 248.0447397877248
---END---
---START---
00000061
PARAMETERS 
38
3.6740569308
2.27227343971
11.3771267838
-7.0592247336
-4.41534493924
1.0308884476
-1.42024773353
0.030399785267
0.933060844049
0.408002086127
0.683594798734
0.925126850291
-0.00624270152375
0.611305947012
-0.239705982926
0.466807489059
-0.52167768869
-0.0920167714746
0.132855470507
-1.94938564301
30.3556213379
24.3362083435
34.9576034546
16.2302913666
17.857875824
7.66438293457
1.23997938633
0.442521393299
0.109044238925
0.0200536046177
0.00229621282779
0.00255827326328
0.00108765787445
7.98819164629e-05
4.18824820372e-05
4.40689618699e-05
-7.6479310648
3.42613321029
RSS 64.49365061479338
BP MaxDensity 0.04637054227801532
EFS MaxDensity 0.033147034905770895
a0 3.4619881748935435
e0 -4.30592961582196
b0 248.04478842228318
---END---
---START---
00000062
PARAMETERS 
38
3.6740569308
2.27227343966
11.3771262783
-5.03041670688
-4.41534492001
1.0308884501
-1.42024773353
0.0303997852669
0.933060994885
0.408002086127
0.683594798759
0.925126850542
-0.00624278506473
0.61130579761
-0.239705982926
0.466807489059
-0.52167768869
-0.0920167672462
0.132855470506
-1.94938564301
30.3556213379
24.3362083435
34.9576034546
16.2302913666
17.857875824
7.66438293457
1.23997938633
0.442521393299
0.109044238925
0.0200536046177
0.00229621282779
0.00255827326328
0.00108765787445
7.98819164629e-05
4.18824820372e-05
4.40689618699e-05
-7.64793106501
3.42613321028
RSS 64.49368841543924
BP MaxDensity 0.04637054227801532
EFS MaxDensity 0.033147034905770895
a0 3.461987998177845
e0 -4.305930023495832
b0 248.0447204390725
---END---
---START---
00000063
PARAMETERS 
38
3.6740569308
2.27227343971
11.3771262794
-5.03041670688
-4.41534492001
1.0308884476
-1.42024773353
0.0303997852667
0.933060844049
0.408002086127
0.683594798759
0.925126850291
-0.00624278506437
0.611305947012
-0.239705982927
0.466807489059
-0.52167768869
-0.0920167754569
0.132855470506
-1.94938564301
30.3556213379
24.3362083435
34.9576034546
16.2302913666
17.857875824
7.66438293457
1.23997938633
0.442521393299
0.109044238925
0.0200536046177
0.00229621282779
0.00255827326328
0.00108765787445
7.98819164629e-05
4.18824820372e-05
4.40689618699e-05
-7.64793106501
3.42613321028
RSS 64.49376174306596
BP MaxDensity 0.04637054227801532
EFS MaxDensity 0.033147034905770895
a0 3.461987971240499
e0 -4.30593148789092
b0 248.0447093211355
---END---
---START---
00000064
PARAMETERS 
38
3.6740569308
2.2722734397
11.3771267838
-5.03041670688
-4.41534492001
1.03088844753
-1.42024773357
0.0303997852623
0.933060844049
0.408002086127
0.683594798866
0.925127062201
-0.00624270184931
0.611305947012
-0.239705982926
0.466807489063
-0.521677688689
-0.0920167754555
0.132855470506
-1.94938564301
30.3556213379
24.3362083435
34.9576034546
16.2302913666
17.857875824
7.66438293457
1.23997938633
0.442521393299
0.109044238925
0.0200536046177
0.00229621282779
0.00255827326328
0.00108765787445
7.98819164629e-05
4.18824820372e-05
4.40689618699e-05
-7.64793106501
3.42613321028
RSS 64.49385302114305
BP MaxDensity 0.04637054227801532
EFS MaxDensity 0.033147034905770895
a0 3.4619881099858305
e0 -4.305930967886481
b0 248.04478972625674
---END---
---START---
00000065
PARAMETERS 
38
3.6740569308
2.27227343971
11.3771262794
-7.0592247121
-4.41534492001
1.0308884476
-1.42024773354
0.0303997852619
0.933060844049
0.408002086104
0.683594798759
0.92512685028
-0.00624270185044
0.611305947012
-0.239705982927
0.466807489067
-0.52167768869
-0.092016775457
0.132855470506
-1.94938564301
30.3556213379
24.3362083435
34.9576034546
16.2302913666
17.857875824
7.66438293457
1.23997938633
0.442521393299
0.109044238925
0.0200536046177
0.00229621282779
0.00255827326328
0.00108765787445
7.98819164629e-05
4.18824820372e-05
4.40689618699e-05
-7.64793106479
3.42613321028
RSS 64.49385502597357
BP MaxDensity 0.04637054227801532
EFS MaxDensity 0.033147034905770895
a0 3.4619880373771488
e0 -4.3059311798934985
b0 248.04474019712842
---END---
---START---
00000066
PARAMETERS 
38
3.6740569308
2.27227343971
11.3771262794
-7.0592247121
-4.41534492001
1.0308884476
-1.42024773354
0.0303997852619
0.933060844049
0.408002086104
0.683594798759
0.92512685028
-0.00624270185044
0.611305947012
-0.239705982927
0.466807489067
-0.52167768869
-0.092016775457
0.132855470506
-1.94938564301
30.3556213379
24.3362083435
34.9576034546
16.2302913666
17.857875824
7.66438293457
1.23997938633
0.442521393299
0.109044238925
0.0200536046177
0.00229621282779
0.00255827326328
0.00108765787445
7.98819164629e-05
4.18824820372e-05
4.40689618699e-05
-7.64793106479
3.42613321028
RSS 64.4938550336403
BP MaxDensity 0.04637054227801532
EFS MaxDensity 0.033147034905770895
a0 3.4619880373693652
e0 -4.3059311799115525
b0 248.04474020905346
---END---
---START---
00000067
PARAMETERS 
38
3.6740569308
2.27227343971
11.3771267838
-5.03041670689
-4.41534492001
1.03088844823
-1.42024773353
0.0303997852669
0.93306084405
0.408002086127
0.683594798759
0.925126850291
-0.0062427018533
0.611305947012
-0.239705982927
0.46680748906
-0.52167768869
-0.0920167754567
0.132855470506
-1.94938564301
30.3556213379
24.3362083435
34.9576034546
16.2302913666
17.857875824
7.66438293457
1.23997938633
0.442521393299
0.109044238925
0.0200536046177
0.00229621282779
0.00255827326328
0.00108765787445
7.98819164629e-05
4.18824820372e-05
4.40689618699e-05
-7.64793106479
3.42613321029
RSS 64.49385506931425
BP MaxDensity 0.04637054227801532
EFS MaxDensity 0.033147034905770895
a0 3.46198803734678
e0 -4.305931180234181
b0 248.04474018999412
---END---
---START---
00000068
PARAMETERS 
38
3.6740569308
2.27227343971
11.3771267838
-5.03041670688
-4.41534492
1.0308884476
-1.42024773353
0.0303997852668
0.933060844049
0.408002086128
0.683594798761
0.925126850293
-0.00624270185244
0.611305947012
-0.239705982926
0.46680748906
-0.52167768869
-0.092016775457
0.132855470506
-1.94938564301
30.3556213379
24.3362083435
34.9576034546
16.2302913666
17.857875824
7.66438293457
1.23997938633
0.442521393299
0.109044238925
0.0200536046177
0.00229621282779
0.00255827326328
0.00108765787445
7.98819164629e-05
4.18824820372e-05
4.40689618699e-05
-7.64793106479
3.42613321028
RSS 64.49385508301508
BP MaxDensity 0.04637054227801532
EFS MaxDensity 0.033147034905770895
a0 3.461988037336385
e0 -4.305931180311585
b0 248.04474019325525
---END---
---START---
00000069
PARAMETERS 
38
3.6740569308
2.27227343971
11.3771267838
-5.03041670688
-4.41534492001
1.0308884476
-1.42024773353
0.0303997852673
0.933060844049
0.408002086124
0.683594798759
0.925126850291
-0.00624270185301
0.611305947012
-0.239705982926
0.466807489057
-0.52167768869
-0.0920167754567
0.132855470507
-1.94938564301
30.3556213379
24.3362083435
34.9576034546
16.2302913666
17.857875824
7.66438293457
1.23997938633
0.442521393299
0.109044238925
0.0200536046177
0.00229621282779
0.00255827326328
0.00108765787445
7.98819164629e-05
4.18824820372e-05
4.40689618699e-05
-7.64793106501
3.42613321029
RSS 64.49385509289824
BP MaxDensity 0.04637054227801532
EFS MaxDensity 0.033147034905770895
a0 3.4619880373304976
e0 -4.305931180359399
b0 248.04474019161373
---END---
---START---
00000070
PARAMETERS 
38
3.67405693082
2.27227344002
11.3771267838
-5.03041670689
-4.41534492001
1.0308884476
-1.42024773353
0.0303997852671
0.933060844049
0.408002086127
0.683594798759
0.925126850288
-0.00624270185132
0.611305947012
-0.239705982926
0.46680748906
-0.52167768869
-0.092016775457
0.132855470506
-1.94938564301
30.3556213379
24.3362083435
34.9576034546
16.2302913666
17.857875824
7.66438293457
1.23997938633
0.442521393299
0.109044238925
0.0200536046177
0.00229621282779
0.00255827326328
0.00108765787445
7.98819164629e-05
4.18824820372e-05
4.40689618699e-05
-7.64793106479
3.42613321028
RSS 64.49385509328751
BP MaxDensity 0.04637054227801532
EFS MaxDensity 0.033147034905770895
a0 3.4619880373308387
e0 -4.305931180410055
b0 248.04474018322077
---END---
---START---
00000071
PARAMETERS 
38
3.67405693082
2.27227344002
11.3771267838
-5.03041670689
-4.41534492001
1.0308884476
-1.42024773353
0.0303997852671
0.933060844049
0.408002086127
0.683594798759
0.925126850288
-0.00624270185135
0.611305947012
-0.239705982926
0.46680748906
-0.52167768869
-0.092016775457
0.132855470506
-1.94938564301
30.3556213379
24.3362083435
34.9576034546
16.2302913666
17.857875824
7.66438293457
1.23997938633
0.442521393299
0.109044238925
0.0200536046177
0.00229621282779
0.00255827326328
0.00108765787445
7.98819164629e-05
4.18824820372e-05
4.40689618699e-05
-7.64793106479
3.42613321028
RSS 64.49385509771754
BP MaxDensity 0.04637054227801532
EFS MaxDensity 0.033147034905770895
a0 3.4619880373247973
e0 -4.305931180428105
b0 248.04474018719307
---END---
---START---
00000072
PARAMETERS 
38
3.67405693082
2.27227344002
11.3771267838
-5.03041670689
-4.41534492001
1.0308884476
-1.42024773353
0.0303997852671
0.933060844049
0.408002086127
0.683594798759
0.925126850288
-0.00624270185131
0.611305947012
-0.239705982926
0.46680748906
-0.52167768869
-0.092016775457
0.132855470506
-1.94938564301
30.3556213379
24.3362083435
34.9576034546
16.2302913666
17.857875824
7.66438293457
1.23997938633
0.442521393299
0.109044238925
0.0200536046177
0.00229621282779
0.00255827326328
0.00108765787445
7.98819164629e-05
4.18824820372e-05
4.40689618699e-05
-7.64793106479
3.42613321028
RSS 64.49385509834266
BP MaxDensity 0.04637054227801532
EFS MaxDensity 0.033147034905770895
a0 3.461988037329442
e0 -4.30593118042316
b0 248.04474018814966
---END---
---START---
00000073
PARAMETERS 
38
3.67405693081
2.27227343968
11.3771267839
-7.05922471218
-4.41534492004
1.03088844758
-1.42024773353
0.030399785254
0.933060844168
0.408002086111
0.683594798749
0.925126850291
-0.00624270184012
0.611305947012
-0.239705982926
0.466807489053
-0.52167768869
-0.0920167754564
0.132855470506
-1.94938564301
30.3556213379
24.3362083435
34.9576034546
16.2302913666
17.857875824
7.66438293457
1.23997938633
0.442521393299
0.109044238925
0.0200536046177
0.00229621282779
0.00255827326328
0.00108765787445
7.98819164629e-05
4.18824820372e-05
4.40689618699e-05
-7.64793106501
3.42613321028
RSS 64.49385514416079
BP MaxDensity 0.04637054227801532
EFS MaxDensity 0.033147034905770895
a0 3.4619880372980982
e0 -4.305931180713509
b0 248.0447401851806
---END---
---START---
00000074
PARAMETERS 
38
3.67405693082
2.27227343971
11.3771267838
-5.03041670689
-4.41534492001
1.0308884476
-1.42024773353
0.030399785228
0.933060849238
0.408002086127
0.683594798754
0.925126850291
-0.00624270185113
0.611305947012
-0.239705982927
0.46680748906
-0.52167768869
-0.092016775457
0.132855470506
-1.94938564301
30.3556213379
24.3362083435
34.9576034546
16.2302913666
17.857875824
7.66438293457
1.23997938633
0.442521393299
0.109044238925
0.0200536046177
0.00229621282779
0.00255827326328
0.00108765787445
7.98819164629e-05
4.18824820372e-05
4.40689618699e-05
-7.64793106479
3.42613321029
RSS 64.49385528852402
BP MaxDensity 0.04637054227801532
EFS MaxDensity 0.033147034905770895
a0 3.4619880375413152
e0 -4.3059311802404725
b0 248.04474055364167
---END---
---START---
00000075
PARAMETERS 
38
3.6740569308
2.27227343971
11.3771262794
-5.03041670688
-4.41534492001
1.0308884476
-1.42024773353
0.0303997852549
0.933060849238
0.408002086127
0.683594798759
0.925126850291
-0.00624270185281
0.611305947012
-0.239705982926
0.466807489059
-0.521677688689
-0.092016775457
0.132855470506
-1.94938564301
30.3556213379
24.3362083435
34.9576034546
16.2302913666
17.857875824
7.66438293457
1.23997938633
0.442521393299
0.109044238925
0.0200536046177
0.00229621282779
0.00255827326328
0.00108765787445
7.98819164629e-05
4.18824820372e-05
4.40689618699e-05
-7.64793106479
3.42613321029
RSS 64.49385528976482
BP MaxDensity 0.04637054227801532
EFS MaxDensity 0.033147034905770895
a0 3.4619880375423517
e0 -4.305931180267815
b0 248.04474054825081
---END---
---START---
00000076
PARAMETERS 
38
3.6740569308
2.27227343971
11.3771267838
-5.03041670688
-4.41534492001
1.0308884476
-1.42024773353
0.0303997852549
0.933060849238
0.408002086127
0.683594798759
0.925126850291
-0.00624270185285
0.611305947012
-0.239705982927
0.466807489059
-0.52167768869
-0.092016775457
0.132855470506
-1.94938564301
30.3556213379
24.3362083435
34.9576034546
16.2302913666
17.857875824
7.66438293457
1.23997938633
0.442521393299
0.109044238925
0.0200536046177
0.00229621282779
0.00255827326328
0.00108765787445
7.98819164629e-05
4.18824820372e-05
4.40689618699e-05
-7.64793106479
3.42613321029
RSS 64.49385528983663
BP MaxDensity 0.04637054227801532
EFS MaxDensity 0.033147034905770895
a0 3.461988037542733
e0 -4.305931180260535
b0 248.0447405502886
---END---
---START---
00000077
PARAMETERS 
38
3.6740569308
2.27227343971
11.3771267837
-5.03041670689
-4.41534492001
1.03088844758
-1.42024773353
0.0303997852828
0.933060849237
0.408002086126
0.683594798762
0.925126850291
-0.00624270184966
0.611305947012
-0.239705982926
0.466807489059
-0.52167768869
-0.092016775457
0.132855470507
-1.94938564301
30.3556213379
24.3362083435
34.9576034546
16.2302913666
17.857875824
7.66438293457
1.23997938633
0.442521393299
0.109044238925
0.0200536046177
0.00229621282779
0.00255827326328
0.00108765787445
7.98819164629e-05
4.18824820372e-05
4.40689618699e-05
-7.64793106503
3.42613321028
RSS 64.49385529187778
BP MaxDensity 0.04637054227801532
EFS MaxDensity 0.033147034905770895
a0 3.461988037550764
e0 -4.305931180234919
b0 248.0447405559169
---END---
---START---
00000078
PARAMETERS 
38
3.6740569308
2.27227343971
11.3771267837
-5.03041670689
-4.41534492001
1.03088844758
-1.42024773353
0.0303997852828
0.933060849237
0.408002086126
0.683594798762
0.925126850291
-0.0062427018497
0.611305947012
-0.239705982926
0.466807489059
-0.52167768869
-0.0920167754571
0.132855470507
-1.94938564301
30.3556213379
24.3362083435
34.9576034546
16.2302913666
17.857875824
7.66438293457
1.23997938633
0.442521393299
0.109044238925
0.0200536046177
0.00229621282779
0.00255827326328
0.00108765787445
7.98819164629e-05
4.18824820372e-05
4.40689618699e-05
-7.64793106503
3.42613321028
RSS 64.4938552923258
BP MaxDensity 0.04637054227801532
EFS MaxDensity 0.033147034905770895
a0 3.4619880375490113
e0 -4.30593118024189
b0 248.0447405491
---END---
---START---
00000079
PARAMETERS 
38
3.6740569308
2.27227343971
11.3771267837
-5.03041670689
-4.41534492001
1.03088844758
-1.42024773353
0.0303997852828
0.933060849237
0.408002086126
0.683594798762
0.925126850291
-0.0062427018497
0.611305947012
-0.239705982926
0.466807489059
-0.52167768869
-0.092016775457
0.132855470507
-1.94938564301
30.3556213379
24.3362083435
34.9576034546
16.2302913666
17.857875824
7.66438293457
1.23997938633
0.442521393299
0.109044238925
0.0200536046177
0.00229621282779
0.00255827326328
0.00108765787445
7.98819164629e-05
4.18824820372e-05
4.40689618699e-05
-7.64793106503
3.42613321028
RSS 64.49385529248957
BP MaxDensity 0.04637054227801532
EFS MaxDensity 0.033147034905770895
a0 3.4619880375483087
e0 -4.305931180238818
b0 248.0447405540828
---END---
---START---
00000080
PARAMETERS 
38
3.6740569308
2.27227343971
11.3771267837
-5.03041670689
-4.41534492001
1.03088844758
-1.42024773353
0.0303997852828
0.933060849237
0.408002086126
0.683594798762
0.925126850291
-0.00624270184968
0.611305947012
-0.239705982926
0.466807489059
-0.52167768869
-0.092016775457
0.132855470507
-1.94938564301
30.3556213379
24.3362083435
34.9576034546
16.2302913666
17.857875824
7.66438293457
1.23997938633
0.442521393299
0.109044238925
0.0200536046177
0.00229621282779
0.00255827326328
0.00108765787445
7.98819164629e-05
4.18824820372e-05
4.40689618699e-05
-7.64793106503
3.42613321028
RSS 64.49385529252295
BP MaxDensity 0.04637054227801532
EFS MaxDensity 0.033147034905770895
a0 3.461988037547205
e0 -4.3059311802354685
b0 248.044740555371
---END---
---START---
00000081
PARAMETERS 
38
3.6740569308
2.27227343971
11.3771267838
-5.03041670688
-4.41534492001
1.0308884476
-1.42024773353
0.0303997852549
0.933060849238
0.408002086127
0.683594798759
0.925126850291
-0.0062427018528
0.611305947012
-0.239705982927
0.466807489059
-0.52167768869
-0.092016775457
0.132855470506
-1.94938564301
30.3556213379
24.3362083435
34.9576034546
16.2302913666
17.857875824
7.66438293457
1.23997938633
0.442521393299
0.109044238925
0.0200536046177
0.00229621282779
0.00255827326328
0.00108765787445
7.98819164629e-05
4.18824820372e-05
4.40689618699e-05
-7.64793106479
3.42613321029
RSS 64.4938552931436
BP MaxDensity 0.04637054227801532
EFS MaxDensity 0.033147034905770895
a0 3.4619880375318735
e0 -4.305931180249458
b0 248.0447405609208
---END---
---START---
00000082
PARAMETERS 
38
3.6740569308
2.27227343971
11.3771267837
-5.03041670689
-4.41534492001
1.03088844758
-1.42024773353
0.0303997852829
0.933060849238
0.408002086126
0.683594798762
0.925126850291
-0.00624270184966
0.611305947012
-0.239705982926
0.466807489059
-0.52167768869
-0.092016775457
0.132855470507
-1.94938564301
30.3556213379
24.3362083435
34.9576034546
16.2302913666
17.857875824
7.66438293457
1.23997938633
0.442521393299
0.109044238925
0.0200536046177
0.00229621282779
0.00255827326328
0.00108765787445
7.98819164629e-05
4.18824820372e-05
4.40689618699e-05
-7.64793106503
3.42613321028
RSS 64.49385529381651
BP MaxDensity 0.04637054227801532
EFS MaxDensity 0.033147034905770895
a0 3.4619880375461807
e0 -4.30593118024325
b0 248.04474055370883
---END---
---START---
00000083
PARAMETERS 
38
3.6740569308
2.27227343971
11.3771267838
-5.03041670688
-4.41534492001
1.0308884476
-1.42024773353
0.0303997852549
0.933060849238
0.408002086127
0.683594798759
0.925126850291
-0.00624270185282
0.611305947012
-0.239705982927
0.466807489059
-0.52167768869
-0.092016775457
0.132855470506
-1.94938564301
30.3556213379
24.3362083435
34.9576034546
16.2302913666
17.857875824
7.66438293457
1.23997938633
0.442521393299
0.109044238925
0.0200536046177
0.00229621282779
0.00255827326328
0.00108765787445
7.98819164629e-05
4.18824820372e-05
4.40689618699e-05
-7.64793106479
3.42613321029
RSS 64.49385529424362
BP MaxDensity 0.04637054227801532
EFS MaxDensity 0.033147034905770895
a0 3.461988037531338
e0 -4.305931180253844
b0 248.04474056310278
---END---
---START---
00000084
PARAMETERS 
38
3.6740569308
2.27227343971
11.3771267838
-5.03041670688
-4.41534492001
1.0308884476
-1.42024773353
0.0303997852548
0.933060849238
0.408002086127
0.683594798759
0.925126850291
-0.00624270185282
0.611305947012
-0.239705982927
0.466807489059
-0.52167768869
-0.092016775457
0.132855470506
-1.94938564301
30.3556213379
24.3362083435
34.9576034546
16.2302913666
17.857875824
7.66438293457
1.23997938633
0.442521393299
0.109044238925
0.0200536046177
0.00229621282779
0.00255827326328
0.00108765787445
7.98819164629e-05
4.18824820372e-05
4.40689618699e-05
-7.64793106479
3.42613321029
RSS 64.49385529444797
BP MaxDensity 0.04637054227801532
EFS MaxDensity 0.033147034905770895
a0 3.461988037540718
e0 -4.3059311802699325
b0 248.04474055399962
---END---
---START---
00000085
PARAMETERS 
38
3.6740569308
2.27227343971
11.3771267837
-5.03041670689
-4.41534492001
1.03088844758
-1.42024773353
0.0303997852829
0.933060849237
0.408002086126
0.683594798762
0.925126850291
-0.00624270184961
0.611305947012
-0.239705982926
0.466807489059
-0.52167768869
-0.092016775457
0.132855470507
-1.94938564301
30.3556213379
24.3362083435
34.9576034546
16.2302913666
17.857875824
7.66438293457
1.23997938633
0.442521393299
0.109044238925
0.0200536046177
0.00229621282779
0.00255827326328
0.00108765787445
7.98819164629e-05
4.18824820372e-05
4.40689618699e-05
-7.64793106503
3.42613321028
RSS 64.49385529602847
BP MaxDensity 0.04637054227801532
EFS MaxDensity 0.033147034905770895
a0 3.46198803754264
e0 -4.305931180251251
b0 248.0447405579308
---END---
---START---
00000086
PARAMETERS 
38
3.6740569308
2.27227343971
11.3771267837
-5.03041670689
-4.41534492001
1.03088844758
-1.42024773353
0.0303997852828
0.933060849237
0.408002086126
0.683594798762
0.925126850291
-0.00624270184968
0.611305947012
-0.239705982926
0.466807489059
-0.52167768869
-0.092016775457
0.132855470507
-1.94938564301
30.3556213379
24.3362083435
34.9576034546
16.2302913666
17.857875824
7.66438293457
1.23997938633
0.442521393299
0.109044238925
0.0200536046177
0.00229621282779
0.00255827326328
0.00108765787445
7.98819164629e-05
4.18824820372e-05
4.40689618699e-05
-7.64793106503
3.42613321028
RSS 64.49385529904283
BP MaxDensity 0.04637054227801532
EFS MaxDensity 0.033147034905770895
a0 3.4619880375372194
e0 -4.305931180250871
b0 248.0447405619182
---END---
---START---
00000087
PARAMETERS 
38
3.6740569308
2.27227343971
11.3771267837
-5.03041670689
-4.41534492001
1.03088844758
-1.42024773353
0.0303997852829
0.933060849237
0.408002086126
0.683594798762
0.925126850291
-0.00624270184966
0.611305947012
-0.239705982926
0.466807489059
-0.52167768869
-0.0920167754571
0.132855470507
-1.94938564301
30.3556213379
24.3362083435
34.9576034546
16.2302913666
17.857875824
7.66438293457
1.23997938633
0.442521393299
0.109044238925
0.0200536046177
0.00229621282779
0.00255827326328
0.00108765787445
7.98819164629e-05
4.18824820372e-05
4.40689618699e-05
-7.64793106503
3.42613321028
RSS 64.49385529920804
BP MaxDensity 0.04637054227801532
EFS MaxDensity 0.033147034905770895
a0 3.4619880375409906
e0 -4.305931180258579
b0 248.04474055941202
---END---
---START---
00000088
PARAMETERS 
38
3.6740569308
2.27227344002
11.3771262794
-5.03041670689
-4.41534492001
1.0308884476
-1.42024773353
0.0303997852669
0.933060849235
0.408002086127
0.683594798761
0.925126850289
-0.00624270185167
0.611305947012
-0.239705982926
0.466807489059
-0.52167768869
-0.0920167754568
0.132855470506
-1.94938564301
30.3556213379
24.3362083435
34.9576034546
16.2302913666
17.857875824
7.66438293457
1.23997938633
0.442521393299
0.109044238925
0.0200536046177
0.00229621282779
0.00255827326328
0.00108765787445
7.98819164629e-05
4.18824820372e-05
4.40689618699e-05
-7.64793106501
3.42613321029
RSS 64.49385530623012
BP MaxDensity 0.04637054227801532
EFS MaxDensity 0.033147034905770895
a0 3.4619880375342236
e0 -4.305931180330138
b0 248.04474055486426
---END---
---START---
00000089
PARAMETERS 
38
3.6740569308
2.27227343971
11.3771262794
-5.03041670688
-4.41534492001
1.03088844758
-1.42024773353
0.0303997852827
0.933060849236
0.408002086126
0.683594798762
0.925126850291
-0.00624270184965
0.611305947012
-0.239705982926
0.466807489058
-0.52167768869
-0.0920167754571
0.132855470507
-1.94938564301
30.3556213379
24.3362083435
34.9576034546
16.2302913666
17.857875824
7.66438293457
1.23997938633
0.442521393299
0.109044238925
0.0200536046177
0.00229621282779
0.00255827326328
0.00108765787445
7.98819164629e-05
4.18824820372e-05
4.40689618699e-05
-7.6479310648
3.42613321028
RSS 64.49385530631554
BP MaxDensity 0.04637054227801532
EFS MaxDensity 0.033147034905770895
a0 3.4619880375280063
e0 -4.305931180370634
b0 248.04474054835416
---END---
---START---
00000090
PARAMETERS 
38
3.6740569308
2.27227343941
11.3771267837
-5.03041670688
-4.41534492001
1.03088844823
-1.42024773353
0.0303997852829
0.933060849235
0.408002086124
0.683594798762
0.925126850291
-0.00624270185074
0.611305947012
-0.239705982926
0.46680748906
-0.52167768869
-0.092016775457
0.132855470506
-1.94938564301
30.3556213379
24.3362083435
34.9576034546
16.2302913666
17.857875824
7.66438293457
1.23997938633
0.442521393299
0.109044238925
0.0200536046177
0.00229621282779
0.00255827326328
0.00108765787445
7.98819164629e-05
4.18824820372e-05
4.40689618699e-05
-7.64793106503
3.42613321029
RSS 64.49385531866959
BP MaxDensity 0.04637054227801532
EFS MaxDensity 0.033147034905770895
a0 3.4619880375402543
e0 -4.3059311803087335
b0 248.04474055023238
---END---
---START---
00000091
PARAMETERS 
38
3.6740569308
2.27227343971
11.3771262794
-7.05922473319
-4.41534492001
1.03088844758
-1.42024773353
0.0303997852827
0.933060849238
0.408002086127
0.683594798762
0.925126850291
-0.00624270184965
0.611305947012
-0.239705982926
0.466807489059
-0.52167768869
-0.0920167754571
0.132855470506
-1.94938564301
30.3556213379
24.3362083435
34.9576034546
16.2302913666
17.857875824
7.66438293457
1.23997938633
0.442521393299
0.109044238925
0.0200536046177
0.00229621282779
0.00255827326328
0.00108765787445
7.98819164629e-05
4.18824820372e-05
4.40689618699e-05
-7.64793106503
3.42613321028
RSS 64.493855322902
BP MaxDensity 0.04637054227801532
EFS MaxDensity 0.033147034905770895
a0 3.4619880375266976
e0 -4.305931180446317
b0 248.04474054772706
---END---
---START---
00000092
PARAMETERS 
38
3.6740569308
2.27227343971
11.3771262794
-7.05922473319
-4.41534492001
1.03088844758
-1.42024773353
0.0303997852828
0.933060849238
0.408002086127
0.683594798762
0.925126850291
-0.0062427018497
0.611305947012
-0.239705982926
0.466807489059
-0.52167768869
-0.092016775457
0.132855470506
-1.94938564301
30.3556213379
24.3362083435
34.9576034546
16.2302913666
17.857875824
7.66438293457
1.23997938633
0.442521393299
0.109044238925
0.0200536046177
0.00229621282779
0.00255827326328
0.00108765787445
7.98819164629e-05
4.18824820372e-05
4.40689618699e-05
-7.64793106503
3.42613321028
RSS 64.49385532483635
BP MaxDensity 0.04637054227801532
EFS MaxDensity 0.033147034905770895
a0 3.4619880375240455
e0 -4.305931180458407
b0 248.0447405535823
---END---
---START---
00000093
PARAMETERS 
38
3.6740569308
2.27227343971
11.3771267838
-5.03041670688
-4.41534492001
1.0308884476
-1.42024773353
0.0303997852549
0.933060849238
0.408002086127
0.683594798759
0.925126850291
-0.00624270185281
0.611305947012
-0.239705982927
0.466807489059
-0.52167768869
-0.092016775457
0.132855470506
-1.94938564301
30.3556213379
24.3362083435
34.9576034546
16.2302913666
17.857875824
7.66438293457
1.23997938633
0.442521393299
0.109044238925
0.0200536046177
0.00229621282779
0.00255827326328
0.00108765787445
7.98819164629e-05
4.18824820372e-05
4.40689618699e-05
-7.64793106479
3.42613321029
RSS 64.49385850406513
BP MaxDensity 0.04637054227801532
EFS MaxDensity 0.033147034905770895
a0 3.461988037537092
e0 -4.305931180259083
b0 248.0447405535338
---END---
---START---
00000094
PARAMETERS 
38
3.6740569308
2.27227344002
11.3771267838
-7.0592247336
-4.41534493924
1.03088844823
-1.42024773353
0.030399785267
0.933060844049
0.408002086127
0.683594798734
0.92512685029
-0.00624270185289
0.611305797609
-0.239705982926
0.466807489059
-0.52167768869
-0.0920167714746
0.132855470507
-1.94938564301
30.3556213379
24.3362083435
34.9576034546
16.2302913666
17.857875824
7.66438293457
1.23997938633
0.442521393299
0.109044238925
0.0200536046177
0.00229621282779
0.00255827326328
0.00108765787445
7.98819164629e-05
4.18824820372e-05
4.40689618699e-05
-7.6479310648
3.42613321028
RSS 64.49386658645273
BP MaxDensity 0.04637054227801532
EFS MaxDensity 0.033147034905770895
a0 3.461987912432705
e0 -4.305931378030587
b0 248.04468957857952
---END---
---START---
00000095
PARAMETERS 
38
3.6740569308
2.27227344002
11.3771267838
-7.0592247336
-4.41534492001
1.03088844822
-1.42024773353
0.0303997852575
0.933060849238
0.408002086127
0.683594798758
0.925126850291
-0.00624270185294
0.611305797611
-0.239705982926
0.466807489058
-0.52167768869
-0.0920167714746
0.132855470507
-1.94938564301
30.3556213379
24.3362083435
34.9576034546
16.2302913666
17.857875824
7.66438293457
1.23997938633
0.442521393299
0.109044238925
0.0200536046177
0.00229621282779
0.00255827326328
0.00108765787445
7.98819164629e-05
4.18824820372e-05
4.40689618699e-05
-7.64793106479
3.42613321028
RSS 64.49386680128168
BP MaxDensity 0.04637054227801532
EFS MaxDensity 0.033147034905770895
a0 3.4619879126380573
e0 -4.305931378016804
b0 248.0446899390196
---END---
---START---
00000096
PARAMETERS 
38
3.6740569308
2.27227343971
11.3771262794
-5.03041670688
-4.41534492001
1.0308884476
-1.42024773353
0.0303997852672
0.933060844049
0.408002086127
0.683594798759
0.925126850291
-0.00624278506478
0.611305947012
-0.239705982926
0.466807489059
-0.52167768869
-0.092016775457
0.132855470506
-1.94938564301
30.3556213379
24.3362083435
34.9576034546
16.2302913666
17.857875824
7.66438293457
1.23997938633
0.442521393299
0.109044238925
0.0200536046177
0.00229621282779
0.00255827326328
0.00108765787445
7.98819164629e-05
4.18824820372e-05
4.40689618699e-05
-7.64793106501
3.42613321028
RSS 64.49388302456843
BP MaxDensity 0.04637054227801532
EFS MaxDensity 0.033147034905770895
a0 3.4619879712395307
e0 -4.305931487841366
b0 248.04470932817807
---END---
---START---
00000097
PARAMETERS 
38
3.6740569308
2.2722734397
11.3771262794
-5.03041670688
-4.41534492001
1.0308884476
-1.42024773353
0.0303997852599
0.933060844049
0.408002086126
0.683594798866
0.925127062201
-0.00624278506459
0.611305947012
-0.239705982926
0.466807489063
-0.521677688689
-0.092016775457
0.132855470506
-1.94938564301
30.3556213379
24.3362083435
34.9576034546
16.2302913666
17.857875824
7.66438293457
1.23997938633
0.442521393299
0.109044238925
0.0200536046177
0.00229621282779
0.00255827326328
0.00108765787445
7.98819164629e-05
4.18824820372e-05
4.40689618699e-05
-7.64793106524
3.42613321029
RSS 64.49388583392982
BP MaxDensity 0.04637054227801532
EFS MaxDensity 0.033147034905770895
a0 3.4619880438518567
e0 -4.305931275826052
b0 248.0447588592463
---END---
---START---
00000098
PARAMETERS 
38
3.6740569308
2.27227343971
11.3771262794
-5.03041670688
-4.41534492001
1.0308884476
-1.42024773353
0.030399785267
0.933060844049
0.408002086127
0.683594798759
0.925126850291
-0.00624278506462
0.611305947012
-0.239705982926
0.466807489059
-0.52167768869
-0.092016775457
0.132855470506
-1.94938564301
30.3556213379
24.3362083435
34.9576034546
16.2302913666
17.857875824
7.66438293457
1.23997938633
0.442521393299
0.109044238925
0.0200536046177
0.00229621282779
0.00255827326328
0.00108765787445
7.98819164629e-05
4.18824820372e-05
4.40689618699e-05
-7.64793106501
3.42613321028
RSS 64.49388737081213
BP MaxDensity 0.04637054227801532
EFS MaxDensity 0.033147034905770895
a0 3.461987971233505
e0 -4.305931487886805
b0 248.04470932841727
---END---
---START---
00000099
PARAMETERS 
38
3.6740569308
2.27227343971
11.3771262794
-5.03041670688
-4.41534492001
1.0308884476
-1.42024773353
0.0303997852668
0.933060844049
0.408002086126
0.683594798759
0.925126850291
-0.00624278506444
0.611305947012
-0.239705982926
0.466807489059
-0.52167768869
-0.092016775457
0.132855470506
-1.94938564301
30.3556213379
24.3362083435
34.9576034546
16.2302913666
17.857875824
7.66438293457
1.23997938633
0.442521393299
0.109044238925
0.0200536046177
0.00229621282779
0.00255827326328
0.00108765787445
7.98819164629e-05
4.18824820372e-05
4.40689618699e-05
-7.64793106501
3.42613321028
RSS 64.49388759413289
BP MaxDensity 0.04637054227801532
EFS MaxDensity 0.033147034905770895
a0 3.4619879712415393
e0 -4.305931487818126
b0 248.0447093256749
---END---
---START---
00000100
PARAMETERS 
38
3.6740569308
2.27227343971
11.3771262794
-5.03041670688
-4.41534492001
1.0308884476
-1.42024773353
0.0303997852669
0.933060844049
0.408002086127
0.683594798759
0.925126850291
-0.00624278506454
0.611305947012
-0.239705982926
0.466807489059
-0.52167768869
-0.092016775457
0.132855470506
-1.94938564301
30.3556213379
24.3362083435
34.9576034546
16.2302913666
17.857875824
7.66438293457
1.23997938633
0.442521393299
0.109044238925
0.0200536046177
0.00229621282779
0.00255827326328
0.00108765787445
7.98819164629e-05
4.18824820372e-05
4.40689618699e-05
-7.64793106501
3.42613321028
RSS 64.49388771070846
BP MaxDensity 0.04637054227801532
EFS MaxDensity 0.033147034905770895
a0 3.4619879712321238
e0 -4.305931487890348
b0 248.04470933076675
---END---
