RSS:  
21.92699041305348

P:  
49496.2032619
1500.02969664
241.72908307
204.763699655
112.073304242
57.5663996627
36.0174980318
41.7963973415
21.1936423718
30.7800724844
12.4013976831
18.9151408539
16.4145896725
9.31597950275
2.68692893062
2.03118022803
0.879184728102
0.510294859039
0.310257656722
0.155957117278
0.0456789928706
-0.0019813443957
-0.0287303024309
-0.0431286877063
-0.0822571107835
-0.0807361157799
-0.074264560721
-0.0493619179755
-0.0276936639442
-0.0242362360571
-0.0285085071339
-0.0219223197566
-0.00995372552332
-0.0071559816436
-0.00978306478668
-0.00399341001624
-0.00184304538358
0.000697415459654
0.00190349494184
0.00287164980374
0.002364328825
0.000631314037155
-0.000652982210921
-0.00109596331973
-0.00121188339282
-0.000764902524013
-0.00020245764136
-2.48729522531e-08
0.0
0.0
1.11138505456
1.07452675568
0.500959176979
0.157425487817
0.0557142168967
0.0330576942754
0.0185356933768
0.00996649077702
0.00598684483732
0.00314313767963
0.00203479845812
0.00194714219654
0.00156002425078
0.00107570010861
0.000574793240829
0.000329699460495
0.00010550831077
2.2042532324e-05
7.18132315704e-07
0.0
-8.82503142871
-0.646478146544

Known:
a0:     3.42
e0:     -4.27
B0:     221.99999999938152
EC:     365.600 141.600 233.800  0.000  0.000  0.000 
        141.600 298.700 130.400  0.000  0.000  0.000 
        233.800 130.400 364.600  0.000  0.000  0.000 
         0.000  0.000  0.000 186.300  0.000  0.000 
         0.000  0.000  0.000  0.000 266.800  0.000 
         0.000  0.000  0.000  0.000  0.000 186.300 

Calculated:
a0:     3.5813186317788324
e0:     -4.284759074047462
B0:     252.9360507670543
EC:     357.581 139.366 229.642  0.000  0.000  0.000 
        139.366 296.765 127.566  0.000  0.000  0.000 
        229.642 127.566 357.581  0.000  0.000  0.000 
         0.000  0.000  0.000 181.272  0.000  0.000 
         0.000  0.000  0.000  0.000 264.918  0.000 
         0.000  0.000  0.000  0.000  0.000 181.272 



