RSS:  
51.16492542487098

P:  
70450.8337376
985.383131812
333.158209751
189.897790184
92.1122363208
61.9401312658
55.6315478905
39.0957172909
22.70112651
14.3625247122
23.0666992696
17.1910915958
16.8356068364
9.13091108066
2.3201535374
1.51535719886
0.790556431205
0.513052226581
0.320033945425
0.149284679269
0.040231678273
-0.00137675494843
-0.0383455388209
-0.0777279086904
-0.0958918049452
-0.0720850513666
-0.0863852130684
-0.033122110765
-0.0357236742041
-0.0326686985301
-0.0174198034109
-0.0123473988615
-0.0106830897062
-0.00924015097863
-0.00883569059838
-0.00589099594242
-0.0026813094501
0.00066411287499
0.00180265802321
0.00262917196352
0.00195795914925
0.000698307088012
-0.000639282653757
-0.000629099603495
-0.00124660055199
-0.000688680208013
-0.000181891316906
-2.45484548495e-08
0.0
0.0
0.6
0.8
0.388406844347
0.189522198246
0.0599993582001
0.0246146030937
0.0147651610651
0.00983086143059
0.00504978002899
0.00259578465818
0.00203317095573
0.00257295825325
0.00192139199861
0.000697419209802
0.000748255392824
0.000377669588982
0.000127267824544
1.54289468167e-05
8.40911447087e-07
0.0
-11.0057043072
4.82732627538

Known:
a0:     3.42
e0:     -4.27
B0:     221.99999999938152
EC:     365.600 141.600 141.600  0.000  0.000  0.000 
        141.600 365.600 141.600  0.000  0.000  0.000 
        141.600 141.600 365.600  0.000  0.000  0.000 
         0.000  0.000  0.000 186.000  0.000  0.000 
         0.000  0.000  0.000  0.000 186.000  0.000 
         0.000  0.000  0.000  0.000  0.000 186.000 

Calculated:
a0:     3.598235182365275
e0:     -4.320333567590486
B0:     280.7731650998342
EC:     369.923 141.417 141.417  0.000  0.000  0.000 
        141.417 369.923 141.417  0.000  0.000  0.000 
        141.417 141.417 369.923  0.000  0.000  0.000 
         0.000  0.000  0.000 172.413  0.000  0.000 
         0.000  0.000  0.000  0.000 172.413  0.000 
         0.000  0.000  0.000  0.000  0.000 172.413 



