##############################################################################################################################
FORCE RESULTS
Config Count: 2
##############################################################################################################################

##################
Config 0
##################
2:          -2.03224058294e-05 -8.61084909043e-06 -9.39679856102e-05 
2:          0.000189813227707  -0.000174487153578 -8.23525598351e-05 
2:          0.000125101950402  -1.02355444299e-05 0.000338742459454  
2:          -2.19659257778e-05 -8.43170536056e-05 -0.000193491027364 
2:          -2.27648596665e-05 -1.18603903352e-05 -5.18288994621e-05 
2:          0.00010889884871   -0.000701880199882 -4.02125575633e-05 
2:          0.000125101806024  -1.02355617421e-05 -0.000191125716105 
2:          -2.19659184358e-05 -8.43161778085e-05 0.000333756513458  
2:          -2.03223660214e-05 2.8979672554e-06   -6.79230400438e-05 
2:          0.000189813258818  0.000174756970714  -8.23525475e-05    
2:          -2.08027087975e-05 1.27327409612e-06  -0.000205626899499 
2:          -2.19659238488e-05 9.60117869084e-05  -0.000193491114768 
2:          -2.27660724516e-05 -3.51430157137e-07 -2.57858066877e-05 
2:          0.000108898843026  0.000714070004492  -4.02125323957e-05 
2:          -2.08029804792e-05 1.27327586313e-06  0.000262115900837  
2:          -2.19659165071e-05 9.60109480332e-05  0.00033375655588   
2:          -3.46898914729e-06 -8.61086260677e-06 -9.3967743637e-05  
2:          -0.000162393146779 -0.000174487212044 -8.23525231312e-05 
2:          -0.000104177835048 -1.02355422857e-05 0.000338742618925  
2:          -5.11298220675e-06 -0.00012048636605  -0.000245123495104 
2:          -5.91255540063e-06 -1.18603440232e-05 -5.18278151437e-05 
2:          -7.1540308486e-05  -0.000701880436801 -4.0212511953e-05  
2:          -0.000104177716297 -1.0235559594e-05  -0.000191125951439 
2:          -5.11296599256e-06 -0.000120485924712 0.000385387496408  
2:          -3.46913367955e-06 2.89787341082e-06  -6.79236392335e-05 
2:          -0.000162393182715 0.000174757018324  -8.23525107948e-05 
2:          4.17275066782e-05  1.27327942608e-06  -0.000205626960844 
2:          -5.11297812352e-06 0.000132181234274  -0.000245123531907 
2:          -5.91303389883e-06 -3.51369849767e-07 -2.57850315357e-05 
2:          -7.15403064535e-05 0.000714070234737  -4.02124867853e-05 
2:          4.17277325989e-05  1.2732811928e-06   0.000262115855131  
2:          -5.11296191047e-06 0.000132180829856  0.000385387488226  
2:          -2.03224058277e-05 -8.6108490901e-06  -9.39679856126e-05 
2:          0.000189813227708  -0.000174487153575 -8.23525598339e-05 
2:          0.000125101950402  -1.02355444316e-05 0.000338742459455  
2:          -2.19659257792e-05 -8.43170536088e-05 -0.000193491027345 
2:          -2.27648596696e-05 -1.18603903336e-05 -5.18288994738e-05 
2:          0.000108898848702  -0.000701880199879 -4.02125575684e-05 
2:          0.000125101806027  -1.0235561742e-05  -0.000191125716092 
2:          -2.19659184347e-05 -8.43161778097e-05 0.000333756513454  
2:          -2.03223660203e-05 2.89796725845e-06  -6.79230400463e-05 
2:          0.000189813258824  0.00017475697071   -8.23525474977e-05 
2:          -2.08027087974e-05 1.27327409772e-06  -0.000205626899508 
2:          -2.19659238491e-05 9.60117869084e-05  -0.000193491114751 
2:          -2.27660724523e-05 -3.51430154306e-07 -2.57858066872e-05 
2:          0.000108898843016  0.00071407000449   -4.02125324034e-05 
2:          -2.0802980479e-05  1.27327586302e-06  0.000262115900841  
2:          -2.19659165042e-05 9.60109480317e-05  0.000333756555876  
2:          -3.46898914691e-06 -8.61086260831e-06 -9.39677436256e-05 
2:          -0.000162393146781 -0.00017448721204  -8.23525231294e-05 
2:          -0.000104177835049 -1.02355422844e-05 0.00033874261893   
2:          -5.11298220812e-06 -0.000120486366051 -0.00024512349511  
2:          -5.91255539947e-06 -1.18603440231e-05 -5.18278151543e-05 
2:          -7.15403084737e-05 -0.000701880436803 -4.02125119603e-05 
2:          -0.000104177716297 -1.02355595924e-05 -0.000191125951425 
2:          -5.11296599357e-06 -0.00012048592471  0.000385387496426  
2:          -3.46913367914e-06 2.89787341049e-06  -6.79236392218e-05 
2:          -0.000162393182715 0.000174757018321  -8.23525107927e-05 
2:          4.17275066773e-05  1.27327942474e-06  -0.000205626960852 
2:          -5.11297812525e-06 0.000132181234276  -0.000245123531912 
2:          -5.91303389751e-06 -3.51369849285e-07 -2.57850315344e-05 
2:          -7.15403064441e-05 0.000714070234737  -4.02124867938e-05 
2:          4.17277325959e-05  1.27328119275e-06  0.000262115855137  
2:          -5.11296191101e-06 0.000132180829856  0.00038538748824   
2:          -2.03224058295e-05 -8.61084908637e-06 -9.39679856087e-05 
2:          0.000189813227707  -0.000174487153564 -8.23525598362e-05 
2:          0.000125101950397  -1.02355444288e-05 0.000338742459457  
2:          -2.19659257775e-05 -8.43170536207e-05 -0.000193491027361 
2:          -2.27648596658e-05 -1.18603903337e-05 -5.18288994648e-05 
2:          0.00010889884871   -0.000701880199882 -4.02125575634e-05 
2:          0.000125101806019  -1.02355617397e-05 -0.00019112571611  
2:          -2.19659184354e-05 -8.43161778226e-05 0.000333756513459  
2:          -2.03223660225e-05 2.89796725324e-06  -6.79230400449e-05 
2:          0.000189813258815  0.000174756970723  -8.23525475013e-05 
2:          -2.08027088003e-05 1.27327409114e-06  -0.000205626899499 
2:          -2.19659238492e-05 9.60117869084e-05  -0.000193491114768 
2:          -2.27660724516e-05 -3.5143015174e-07  -2.5785806689e-05  
2:          0.000108898843024  0.000714070004485  -4.02125323963e-05 
2:          -2.08029804818e-05 1.27327585633e-06  0.000262115900838  
2:          -2.19659165071e-05 9.60109480332e-05  0.000333756555881  
2:          -3.46898914576e-06 -8.6108626084e-06  -9.39677436376e-05 
2:          -0.000162393146779 -0.00017448721203  -8.23525231314e-05 
2:          -0.000104177835045 -1.02355422829e-05 0.00033874261893   
2:          -5.11298220651e-06 -0.000120486366049 -0.000245123495104 
2:          -5.91255540183e-06 -1.18603440215e-05 -5.18278151436e-05 
2:          -7.15403084859e-05 -0.000701880436801 -4.0212511953e-05  
2:          -0.000104177716293 -1.02355595924e-05 -0.000191125951445 
2:          -5.11296599243e-06 -0.000120485924711 0.000385387496409  
2:          -3.46913367958e-06 2.89787338989e-06  -6.79236392348e-05 
2:          -0.000162393182711 0.000174757018339  -8.23525107946e-05 
2:          4.172750668e-05    1.27327941948e-06  -0.000205626960844 
2:          -5.11297812361e-06 0.000132181234297  -0.000245123531904 
2:          -5.91303389868e-06 -3.51369857575e-07 -2.57850315363e-05 
2:          -7.1540306452e-05  0.000714070234732  -4.02124867872e-05 
2:          4.17277326017e-05  1.27328118488e-06  0.000262115855131  
2:          -5.11296191081e-06 0.000132180829877  0.000385387488225  
2:          -2.03224058276e-05 -8.61084908755e-06 -9.39679856125e-05 
2:          0.000189813227708  -0.00017448715356  -8.23525598343e-05 
2:          0.000125101950397  -1.02355444302e-05 0.000338742459457  
2:          -2.19659257791e-05 -8.43170536215e-05 -0.000193491027342 
2:          -2.27648596691e-05 -1.18603903336e-05 -5.18288994767e-05 
2:          0.000108898848703  -0.000701880199879 -4.02125575682e-05 
2:          0.000125101806022  -1.02355617396e-05 -0.000191125716097 
2:          -2.19659184341e-05 -8.43161778208e-05 0.000333756513455  
2:          -2.03223660216e-05 2.89796725494e-06  -6.79230400463e-05 
2:          0.000189813258821  0.000174756970721  -8.23525475001e-05 
2:          -2.08027087997e-05 1.27327408967e-06  -0.000205626899508 
2:          -2.19659238493e-05 9.60117869083e-05  -0.000193491114752 
2:          -2.27660724519e-05 -3.51430151955e-07 -2.57858066884e-05 
2:          0.000108898843015  0.000714070004483  -4.02125324037e-05 
2:          -2.08029804816e-05 1.27327585628e-06  0.000262115900842  
2:          -2.19659165045e-05 9.60109480327e-05  0.000333756555876  
2:          -3.46898914545e-06 -8.61086260802e-06 -9.39677436272e-05 
2:          -0.000162393146781 -0.000174487212027 -8.2352523131e-05  
2:          -0.000104177835045 -1.0235542283e-05  0.000338742618935  
2:          -5.11298220818e-06 -0.00012048636605  -0.00024512349511  
2:          -5.91255540049e-06 -1.18603440245e-05 -5.18278151543e-05 
2:          -7.15403084739e-05 -0.000701880436803 -4.02125119606e-05 
2:          -0.000104177716293 -1.02355595911e-05 -0.000191125951432 
2:          -5.11296599371e-06 -0.000120485924709 0.000385387496426  
2:          -3.46913367917e-06 2.89787339119e-06  -6.79236392219e-05 
2:          -0.000162393182711 0.000174757018335  -8.23525107913e-05 
2:          4.17275066789e-05  1.27327942106e-06  -0.000205626960853 
2:          -5.11297812547e-06 0.000132181234297  -0.000245123531914 
2:          -5.91303389774e-06 -3.51369857392e-07 -2.57850315343e-05 
2:          -7.15403064424e-05 0.000714070234731  -4.02124867942e-05 
2:          4.17277325993e-05  1.27328118502e-06  0.000262115855136  
2:          -5.11296191104e-06 0.000132180829875  0.00038538748824   
2:          -2.0322405834e-05  -8.61084909179e-06 -9.39679856116e-05 
2:          0.00018981322771   -0.000174487153578 -8.23525598348e-05 
2:          0.000125101950403  -1.02355444286e-05 0.000338742459454  
2:          -2.19659257771e-05 -8.4317053606e-05  -0.000193491027363 
2:          -2.27648596681e-05 -1.1860390335e-05  -5.18288994624e-05 
2:          0.000108898848707  -0.000701880199881 -4.02125575622e-05 
2:          0.000125101806023  -1.02355617409e-05 -0.000191125716104 
2:          -2.19659184354e-05 -8.43161778088e-05 0.000333756513458  
2:          -2.03223660211e-05 2.89796725554e-06  -6.79230400415e-05 
2:          0.00018981325882   0.000174756970714  -8.23525474998e-05 
2:          -2.0802708809e-05  1.27327409785e-06  -0.0002056268995   
2:          -2.19659238473e-05 9.60117869066e-05  -0.000193491114768 
2:          -2.27660724483e-05 -3.51430157072e-07 -2.57858066862e-05 
2:          0.000108898843022  0.00071407000449   -4.02125323944e-05 
2:          -2.08029804928e-05 1.27327586458e-06  0.000262115900837  
2:          -2.19659165077e-05 9.60109480315e-05  0.000333756555879  
2:          -3.46898914936e-06 -8.61086260701e-06 -9.39677436349e-05 
2:          -0.000162393146785 -0.000174487212045 -8.23525231314e-05 
2:          -0.000104177835049 -1.02355422862e-05 0.000338742618926  
2:          -5.11298221029e-06 -0.00012048636605  -0.000245123495107 
2:          -5.91255540479e-06 -1.18603440228e-05 -5.1827815145e-05  
2:          -7.15403084822e-05 -0.000701880436799 -4.02125119539e-05 
2:          -0.000104177716294 -1.02355595937e-05 -0.000191125951439 
2:          -5.11296599463e-06 -0.00012048592471  0.000385387496412  
2:          -3.46913367184e-06 2.89787340952e-06  -6.79236392322e-05 
2:          -0.000162393182722 0.000174757018325  -8.23525107935e-05 
2:          4.1727506678e-05   1.27327942741e-06  -0.000205626960846 
2:          -5.11297812501e-06 0.000132181234274  -0.000245123531913 
2:          -5.91303389404e-06 -3.51369849527e-07 -2.57850315347e-05 
2:          -7.15403064499e-05 0.000714070234736  -4.02124867873e-05 
2:          4.17277325956e-05  1.27328119431e-06  0.000262115855133  
2:          -5.11296191249e-06 0.000132180829854  0.00038538748823   
2:          -2.03224058325e-05 -8.61084909137e-06 -9.3967985614e-05  
2:          0.00018981322771   -0.000174487153575 -8.23525598329e-05 
2:          0.000125101950402  -1.02355444299e-05 0.000338742459457  
2:          -2.19659257766e-05 -8.4317053609e-05  -0.000193491027346 
2:          -2.27648596685e-05 -1.18603903332e-05 -5.18288994742e-05 
2:          0.000108898848699  -0.000701880199877 -4.0212557567e-05  
2:          0.000125101806026  -1.02355617409e-05 -0.000191125716093 
2:          -2.19659184355e-05 -8.431617781e-05   0.000333756513454  
2:          -2.03223660204e-05 2.89796725837e-06  -6.79230400457e-05 
2:          0.000189813258824  0.00017475697071   -8.2352547496e-05  
2:          -2.08027088073e-05 1.27327409917e-06  -0.000205626899504 
2:          -2.19659238456e-05 9.60117869069e-05  -0.000193491114753 
2:          -2.27660724472e-05 -3.51430154002e-07 -2.57858066872e-05 
2:          0.000108898843013  0.000714070004488  -4.02125324022e-05 
2:          -2.08029804922e-05 1.27327586439e-06  0.00026211590084   
2:          -2.19659165049e-05 9.60109480298e-05  0.000333756555876  
2:          -3.4689891494e-06  -8.61086260816e-06 -9.39677436236e-05 
2:          -0.000162393146788 -0.00017448721204  -8.23525231293e-05 
2:          -0.000104177835048 -1.02355422843e-05 0.000338742618928  
2:          -5.11298220773e-06 -0.00012048636605  -0.000245123495114 
2:          -5.91255540456e-06 -1.18603440231e-05 -5.18278151543e-05 
2:          -7.15403084709e-05 -0.000701880436801 -4.02125119631e-05 
2:          -0.000104177716294 -1.02355595926e-05 -0.000191125951426 
2:          -5.11296599617e-06 -0.000120485924709 0.00038538749643   
2:          -3.46913367318e-06 2.89787340929e-06  -6.79236392216e-05 
2:          -0.000162393182719 0.000174757018323  -8.23525107929e-05 
2:          4.17275066764e-05  1.27327942623e-06  -0.000205626960851 
2:          -5.11297812482e-06 0.000132181234276  -0.000245123531916 
2:          -5.91303389377e-06 -3.51369849475e-07 -2.57850315378e-05 
2:          -7.15403064408e-05 0.000714070234737  -4.02124867962e-05 
2:          4.1727732595e-05   1.27328119437e-06  0.000262115855139  
2:          -5.11296191224e-06 0.000132180829854  0.000385387488245  
2:          -2.0322405833e-05  -8.61084908621e-06 -9.39679856102e-05 
2:          0.000189813227708  -0.000174487153563 -8.23525598361e-05 
2:          0.0001251019504    -1.02355444285e-05 0.000338742459457  
2:          -2.19659257771e-05 -8.43170536209e-05 -0.00019349102736  
2:          -2.27648596664e-05 -1.18603903326e-05 -5.18288994649e-05 
2:          0.000108898848707  -0.000701880199881 -4.02125575624e-05 
2:          0.000125101806021  -1.02355617394e-05 -0.000191125716109 
2:          -2.19659184369e-05 -8.43161778208e-05 0.000333756513459  
2:          -2.03223660207e-05 2.89796725192e-06  -6.79230400425e-05 
2:          0.000189813258818  0.000174756970724  -8.23525475008e-05 
2:          -2.08027088119e-05 1.27327409256e-06  -0.000205626899501 
2:          -2.1965923847e-05  9.60117869066e-05  -0.000193491114768 
2:          -2.27660724482e-05 -3.51430151593e-07 -2.5785806688e-05  
2:          0.000108898843023  0.000714070004486  -4.02125323951e-05 
2:          -2.08029804955e-05 1.27327585784e-06  0.000262115900838  
2:          -2.19659165075e-05 9.60109480314e-05  0.000333756555879  
2:          -3.46898914967e-06 -8.61086260971e-06 -9.39677436357e-05 
2:          -0.000162393146783 -0.000174487212029 -8.23525231313e-05 
2:          -0.000104177835045 -1.02355422831e-05 0.00033874261893   
2:          -5.11298221052e-06 -0.000120486366049 -0.000245123495107 
2:          -5.91255540366e-06 -1.18603440215e-05 -5.18278151447e-05 
2:          -7.15403084817e-05 -0.000701880436799 -4.02125119539e-05 
2:          -0.000104177716289 -1.02355595924e-05 -0.000191125951445 
2:          -5.1129659947e-06  -0.00012048592471  0.000385387496412  
2:          -3.46913367136e-06 2.89787339141e-06  -6.79236392332e-05 
2:          -0.00016239318272  0.000174757018337  -8.23525107934e-05 
2:          4.17275066815e-05  1.27327941963e-06  -0.000205626960846 
2:          -5.11297812537e-06 0.000132181234298  -0.00024512353191  
2:          -5.91303389412e-06 -3.51369857526e-07 -2.5785031535e-05  
2:          -7.15403064479e-05 0.000714070234729  -4.02124867895e-05 
2:          4.17277325995e-05  1.27328118452e-06  0.000262115855133  
2:          -5.11296191458e-06 0.000132180829877  0.000385387488228  
2:          -2.03224058315e-05 -8.61084908777e-06 -9.3967985614e-05  
2:          0.000189813227708  -0.000174487153559 -8.23525598326e-05 
2:          0.000125101950399  -1.02355444299e-05 0.00033874245946   
2:          -2.19659257768e-05 -8.43170536212e-05 -0.000193491027343 
2:          -2.27648596666e-05 -1.18603903322e-05 -5.18288994767e-05 
2:          0.000108898848699  -0.000701880199878 -4.0212557567e-05  
2:          0.000125101806024  -1.02355617396e-05 -0.000191125716098 
2:          -2.19659184367e-05 -8.4316177819e-05  0.000333756513456  
2:          -2.03223660204e-05 2.89796725355e-06  -6.7923040046e-05  
2:          0.000189813258822  0.000174756970721  -8.23525474985e-05 
2:          -2.08027088102e-05 1.2732740911e-06   -0.000205626899505 
2:          -2.19659238454e-05 9.60117869071e-05  -0.000193491114753 
2:          -2.2766072447e-05  -3.51430151741e-07 -2.57858066886e-05 
2:          0.000108898843013  0.000714070004484  -4.02125324022e-05 
2:          -2.0802980495e-05  1.27327585806e-06  0.000262115900841  
2:          -2.19659165045e-05 9.60109480313e-05  0.000333756555877  
2:          -3.46898914959e-06 -8.61086260976e-06 -9.3967743625e-05  
2:          -0.000162393146785 -0.000174487212027 -8.2352523131e-05  
2:          -0.000104177835043 -1.02355422832e-05 0.000338742618934  
2:          -5.11298220794e-06 -0.00012048636605  -0.000245123495113 
2:          -5.91255540328e-06 -1.18603440244e-05 -5.18278151539e-05 
2:          -7.15403084704e-05 -0.000701880436801 -4.02125119633e-05 
2:          -0.000104177716289 -1.02355595913e-05 -0.000191125951433 
2:          -5.1129659959e-06  -0.000120485924708 0.00038538749643   
2:          -3.46913367316e-06 2.89787339276e-06  -6.79236392219e-05 
2:          -0.000162393182719 0.000174757018333  -8.23525107912e-05 
2:          4.17275066794e-05  1.27327942098e-06  -0.000205626960851 
2:          -5.1129781252e-06  0.000132181234297  -0.000245123531917 
2:          -5.91303389372e-06 -3.5136985747e-07  -2.5785031538e-05  
2:          -7.15403064383e-05 0.000714070234728  -4.02124867961e-05 
2:          4.17277325988e-05  1.27328118471e-06  0.000262115855139  
2:          -5.11296191414e-06 0.000132180829875  0.000385387488244  

##################
Config 1
##################
2:          0.0                0.0                0.0                
2:          0.0                0.0                0.0                
2:          0.0                0.0                0.0                
2:          0.0                0.0                0.0                
2:          0.0                0.0                0.0                
2:          0.0                0.0                0.0                
2:          0.0                0.0                0.0                
2:          0.0                0.0                0.0                
2:          0.0                0.0                0.0                
2:          0.0                0.0                0.0                
2:          0.0                0.0                0.0                
2:          0.0                0.0                0.0                
2:          0.0                0.0                0.0                
2:          0.0                0.0                0.0                
2:          0.0                0.0                0.0                
2:          0.0                0.0                0.0                
2:          0.0                0.0                0.0                
2:          0.0                0.0                0.0                
2:          0.0                0.0                0.0                
2:          0.0                0.0                0.0                
2:          0.0                0.0                0.0                
2:          0.0                0.0                0.0                
2:          0.0                0.0                0.0                
2:          0.0                0.0                0.0                
2:          0.0                0.0                0.0                
2:          0.0                0.0                0.0                
2:          0.0                0.0                0.0                
2:          0.0                0.0                0.0                
2:          0.0                0.0                0.0                
2:          0.0                0.0                0.0                
2:          0.0                0.0                0.0                
2:          0.0                0.0                0.0                
2:          0.0                0.0                0.0                
2:          0.0                0.0                0.0                
2:          0.0                0.0                0.0                
2:          0.0                0.0                0.0                
2:          0.0                0.0                0.0                
2:          0.0                0.0                0.0                
2:          0.0                0.0                0.0                
2:          0.0                0.0                0.0                
2:          0.0                0.0                0.0                
2:          0.0                0.0                0.0                
2:          0.0                0.0                0.0                
2:          0.0                0.0                0.0                
2:          0.0                0.0                0.0                
2:          0.0                0.0                0.0                
2:          0.0                0.0                0.0                
2:          0.0                0.0                0.0                
2:          0.0                0.0                0.0                
2:          0.0                0.0                0.0                
2:          0.0                0.0                0.0                
2:          0.0                0.0                0.0                
2:          0.0                0.0                0.0                
2:          0.0                0.0                0.0                
2:          0.0                0.0                0.0                
2:          0.0                0.0                0.0                
2:          0.0                0.0                0.0                
2:          0.0                0.0                0.0                
2:          0.0                0.0                0.0                
2:          0.0                0.0                0.0                
2:          0.0                0.0                0.0                
2:          0.0                0.0                0.0                
2:          0.0                0.0                0.0                
2:          0.0                0.0                0.0                
2:          0.0                0.0                0.0                
2:          0.0                0.0                0.0                
2:          0.0                0.0                0.0                
2:          0.0                0.0                0.0                
2:          0.0                0.0                0.0                
2:          0.0                0.0                0.0                
2:          0.0                0.0                0.0                
2:          0.0                0.0                0.0                
2:          0.0                0.0                0.0                
2:          0.0                0.0                0.0                
2:          0.0                0.0                0.0                
2:          0.0                0.0                0.0                
2:          0.0                0.0                0.0                
2:          0.0                0.0                0.0                
2:          0.0                0.0                0.0                
2:          0.0                0.0                0.0                
2:          0.0                0.0                0.0                
2:          0.0                0.0                0.0                
2:          0.0                0.0                0.0                
2:          0.0                0.0                0.0                
2:          0.0                0.0                0.0                
2:          0.0                0.0                0.0                
2:          0.0                0.0                0.0                
2:          0.0                0.0                0.0                
2:          0.0                0.0                0.0                
2:          0.0                0.0                0.0                
2:          0.0                0.0                0.0                
2:          0.0                0.0                0.0                
2:          0.0                0.0                0.0                
2:          0.0                0.0                0.0                
2:          0.0                0.0                0.0                
2:          0.0                0.0                0.0                
2:          0.0                0.0                0.0                
2:          0.0                0.0                0.0                
2:          0.0                0.0                0.0                
2:          0.0                0.0                0.0                
2:          0.0                0.0                0.0                
2:          0.0                0.0                0.0                
2:          0.0                0.0                0.0                
2:          0.0                0.0                0.0                
2:          0.0                0.0                0.0                
2:          0.0                0.0                0.0                
2:          0.0                0.0                0.0                
2:          0.0                0.0                0.0                
2:          0.0                0.0                0.0                
2:          0.0                0.0                0.0                
2:          0.0                0.0                0.0                
2:          0.0                0.0                0.0                
2:          0.0                0.0                0.0                
2:          0.0                0.0                0.0                
2:          0.0                0.0                0.0                
2:          0.0                0.0                0.0                
2:          0.0                0.0                0.0                
2:          0.0                0.0                0.0                
2:          0.0                0.0                0.0                
2:          0.0                0.0                0.0                
2:          0.0                0.0                0.0                
2:          0.0                0.0                0.0                
2:          0.0                0.0                0.0                
2:          0.0                0.0                0.0                
2:          0.0                0.0                0.0                
2:          0.0                0.0                0.0                
2:          0.0                0.0                0.0                
2:          0.0                0.0                0.0                
2:          0.0                0.0                0.0                
2:          0.0                0.0                0.0                
2:          0.0                0.0                0.0                
2:          0.0                0.0                0.0                
2:          0.0                0.0                0.0                
2:          0.0                0.0                0.0                
2:          0.0                0.0                0.0                
2:          0.0                0.0                0.0                
2:          0.0                0.0                0.0                
2:          0.0                0.0                0.0                
2:          0.0                0.0                0.0                
2:          0.0                0.0                0.0                
2:          0.0                0.0                0.0                
2:          0.0                0.0                0.0                
2:          0.0                0.0                0.0                
2:          0.0                0.0                0.0                
2:          0.0                0.0                0.0                
2:          0.0                0.0                0.0                
2:          0.0                0.0                0.0                
2:          0.0                0.0                0.0                
2:          0.0                0.0                0.0                
2:          0.0                0.0                0.0                
2:          0.0                0.0                0.0                
2:          0.0                0.0                0.0                
2:          0.0                0.0                0.0                
2:          0.0                0.0                0.0                
2:          0.0                0.0                0.0                
2:          0.0                0.0                0.0                
2:          0.0                0.0                0.0                
2:          0.0                0.0                0.0                
2:          0.0                0.0                0.0                
2:          0.0                0.0                0.0                
2:          0.0                0.0                0.0                
2:          0.0                0.0                0.0                
2:          0.0                0.0                0.0                
2:          0.0                0.0                0.0                
2:          0.0                0.0                0.0                
2:          0.0                0.0                0.0                
2:          0.0                0.0                0.0                
2:          0.0                0.0                0.0                
2:          0.0                0.0                0.0                
2:          0.0                0.0                0.0                
2:          0.0                0.0                0.0                
2:          0.0                0.0                0.0                
2:          0.0                0.0                0.0                
2:          0.0                0.0                0.0                
2:          0.0                0.0                0.0                
2:          0.0                0.0                0.0                
2:          0.0                0.0                0.0                
2:          0.0                0.0                0.0                
2:          0.0                0.0                0.0                
2:          0.0                0.0                0.0                
2:          0.0                0.0                0.0                
2:          0.0                0.0                0.0                
2:          0.0                0.0                0.0                
2:          0.0                0.0                0.0                
2:          0.0                0.0                0.0                
2:          0.0                0.0                0.0                
2:          0.0                0.0                0.0                
2:          0.0                0.0                0.0                
2:          0.0                0.0                0.0                
2:          0.0                0.0                0.0                
2:          0.0                0.0                0.0                
2:          0.0                0.0                0.0                
2:          0.0                0.0                0.0                
2:          0.0                0.0                0.0                
2:          0.0                0.0                0.0                
2:          0.0                0.0                0.0                
2:          0.0                0.0                0.0                
2:          0.0                0.0                0.0                
2:          0.0                0.0                0.0                
2:          0.0                0.0                0.0                
2:          0.0                0.0                0.0                
2:          0.0                0.0                0.0                
2:          0.0                0.0                0.0                
2:          0.0                0.0                0.0                
2:          0.0                0.0                0.0                
2:          0.0                0.0                0.0                
2:          0.0                0.0                0.0                
2:          0.0                0.0                0.0                
2:          0.0                0.0                0.0                
2:          0.0                0.0                0.0                
2:          0.0                0.0                0.0                
2:          0.0                0.0                0.0                
2:          0.0                0.0                0.0                
2:          0.0                0.0                0.0                
2:          0.0                0.0                0.0                
2:          0.0                0.0                0.0                
2:          0.0                0.0                0.0                
2:          0.0                0.0                0.0                
2:          0.0                0.0                0.0                
2:          0.0                0.0                0.0                
2:          0.0                0.0                0.0                
2:          0.0                0.0                0.0                
2:          0.0                0.0                0.0                
2:          0.0                0.0                0.0                
2:          0.0                0.0                0.0                
2:          0.0                0.0                0.0                
2:          0.0                0.0                0.0                
2:          0.0                0.0                0.0                
2:          0.0                0.0                0.0                
2:          0.0                0.0                0.0                
2:          0.0                0.0                0.0                
2:          0.0                0.0                0.0                
2:          0.0                0.0                0.0                
2:          0.0                0.0                0.0                
2:          0.0                0.0                0.0                
2:          0.0                0.0                0.0                
2:          0.0                0.0                0.0                
2:          0.0                0.0                0.0                
2:          0.0                0.0                0.0                
2:          0.0                0.0                0.0                
2:          0.0                0.0                0.0                
2:          0.0                0.0                0.0                
2:          0.0                0.0                0.0                
2:          0.0                0.0                0.0                
2:          0.0                0.0                0.0                
2:          0.0                0.0                0.0                
2:          0.0                0.0                0.0                
2:          0.0                0.0                0.0                
2:          0.0                0.0                0.0                
2:          0.0                0.0                0.0                
2:          0.0                0.0                0.0                
2:          0.0                0.0                0.0                
2:          0.0                0.0                0.0                
2:          0.0                0.0                0.0                
2:          0.0                0.0                0.0                
2:          0.0                0.0                0.0                


##############################################################################################################################
