RSS:  
12053.03280505183

P:  
82.1804167946
9.44301579928
-200.17014227
87.4210855881
-90.5518825363
34.8379379551
-23.3643971929
21.0579890333
-7.75894129154
0.926677063804
-0.00537563825317
-1.94938564301
30.3556213379
24.3362083435
34.9576034546
16.2302913666
17.857875824
7.66438293457
1.23997938633
0.442521393299
0.109044238925
0.0200536046177
0.00229621282779
0.00255827326328
0.00108765787445
7.98819164629e-05
4.18824820372e-05
4.40689618699e-05
-6.51528312349
5.16312539556

Known:
a0:     3.89
e0:     -3.91
B0:     179.99999999949853
EC:     234.000 176.000 176.000  0.000  0.000  0.000 
        176.000 234.000 176.000  0.000  0.000  0.000 
        176.000 176.000 234.000  0.000  0.000  0.000 
         0.000  0.000  0.000 71.200  0.000  0.000 
         0.000  0.000  0.000  0.000 71.200  0.000 
         0.000  0.000  0.000  0.000  0.000 71.200 

Calculated:
a0:     4.314316672720209
e0:     -5.168125115483837
B0:     878.2947417959391
EC:     49.966 48.617 48.617  0.000  0.000  0.000 
        48.617 49.966 48.617  0.000  0.000  0.000 
        48.617 48.617 49.966  0.000  0.000  0.000 
         0.000  0.000  0.000 624.692  0.000  0.000 
         0.000  0.000  0.000  0.000 624.692  0.000 
         0.000  0.000  0.000  0.000  0.000 624.692 



