RSS:  
739183558.8610339

P:  
0.979105860466
0.974336409587
0.823647639858
-0.0474436239177
-0.11523527235
0.00430905690295
0.0245385784936
0.0444377170936
0.0203311524399
0.420175235704
0.627040420661
0.0430384108829
0.0482509558389
0.0255006032372
0.0105421989395
0.0138802383774
-0.0169843188817
-0.00142349884301
-0.00175572819606
-1.94938564301
30.3556213379
24.3362083435
34.9576034546
16.2302913666
17.857875824
7.66438293457
1.23997938633
0.442521393299
0.109044238925
0.0200536046177
0.00229621282779
0.00255827326328
0.00108765787445
7.98819164629e-05
4.18824820372e-05
4.40689618699e-05
-9.57626503423
5.4664796803
0.990153576965
1.01689793759
0.822831051186
-0.0485139669861
-0.119890563134
0.00427413662743
0.0249414266853
0.0447007722911
0.0204023165508
0.398687393975
0.661263602368
0.0429957557167
0.0470684519012
0.0265407673659
0.0109421897856
0.0145832095723
-0.0157189733991
-0.00140463615938
-0.00169984270927
-1.94938564301
30.3556213379
24.3362083435
34.9576034546
16.2302913666
17.857875824
7.66438293457
1.23997938633
0.442521393299
0.109044238925
0.0200536046177
0.00229621282779
0.00255827326328
0.00108765787445
7.98819164629e-05
4.18824820372e-05
4.40689618699e-05
-8.72327146172
5.48618734598
0.988817599459
1.004955779
0.800521246362
-0.0452270807816
-0.119778066787
0.00428090424525
0.0241088632005
0.0459980627843
0.020277672928
0.41817644196
0.6693171649
0.0424884906062
0.0487869512172
0.0270063889784
0.0108511247962
0.0143828195639
-0.0168113349345
-0.00142692110384
-0.00171951588023

Known:
a0:     3.42
e0:     -4.27
B0:     221.99999999938152
EC:     365.600 141.600 141.600  0.000  0.000  0.000 
        141.600 365.600 141.600  0.000  0.000  0.000 
        141.600 141.600 365.600  0.000  0.000  0.000 
         0.000  0.000  0.000 186.000  0.000  0.000 
         0.000  0.000  0.000  0.000 186.000  0.000 
         0.000  0.000  0.000  0.000  0.000 186.000 

Known:
a0:     3.89
e0:     -3.91
B0:     179.99999999949853
EC:     234.000 176.000 176.000  0.000  0.000  0.000 
        176.000 234.000 176.000  0.000  0.000  0.000 
        176.000 176.000 234.000  0.000  0.000  0.000 
         0.000  0.000  0.000 71.200  0.000  0.000 
         0.000  0.000  0.000  0.000 71.200  0.000 
         0.000  0.000  0.000  0.000  0.000 71.200 

Calculated:
a0:     3.382442239789125
e0:     -4.291790870495599
B0:     209.12210573303855
EC:     268.723 164.842 164.842  0.000  0.000  0.000 
        164.842 268.723 164.842  0.000  0.000  0.000 
        164.842 164.842 268.723  0.000  0.000  0.000 
         0.000  0.000  0.000 169.296  0.000  0.000 
         0.000  0.000  0.000  0.000 169.296  0.000 
         0.000  0.000  0.000  0.000  0.000 169.296 

Calculated:
a0:     -7.852777450569047
e0:     16.18092066629838
B0:     91.77631511525003
EC:     -5.401  2.102  2.102  0.000  0.000  0.000 
         2.102 -5.401  2.102  0.000  0.000  0.000 
         2.102  2.102 -5.401  0.000  0.000  0.000 
         0.000  0.000  0.000 -5.761  0.000  0.000 
         0.000  0.000  0.000  0.000 -5.761  0.000 
         0.000  0.000  0.000  0.000  0.000 -5.761 



