########################
# 00000001
########################
RSS 679241.2890836361
BP 0:
a0:   4.5899e+00   e0:   2.8848e+00   b0:   1.9952e+03   
P: 
  1.5069e+06  -2.2828e+02   2.1987e+02  -3.2864e+02  -7.9787e+01 
  2.0754e+02  -3.0425e+01   1.9594e+01  -3.2324e+01   6.8045e+00 
  1.7164e+01  -7.0875e+00  -1.6851e+01   3.0223e+00  -2.0450e+00 
  4.1235e-01   3.0323e-03   0.0000e+00   5.7623e-02   3.4828e-02 
  1.7483e-02   1.0234e-02   5.7303e-03   2.9693e-03   2.1020e-03 
  1.9730e-03   1.5827e-03   1.0786e-03   5.6348e-04   3.1809e-04 
  1.1089e-04   2.2361e-05   6.9446e-07   0.0000e+00  -9.4234e+00 
  7.8506e+00 

########################
# 00000002
########################
RSS 679279.1600329513
BP 0:
a0:   4.5899e+00   e0:   2.8843e+00   b0:   1.9954e+03   
P: 
  1.5075e+06  -2.2826e+02   2.1985e+02  -3.2861e+02  -7.9788e+01 
  2.0754e+02  -3.0427e+01   1.9593e+01  -3.2323e+01   6.8044e+00 
  1.7164e+01  -7.0876e+00  -1.6851e+01   3.0219e+00  -2.0450e+00 
  4.1240e-01   3.0324e-03   0.0000e+00   5.7623e-02   3.4828e-02 
  1.7483e-02   1.0234e-02   5.7303e-03   2.9693e-03   2.1020e-03 
  1.9730e-03   1.5827e-03   1.0786e-03   5.6348e-04   3.1809e-04 
  1.1089e-04   2.2361e-05   6.9446e-07   0.0000e+00  -9.4234e+00 
  7.8506e+00 

########################
# 00000003
########################
RSS 679881.1518365181
BP 0:
a0:   4.5899e+00   e0:   2.8945e+00   b0:   1.9954e+03   
P: 
  1.5070e+06  -2.2827e+02   2.1986e+02  -3.2865e+02  -7.9789e+01 
  2.0753e+02  -3.0429e+01   1.9596e+01  -3.2323e+01   6.8046e+00 
  1.7164e+01  -7.0877e+00  -1.6850e+01   3.0221e+00  -2.0455e+00 
  4.1228e-01   3.0323e-03   0.0000e+00   5.7623e-02   3.4828e-02 
  1.7483e-02   1.0234e-02   5.7303e-03   2.9693e-03   2.1020e-03 
  1.9730e-03   1.5827e-03   1.0786e-03   5.6348e-04   3.1809e-04 
  1.1089e-04   2.2361e-05   6.9446e-07   0.0000e+00  -9.4234e+00 
  7.8506e+00 

########################
# 00000004
########################
RSS 683006.2256420645
BP 0:
a0:   4.5902e+00   e0:   2.9369e+00   b0:   1.9971e+03   
P: 
  1.5090e+06  -2.2839e+02   2.1927e+02  -3.2815e+02  -7.9750e+01 
  2.0751e+02  -3.0415e+01   1.9603e+01  -3.2317e+01   6.7993e+00 
  1.7169e+01  -7.0898e+00  -1.6850e+01   3.0192e+00  -2.0466e+00 
  4.1185e-01   3.0318e-03   0.0000e+00   5.7623e-02   3.4828e-02 
  1.7483e-02   1.0234e-02   5.7303e-03   2.9693e-03   2.1020e-03 
  1.9730e-03   1.5827e-03   1.0786e-03   5.6348e-04   3.1809e-04 
  1.1089e-04   2.2361e-05   6.9446e-07   0.0000e+00  -9.4233e+00 
  7.8507e+00 

########################
# 00000005
########################
RSS 714332.3657570984
BP 0:
a0:   4.5919e+00   e0:   3.3314e+00   b0:   2.0172e+03   
P: 
  1.5183e+06  -2.2814e+02   2.1822e+02  -3.2794e+02  -7.9973e+01 
  2.0761e+02  -3.0317e+01   1.9644e+01  -3.2274e+01   6.8087e+00 
  1.7143e+01  -7.1065e+00  -1.6859e+01   2.9969e+00  -2.0667e+00 
  4.1133e-01   3.0313e-03   0.0000e+00   5.7623e-02   3.4828e-02 
  1.7483e-02   1.0234e-02   5.7303e-03   2.9693e-03   2.1020e-03 
  1.9730e-03   1.5827e-03   1.0786e-03   5.6348e-04   3.1809e-04 
  1.1089e-04   2.2361e-05   6.9446e-07   0.0000e+00  -9.4229e+00 
  7.8502e+00 

########################
# 00000006
########################
RSS 971346.5355982144
BP 0:
a0:   4.6069e+00   e0:   6.1043e+00   b0:   2.1561e+03   
P: 
  1.5296e+06  -2.2790e+02   2.2004e+02  -3.2741e+02  -7.9335e+01 
  2.0596e+02  -3.0209e+01   1.9723e+01  -3.1906e+01   6.7897e+00 
  1.7102e+01  -7.1488e+00  -1.6825e+01   2.6900e+00  -2.1779e+00 
  4.0724e-01   3.0123e-03   0.0000e+00   5.7623e-02   3.4828e-02 
  1.7483e-02   1.0234e-02   5.7303e-03   2.9693e-03   2.1020e-03 
  1.9730e-03   1.5827e-03   1.0786e-03   5.6348e-04   3.1809e-04 
  1.1089e-04   2.2361e-05   6.9446e-07   0.0000e+00  -9.4233e+00 
  7.8497e+00 

########################
# 00000007
########################
RSS 1026090.6561506985
BP 0:
a0:   4.6041e+00   e0:   6.5646e+00   b0:   2.2020e+03   
P: 
  1.4497e+06  -2.3729e+02   2.3152e+02  -3.0530e+02  -7.8823e+01 
  2.0575e+02  -2.5570e+01   1.9604e+01  -3.4101e+01   6.8916e+00 
  1.7521e+01  -7.4280e+00  -1.7311e+01   2.9518e+00  -2.2532e+00 
  4.0333e-01   3.1117e-03   0.0000e+00   5.7623e-02   3.4828e-02 
  1.7483e-02   1.0234e-02   5.7303e-03   2.9693e-03   2.1020e-03 
  1.9730e-03   1.5827e-03   1.0786e-03   5.6348e-04   3.1809e-04 
  1.1089e-04   2.2361e-05   6.9446e-07   0.0000e+00  -9.4170e+00 
  7.8573e+00 

########################
# 00000008
########################
RSS 245911490.36278293
BP 0:
a0:   4.2567e+00   e0:  -5.7852e+00   b0:   3.4218e+02   
P: 
  4.0776e+06  -2.0294e+02   3.5953e+02  -2.7097e+02  -7.0150e+01 
  1.1654e+02  -5.6355e+01   2.1242e+01  -2.2303e+01   4.8537e+00 
  1.2738e+01  -4.5713e+00  -9.5595e+00   7.0010e+00  -2.8094e+00 
  4.8376e-01   2.4444e-03   0.0000e+00   5.7623e-02   3.4828e-02 
  1.7483e-02   1.0234e-02   5.7303e-03   2.9693e-03   2.1020e-03 
  1.9730e-03   1.5827e-03   1.0786e-03   5.6348e-04   3.1809e-04 
  1.1089e-04   2.2361e-05   6.9446e-07   0.0000e+00  -9.4728e+00 
  7.9088e+00 

########################
# 00000009
########################
RSS 11375972605.084028
BP 0:
a0:  -5.1997e+00   e0:  -4.3694e+00   b0:  -1.2174e+02   
P: 
  4.2583e+06  -1.9987e+02   3.3473e+02  -2.4413e+02  -6.4840e+01 
  1.1256e+02  -6.0027e+01   2.2785e+01  -2.2638e+01   4.4738e+00 
  1.3479e+01  -4.2836e+00  -8.8108e+00   7.3934e+00  -3.0784e+00 
  4.5360e-01   2.6048e-03   0.0000e+00   5.7623e-02   3.4828e-02 
  1.7483e-02   1.0234e-02   5.7303e-03   2.9693e-03   2.1020e-03 
  1.9730e-03   1.5827e-03   1.0786e-03   5.6348e-04   3.1809e-04 
  1.1089e-04   2.2361e-05   6.9446e-07   0.0000e+00  -9.4802e+00 
  7.9012e+00 

