########################
# 00000001
########################
RSS 23.84232516320407
BP 0:
a0:   3.5807e+00   e0:  -4.2927e+00   b0:   2.5657e+02   
P: 
  4.9533e+04   1.4952e+03   2.4135e+02   2.0435e+02   1.1192e+02 
  5.7686e+01   3.6035e+01   4.1748e+01   2.1216e+01   3.0747e+01 
  1.2360e+01   1.8901e+01   1.6432e+01   9.3187e+00   2.6880e+00 
  2.0384e+00   8.8161e-01   5.0998e-01   3.1022e-01   1.5597e-01 
  4.5830e-02  -1.9846e-03  -2.8676e-02  -4.3153e-02  -8.2130e-02 
 -8.0814e-02  -7.4444e-02  -4.9262e-02  -2.7661e-02  -2.4304e-02 
 -2.8471e-02  -2.1891e-02  -9.9506e-03  -7.1270e-03  -9.8250e-03 
 -3.9877e-03  -1.8411e-03   6.9699e-04   1.9037e-03   2.8673e-03 
  2.3633e-03   6.3324e-04  -6.5414e-04  -1.0956e-03  -1.2124e-03 
 -7.6472e-04  -2.0207e-04  -2.4918e-08   0.0000e+00   0.0000e+00 
  1.1113e+00   1.0742e+00   5.0070e-01   1.5750e-01   5.5720e-02 
  3.3061e-02   1.8549e-02   9.9670e-03   5.9833e-03   3.1420e-03 
  2.0355e-03   1.9473e-03   1.5605e-03   1.0757e-03   5.7480e-04 
  3.2956e-04   1.0551e-04   2.2051e-05   7.1796e-07   0.0000e+00 
 -8.8318e+00  -6.4711e-01 

########################
# 00000002
########################
RSS 31.996725044047402
BP 0:
a0:   3.5846e+00   e0:  -4.2871e+00   b0:   2.6766e+02   
P: 
  5.0962e+04   1.5393e+03   2.5547e+02   2.1703e+02   1.1671e+02 
  5.9552e+01   4.2551e+01   3.8166e+01   2.4015e+01   2.6974e+01 
  1.3619e+01   1.6826e+01   1.5994e+01   8.8762e+00   3.2100e+00 
  2.2967e+00   8.9854e-01   5.2906e-01   3.0888e-01   1.5056e-01 
  4.3891e-02  -1.7313e-03  -3.0104e-02  -4.2350e-02  -8.8671e-02 
 -8.0738e-02  -7.2759e-02  -4.6750e-02  -2.9820e-02  -2.5594e-02 
 -2.7357e-02  -2.1075e-02  -9.9029e-03  -6.4567e-03  -8.7774e-03 
 -3.5232e-03  -1.8979e-03   5.9338e-04   1.9257e-03   2.6941e-03 
  2.1421e-03   5.6388e-04  -6.8602e-04  -9.8484e-04  -1.1138e-03 
 -8.8967e-04  -2.3230e-04  -2.3585e-08   0.0000e+00   0.0000e+00 
  1.1418e+00   1.0802e+00   5.0077e-01   1.5565e-01   5.4231e-02 
  3.3814e-02   1.8214e-02   9.9313e-03   5.8613e-03   3.1902e-03 
  2.0230e-03   1.8971e-03   1.5546e-03   1.0751e-03   5.7898e-04 
  3.2922e-04   1.0557e-04   2.2012e-05   7.0848e-07   0.0000e+00 
 -8.8620e+00  -5.8042e-01 

