RSS:  
2255617.206634442

P:  
0.0734831913794
0.148269207477
-0.048301590549
-0.0825367450966
0.07913106066
-0.115195318329
-0.126274963095
-0.0127272474293
-0.054974764463
0.000346045468381
-0.0298762930179
-0.0441899891836
-0.00367646588736
0.00263517311169
5.92936823649e-05
0.000182029991654
0.0122630314145
2.16521138244
-2.94946141054
0.929004580488
0.0208387086504

Known:
a0:     3.42
e0:     -4.27
B0:     210.99999999941215
EC:     365.000 137.000 137.000  0.000  0.000  0.000 
        137.000 365.000 137.000  0.000  0.000  0.000 
        137.000 137.000 365.000  0.000  0.000  0.000 
         0.000  0.000  0.000 186.000  0.000  0.000 
         0.000  0.000  0.000  0.000 186.000  0.000 
         0.000  0.000  0.000  0.000  0.000 186.000 

Known:
a0:     2.86
e0:     -4.32
B0:     169.99999999952638
EC:     243.000 145.000 145.000  0.000  0.000  0.000 
        145.000 243.000 145.000  0.000  0.000  0.000 
        145.000 145.000 243.000  0.000  0.000  0.000 
         0.000  0.000  0.000 116.000  0.000  0.000 
         0.000  0.000  0.000  0.000 116.000  0.000 
         0.000  0.000  0.000  0.000  0.000 116.000 

Calculated:
a0:     3.8651809903440046
e0:     -10.367133468981487
B0:     1373.2556359966802
EC:     2137.405 2510.087 2510.087  0.000  0.000  0.000 
        2510.087 2137.405 2510.087  0.000  0.000  0.000 
        2510.087 2510.087 2137.405  0.000  0.000  0.000 
         0.000  0.000  0.000 111.807  0.000  0.000 
         0.000  0.000  0.000  0.000 111.807  0.000 
         0.000  0.000  0.000  0.000  0.000 111.807 

Calculated:
a0:     2.918378216979991
e0:     -2.039761633805544
B0:     1033.2254617877713
EC:     1155.755 492.282 492.282  0.000  0.000  0.000 
        492.282 1155.755 492.282  0.000  0.000  0.000 
        492.282 492.282 1155.755  0.000  0.000  0.000 
         0.000  0.000  0.000 559.508  0.000  0.000 
         0.000  0.000  0.000  0.000 559.508  0.000 
         0.000  0.000  0.000  0.000  0.000 559.508 



