########################
# 00000001
########################
RSS 721.4614344086414
BP 0:
a0:   3.4861e+00   e0:  -4.2859e+00   b0:   3.5575e+02   
BP 1:
a0:   3.9513e+00   e0:  -3.8930e+00   b0:   1.7051e+02   
P: 
 -3.6554e+01   2.1814e+01  -1.0688e+00   2.1702e+00   6.6974e+00 
  2.5894e+00   8.2976e+00  -5.5646e-01  -5.6503e+00   3.7843e+00 
  2.6408e-01   6.2237e-02  -3.4500e-03  -1.8056e-01   1.2496e-01 
 -3.2214e-02   5.4148e-04   0.0000e+00  -1.9494e+00   3.0356e+01 
  2.4336e+01   3.4958e+01   1.6230e+01   1.7858e+01   7.6644e+00 
  1.2400e+00   4.4252e-01   1.0904e-01   2.0054e-02   2.2962e-03 
  2.5583e-03   1.0877e-03   7.9882e-05   4.1882e-05   4.4069e-05 
 -1.7558e+01   5.4434e-01   1.0000e+00  -1.5776e+02  -3.3182e+00 
  6.8612e+01  -1.3394e+00  -5.3010e+01   1.0076e+01  -1.2171e+00 
  9.4789e-02  -8.9388e-01  -2.2320e+00  -4.2390e-01   1.6419e+00 
  4.0396e-01  -7.8855e-01   6.4558e-01  -2.1660e-01   1.4684e-02 
  0.0000e+00  -1.9494e+00   3.0356e+01   2.4336e+01   3.4958e+01 
  1.6230e+01   1.7858e+01   7.6644e+00   1.2400e+00   4.4252e-01 
  1.0904e-01   2.0054e-02   2.2962e-03   2.5583e-03   1.0877e-03 
  7.9882e-05   4.1882e-05   4.4069e-05  -1.8434e+01  -3.5268e-01 
  1.0000e+00  -1.4319e+02  -3.1324e+00   5.7152e+01  -1.4216e+00 
 -4.5994e+01   1.1201e+01  -1.1331e+00   8.7143e-02  -9.9282e-01 
 -2.4271e+00  -4.3999e-01   1.4014e+00   4.3997e-01  -7.2867e-01 
  6.9223e-01  -2.3207e-01   1.6332e-02   0.0000e+00 

########################
# 00000002
########################
RSS 101721.05551531597
BP 0:
a0:   3.6034e+00   e0:  -7.1243e+00   b0:   1.2934e+03   
BP 1:
a0:   4.1683e+00   e0:   3.1431e+00   b0:   3.5262e+02   
P: 
  3.0182e+01   4.2419e+01  -2.5534e+00   4.7962e+00   9.2701e+00 
  1.6561e+00   8.3275e+00  -2.0071e-01   3.4284e+00   6.9311e+00 
  1.0609e-01   1.8318e-01  -1.8164e-03   1.2001e-01  -9.8880e-02 
 -1.5580e-02   3.2449e-04   0.0000e+00  -1.9494e+00   3.0356e+01 
  2.4336e+01   3.4958e+01   1.6230e+01   1.7858e+01   7.6644e+00 
  1.2400e+00   4.4252e-01   1.0904e-01   2.0054e-02   2.2962e-03 
  2.5583e-03   1.0877e-03   7.9882e-05   4.1882e-05   4.4069e-05 
 -1.8146e+01   1.4574e-01   1.0000e+00  -2.7209e+02  -5.5684e+00 
  3.4977e+01  -1.4828e+00  -8.6449e+01   7.3129e+00  -1.3675e+00 
  1.5601e-01  -3.3831e-01  -3.4782e+00  -7.2892e-02   1.8533e+00 
  2.7133e-01  -1.3251e+00   7.6258e-01  -1.3127e-01   2.6855e-02 
  0.0000e+00  -1.9494e+00   3.0356e+01   2.4336e+01   3.4958e+01 
  1.6230e+01   1.7858e+01   7.6644e+00   1.2400e+00   4.4252e-01 
  1.0904e-01   2.0054e-02   2.2962e-03   2.5583e-03   1.0877e-03 
  7.9882e-05   4.1882e-05   4.4069e-05  -1.7749e+01  -6.6649e-01 
  1.0000e+00  -2.7197e+02  -6.4100e-01   9.4490e+01  -2.5321e+00 
 -6.4617e+01   1.9777e+01  -1.0738e+00   8.4598e-02  -5.8882e-01 
 -1.2021e+00  -2.8750e-01   1.9314e+00   7.2354e-01  -5.6282e-01 
  1.0792e+00  -3.5071e-01   8.3194e-03   0.0000e+00 

########################
# 00000003
########################
RSS 156292.9022100306
BP 0:
a0:   3.6762e+00   e0:   1.0836e+00   b0:   1.2354e+03   
BP 1:
a0:   4.6133e+00   e0:   4.8116e+00   b0:   3.6650e+02   
P: 
  2.6325e+01   1.4449e+01   5.5856e-01   5.0297e-01   1.0678e+01 
 -7.3228e-01   1.7024e+01   3.8216e-01   3.8162e+00   1.8236e+00 
  2.5117e-01   1.1206e-01  -4.1253e-03  -2.3730e-02   2.3007e-01 
 -6.9732e-02   9.3884e-04   0.0000e+00  -1.9494e+00   3.0356e+01 
  2.4336e+01   3.4958e+01   1.6230e+01   1.7858e+01   7.6644e+00 
  1.2400e+00   4.4252e-01   1.0904e-01   2.0054e-02   2.2962e-03 
  2.5583e-03   1.0877e-03   7.9882e-05   4.1882e-05   4.4069e-05 
 -1.9974e+01   5.8585e-01   1.0000e+00  -1.4939e+02  -3.7778e-01 
  6.9888e+01  -2.5981e+00  -6.8415e+00   5.0930e+00  -6.5624e-01 
  1.6962e-01  -4.1905e-01  -1.3040e+00  -6.5671e-02   1.6121e+00 
  2.3259e-01  -2.0337e-01   7.3510e-01  -2.2218e-01   2.5778e-02 
  0.0000e+00  -1.9494e+00   3.0356e+01   2.4336e+01   3.4958e+01 
  1.6230e+01   1.7858e+01   7.6644e+00   1.2400e+00   4.4252e-01 
  1.0904e-01   2.0054e-02   2.2962e-03   2.5583e-03   1.0877e-03 
  7.9882e-05   4.1882e-05   4.4069e-05  -1.8326e+01  -6.3366e-01 
  1.0000e+00  -4.3198e+01  -4.1819e+00   3.5704e+01  -1.9609e+00 
 -3.1202e+01   1.4461e+01  -2.1272e+00   9.6919e-02  -5.7916e-01 
 -3.6046e+00  -3.3583e-01   2.4619e+00   3.1914e-01  -1.3724e+00 
  1.3185e+00  -2.2652e-01   2.2887e-02   0.0000e+00 

########################
# 00000004
########################
RSS 379189.5360968377
BP 0:
a0:   3.8198e+00   e0:   1.1427e+01   b0:   1.6570e+03   
BP 1:
a0:   4.4453e+00   e0:   5.2199e+00   b0:   3.2851e+02   
P: 
 -3.0114e+01   1.4214e+01  -1.3036e+00  -6.0377e-01   1.1420e+01 
  2.2749e+00   1.9078e+01  -7.8746e-02  -4.4354e+00   1.0137e+01 
  6.6214e-01   9.1358e-02  -8.1758e-03   1.9060e-02   3.6172e-01 
 -6.1098e-02   8.3241e-04   0.0000e+00  -1.9494e+00   3.0356e+01 
  2.4336e+01   3.4958e+01   1.6230e+01   1.7858e+01   7.6644e+00 
  1.2400e+00   4.4252e-01   1.0904e-01   2.0054e-02   2.2962e-03 
  2.5583e-03   1.0877e-03   7.9882e-05   4.1882e-05   4.4069e-05 
 -1.5452e+01   3.8040e-01   1.0000e+00  -2.3606e+02  -5.6040e+00 
  5.6496e+01  -1.0532e+00  -2.8639e+01   1.3984e+01  -5.8159e-01 
  1.2190e-02  -1.0776e+00  -6.8545e-01  -2.9710e-01   1.4350e+00 
  1.6548e-01  -1.1014e+00   9.3490e-01  -1.9271e-01   2.7486e-02 
  0.0000e+00  -1.9494e+00   3.0356e+01   2.4336e+01   3.4958e+01 
  1.6230e+01   1.7858e+01   7.6644e+00   1.2400e+00   4.4252e-01 
  1.0904e-01   2.0054e-02   2.2962e-03   2.5583e-03   1.0877e-03 
  7.9882e-05   4.1882e-05   4.4069e-05  -1.8668e+01  -3.2058e-01 
  1.0000e+00  -1.4196e+02  -2.7014e+00   3.6438e+01  -1.5968e+00 
 -7.3369e+01   1.0450e+01  -1.5749e+00   9.3765e-02  -6.3417e-01 
 -2.0555e+00  -3.0661e-01   2.3409e-01   6.9878e-01  -5.0387e-01 
  2.4707e-01  -4.5279e-01   2.2998e-02   0.0000e+00 

########################
# 00000005
########################
RSS 465165.2966508429
BP 0:
a0:   3.6019e+00   e0:  -2.0314e+00   b0:   3.1875e+02   
BP 1:
a0:   4.6816e+00   e0:   1.7503e+01   b0:   6.5179e+02   
P: 
  3.5862e+01   6.3693e+01  -2.7439e+00   4.7967e-01  -3.7683e+00 
  2.6673e+00   2.2561e+01  -1.4725e+00  -1.4550e+01   8.3064e+00 
 -1.3454e-01  -4.8102e-02  -8.4781e-03   7.8527e-02  -3.5780e-03 
 -8.2248e-03  -2.3044e-04   0.0000e+00  -1.9494e+00   3.0356e+01 
  2.4336e+01   3.4958e+01   1.6230e+01   1.7858e+01   7.6644e+00 
  1.2400e+00   4.4252e-01   1.0904e-01   2.0054e-02   2.2962e-03 
  2.5583e-03   1.0877e-03   7.9882e-05   4.1882e-05   4.4069e-05 
 -1.6633e+01  -1.4885e-01   1.0000e+00  -2.8395e+02  -6.5307e-01 
  1.9748e+01  -1.9118e+00  -7.8559e+01   1.8815e+01  -1.6611e+00 
  1.7975e-01  -9.9778e-02  -1.2623e+00  -3.7840e-01   2.1025e+00 
  6.7932e-01  -8.9429e-01   9.3046e-01  -1.6878e-02   2.6485e-02 
  0.0000e+00  -1.9494e+00   3.0356e+01   2.4336e+01   3.4958e+01 
  1.6230e+01   1.7858e+01   7.6644e+00   1.2400e+00   4.4252e-01 
  1.0904e-01   2.0054e-02   2.2962e-03   2.5583e-03   1.0877e-03 
  7.9882e-05   4.1882e-05   4.4069e-05  -1.9333e+01  -1.6645e-01 
  1.0000e+00  -2.4490e+01  -5.6704e+00   3.8294e+01  -1.8286e+00 
 -2.1866e+01   1.2320e+00  -1.7592e+00   1.6431e-01  -7.0927e-01 
 -4.4232e+00  -2.9220e-01   1.1009e+00   8.6270e-01  -8.8345e-01 
  7.4829e-01  -4.5432e-01   2.0457e-02   0.0000e+00 

########################
# 00000006
########################
RSS 1188449842.6709979
BP 0:
a0:   4.6249e+00   e0:   8.8530e+00   b0:   3.2558e+02   
BP 1:
a0:   5.0067e+00   e0:   1.4684e+01   b0:   4.0602e+02   
P: 
  5.8219e+01   7.3845e+01   2.1898e+00   7.1292e+00   2.8598e+01 
 -2.5025e+00   8.0095e+00  -1.7272e-01  -1.1791e+01   2.1721e+00 
 -3.9685e-01   2.4144e-01  -9.8635e-03   1.6546e-01   3.5110e-01 
 -7.2517e-03   1.2405e-03   0.0000e+00  -1.9494e+00   3.0356e+01 
  2.4336e+01   3.4958e+01   1.6230e+01   1.7858e+01   7.6644e+00 
  1.2400e+00   4.4252e-01   1.0904e-01   2.0054e-02   2.2962e-03 
  2.5583e-03   1.0877e-03   7.9882e-05   4.1882e-05   4.4069e-05 
 -2.2275e+01  -2.2306e-01   1.0000e+00  -2.0891e+02   2.6927e+00 
  1.6625e+02  -1.2258e+00   2.9505e+01   1.0352e+00  -4.7503e-01 
  6.7031e-02  -2.0199e+00  -1.2153e+00  -1.1412e+00   5.3793e-01 
  8.3785e-01  -1.6599e+00   1.7319e+00  -1.9143e-01   2.6888e-02 
  0.0000e+00  -1.9494e+00   3.0356e+01   2.4336e+01   3.4958e+01 
  1.6230e+01   1.7858e+01   7.6644e+00   1.2400e+00   4.4252e-01 
  1.0904e-01   2.0054e-02   2.2962e-03   2.5583e-03   1.0877e-03 
  7.9882e-05   4.1882e-05   4.4069e-05  -1.8561e+01   5.9773e-01 
  1.0000e+00  -2.7735e+02   2.8671e+00  -4.5421e+01  -1.3835e-01 
 -4.5064e+00   3.1326e+01  -7.0675e-01   1.1459e-02  -2.8122e+00 
 -2.5644e+00   4.1680e-01   3.9360e+00   3.0120e-01  -1.9774e+00 
  1.3010e+00  -4.4722e-02   3.8391e-02   0.0000e+00 

########################
# 00000007
########################
RSS 1986175363.048439
BP 0:
a0:   3.6443e+00   e0:  -6.0791e+00   b0:   1.2181e+03   
BP 1:
a0:   6.3657e+00   e0:  -8.8551e-01   b0:  -7.5271e+01   
P: 
  3.2068e+01   5.5633e+01  -2.8807e+00   5.6592e+00   5.9415e+00 
 -9.1464e-01  -6.3945e+00  -1.6631e+00   4.8546e+00   8.8581e+00 
  3.0947e-01   9.5747e-02  -1.0203e-03  -3.0770e-01   2.1866e-01 
 -6.6869e-02   9.5023e-04   0.0000e+00  -1.9494e+00   3.0356e+01 
  2.4336e+01   3.4958e+01   1.6230e+01   1.7858e+01   7.6644e+00 
  1.2400e+00   4.4252e-01   1.0904e-01   2.0054e-02   2.2962e-03 
  2.5583e-03   1.0877e-03   7.9882e-05   4.1882e-05   4.4069e-05 
 -1.8468e+01  -1.6607e-03   1.0000e+00  -2.7818e+02  -6.1669e+00 
  4.1105e+01  -1.2982e+00  -9.3841e+01   1.5276e+01  -1.2995e+00 
  1.1258e-01  -1.4084e+00  -2.7757e+00  -2.8257e-01   2.6821e+00 
  3.8405e-01  -4.1608e-01   2.9802e-01  -3.7935e-01   2.7898e-02 
  0.0000e+00  -1.9494e+00   3.0356e+01   2.4336e+01   3.4958e+01 
  1.6230e+01   1.7858e+01   7.6644e+00   1.2400e+00   4.4252e-01 
  1.0904e-01   2.0054e-02   2.2962e-03   2.5583e-03   1.0877e-03 
  7.9882e-05   4.1882e-05   4.4069e-05  -2.0406e+01  -1.5385e-01 
  1.0000e+00  -1.1804e+02  -2.6286e+00   1.0778e+02  -1.3731e+00 
 -7.2411e+01   8.2794e-01  -1.2878e+00   6.7882e-02  -8.5952e-01 
 -2.5730e+00  -3.1851e-01   2.5421e+00   7.5177e-01  -1.1267e+00 
  1.2678e+00  -7.6194e-02   5.0685e-03   0.0000e+00 

########################
# 00000008
########################
RSS 2176647494.3701725
BP 0:
a0:   3.3484e+00   e0:  -9.4331e+00   b0:   5.3656e+02   
BP 1:
a0:   5.0658e+00   e0:  -5.5217e+00   b0:  -8.3827e+01   
P: 
 -9.9518e+00   2.3294e+01  -3.1868e+00  -9.3136e-01   1.3825e+01 
  1.4367e+00   2.2455e+00  -9.9732e-01  -3.4514e+00   5.4343e+00 
  2.0550e-01   1.6099e-01  -9.9406e-03  -3.0077e-01   9.7261e-02 
 -3.0686e-02   3.4610e-04   0.0000e+00  -1.9494e+00   3.0356e+01 
  2.4336e+01   3.4958e+01   1.6230e+01   1.7858e+01   7.6644e+00 
  1.2400e+00   4.4252e-01   1.0904e-01   2.0054e-02   2.2962e-03 
  2.5583e-03   1.0877e-03   7.9882e-05   4.1882e-05   4.4069e-05 
 -1.7239e+01   3.2615e-01   1.0000e+00  -5.1371e+01  -5.0527e+00 
  1.0304e+02  -2.5386e+00  -1.6196e+01   1.5285e+01  -2.2507e+00 
  1.5817e-02  -9.4146e-01  -4.0882e+00  -5.3949e-01   1.3774e+00 
  6.6711e-01  -1.2985e+00   8.4683e-01  -2.9397e-01   1.6710e-02 
  0.0000e+00  -1.9494e+00   3.0356e+01   2.4336e+01   3.4958e+01 
  1.6230e+01   1.7858e+01   7.6644e+00   1.2400e+00   4.4252e-01 
  1.0904e-01   2.0054e-02   2.2962e-03   2.5583e-03   1.0877e-03 
  7.9882e-05   4.1882e-05   4.4069e-05  -1.7556e+01  -5.9728e-01 
  1.0000e+00  -3.7776e+00  -5.0757e+00   7.6787e+01  -9.4324e-01 
 -4.5556e+01   1.5220e+01  -9.2710e-01   1.6644e-01  -3.8415e-01 
 -1.4157e+00  -5.2454e-01   8.7329e-01   2.9389e-02  -8.1683e-01 
  1.0756e+00  -1.4757e-01   2.6059e-02   0.0000e+00 

########################
# 00000009
########################
RSS 2454427632.656622
BP 0:
a0:   3.5671e+00   e0:  -9.3013e+00   b0:   1.2112e+03   
BP 1:
a0:   5.7288e+00   e0:  -5.4825e+00   b0:  -1.0066e+02   
P: 
  5.3619e+00  -2.4831e+00  -2.3671e+00   5.2243e+00   1.3574e+01 
  7.5724e+00  -1.2853e+00  -3.5190e-01   4.9710e-01   9.8926e+00 
  5.4678e-01   3.5085e-02   1.6997e-03  -3.7761e-01   2.3199e-01 
 -8.4222e-02   1.1578e-03   0.0000e+00  -1.9494e+00   3.0356e+01 
  2.4336e+01   3.4958e+01   1.6230e+01   1.7858e+01   7.6644e+00 
  1.2400e+00   4.4252e-01   1.0904e-01   2.0054e-02   2.2962e-03 
  2.5583e-03   1.0877e-03   7.9882e-05   4.1882e-05   4.4069e-05 
 -1.6687e+01   1.1794e+00   1.0000e+00  -2.3583e+02  -4.7068e-01 
  4.2560e+01  -1.8240e+00  -5.3886e+01   1.3051e+01  -3.5548e-01 
  1.4156e-01  -1.2805e+00  -3.6124e+00  -3.8159e-01   1.5698e+00 
  6.8760e-01  -4.9126e-01   1.1558e-01  -2.2467e-01   1.2474e-02 
  0.0000e+00  -1.9494e+00   3.0356e+01   2.4336e+01   3.4958e+01 
  1.6230e+01   1.7858e+01   7.6644e+00   1.2400e+00   4.4252e-01 
  1.0904e-01   2.0054e-02   2.2962e-03   2.5583e-03   1.0877e-03 
  7.9882e-05   4.1882e-05   4.4069e-05  -1.8732e+01  -5.8689e-01 
  1.0000e+00  -1.8469e+02  -1.3929e-01   7.2496e+01  -2.3258e-01 
 -4.1815e+01   1.4524e+01  -2.9295e-01   1.5166e-01  -1.0354e+00 
 -3.0079e+00  -9.9519e-02   2.6309e+00   5.5681e-01  -2.2276e-01 
  6.9763e-01  -4.3464e-01   2.9630e-02   0.0000e+00 

########################
# 00000010
########################
RSS 2494967920.0319095
BP 0:
a0:   4.1180e+00   e0:  -1.6267e+00   b0:  -2.3600e+02   
BP 1:
a0:   4.4814e+00   e0:   6.1989e+00   b0:   6.6342e+02   
P: 
 -7.2486e+01   9.5023e+00  -2.3509e+00   8.0188e-01  -7.5785e-01 
 -3.0657e-01   4.6358e+00  -9.8159e-01  -1.1813e+00  -1.6593e+00 
  1.3170e-01  -5.7857e-02   3.1257e-03  -4.2129e-01   3.6330e-01 
 -7.5930e-02  -3.7578e-04   0.0000e+00  -1.9494e+00   3.0356e+01 
  2.4336e+01   3.4958e+01   1.6230e+01   1.7858e+01   7.6644e+00 
  1.2400e+00   4.4252e-01   1.0904e-01   2.0054e-02   2.2962e-03 
  2.5583e-03   1.0877e-03   7.9882e-05   4.1882e-05   4.4069e-05 
 -1.6426e+01  -3.4262e-01   1.0000e+00  -3.0290e+02  -4.7573e+00 
  5.7313e+01  -2.4397e-02  -7.8007e-01   1.3870e-01  -2.1664e+00 
  6.3607e-02  -8.5100e-01  -3.6910e+00  -4.8358e-02   2.4896e+00 
  8.6265e-04  -6.5814e-01   1.0545e+00  -2.6562e-01   2.3797e-02 
  0.0000e+00  -1.9494e+00   3.0356e+01   2.4336e+01   3.4958e+01 
  1.6230e+01   1.7858e+01   7.6644e+00   1.2400e+00   4.4252e-01 
  1.0904e-01   2.0054e-02   2.2962e-03   2.5583e-03   1.0877e-03 
  7.9882e-05   4.1882e-05   4.4069e-05  -1.9489e+01   3.3781e-02 
  1.0000e+00  -1.5578e+02  -5.2641e+00   4.3845e+00  -4.6170e-01 
 -4.4139e+01   1.7512e+01  -1.9604e+00   3.6478e-03  -5.8170e-01 
 -6.7969e-01  -5.3927e-01   2.0997e+00   6.1646e-01  -2.0855e-01 
  7.2963e-01  -1.5628e-01   6.3456e-03   0.0000e+00 

########################
# 00000011
########################
RSS 5659622157.795662
BP 0:
a0:   3.8329e+00   e0:   7.6563e+00   b0:   5.4705e+02   
BP 1:
a0:   5.0397e+00   e0:  -1.0249e+01   b0:  -2.0491e+02   
P: 
 -1.6593e+01   1.2927e+01   7.6180e-01   4.9334e+00   1.9615e+01 
  5.7995e+00   7.5717e+00  -5.6576e-01   1.1412e+00  -1.6565e+00 
  5.6730e-01   7.7853e-02  -4.5316e-03  -5.0216e-01   3.6992e-01 
  5.1241e-03   1.0281e-03   0.0000e+00  -1.9494e+00   3.0356e+01 
  2.4336e+01   3.4958e+01   1.6230e+01   1.7858e+01   7.6644e+00 
  1.2400e+00   4.4252e-01   1.0904e-01   2.0054e-02   2.2962e-03 
  2.5583e-03   1.0877e-03   7.9882e-05   4.1882e-05   4.4069e-05 
 -1.5513e+01   1.7892e-01   1.0000e+00  -2.3880e+02  -2.3860e+00 
  1.2774e+02  -3.4042e-01  -9.4400e+01   1.6746e+01  -1.2965e+00 
  4.2475e-02  -2.6022e-01  -3.5248e+00  -7.8281e-01   6.9317e-01 
  3.6559e-01  -3.3710e-01   1.0323e-01  -2.2484e-01   1.5871e-02 
  0.0000e+00  -1.9494e+00   3.0356e+01   2.4336e+01   3.4958e+01 
  1.6230e+01   1.7858e+01   7.6644e+00   1.2400e+00   4.4252e-01 
  1.0904e-01   2.0054e-02   2.2962e-03   2.5583e-03   1.0877e-03 
  7.9882e-05   4.1882e-05   4.4069e-05  -1.8457e+01   8.8701e-03 
  1.0000e+00  -2.2529e+01  -3.5698e-01   3.3784e+01  -8.7027e-01 
 -4.1711e+01   1.4131e+01  -3.9732e-02   1.6285e-01  -2.0317e-01 
 -3.5730e+00  -3.7445e-01   1.3653e+00   3.9204e-01  -5.1420e-01 
  1.1277e+00  -3.3790e-01   2.7815e-02   0.0000e+00 

########################
# 00000012
########################
RSS 8660900084.76425
BP 0:
a0:   4.7032e+00   e0:  -1.3473e+01   b0:  -2.7071e+02   
BP 1:
a0:   4.5515e+00   e0:   9.5637e+00   b0:   6.2530e+02   
P: 
 -2.9714e+01  -1.6513e+01  -2.8674e+00   2.5838e+00   8.2470e+00 
  1.0736e+00   7.2324e+00   1.7991e-01  -1.4696e+01   9.9554e+00 
  7.7172e-01  -1.1071e-02  -8.2642e-03  -4.8349e-01   2.5299e-02 
 -9.0861e-02   1.0497e-03   0.0000e+00  -1.9494e+00   3.0356e+01 
  2.4336e+01   3.4958e+01   1.6230e+01   1.7858e+01   7.6644e+00 
  1.2400e+00   4.4252e-01   1.0904e-01   2.0054e-02   2.2962e-03 
  2.5583e-03   1.0877e-03   7.9882e-05   4.1882e-05   4.4069e-05 
 -1.8043e+01   5.1722e-02   1.0000e+00  -3.1093e+02  -5.5549e+00 
  5.6289e+01  -2.6465e+00  -3.0226e+01   1.2704e+01  -2.1263e+00 
  1.0988e-01  -4.3119e-01  -2.9152e+00  -8.1629e-01   2.4939e+00 
  5.3056e-01  -1.2512e+00   1.1169e+00  -1.7555e-01   2.5811e-02 
  0.0000e+00  -1.9494e+00   3.0356e+01   2.4336e+01   3.4958e+01 
  1.6230e+01   1.7858e+01   7.6644e+00   1.2400e+00   4.4252e-01 
  1.0904e-01   2.0054e-02   2.2962e-03   2.5583e-03   1.0877e-03 
  7.9882e-05   4.1882e-05   4.4069e-05  -1.8812e+01  -3.0853e-01 
  1.0000e+00  -1.7021e+02  -3.3604e-01   9.4595e+01  -1.9968e+00 
 -8.4934e+01   8.1461e+00  -1.7328e+00   5.3866e-02  -5.9265e-01 
 -2.5465e+00  -2.7337e-01   2.5652e+00   7.6339e-01  -1.3527e+00 
  1.4453e-01  -1.1283e-01   1.6656e-02   0.0000e+00 

########################
# 00000013
########################
RSS 8996412765.647533
BP 0:
a0:   3.3047e+00   e0:  -1.7292e+00   b0:   2.2844e+02   
BP 1:
a0:   4.8294e+00   e0:  -8.5387e+00   b0:  -2.8275e+02   
P: 
 -7.8294e+01   5.9989e+01  -6.7217e-01   5.9059e+00  -4.6181e+00 
  5.3080e+00   1.1458e+01  -1.3830e+00  -3.7574e+00  -1.5565e-01 
 -1.2653e-01   7.8464e-02  -1.6202e-04  -2.8309e-01   2.3033e-01 
 -3.4750e-02   5.5956e-04   0.0000e+00  -1.9494e+00   3.0356e+01 
  2.4336e+01   3.4958e+01   1.6230e+01   1.7858e+01   7.6644e+00 
  1.2400e+00   4.4252e-01   1.0904e-01   2.0054e-02   2.2962e-03 
  2.5583e-03   1.0877e-03   7.9882e-05   4.1882e-05   4.4069e-05 
 -1.8937e+01   1.3689e+00   1.0000e+00  -2.5603e+02  -5.2731e+00 
  6.9903e+01  -2.1078e+00  -2.3419e+01   7.7058e+00  -4.0808e-01 
  5.5788e-02  -4.0953e-01  -2.1889e+00  -6.8014e-01   5.8217e-02 
  6.4287e-01  -1.2108e+00   4.9264e-01  -2.4280e-01   2.5620e-02 
  0.0000e+00  -1.9494e+00   3.0356e+01   2.4336e+01   3.4958e+01 
  1.6230e+01   1.7858e+01   7.6644e+00   1.2400e+00   4.4252e-01 
  1.0904e-01   2.0054e-02   2.2962e-03   2.5583e-03   1.0877e-03 
  7.9882e-05   4.1882e-05   4.4069e-05  -1.8233e+01   3.0243e-02 
  1.0000e+00  -2.7878e+02  -1.6432e+00   1.6195e+01  -7.2658e-01 
 -8.2190e+01   1.3197e+01  -1.5024e+00   1.5689e-01  -1.5271e-01 
 -8.2431e-01  -3.9266e-01   5.7508e-02   1.5556e-01  -7.6091e-01 
  1.2239e+00  -2.7018e-01   2.1168e-02   0.0000e+00 

########################
# 00000014
########################
RSS 11683712744.222628
BP 0:
a0:   3.8335e+00   e0:   7.0403e+00   b0:   9.7397e+02   
BP 1:
a0:   5.0962e+00   e0:  -1.2973e+01   b0:  -3.7095e+02   
P: 
  2.9081e+01   2.0397e+01  -1.5586e-01   1.4222e+00   9.5120e+00 
  8.0980e-01   1.7021e+01   2.1860e-01  -1.0341e+01   9.5264e+00 
  3.3678e-01   1.1901e-01  -6.5725e-03  -7.7856e-02   1.5000e-01 
  2.0422e-02  -5.5008e-05   0.0000e+00  -1.9494e+00   3.0356e+01 
  2.4336e+01   3.4958e+01   1.6230e+01   1.7858e+01   7.6644e+00 
  1.2400e+00   4.4252e-01   1.0904e-01   2.0054e-02   2.2962e-03 
  2.5583e-03   1.0877e-03   7.9882e-05   4.1882e-05   4.4069e-05 
 -1.7384e+01   8.6080e-03   1.0000e+00  -5.3699e+01  -2.7313e-01 
  1.2204e+01  -2.3582e+00  -9.3884e+01   6.1164e-02  -2.3369e+00 
  2.6624e-02  -9.5555e-01  -3.1739e+00  -2.2614e-01   1.7332e+00 
  5.1220e-01  -1.4608e+00   2.3085e-01  -2.2179e-01   7.1344e-03 
  0.0000e+00  -1.9494e+00   3.0356e+01   2.4336e+01   3.4958e+01 
  1.6230e+01   1.7858e+01   7.6644e+00   1.2400e+00   4.4252e-01 
  1.0904e-01   2.0054e-02   2.2962e-03   2.5583e-03   1.0877e-03 
  7.9882e-05   4.1882e-05   4.4069e-05  -1.9914e+01  -4.8583e-01 
  1.0000e+00  -1.5715e+02  -3.7705e+00   6.2011e+01  -2.3505e+00 
 -4.0920e+01   7.2678e+00  -3.9335e-01   4.2879e-02  -1.9100e+00 
 -9.9454e-01  -3.0453e-01   1.1071e+00   8.7925e-01  -1.4382e+00 
  1.1808e+00  -3.4085e-01   3.0687e-02   0.0000e+00 

########################
# 00000015
########################
RSS 16450235394.701754
BP 0:
a0:   3.9433e+00   e0:   1.6530e+01   b0:   9.9912e+02   
BP 1:
a0:   4.9836e+00   e0:  -1.9828e+01   b0:  -4.5972e+02   
P: 
  2.9908e+01   1.4018e+01  -6.1297e-01  -1.0242e+00  -4.9975e+00 
  6.2751e+00   1.5699e+01  -1.3904e+00   3.0449e+00  -1.1616e+00 
 -2.5918e-01  -1.5900e-02  -8.7057e-03   1.3111e-01   3.7139e-01 
 -2.7267e-02  -7.0396e-05   0.0000e+00  -1.9494e+00   3.0356e+01 
  2.4336e+01   3.4958e+01   1.6230e+01   1.7858e+01   7.6644e+00 
  1.2400e+00   4.4252e-01   1.0904e-01   2.0054e-02   2.2962e-03 
  2.5583e-03   1.0877e-03   7.9882e-05   4.1882e-05   4.4069e-05 
 -1.6684e+01   1.1874e+00   1.0000e+00  -2.8175e+02  -4.8243e+00 
  5.2623e+01  -1.4043e-01  -9.9158e+00   7.0345e-01  -1.6124e+00 
  6.5139e-02  -1.2667e+00  -3.7905e+00  -8.1648e-01   1.3202e+00 
  7.8552e-01  -9.7428e-01   6.0360e-02  -3.3694e-01   2.0407e-02 
  0.0000e+00  -1.9494e+00   3.0356e+01   2.4336e+01   3.4958e+01 
  1.6230e+01   1.7858e+01   7.6644e+00   1.2400e+00   4.4252e-01 
  1.0904e-01   2.0054e-02   2.2962e-03   2.5583e-03   1.0877e-03 
  7.9882e-05   4.1882e-05   4.4069e-05  -1.6228e+01  -8.1287e-01 
  1.0000e+00  -5.8835e+01  -3.6624e+00   9.9483e+01  -2.6822e+00 
 -7.3870e+01   2.1354e+01  -2.2158e-01   2.8344e-02  -1.0359e+00 
 -4.2341e+00  -5.8011e-01   1.5110e+00   7.2166e-01  -6.9805e-01 
  3.1922e-01  -1.1732e-01   4.4200e-03   0.0000e+00 

########################
# 00000016
########################
RSS 26034317089.94134
BP 0:
a0:   3.8725e+00   e0:   9.6535e+00   b0:   1.1791e+03   
BP 1:
a0:   5.0046e+00   e0:  -2.5848e+01   b0:  -6.0354e+02   
P: 
 -5.8961e+01   5.5883e+01  -1.5890e+00   3.1765e+00   2.2658e+00 
  5.2359e+00   2.9380e+00  -1.4501e+00  -3.8227e+00   9.7352e+00 
  2.1311e-01   5.7319e-02  -6.2619e-03  -2.1253e-01   3.5556e-01 
 -1.9457e-02   1.6234e-03   0.0000e+00  -1.9494e+00   3.0356e+01 
  2.4336e+01   3.4958e+01   1.6230e+01   1.7858e+01   7.6644e+00 
  1.2400e+00   4.4252e-01   1.0904e-01   2.0054e-02   2.2962e-03 
  2.5583e-03   1.0877e-03   7.9882e-05   4.1882e-05   4.4069e-05 
 -1.9190e+01   1.4844e+00   1.0000e+00  -1.5089e+02  -7.6061e-01 
  7.4299e+01  -1.2303e+00  -9.7788e+00   8.9416e+00  -1.9788e+00 
  6.0454e-02  -1.7630e+00  -2.7672e+00  -1.6220e-01   1.3919e+00 
  6.8530e-01  -1.0569e+00   6.2268e-02  -4.2004e-01   6.5144e-03 
  0.0000e+00  -1.9494e+00   3.0356e+01   2.4336e+01   3.4958e+01 
  1.6230e+01   1.7858e+01   7.6644e+00   1.2400e+00   4.4252e-01 
  1.0904e-01   2.0054e-02   2.2962e-03   2.5583e-03   1.0877e-03 
  7.9882e-05   4.1882e-05   4.4069e-05  -1.9454e+01  -8.1366e-01 
  1.0000e+00  -9.6487e+01  -5.4274e+00   9.3689e+01  -2.3977e+00 
 -8.3665e+01   6.3026e-01  -1.1108e+00   9.5705e-02  -1.3310e+00 
 -2.4585e+00  -7.5361e-01   2.3798e+00   1.6249e-01  -1.1494e+00 
  1.2646e+00  -2.8440e-01   3.4818e-03   0.0000e+00 

########################
# 00000017
########################
RSS 41462967820.63247
BP 0:
a0:   4.0980e+00   e0:  -1.3962e+01   b0:  -6.6169e+02   
BP 1:
a0:   4.3317e+00   e0:   3.6699e+00   b0:   5.4184e+02   
P: 
  1.4991e+01   4.2067e+01  -8.8968e-02   5.4128e-01   1.0692e+01 
  1.2491e+00   1.1930e+01  -5.2434e-01  -1.0081e+01  -7.1144e-01 
  6.7835e-01   6.1871e-04   2.9933e-03  -4.2818e-01  -6.1429e-02 
 -4.5819e-03   8.6783e-04   0.0000e+00  -1.9494e+00   3.0356e+01 
  2.4336e+01   3.4958e+01   1.6230e+01   1.7858e+01   7.6644e+00 
  1.2400e+00   4.4252e-01   1.0904e-01   2.0054e-02   2.2962e-03 
  2.5583e-03   1.0877e-03   7.9882e-05   4.1882e-05   4.4069e-05 
 -1.9105e+01  -1.1862e-01   1.0000e+00  -5.8655e+01  -4.7446e+00 
  5.4085e+01  -1.9797e+00  -1.9651e+01   1.0792e+01  -1.7690e+00 
  1.6408e-01  -1.5290e+00  -3.5859e+00  -4.2576e-01   2.6067e+00 
  1.8795e-01  -1.1724e+00   9.5206e-01  -1.5480e-01   1.4005e-04 
  0.0000e+00  -1.9494e+00   3.0356e+01   2.4336e+01   3.4958e+01 
  1.6230e+01   1.7858e+01   7.6644e+00   1.2400e+00   4.4252e-01 
  1.0904e-01   2.0054e-02   2.2962e-03   2.5583e-03   1.0877e-03 
  7.9882e-05   4.1882e-05   4.4069e-05  -1.6114e+01  -2.5916e-01 
  1.0000e+00  -2.0739e+02  -2.6771e+00   3.7785e+01  -2.7205e-01 
 -1.2514e+01   5.6844e+00  -1.1502e-01   9.2590e-02  -8.5348e-01 
 -4.1376e+00  -7.9503e-01   4.5156e-02   4.7643e-02  -1.0365e-01 
  1.8055e-02  -8.8431e-02   2.8937e-02   0.0000e+00 

########################
# 00000018
########################
RSS 51274983715.63404
BP 0:
a0:   4.0328e+00   e0:  -1.5355e+01   b0:  -7.0343e+02   
BP 1:
a0:   4.8231e+00   e0:  -1.0307e+01   b0:  -3.4561e+02   
P: 
 -6.8960e+01   2.8401e+01   4.0520e-01   6.4696e+00   1.6835e+01 
  8.2085e-01  -2.5176e+00  -1.3651e+00  -3.9531e+00  -2.1392e+00 
  5.7126e-01   1.4057e-01  -8.8543e-03  -3.8301e-01  -1.1428e-01 
  7.9483e-03   1.2520e-03   0.0000e+00  -1.9494e+00   3.0356e+01 
  2.4336e+01   3.4958e+01   1.6230e+01   1.7858e+01   7.6644e+00 
  1.2400e+00   4.4252e-01   1.0904e-01   2.0054e-02   2.2962e-03 
  2.5583e-03   1.0877e-03   7.9882e-05   4.1882e-05   4.4069e-05 
 -1.9963e+01   1.4245e+00   1.0000e+00  -1.3350e+02  -1.7090e+00 
  5.0748e+01  -1.1202e+00  -1.0385e+02   1.5920e+01  -1.1083e+00 
  4.3771e-02  -1.3396e+00  -3.1877e+00  -1.2514e-01   8.2075e-02 
  9.3030e-02  -1.0101e+00   5.1794e-01  -2.7950e-01   1.9377e-02 
  0.0000e+00  -1.9494e+00   3.0356e+01   2.4336e+01   3.4958e+01 
  1.6230e+01   1.7858e+01   7.6644e+00   1.2400e+00   4.4252e-01 
  1.0904e-01   2.0054e-02   2.2962e-03   2.5583e-03   1.0877e-03 
  7.9882e-05   4.1882e-05   4.4069e-05  -2.0719e+01  -4.5065e-01 
  1.0000e+00  -1.8890e+02  -5.6882e+00   6.1324e+01  -1.3969e+00 
 -8.3850e+01   1.0573e+01  -1.7771e-02   1.0544e-01  -1.3193e+00 
 -9.4436e-01  -2.1617e-01   1.9253e+00   3.2203e-01  -6.6979e-01 
  9.7356e-01  -4.1271e-01   2.2451e-02   0.0000e+00 

########################
# 00000019
########################
RSS 94645237743.84116
BP 0:
a0:   4.0692e+00   e0:   3.8329e+01   b0:   5.0185e+03   
BP 1:
a0:   5.0473e+00   e0:  -5.2482e+01   b0:  -1.2727e+03   
P: 
  9.9579e+01  -1.3923e+02   6.6918e+00   2.5001e+00  -7.4681e+00 
 -7.0637e+00  -4.5127e+01  -3.5636e+00  -1.4159e+01   8.8043e+00 
 -5.6235e-01   1.3707e-01   1.6318e-02   8.2172e-01   9.8430e-01 
 -1.3440e-01  -3.6138e-03   0.0000e+00  -1.9494e+00   3.0356e+01 
  2.4336e+01   3.4958e+01   1.6230e+01   1.7858e+01   7.6644e+00 
  1.2400e+00   4.4252e-01   1.0904e-01   2.0054e-02   2.2962e-03 
  2.5583e-03   1.0877e-03   7.9882e-05   4.1882e-05   4.4069e-05 
 -2.1251e+01   6.3799e-01   1.0000e+00   4.3125e+02  -1.0981e+01 
  1.1711e+02   3.9075e+00  -2.5300e+02  -6.1528e+00  -5.8405e+00 
  2.3062e-01  -3.9436e+00  -1.0073e+01  -1.7417e+00   5.9862e+00 
 -8.6813e-03  -1.1772e+00  -1.0634e+00  -6.6749e-01   5.1093e-02 
  0.0000e+00  -1.9494e+00   3.0356e+01   2.4336e+01   3.4958e+01 
  1.6230e+01   1.7858e+01   7.6644e+00   1.2400e+00   4.4252e-01 
  1.0904e-01   2.0054e-02   2.2962e-03   2.5583e-03   1.0877e-03 
  7.9882e-05   4.1882e-05   4.4069e-05  -2.4916e+01  -4.5353e-01 
  1.0000e+00  -3.9084e+01  -1.2216e+01  -8.3794e+01   3.8762e+00 
  5.6957e+01   3.4559e+01   2.1960e+00  -1.2766e-01  -4.4583e+00 
 -7.6456e+00  -1.2430e-01   5.4655e+00  -1.8810e-01   2.1405e+00 
  1.8787e+00   2.5233e-01   7.5579e-02   0.0000e+00 

########################
# 00000020
########################
RSS 163939074694.17178
BP 0:
a0:   3.9712e+00   e0:  -2.4638e+01   b0:  -1.4858e+03   
BP 1:
a0:   4.2014e+00   e0:   1.4991e+00   b0:   2.8864e+02   
P: 
 -5.0171e+01  -9.8515e+00  -3.0318e+00   5.8052e+00   1.4210e+01 
  5.5187e+00   9.1462e+00  -4.2266e-01  -1.5142e+01  -2.6481e+00 
  4.6670e-01  -1.6726e-02  -8.0848e-03  -3.2204e-01  -9.9261e-02 
 -8.2410e-02   8.3139e-04   0.0000e+00  -1.9494e+00   3.0356e+01 
  2.4336e+01   3.4958e+01   1.6230e+01   1.7858e+01   7.6644e+00 
  1.2400e+00   4.4252e-01   1.0904e-01   2.0054e-02   2.2962e-03 
  2.5583e-03   1.0877e-03   7.9882e-05   4.1882e-05   4.4069e-05 
 -1.8998e+01   7.7105e-01   1.0000e+00  -3.0897e+02  -4.1545e+00 
  4.9573e+01  -6.4303e-01  -1.8531e+01   1.9339e+01  -5.2449e-01 
  2.8963e-02  -1.2456e+00  -1.9472e-01  -8.9185e-02   2.2593e+00 
  4.9180e-01  -1.3290e+00   7.3090e-01  -8.6143e-02   1.0707e-03 
  0.0000e+00  -1.9494e+00   3.0356e+01   2.4336e+01   3.4958e+01 
  1.6230e+01   1.7858e+01   7.6644e+00   1.2400e+00   4.4252e-01 
  1.0904e-01   2.0054e-02   2.2962e-03   2.5583e-03   1.0877e-03 
  7.9882e-05   4.1882e-05   4.4069e-05  -1.6188e+01  -9.9041e-02 
  1.0000e+00  -1.1453e+02  -1.3770e+00   3.4490e+01  -2.7915e+00 
 -1.7893e+01   1.2495e+01  -1.0275e+00   6.1867e-02  -8.4803e-01 
 -4.2522e+00  -6.7603e-01   1.2993e+00   3.2450e-01  -1.2002e+00 
  6.3729e-01  -2.0725e-01   2.2830e-02   0.0000e+00 

########################
# 00000021
########################
RSS 5612367986004.26
BP 0:
a0:   4.1422e+00   e0:   1.0903e+02   b0:   1.3735e+04   
BP 1:
a0:   4.8274e+00   e0:  -2.7952e+02   b0:  -1.0084e+04   
P: 
 -8.2531e+02  -5.3403e+02  -1.0958e+01   2.8594e+01  -2.8518e+01 
 -1.0838e+00  -1.9480e+02  -8.6640e+00  -7.8039e+01   5.0192e+01 
  7.0076e+00   8.7869e-01   4.7092e-02  -2.0078e+00   1.8359e+00 
  9.0865e-01  -1.6768e-02   0.0000e+00  -1.9494e+00   3.0356e+01 
  2.4336e+01   3.4958e+01   1.6230e+01   1.7858e+01   7.6644e+00 
  1.2400e+00   4.4252e-01   1.0904e-01   2.0054e-02   2.2962e-03 
  2.5583e-03   1.0877e-03   7.9882e-05   4.1882e-05   4.4069e-05 
 -4.4929e+01  -1.3559e+01   1.0000e+00  -2.1382e+03   3.7626e+00 
 -9.8478e+02  -4.1719e+00   4.8648e+02   3.0310e+01   1.0878e+01 
  9.1495e-01  -3.4403e+00   1.4263e+01   1.4387e+00  -1.2499e+01 
 -5.4936e+00  -3.9174e+00  -7.5290e+00  -2.2372e+00   2.1993e-01 
  0.0000e+00  -1.9494e+00   3.0356e+01   2.4336e+01   3.4958e+01 
  1.6230e+01   1.7858e+01   7.6644e+00   1.2400e+00   4.4252e-01 
  1.0904e-01   2.0054e-02   2.2962e-03   2.5583e-03   1.0877e-03 
  7.9882e-05   4.1882e-05   4.4069e-05  -3.5183e+01  -4.2302e+00 
  1.0000e+00   1.4992e+03   1.1894e+01   4.7690e+02   1.4886e+01 
 -5.1575e+02  -2.3137e+00  -5.2329e+00  -2.4633e-01   5.5078e-01 
 -5.2312e+00   4.1562e+00   5.8410e+00  -1.2425e+00  -7.1214e-01 
  6.7252e-01   5.7666e-01  -2.4255e-01   0.0000e+00 

