RSS:  
1609.657812537596

P:  
63.2622796517
-85.1358481884
-0.763172973305
32.6189058101
0.0363442634328
-0.303223700586
0.933175286909
-0.000794937939846
-0.409739430831
-0.635590309395
-0.0213454778596
0.0958916770428
-0.703542527056
-0.0790115996703
0.918089226402
0.32990272462
-0.304057298459
0.0
-1.94938564301
30.3556213379
24.3362083435
34.9576034546
16.2302913666
17.857875824
7.66438293457
1.23997938633
0.442521393299
0.109044238925
0.0200536046177
0.00229621282779
0.00255827326328
0.00108765787445
7.98819164629e-05
4.18824820372e-05
4.40689618699e-05
1.05722617152
0.804755244476
-6.67518302403
-8.89361127295
-26.3383510566
-7.26525689267
16.0568864075
-7.54067554277
-0.448223177426
0.105217745381
0.439397672013
-0.838932258498
-0.923714674368
0.0451352339387
0.783393071962
0.0283393810893
-0.521868246349
0.826460276675
-0.288268260369
0.0
-1.94938564301
30.3556213379
24.3362083435
34.9576034546
16.2302913666
17.857875824
7.66438293457
1.23997938633
0.442521393299
0.109044238925
0.0200536046177
0.00229621282779
0.00255827326328
0.00108765787445
7.98819164629e-05
4.18824820372e-05
4.40689618699e-05
-4.28926346386
0.436912176109
8.79268602955
-81.1580412869
47.0241962895
4.18818185502
6.94863985354
0.0848472717483
-0.0221781074826
0.667950625623
-0.538658825545
0.0475737328663
0.00768083522472
-0.0958699140839
-0.0558260099197
-0.747943658068
0.208105781682
-0.311777991678
0.0847396014549
0.0

Known:
a0:     3.42
e0:     -4.27
B0:     221.99999999938152
EC:     365.600 141.600 141.600  0.000  0.000  0.000 
        141.600 365.600 141.600  0.000  0.000  0.000 
        141.600 141.600 365.600  0.000  0.000  0.000 
         0.000  0.000  0.000 186.000  0.000  0.000 
         0.000  0.000  0.000  0.000 186.000  0.000 
         0.000  0.000  0.000  0.000  0.000 186.000 

Known:
a0:     3.89
e0:     -3.91
B0:     179.99999999949853
EC:     234.000 176.000 176.000  0.000  0.000  0.000 
        176.000 234.000 176.000  0.000  0.000  0.000 
        176.000 176.000 234.000  0.000  0.000  0.000 
         0.000  0.000  0.000 71.200  0.000  0.000 
         0.000  0.000  0.000  0.000 71.200  0.000 
         0.000  0.000  0.000  0.000  0.000 71.200 

Calculated:
a0:     3.7291479293527816
e0:     -4.2994248532295165
B0:     112.91798667401724
EC:     122.764 291.304 291.304  0.000  0.000  0.000 
        291.304 122.764 291.304  0.000  0.000  0.000 
        291.304 291.304 122.764  0.000  0.000  0.000 
         0.000  0.000  0.000 140.307  0.000  0.000 
         0.000  0.000  0.000  0.000 140.307  0.000 
         0.000  0.000  0.000  0.000  0.000 140.307 

Calculated:
a0:     4.0744344103783945
e0:     -3.967634107301001
B0:     213.86047555903886
EC:     363.172 151.072 151.072  0.000  0.000  0.000 
        151.072 363.172 151.072  0.000  0.000  0.000 
        151.072 151.072 363.172  0.000  0.000  0.000 
         0.000  0.000  0.000 115.075  0.000  0.000 
         0.000  0.000  0.000  0.000 115.075  0.000 
         0.000  0.000  0.000  0.000  0.000 115.075 



