RSS:  
25412.507665647398

P:  
-0.0179323297322
0.0293771743419
0.0439965467511
-0.00212721722471
0.0469295086174
-0.0369703016575
-0.0154464689068
0.00696097459318
0.0207983909885
0.00344965010436
-0.00423820534508
0.00936702882023
-0.01581918128
-35.3193092983
3.26315203128
-10.2551642775
3.83349234784

Known:
a0:     3.89
e0:     -3.91
B0:     179.99999999949853
EC:     234.000 176.000 176.000  0.000  0.000  0.000 
        176.000 234.000 176.000  0.000  0.000  0.000 
        176.000 176.000 234.000  0.000  0.000  0.000 
         0.000  0.000  0.000 71.200  0.000  0.000 
         0.000  0.000  0.000  0.000 71.200  0.000 
         0.000  0.000  0.000  0.000  0.000 71.200 

Calculated:
a0:     4.715982875080987
e0:     -1.0349482390552354
B0:     -177.8180295875017
EC:      0.009 27.261 27.261  0.000  0.000  0.000 
        27.261  0.009 27.261  0.000  0.000  0.000 
        27.261 27.261  0.009  0.000  0.000  0.000 
         0.000  0.000  0.000  5.205  0.000  0.000 
         0.000  0.000  0.000  0.000  5.205  0.000 
         0.000  0.000  0.000  0.000  0.000  5.205 



