---START---
00000001
PARAMETERS 
36
-623664.237362
-1434.4635872
62.8868421455
-280.177691563
-84.7519185487
212.46062288
-53.3776730671
-1.15697007517
-79.9224349453
-3.71987174533
13.8382819012
-11.8065804152
1.79433001349
1.28814031237
-1.08172862099
0.352347946935
0.00409656200326
0.0
0.124734799997
0.0320045670826
0.0177353135289
0.0103827584456
0.00564904178863
0.00322528753475
0.00180916818997
0.00158185047874
0.00176725924084
0.00108293501583
0.000711188856468
0.000121027087865
-0.000311574299523
-0.000590020329296
-0.000262352141795
0.0
4.03934616579
12.3440407295
RSS 0.23543649896987245
BP MaxDensity 0.3939113414361351
EFS MaxDensity 0.21627248734925386
a0 3.8985414691324127
e0 -3.9099256929990136
b0 177.00151252764024
---END---
---START---
00000002
PARAMETERS 
36
-623664.23742
-1434.46357936
62.8869223908
-280.177650563
-84.7519088242
212.460632618
-53.3776182094
-1.15696104212
-79.9222095377
-3.71979786496
13.8382783093
-11.8065804271
1.79433398987
1.28821415253
-1.0816453905
0.352381652266
0.00427775255314
0.0
0.124723694551
0.032275558879
0.017735309096
0.0101711704639
0.00593227184952
0.00290459735282
0.00217600019648
0.00205067649084
0.00149415153082
0.00102302427707
0.00057557978044
0.000293269669901
0.00012290584007
3.07380530044e-05
-1.76636278791e-06
0.0
4.03933847073
12.3440273019
RSS 1.3199305817812805
BP MaxDensity 0.3939113414361351
EFS MaxDensity 0.21627248734925386
a0 3.9121411111903837
e0 -3.916615840813026
b0 172.37976413306814
---END---
