########################
# 00000001
########################
RSS 65562.65148952244
BP 0:
a0:   4.2255e+00   e0:  -6.6291e+00   b0:   9.4195e+02   
P: 
 -9.3869e-02  -9.3815e-01   2.3300e-01   2.8845e+00   5.0808e-01 
  1.7012e-01   4.0103e-02  -1.1734e-02  -3.7377e-01  -2.2032e-03 
  1.4015e-01   1.9584e-02  -2.6924e-01  -2.0100e-02  -1.1710e-05 
 -1.0882e-03  -1.9820e+00   3.1703e+00  -3.8393e+01   1.0293e+01 
 -1.2645e-01 

########################
# 00000002
########################
RSS 4000012130.125874
BP 0:
a0:   4.2162e+00   e0:  -1.8312e+02   b0:   5.9352e+04   
P: 
 -1.5491e+00  -1.6842e+01   3.9790e+00  -3.7082e-01  -6.3674e+00 
 -2.8421e+00   8.3762e-01   2.0643e-01  -5.3852e+00  -5.9895e-03 
  8.9476e-01  -1.1834e-01  -2.1650e+00  -1.7081e-01  -1.3768e-04 
 -9.3027e-03   1.3900e+00   5.0307e+00  -2.8100e+01   1.4821e+01 
 -3.2432e-01 

########################
# 00000003
########################
RSS 5615768531.20442
BP 0:
a0:   4.1559e+00   e0:  -7.1817e+01   b0:   6.1606e+04   
P: 
  1.0882e+00  -4.2372e+00   3.6597e-01  -4.2307e+01  -2.3184e+00 
  3.2975e+00  -2.2781e-01  -9.4266e-02  -6.6190e+00   1.7797e-03 
  1.7024e+00   1.2532e-01  -2.4421e+00   2.4797e-01  -2.0899e-04 
  2.4797e-03  -2.6057e+00   4.4111e+00  -2.8060e+01   8.5273e+00 
 -1.7988e-01 

########################
# 00000004
########################
RSS 7228220769.300004
BP 0:
a0:   3.6812e+00   e0:  -2.0063e+02   b0:   5.2414e+04   
P: 
 -9.0529e-02   3.1486e+00  -4.3838e+00   3.1966e+01  -4.3377e+00 
 -2.7563e+00  -9.5305e-02   1.6693e-01   2.4977e+00  -1.5297e-02 
 -1.6577e+00   2.2554e-01   4.2722e+00   3.1665e-01   4.8963e-05 
 -5.5614e-04   1.9466e-02   3.4150e+00  -4.4907e+01   1.4499e+01 
  1.9123e-02 

########################
# 00000005
########################
RSS 7671733249.386745
BP 0:
a0:   3.9988e+00   e0:  -9.9690e+01   b0:   1.4900e+05   
P: 
  4.5871e-01  -1.2741e+01   2.3581e+00   4.3447e+01   1.0054e+01 
 -2.8190e+00   2.8593e-01  -1.9499e-01  -2.1929e+00  -1.2419e-02 
 -7.8721e-01   2.1973e-01   1.4698e+00  -3.4291e-01   2.6167e-05 
 -1.8200e-02  -2.4646e+00   3.0715e+00  -3.2280e+01   1.1179e+01 
  1.0421e-01 

########################
# 00000006
########################
RSS 52571937873.2144
BP 0:
a0:   3.9144e+00   e0:  -1.2101e+02   b0:   1.9508e+05   
P: 
 -6.6350e-01   1.2668e+01  -4.5133e-01  -5.1089e+01  -9.0520e-01 
  9.6313e-01   3.4885e-01  -6.7138e-02  -8.8840e-01  -1.6712e-02 
 -1.3453e+00   2.8538e-01   4.3622e+00  -2.3929e-01   8.2743e-05 
  2.0609e-02   2.3502e-01   1.9063e+00  -2.9087e+01   1.5684e+01 
 -1.7886e-01 

########################
# 00000007
########################
RSS 87491540957.54364
BP 0:
a0:   3.8991e+00   e0:  -9.6428e+01   b0:   2.2596e+05   
P: 
  8.4064e-01  -1.2210e+01  -2.3372e+00   5.0453e+01  -8.3209e+00 
  2.2895e+00   5.1265e-01  -1.6150e-02  -4.6624e+00   2.2394e-02 
 -5.1929e-01  -2.4077e-01   1.9463e+00   1.9772e-01  -7.1912e-06 
 -1.4244e-02  -6.8047e+00   4.6488e+00  -3.0362e+01   7.9241e+00 
 -9.6214e-02 

########################
# 00000008
########################
RSS 128644614201.98492
BP 0:
a0:   3.9147e+00   e0:  -4.4263e+01   b0:   3.1899e+05   
P: 
  4.0941e-01   5.7807e-01   2.1269e+00   4.7791e+01   4.3158e+00 
  4.6287e-01  -2.1486e-01  -1.2708e-01   1.7358e+00  -2.8630e-02 
 -7.4349e-01  -1.9841e-01   2.7419e+00   6.8604e-02  -1.0118e-04 
  7.5187e-03  -5.5782e+00   2.5437e+00  -5.2865e+01   7.6315e-01 
  4.0198e-02 

########################
# 00000009
########################
RSS 186469143065.2131
BP 0:
a0:   3.9227e+00   e0:  -7.0833e+01   b0:   3.2452e+05   
P: 
 -3.1073e-01   8.1015e-01  -1.1186e+00  -5.5288e+00   8.1495e+00 
  1.9954e+00  -1.8346e-02   4.9859e-02  -5.2112e+00   1.2941e-03 
 -1.5957e-01   1.7543e-01   3.2488e+00   3.4686e-01  -1.2232e-04 
 -1.6203e-02   1.0431e+00   3.6505e+00  -4.1096e+01   1.0311e+01 
 -2.0637e-01 

########################
# 00000010
########################
RSS 232129554103.06177
BP 0:
a0:   4.0060e+00   e0:  -4.1769e+01   b0:   2.9560e+05   
P: 
  1.0926e+00  -1.7767e+01  -1.4569e+00  -5.0570e+01  -3.5758e+00 
  7.8360e-01   5.1005e-01   2.0231e-01  -1.7790e+00   1.6910e-02 
 -8.2593e-01  -2.4843e-01   4.4773e+00  -4.4380e-02  -1.9546e-04 
  1.8144e-03  -6.7798e+00   3.5007e+00  -4.7934e+01   1.1548e+01 
 -2.8172e-01 

########################
# 00000011
########################
RSS 267041540184.9314
BP 0:
a0:   3.8850e+00   e0:  -1.1008e+01   b0:   2.2369e+05   
P: 
 -1.4747e+00  -1.4806e+00   4.3840e+00   1.1420e+01   3.2986e+00 
  3.0752e+00  -2.3954e-01   1.3502e-01  -4.8551e+00  -3.9290e-02 
  1.8230e+00   1.2281e-01  -1.9614e-01  -3.0907e-01  -2.2213e-04 
 -1.2128e-02  -3.4037e+00   2.6699e+00  -4.6799e+01   6.3280e+00 
  1.1444e-01 

########################
# 00000012
########################
RSS 313792686450.4631
BP 0:
a0:   4.0047e+00   e0:  -4.2532e+01   b0:   3.5669e+05   
P: 
 -5.9589e-01  -1.6907e+01   3.0737e+00  -5.1915e+01   4.2270e-01 
 -3.1346e+00   3.0571e-01   1.6050e-01  -3.6327e+00  -3.2128e-03 
 -1.7475e-01  -2.2496e-01   3.5310e+00  -2.5462e-02   2.0343e-04 
 -1.5941e-02   2.6584e+00   3.6379e+00  -3.3678e+01   1.4777e+01 
 -1.6279e-01 

########################
# 00000013
########################
RSS 930341831165.1018
BP 0:
a0:   3.8718e+00   e0:   8.7842e+00   b0:   4.2405e+05   
P: 
  7.5710e-01   1.4616e+01   4.0085e+00  -1.6150e+01   3.4169e+00 
 -1.6147e+00  -6.7375e-01  -1.4140e-01  -6.9933e+00   1.0381e-02 
  2.4454e+00  -1.1197e-01   8.8548e-01  -4.0634e-01  -6.1458e-05 
 -2.8507e-03   2.8066e+00   3.8019e+00  -4.0360e+01   2.0116e+01 
  4.2122e-02 

########################
# 00000014
########################
RSS 1215074121383.1526
BP 0:
a0:   3.9389e+00   e0:   1.4326e+02   b0:   4.7783e+05   
P: 
  6.6392e-01  -1.3610e+01   3.0489e-01  -4.9560e+01  -1.3079e+00 
 -5.5546e-01  -5.5020e-01   1.9317e-01  -5.6939e+00  -2.1855e-02 
  2.2406e+00  -2.8178e-01   3.2495e+00   3.7817e-01   1.3531e-04 
 -1.7666e-02  -6.2974e+00   5.6354e+00  -3.9545e+01   4.6431e+00 
 -3.2089e-01 

########################
# 00000015
########################
RSS 7370466324323.497
BP 0:
a0:  -5.3203e+00   e0:   1.1048e+03   b0:   3.0718e+04   
P: 
  1.5992e+00   1.6573e+01   1.4590e+00   1.3905e+01  -3.9050e+00 
 -2.5590e-01  -3.5793e-01  -1.4948e-01  -4.4395e+00  -2.6884e-02 
  2.0220e+00   1.2754e-01  -4.1715e+00   4.9691e-02   1.9895e-04 
  1.0104e-03  -4.5151e+00   3.9107e+00  -4.0576e+01   6.7836e+00 
 -2.8526e-01 

########################
# 00000016
########################
RSS 13098591098074.533
BP 0:
a0:   3.5800e+00   e0:  -1.7666e+02   b0:   5.4678e+04   
P: 
  1.0165e+00   1.2000e+01  -2.0464e+00   2.2207e+01   5.3255e+00 
 -1.4404e+00  -3.2412e-01  -6.2619e-02   3.2716e-01  -5.0322e-03 
  8.1138e-01   1.6210e-02   4.7179e-01   1.2560e-01  -4.0565e-05 
 -1.4042e-02  -2.3173e+00   4.1450e+00  -3.7253e+01   6.6807e+00 
 -1.6473e-01 

########################
# 00000017
########################
RSS 29827392870071.36
BP 0:
a0:   3.6574e+00   e0:  -1.8039e+02   b0:   1.5988e+05   
P: 
 -1.3444e+00   1.0805e+01   4.8665e+00   4.9124e+01   2.0654e+00 
  3.5330e+00  -1.9078e-01   4.1754e-04  -4.1251e+00  -2.2367e-02 
  2.6135e+00  -3.4090e-01  -3.9210e+00   2.1672e-01  -5.1331e-05 
 -1.7208e-02   2.4516e+00   4.6855e+00  -2.4797e+01   2.2487e+00 
 -2.9514e-01 

########################
# 00000018
########################
RSS 247179168900874.84
BP 0:
a0:   3.8790e+00   e0:   1.3808e+02   b0:   3.6095e+05   
P: 
 -7.5305e-01   8.2405e+00  -5.7970e-01  -5.3283e+01   6.8119e+00 
  1.3391e+00  -2.2980e-01  -9.4994e-03  -3.0560e+00   5.8075e-03 
  2.6908e+00  -2.2054e-01   1.9745e+00  -9.7359e-02   7.6547e-05 
  1.9222e-02  -1.3771e+00   4.5550e+00  -4.3855e+01   1.6249e+01 
 -3.0502e-01 

########################
# 00000019
########################
RSS 275767936223204.8
BP 0:
a0:   6.1735e+00   e0:   4.2801e+03   b0:  -5.0449e+04   
P: 
  7.9521e-04  -5.2033e+00  -6.1400e-01   4.4706e+01  -5.7570e+00 
 -2.9998e+00  -4.0873e-01  -1.3408e-01   5.1171e+00   2.4950e-02 
  2.5861e+00   2.3012e-01   6.9663e-01  -3.1156e-01   7.1873e-05 
  2.0335e-02   1.6046e-01   1.8657e+00  -2.4789e+01   1.3642e+01 
 -3.4873e-01 

########################
# 00000020
########################
RSS 379109327044955.5
BP 0:
a0:   5.8072e+00   e0:   1.1863e+03   b0:  -5.3871e+03   
P: 
  1.0020e+00  -1.6134e+01  -2.7514e+00   4.1853e+01  -1.5095e+00 
  1.4537e+00  -1.2706e-02  -2.7347e-02   5.5889e+00  -2.7074e-02 
  1.6467e+00  -1.7106e-01   1.4888e+00   2.6648e-02  -1.2644e-04 
 -2.0277e-02   1.2399e+00   2.4428e+00  -4.9806e+01   9.0340e+00 
 -3.7245e-01 

########################
# 00000021
########################
RSS 398244748168169.7
BP 0:
a0:   3.9673e+00   e0:   7.6176e+01   b0:  -6.0906e+04   
P: 
 -5.1528e-01  -6.0722e+00   2.9885e+00   2.8641e+01   5.6593e+00 
  2.3912e+00  -7.0840e-01   2.0277e-01   1.0910e+00   1.8181e-02 
  1.0349e+00   3.3914e-01  -6.6234e-01  -1.3106e-02  -2.0448e-04 
  1.3211e-04  -6.9036e+00   3.6951e+00  -3.3461e+01   4.1841e+00 
 -2.5363e-01 

########################
# 00000022
########################
RSS 514807202248673.44
BP 0:
a0:   3.9412e+00   e0:   9.8423e+01   b0:   1.3575e+05   
P: 
  1.5698e+00  -1.2870e+00   4.6121e+00  -4.7359e+01  -4.5174e+00 
 -1.3978e+00   6.7329e-01   1.1293e-01   2.7342e+00   3.5034e-02 
  8.9295e-02  -1.4657e-01   3.7267e+00  -7.5848e-02  -1.7739e-05 
 -1.7531e-02   1.1178e+00   2.6716e+00  -3.2335e+01   1.6639e+01 
 -1.2797e-01 

########################
# 00000023
########################
RSS 537807571938362.94
BP 0:
a0:   4.4517e+00   e0:   4.5638e+02   b0:  -3.5818e+04   
P: 
  1.6679e+00   6.5277e+00   4.5942e+00   6.0193e+01   8.1839e+00 
 -1.3943e+00  -3.5074e-01  -1.5841e-01   6.9996e+00   3.7825e-02 
 -3.9686e-01  -3.0024e-01   2.0187e+00   2.0630e-01  -8.1003e-05 
 -1.2405e-02  -5.2272e+00   4.2523e+00  -3.4283e+01   1.4910e+01 
  1.1050e-01 

########################
# 00000024
########################
RSS 847170942998133.8
BP 0:
a0:   4.9216e+00   e0:   1.1112e+03   b0:  -2.1915e+04   
P: 
 -1.9635e+00   1.6536e+01  -4.3262e+00  -2.2728e+01  -3.7929e-01 
  2.1812e+00  -4.7677e-01   8.8325e-02   5.8431e+00   2.4704e-02 
  1.6864e+00  -2.5490e-01   3.2141e-02  -3.6870e-01  -1.7870e-04 
  2.0618e-02  -5.1050e+00   5.2125e+00  -3.4897e+01   7.3868e-01 
 -1.6358e-01 

########################
# 00000025
########################
RSS 2165324194268920.0
BP 0:
a0:   4.0086e+00   e0:   6.4509e+01   b0:  -1.2847e+05   
P: 
 -1.0980e+00   8.0337e+00  -2.2058e+00  -2.7813e+01  -8.1190e+00 
  1.3759e+00  -2.4695e-01  -1.6577e-01   2.7596e+00  -3.1441e-03 
  4.6574e-01  -9.5235e-02  -5.0149e-01   2.0581e-01   1.8167e-05 
  1.4110e-02  -3.0689e-01   2.2321e+00  -3.2703e+01   7.0772e+00 
 -5.3692e-02 

########################
# 00000026
########################
RSS 2493025209955141.0
BP 0:
a0:   3.6395e+00   e0:  -2.2595e+01   b0:   6.5758e+04   
P: 
 -1.4917e+00  -6.9137e+00   5.9738e-01   3.9820e+01   8.1067e-02 
 -1.6633e+00  -3.5648e-01   1.5943e-01   3.5751e+00   2.8864e-02 
  1.4413e+00  -1.5995e-01   1.7516e+00  -1.3999e-01   4.8901e-05 
 -5.8520e-03  -2.1263e+00   4.1505e+00  -4.7303e+01   1.8137e+01 
 -2.5021e-01 

########################
# 00000027
########################
RSS 2666950992410262.0
BP 0:
a0:   3.9767e+00   e0:   1.0167e+02   b0:  -8.1383e+04   
P: 
  1.0678e+00   1.1501e+01  -3.7091e+00  -3.3356e+01   4.8763e+00 
 -5.5028e-01   4.2350e-01   1.3595e-01  -9.0502e-01  -2.2183e-02 
  2.1892e+00   2.9789e-01  -3.5356e+00  -2.1867e-02  -1.4933e-04 
  1.0550e-02   4.5167e-01   4.3572e+00  -4.2673e+01   3.8854e-01 
 -1.4771e-01 

########################
# 00000028
########################
RSS 2955531973284239.5
BP 0:
a0:   3.4245e+00   e0:  -2.0236e+02   b0:   3.6132e+04   
P: 
 -3.9639e-01   8.4763e+00   3.0196e+00  -3.1603e+00  -1.6067e+00 
  2.6722e-01   4.6857e-01  -2.0987e-01   5.9702e+00  -3.8276e-02 
  4.2137e-01   1.0268e-01   4.3027e+00   3.0557e-02  -1.1382e-04 
  7.7661e-04  -9.6962e-01   2.9312e+00  -4.9957e+01   6.9678e+00 
  7.3623e-02 

########################
# 00000029
########################
RSS 4378222090689679.0
BP 0:
a0:   3.8494e+00   e0:   2.0107e+02   b0:  -1.4980e+05   
P: 
 -1.8716e+00  -1.8200e+01   2.2541e+00  -6.6163e+00  -9.4684e+00 
 -3.1822e+00  -7.5092e-01  -1.9477e-01   2.0854e+00  -8.9287e-05 
  1.9725e+00  -3.2741e-01  -3.0493e+00   3.8104e-01   2.7024e-05 
 -1.4874e-02  -8.5047e-01   4.7219e+00  -3.5716e+01   8.3996e+00 
 -2.3475e-01 

########################
# 00000030
########################
RSS 1.1799749541031274e+16
BP 0:
a0:   3.8690e+00   e0:   3.1541e+02   b0:  -2.5993e+05   
P: 
  1.4699e+00  -1.1975e+01  -1.2046e+00  -3.4214e+01   1.0173e+01 
  1.5589e+00  -6.2666e-01  -5.5447e-02   5.0520e+00  -4.2666e-02 
  2.4876e+00   2.3927e-01  -3.3150e+00  -4.0657e-02   1.6446e-05 
 -1.9367e-02  -6.2314e+00   4.1294e+00  -4.7909e+01   1.7010e+01 
 -2.8509e-02 

########################
# 00000031
########################
RSS 1.313295246260982e+16
BP 0:
a0:   4.0700e+00   e0:  -3.2197e+02   b0:   2.5410e+05   
P: 
 -4.4614e-01  -1.1738e+01   1.3683e+00  -1.6349e+01   6.9457e+00 
  2.4098e-03  -3.3875e-01   1.1461e-01  -5.9909e+00  -4.1857e-02 
 -2.0365e+00   2.4307e-01   2.5700e+00   9.9567e-02   8.8041e-05 
  1.2580e-02  -2.4858e+00   5.2753e+00  -3.4459e+01   1.8979e+01 
  1.1746e-02 

########################
# 00000032
########################
RSS 1.329183640203292e+16
BP 0:
a0:   3.7576e+00   e0:  -1.9121e+02   b0:   8.4828e+04   
P: 
 -8.2182e-01   8.8591e+00  -3.8277e+00   1.4744e+01  -6.5329e+00 
 -8.4764e-01  -6.0981e-02   1.2681e-01  -3.3396e+00  -2.1950e-02 
 -1.6897e-01   3.6107e-01  -3.0679e-01  -1.1886e-01   1.0891e-04 
 -9.8317e-03   2.5576e+00   3.8702e+00  -3.7567e+01   8.9954e+00 
 -3.2768e-01 

########################
# 00000033
########################
RSS 1.333632711138353e+16
BP 0:
a0:   4.1670e+00   e0:   2.6746e+04   b0:   1.1001e+07   
P: 
 -1.5266e+00   1.4181e+01   2.9637e+00  -5.8043e+00  -3.2762e+00 
 -1.4813e+00   9.8919e-02   1.0253e-01  -2.9774e+00  -3.0187e-02 
  2.6599e+00   2.1341e-01   4.3517e+00   1.3254e-01  -9.6451e-05 
 -1.4478e-03  -5.0590e-01   1.4005e+00  -3.0992e+01   1.4618e+01 
  2.8159e-02 

########################
# 00000034
########################
RSS 3.0320262454038788e+16
BP 0:
a0:   4.0154e+00   e0:   1.7690e+02   b0:  -2.9414e+05   
P: 
 -1.5919e-01   1.3214e+01   1.0822e+00   2.3679e+01  -2.3873e+00 
 -1.2546e+00  -3.4865e-01   3.7322e-02   4.9853e+00   1.1008e-02 
  1.4268e+00  -2.6123e-01  -3.7066e+00   1.0215e-02  -6.4673e-05 
  4.1170e-03  -2.4679e+00   3.3508e+00  -4.8186e+01   1.2273e+01 
 -1.8621e-01 

########################
# 00000035
########################
RSS 4.202848311736511e+16
BP 0:
a0:   4.1924e+00   e0:  -2.9874e+02   b0:   6.8745e+04   
P: 
 -1.5565e+00  -5.9611e+00  -1.7890e+00  -2.3545e+00   1.0594e+01 
  1.5258e+00   7.0547e-01  -2.4404e-01  -7.0115e+00  -4.6882e-03 
 -5.9419e-01   4.7817e-02  -1.2670e+00   3.7500e-01  -1.4338e-04 
  2.7832e-03  -4.4273e+00   4.5719e+00  -3.2898e+01   1.0952e+01 
 -2.7045e-01 

########################
# 00000036
########################
RSS 4.270707921083172e+16
BP 0:
a0:   3.9562e+00   e0:   2.1508e+02   b0:  -3.6727e+05   
P: 
 -8.0423e-01   1.1389e+00  -9.8137e-02   6.9097e+00  -4.9358e+00 
 -2.4630e+00  -4.8896e-01   2.0363e-01   5.7720e+00  -3.5720e-02 
  2.3014e+00  -3.6971e-01  -5.2231e+00   2.6899e-01  -2.7868e-05 
 -1.0272e-02  -4.3147e+00   3.3093e+00  -3.4374e+01   1.8818e+01 
 -2.8706e-01 

########################
# 00000037
########################
RSS 4.677085123871978e+16
BP 0:
a0:   3.8003e+00   e0:   2.0653e+02   b0:  -1.6528e+05   
P: 
 -1.9238e+00  -1.7858e+01  -3.8212e-01  -1.8669e+01  -4.1014e+00 
  3.0830e-01   2.5240e-01   1.4784e-01  -1.0591e+00  -1.7946e-02 
  2.4233e+00   3.6391e-01  -4.6745e+00   1.2680e-01   7.2948e-05 
 -1.2267e-02  -3.3866e+00   5.3246e+00  -4.9581e+01   1.8101e+01 
  3.9017e-02 

########################
# 00000038
########################
RSS 5.878557709079572e+16
BP 0:
a0:   3.8659e+00   e0:   2.4728e+01   b0:  -1.7030e+05   
P: 
  1.5648e+00  -1.5265e+01  -2.6941e+00   2.1281e+01  -5.5757e+00 
 -2.8834e+00  -5.9255e-01  -1.0506e-01   3.5278e+00   5.5374e-03 
 -3.1069e-01   3.6652e-01  -8.5602e-02  -2.5099e-01   2.0518e-04 
 -4.0601e-03  -3.0872e+00   2.8346e+00  -3.7491e+01   7.5322e+00 
  7.7047e-02 

########################
# 00000039
########################
RSS 7.638722894779914e+16
BP 0:
a0:   4.0449e+00   e0:   2.0726e+05   b0:   3.3759e+08   
P: 
 -7.0923e-01  -1.3119e+01   1.4182e+00   5.9917e+01   5.5396e+00 
 -1.8418e+00   8.1770e-01   3.4660e-02   1.1782e+00  -3.7000e-02 
  8.0197e-01   3.8268e-01   3.9353e+00   3.6656e-01  -2.1784e-04 
  1.5911e-02  -2.7510e+00   1.9579e+00  -4.2299e+01   8.6563e+00 
  1.1333e-01 

########################
# 00000040
########################
RSS 1.007093908859002e+17
BP 0:
a0:   3.9213e+00   e0:   1.5198e+02   b0:  -2.8786e+05   
P: 
  7.1985e-01   1.0717e+01  -2.5155e+00  -4.2156e+01   5.9209e+00 
  1.9309e+00   2.7653e-01  -3.3119e-02   2.7886e+00  -3.4972e-02 
  1.6603e+00  -4.6590e-02  -4.6262e+00   3.0883e-01   4.9515e-05 
 -9.4505e-03  -2.2300e+00   4.2217e+00  -4.1646e+01   1.8765e+01 
 -3.0021e-01 

########################
# 00000041
########################
RSS 1.2330468437068478e+17
BP 0:
a0:   3.9014e+00   e0:   2.3971e+00   b0:  -1.7629e+05   
P: 
  9.0245e-01  -9.8264e+00  -2.3811e+00   3.8005e+01  -4.0858e+00 
 -3.5572e-01  -7.4906e-01   1.2503e-01   6.6238e-01   9.3318e-03 
  2.5813e-01   3.0096e-01  -2.1096e+00   2.0150e-01   5.0603e-05 
 -1.8271e-02  -6.7910e+00   3.8463e+00  -4.6750e+01   1.5104e+01 
  1.1204e-01 

########################
# 00000042
########################
RSS 1.7726900854615222e+17
BP 0:
a0:   3.8472e+00   e0:  -2.0297e+01   b0:  -1.1901e+05   
P: 
 -8.3756e-01   2.7129e+00   1.2489e+00  -3.5142e+00   8.5698e+00 
  3.3707e+00   3.0709e-01   1.4277e-02  -1.9640e-01   5.7465e-03 
 -6.7531e-01   2.0830e-02  -1.8510e+00  -1.1014e-01   1.3056e-04 
 -3.0700e-04  -3.5660e+00   5.2293e+00  -3.7564e+01   2.2728e+00 
 -9.9454e-02 

########################
# 00000043
########################
RSS 2.861976205779122e+17
BP 0:
a0:   3.8459e+00   e0:   1.5438e+02   b0:  -2.8730e+05   
P: 
  7.6132e-01  -3.2689e+01  -2.9003e+00   6.4847e+01   1.1737e+01 
  5.8955e+00  -5.3107e-02  -2.0680e-01   6.6515e-01  -2.7955e-03 
  8.2729e-01   1.6111e-01  -5.4254e+00  -6.8038e-01   2.7560e-04 
 -3.0985e-02  -1.0261e+01   3.7037e+00  -3.5357e+01   2.7021e+01 
 -3.2295e-01 

########################
# 00000044
########################
RSS 3.338778540294981e+17
BP 0:
a0:   3.9780e+00   e0:   6.7331e+01   b0:  -4.1240e+05   
P: 
  2.8855e-01   1.5130e+01   3.1997e+00   5.8517e+01   6.8068e+00 
  2.1287e-02   4.6806e-02   1.2931e-01   5.0002e+00  -2.7499e-02 
  4.9182e-01   8.0984e-02  -5.0647e+00  -4.1411e-01   1.2402e-04 
 -1.0868e-02  -4.1594e+00   3.5635e+00  -2.7693e+01   1.6443e+01 
 -3.3363e-02 

########################
# 00000045
########################
RSS 3.408430495588406e+17
BP 0:
a0:   3.7431e+00   e0:   8.1731e+01   b0:  -1.1814e+05   
P: 
 -6.2542e-01  -1.7814e+01  -3.4734e+00   4.0574e+01   8.4457e+00 
  1.5478e+00   6.5422e-01   5.4314e-04  -1.5540e-01   1.5727e-02 
 -1.2746e+00  -1.1616e-01  -2.3058e+00  -2.7919e-01   4.1595e-05 
 -1.3256e-02   5.7413e-01   1.9438e+00  -2.8404e+01   1.7417e+01 
  4.9651e-03 

########################
# 00000046
########################
RSS 3.9648796442379546e+17
BP 0:
a0:   3.8629e+00   e0:   6.4748e+01   b0:  -3.4302e+05   
P: 
 -1.1517e+00  -1.4638e+01  -4.2319e+00  -2.1004e+01  -6.8078e+00 
  9.3790e-01   4.3980e-01  -1.0587e-01   4.9622e+00  -4.5840e-03 
 -7.7518e-01  -2.1991e-01  -2.9295e+00  -3.5812e-01   9.7317e-05 
  1.8995e-02  -6.5201e+00   3.2178e+00  -4.2359e+01   5.6333e+00 
 -3.2766e-01 

########################
# 00000047
########################
RSS 4.326192440992874e+17
BP 0:
a0:   3.8697e+00   e0:   2.2273e+02   b0:  -4.7647e+05   
P: 
  6.4884e-02  -1.6614e+01  -1.0311e+00  -3.1314e+01  -8.7339e+00 
 -1.0862e+00   5.8883e-02  -1.8580e-02   6.6038e+00  -2.7641e-02 
  6.3545e-01  -3.6399e-01  -5.3480e+00   1.4177e-01  -2.3412e-04 
 -8.8847e-03   2.2827e+00   5.3659e+00  -2.6735e+01   1.6908e+01 
 -1.9030e-01 

########################
# 00000048
########################
RSS 5.168704429476507e+17
BP 0:
a0:   3.8352e+00   e0:  -6.5821e+01   b0:  -1.7154e+05   
P: 
 -5.6915e-01  -1.3676e+01  -1.6198e+00   6.0265e+01   7.2879e+00 
 -8.8570e-02   4.5116e-02  -2.3817e-01  -3.9396e-01  -1.8593e-02 
 -1.5239e+00  -2.2729e-01  -2.8267e+00   1.2634e-02  -2.4591e-04 
  1.2375e-02   2.5629e+00   4.3888e+00  -3.4061e+01   1.2317e+00 
 -2.8671e-01 

########################
# 00000049
########################
RSS 5.24354101461865e+17
BP 0:
a0:   3.9116e+00   e0:  -1.7717e+01   b0:  -3.7560e+05   
P: 
 -8.0881e-01   1.9679e+00   7.7627e-01   1.9075e+01   4.1392e+00 
  2.1557e+00   1.1829e-01  -1.5563e-02   5.5928e+00   1.8010e-02 
 -1.3740e+00   1.1716e-01  -1.9521e+00   1.0455e-01   8.7142e-05 
 -1.7910e-02   1.6877e+00   3.3901e+00  -2.8185e+01   1.0603e+00 
 -2.9526e-01 

########################
# 00000050
########################
RSS 6.22567434998057e+17
BP 0:
a0:   3.6574e+00   e0:   2.4903e+02   b0:  -2.9814e+05   
P: 
 -2.9036e+00  -1.8935e+01  -7.4128e+00  -8.8432e+01  -1.2199e+01 
 -1.6230e+00  -2.7731e-01   8.1470e-02  -8.8646e-01  -7.4948e-02 
 -3.9655e+00  -2.5712e-01   9.4625e-01  -5.4199e-01  -3.2889e-04 
 -2.0322e-02  -5.0397e+00   4.3403e+00  -3.5988e+01   2.5610e+01 
 -4.4695e-01 

########################
# 00000051
########################
RSS 6.659437481412282e+17
BP 0:
a0:   3.9231e+00   e0:   3.1782e+02   b0:  -7.5666e+05   
P: 
  1.2465e+00   8.8522e+00  -8.7699e-01  -5.1162e+01  -3.0374e+00 
  2.1423e+00  -1.4927e+00  -1.3775e-01   1.2131e+01   5.8027e-03 
  1.8030e+00  -5.6123e-01  -8.2423e+00  -5.4612e-02  -1.2382e-04 
  3.2594e-02   6.7914e+00   4.4981e+00  -5.9222e+01   1.0449e+01 
  3.0999e-01 

########################
# 00000052
########################
RSS 7.43445283857316e+17
BP 0:
a0:   3.6974e+00   e0:  -2.1041e+02   b0:  -4.1290e+04   
P: 
 -1.2100e-02   1.3524e+01   6.1920e-01  -1.8140e+00  -7.7790e+00 
 -2.1306e-01   5.4201e-01   7.3274e-02  -7.6423e+00  -1.2770e-02 
 -1.5903e+00  -4.0049e-02  -4.0193e+00  -1.5690e-01   1.9990e-04 
 -2.1529e-02  -4.7638e+00   4.7634e+00  -2.9803e+01   7.2412e+00 
  5.1499e-02 

########################
# 00000053
########################
RSS 8.948527681797696e+17
BP 0:
a0:   3.9119e+00   e0:   2.8846e+02   b0:  -6.7246e+05   
P: 
  1.3399e+00   1.4187e+01   6.9150e-01  -4.0807e+01   1.7386e+01 
  5.1722e+00   1.4138e+00   3.5963e-01   7.3078e+00  -3.9507e-03 
  3.0855e+00   4.6683e-01  -9.6923e+00   1.2909e-01  -4.1487e-04 
  3.5682e-02   3.2674e+00   4.1223e+00  -1.6112e+01   6.9430e+00 
 -3.8674e-01 

########################
# 00000054
########################
RSS 9.080587539010359e+17
BP 0:
a0:   3.8596e+00   e0:   3.7835e+02   b0:  -6.2752e+05   
P: 
 -3.3695e+00  -2.3744e+01  -7.5683e+00  -4.2086e+01   1.9589e+01 
  6.0507e+00   2.4488e-01   9.0678e-02   4.8965e+00   5.7227e-02 
  3.0707e+00   4.1261e-01  -9.9112e+00   5.3826e-01  -2.5386e-04 
 -3.8051e-02  -1.0313e+01   3.4365e+00  -1.3444e+01   1.5747e+01 
 -2.0701e-01 

########################
# 00000055
########################
RSS 9.372663264889769e+17
BP 0:
a0:   3.7875e+00   e0:   1.0278e+03   b0:  -4.1481e+05   
P: 
  1.1840e+00   3.4233e+00   5.2214e+00  -7.1269e-01   8.0280e+00 
 -4.5469e+00   2.0893e-01  -3.8715e-01   1.1635e+01   6.0558e-02 
  2.5358e+00   3.9713e-01  -9.6091e+00  -3.1335e-01  -4.3155e-04 
  3.7580e-02  -6.3264e+00   2.6337e+00  -2.9978e+01   2.3926e+01 
 -5.9413e-02 

########################
# 00000056
########################
RSS 1.0279975693927475e+18
BP 0:
a0:   3.7875e+00   e0:   5.2261e+01   b0:  -2.6809e+05   
P: 
  1.1486e+00  -1.0703e+01   3.1217e+00  -2.1564e+01  -6.7736e+00 
 -2.3175e-01  -2.8781e-01   3.7602e-02   5.1158e-01   2.9557e-02 
 -2.2130e+00  -2.5428e-01  -2.9135e+00   2.8345e-01  -4.2096e-05 
  8.9011e-03  -1.1084e+00   4.7161e+00  -4.4574e+01   1.5480e+01 
 -3.0212e-01 

########################
# 00000057
########################
RSS 1.3196420224691958e+18
BP 0:
a0:   3.8981e+00   e0:  -1.5276e+02   b0:  -4.0214e+05   
P: 
 -3.3862e-01   8.0028e+00   1.5560e+00   2.7206e+01   9.0791e-01 
  2.2695e-01   7.4331e-01  -1.5333e-01   2.0683e+00   9.2315e-03 
 -2.1851e+00  -5.3072e-02  -4.4880e+00  -7.6263e-02  -3.2338e-05 
  2.5881e-03  -4.0305e+00   3.5739e+00  -4.6351e+01   1.8586e+01 
  1.0278e-01 

########################
# 00000058
########################
RSS 1.45256266410477e+18
BP 0:
a0:   3.9040e+00   e0:  -1.6455e+02   b0:  -4.6226e+05   
P: 
 -1.5411e+00  -4.0766e+00  -3.8900e+00   5.7679e+01  -8.3471e+00 
 -1.9612e+00   6.2626e-01  -5.4396e-02   2.7044e+00   4.0365e-03 
 -1.9616e+00   1.9926e-01  -4.6091e+00   1.0230e-01  -2.4348e-04 
 -1.6285e-02  -1.2188e+00   3.4412e+00  -2.5807e+01   1.9264e+01 
 -1.1412e-01 

########################
# 00000059
########################
RSS 2.520287729518619e+18
BP 0:
a0:   3.8879e+00   e0:  -9.1045e+01   b0:  -6.5217e+05   
P: 
 -4.4781e-01   5.0272e+00   1.2281e-01   4.8938e+00   1.9880e-02 
 -1.9141e+00  -4.4818e-01  -1.7709e-01   7.0038e+00  -4.0294e-02 
 -2.6394e+00   3.1455e-01  -4.9870e+00   1.4394e-01   2.0422e-04 
  8.1461e-03  -3.6128e+00   5.0019e+00  -2.8803e+01   1.7159e+01 
  7.8308e-02 

########################
# 00000060
########################
RSS 4.68444184174587e+18
BP 0:
a0:  -8.7131e-01   e0:  -9.6153e+02   b0:  -3.4321e+02   
P: 
  9.4225e-01   1.2363e+01   2.9322e+00   5.1731e+01  -5.3636e+00 
 -1.5311e-01  -4.1909e-01   1.8542e-01  -6.5825e-01  -5.7676e-03 
 -4.1472e-01  -5.8217e-02  -2.2214e-01  -1.7537e-01   7.6599e-06 
  1.7408e-02  -6.6875e+00   3.6913e+00  -4.7355e+01   7.5914e+00 
  8.5605e-03 

########################
# 00000061
########################
RSS 1.3816815241416139e+19
BP 0:
a0:   4.0988e+00   e0:  -4.4788e+03   b0:  -4.9488e+06   
P: 
 -1.9146e+00   9.2150e+00  -2.2372e+00   7.1751e+00   2.6618e+00 
 -2.4677e+00   4.9495e-01   2.3919e-03   5.2062e+00  -3.5087e-02 
 -1.0345e-01  -1.7744e-01  -2.7859e+00   1.1396e-01  -1.4731e-04 
 -1.0557e-02  -4.4744e-01   1.5017e+00  -3.4309e+01   1.8719e+01 
 -3.0447e-01 

########################
# 00000062
########################
RSS 2.3097254633144877e+20
BP 0:
a0:   3.8088e+00   e0:   1.2770e+03   b0:  -1.7685e+06   
P: 
 -2.0475e+01   2.5334e+02  -6.7400e+01   5.3643e+02   4.5861e+01 
 -5.2058e+00   5.8963e+00  -3.0761e-01   4.6551e+01  -1.7013e-03 
 -1.9240e+01  -3.0573e-01  -8.6184e+01  -1.3747e+00  -7.0415e-05 
 -6.8726e-02   2.1330e+01   3.1212e+00  -1.2078e+01   1.4135e+02 
  1.6850e+00 

########################
# 00000063
########################
RSS 8.402040689077683e+21
BP 0:
a0:   4.0496e+00   e0:   7.1137e+07   b0:   1.1007e+11   
P: 
 -1.1405e-02  -1.4112e+01  -1.5238e+00  -4.4476e+01   8.8694e-01 
 -3.4189e-01  -5.4397e-02   1.6313e-01  -7.6442e+00  -4.4800e-02 
 -1.9239e+00  -5.2711e-02   5.6066e-01  -3.9904e-01   1.9644e-04 
  1.8775e-03  -5.8478e+00   1.9018e+00  -4.2533e+01   5.8604e-01 
  2.8079e-02 

########################
# 00000064
########################
RSS 8.955647014903552e+21
BP 0:
a0:   4.0027e+00   e0:  -4.7130e+04   b0:  -1.4962e+08   
P: 
  8.7134e-01  -5.7761e+00   2.3812e+00  -2.4183e+01  -6.5352e+00 
 -1.6887e+00   6.8615e-01  -9.9560e-02  -7.0375e+00   4.1544e-02 
  1.9470e+00   1.2045e-01  -1.7885e+00  -2.2980e-01  -1.5499e-04 
  8.5817e-03  -6.9455e+00   2.3809e+00  -2.9082e+01   4.3722e+00 
 -1.9303e-01 

########################
# 00000065
########################
RSS 1.1166028459858749e+25
BP 0:
a0:   4.1038e+00   e0:  -5.3422e+06   b0:  -4.7362e+09   
P: 
 -9.2604e-01  -3.7707e+00  -2.9803e+00   6.0029e+01   8.1990e+00 
 -9.9180e-01  -4.8261e-01  -1.8225e-01   7.4895e-01   3.2283e-02 
  1.7704e+00   2.6608e-01  -4.4868e+00  -2.4546e-01   2.1248e-04 
  1.2478e-02   1.2986e+00   1.5892e+00  -3.1615e+01   1.1659e+01 
 -3.4647e-01 

########################
# 00000066
########################
RSS 1.5277315233926166e+26
BP 0:
a0:   4.1342e+00   e0:   1.4813e+09   b0:   7.7235e+11   
P: 
  8.8042e-01  -1.4911e+01   1.7056e+00   2.0199e+01  -1.8835e+00 
 -1.1861e+00  -5.7302e-01  -1.8181e-01  -5.4433e+00   1.9397e-02 
  4.4019e-01   2.6665e-01   1.2075e+00  -6.9751e-02  -1.6298e-04 
  1.2438e-02   8.0977e-01   1.1002e+00  -3.6462e+01   7.0098e+00 
  4.3656e-02 

########################
# 00000067
########################
RSS 3.466646534317859e+26
BP 0:
a0:   4.0572e+00   e0:   2.0694e+10   b0:   2.6384e+13   
P: 
 -1.9694e+00  -8.7010e-01   2.1691e-01   5.3574e+01  -8.6341e+00 
 -5.6929e-01  -2.3581e-01  -2.9207e-02   2.6803e+00  -3.0310e-02 
 -6.8719e-01  -3.3769e-02   4.6216e+00   2.1844e-01   2.8250e-05 
 -3.0314e-03  -4.3665e+00   1.6091e+00  -5.1212e+01   3.7656e+00 
  1.0857e-01 

########################
# 00000068
########################
RSS 9.642688499009278e+27
BP 0:
a0:   4.0511e+00   e0:  -1.0021e+08   b0:  -1.5224e+11   
P: 
  2.4169e-01   1.9260e+01   4.8800e+00   5.2291e+01  -1.3816e+01 
 -6.2946e+00  -1.1946e+00  -1.4362e-01   2.5823e+00  -2.7796e-02 
  1.9319e+00   5.2393e-01  -5.9190e+00  -7.5196e-01  -6.6220e-06 
 -1.1861e-02  -3.8381e+00   1.8709e+00  -1.6949e+01  -7.0605e+00 
 -5.7283e-01 

########################
# 00000069
########################
RSS 1.2919985282655478e+28
BP 0:
a0:   4.1179e+00   e0:  -2.0791e+08   b0:  -1.6024e+11   
P: 
 -6.3668e-01  -8.0774e+00  -5.3269e-01   3.2714e-01  -7.2647e+00 
  1.7193e+00   3.6122e-01  -1.0167e-01  -6.3392e+00  -2.0267e-02 
 -1.1431e+00   1.4345e-01  -2.5732e+00   3.4680e-01   2.2225e-04 
 -8.1678e-03  -1.7332e+00   1.5221e+00  -2.6375e+01   1.0131e+01 
 -2.9337e-01 

########################
# 00000070
########################
RSS 4.832440790491875e+34
BP 0:
a0:   4.1179e+00   e0:  -8.3477e+11   b0:  -5.3635e+14   
P: 
 -1.5660e+00   7.3853e+00   2.2105e+00  -2.1368e+01   5.2857e+00 
  1.3318e+00   5.9523e-01  -1.0292e-01   3.6270e+00   4.3048e-03 
 -2.5042e+00  -1.3070e-01  -3.6226e-01  -8.5261e-02   2.0042e-04 
 -1.6574e-02  -2.1941e+00   1.2246e+00  -4.5123e+01   7.2446e+00 
 -1.6306e-01 

########################
# 00000071
########################
RSS 2.0721744978146745e+35
BP 0:
a0:   4.1191e+00   e0:   5.1331e+13   b0:   3.2545e+16   
P: 
 -5.6843e-02  -2.7815e+00   1.8202e+00   3.6330e+00   7.7513e+00 
  2.5456e+00  -4.6574e-01  -1.4725e-01  -6.5554e+00  -1.2139e-02 
 -2.0653e+00   7.5480e-02   2.5987e+00   3.7809e-01  -2.3652e-04 
 -1.8142e-02  -3.9294e+00   1.2170e+00  -3.8167e+01   1.8888e+01 
  7.9326e-02 

########################
# 00000072
########################
RSS 1.2470109772032643e+36
BP 0:
a0:   4.0340e+00   e0:  -1.4051e+12   b0:  -2.4412e+15   
P: 
 -4.5807e+00   5.5706e+01  -1.6290e+01   1.7104e+02  -2.8654e+01 
 -6.8296e+00  -1.1545e+00   6.5739e-01  -1.6468e+01   4.6136e-03 
  3.6532e+00  -4.7791e-01  -9.6261e+00  -1.2168e-02  -3.8030e-04 
  8.0576e-03   1.1573e+01   1.7993e+00  -3.6678e+01   4.0092e+01 
 -2.1384e-01 

########################
# 00000073
########################
RSS 5.0959391009840523e+36
BP 0:
a0:   4.0863e+00   e0:  -5.8134e+12   b0:  -5.2729e+15   
P: 
  1.6372e+00  -1.6019e+01   1.0998e+00   5.9607e+01  -8.7510e-01 
 -3.5120e-01   6.2217e-01   6.9100e-02  -5.7132e+00  -1.3896e-03 
  8.7586e-01   2.1612e-01  -4.1863e+00  -3.2619e-01  -2.2138e-04 
 -3.9218e-03  -4.6891e+00   1.4157e+00  -4.2032e+01   1.2695e+01 
 -2.1641e-01 

########################
# 00000074
########################
RSS 1.2881219987104116e+37
BP 0:
a0:   4.0024e+00   e0:   2.2436e+15   b0:   6.4982e+18   
P: 
 -2.0342e+01   5.2980e+01   7.2993e+01  -3.9384e+02   4.2912e+01 
  4.0835e+01   2.0825e+00   1.9319e+00  -3.6984e+01  -6.5483e-01 
  2.3412e+01   1.9834e+00  -5.0816e+01  -4.7158e+00   6.9842e-04 
 -2.6498e-01  -5.6193e+01   2.1613e+00  -1.6253e+02   4.7262e+01 
  3.4234e+00 

########################
# 00000075
########################
RSS 1.829283413312113e+37
BP 0:
a0:   4.0756e+00   e0:  -9.6185e+12   b0:  -9.8483e+15   
P: 
 -7.8140e-02  -1.8303e+01  -5.2666e-01   8.4679e-01   1.9978e+00 
 -2.6557e+00   1.5915e-01   1.3339e-01  -6.9542e+00  -3.8479e-02 
  9.5142e-01   2.9556e-01   1.8010e+00   2.0927e-01  -5.0524e-05 
 -8.7773e-03  -6.1431e+00   1.4832e+00  -4.1302e+01   5.3670e+00 
 -1.9172e-01 

########################
# 00000076
########################
RSS 2.264408544315638e+37
BP 0:
a0:   4.1399e+00   e0:  -3.0885e+13   b0:  -1.2011e+16   
P: 
 -8.7443e-01   4.6747e+00   4.7609e+00  -1.0774e+01  -7.9497e+00 
 -2.8772e+00  -1.6698e-01   3.5288e-02   9.9465e-01  -2.9638e-02 
 -2.2392e+00   6.3235e-02  -3.9958e+00  -4.0889e-01   1.1550e-05 
  1.4328e-02  -5.9081e-01   6.9141e-01  -2.6312e+01   1.9166e+00 
 -3.3710e-01 

########################
# 00000077
########################
RSS 3.569155869187568e+38
BP 0:
a0:   4.1091e+00   e0:  -6.4343e+13   b0:  -4.5528e+16   
P: 
 -1.3812e+00   1.3055e+01  -1.7656e+00   2.0269e+01   6.8473e+00 
 -2.4952e+00   2.8823e-01  -1.4999e-01  -6.2137e+00   1.4535e-02 
  2.7506e+00   3.5430e-02  -7.2083e-02   2.7484e-02   2.0228e-04 
  1.0792e-02  -4.2150e+00   1.2787e+00  -5.2367e+01   1.3499e+01 
 -2.3990e-01 

########################
# 00000078
########################
RSS 1.565637011227541e+39
BP 0:
a0:   4.1484e+00   e0:   9.8160e+15   b0:   4.0213e+18   
P: 
  1.5867e+00   1.4315e+01  -4.1016e+00   2.1619e+01  -2.6705e+00 
  1.5892e+00   6.0016e-01  -2.2908e-01   1.0909e+00  -4.3822e-02 
  8.0032e-01  -3.3547e-01  -3.2610e+00  -1.7678e-01   1.3786e-04 
  2.3274e-03   2.7418e+00   8.9837e-01  -3.2757e+01   1.6612e+01 
  1.1531e-01 

########################
# 00000079
########################
RSS 4.884120183862337e+41
BP 0:
a0:   4.1443e+00   e0:  -4.5859e+15   b0:  -1.7735e+18   
P: 
  6.4573e-01  -1.6490e+01  -3.6191e-01  -4.3092e+01   7.2517e+00 
 -2.1258e+00   4.3402e-01  -6.7477e-02   2.2531e+00   1.1140e-02 
  1.7926e+00  -1.1443e-01  -4.5001e+00   2.3505e-01   8.1382e-05 
 -8.1381e-03  -1.7480e+00   7.6252e-01  -2.5687e+01   1.7378e+01 
 -5.7920e-02 

########################
# 00000080
########################
RSS 1.4293509476871097e+48
BP 0:
a0:   4.1479e+00   e0:  -7.6648e+18   b0:  -3.0474e+21   
P: 
  1.4562e+00  -1.8922e+01   1.4075e+00  -1.3123e+01  -4.7751e+00 
 -2.0429e+00   7.7742e-01   1.2182e-01   4.8176e+00  -1.9541e-02 
 -2.4183e+00  -2.8968e-01  -2.2940e+00  -1.0751e-01  -1.7223e-04 
 -3.9644e-03  -4.9935e+00   8.5261e-01  -3.6142e+01   1.3111e+01 
 -2.3062e-01 

########################
# 00000081
########################
RSS 3.5381857090064693e+49
BP 0:
a0:   4.1415e+00   e0:  -3.8862e+19   b0:  -1.5045e+22   
P: 
 -1.1664e+00  -1.6277e+01  -2.0579e+00   2.3837e+00  -1.2438e+00 
  1.0945e+00  -4.5323e-02   1.3511e-01  -5.7550e+00  -2.2682e-02 
 -1.2028e+00   1.9678e-01   7.7391e-01  -1.4985e-01  -2.1237e-04 
 -1.1493e-03  -4.1269e+00   7.1713e-01  -3.2578e+01   1.1657e+01 
 -1.5055e-01 

########################
# 00000082
########################
RSS 8.619620870872156e+69
BP 0:
a0:   4.1224e+00   e0:   2.9969e+31   b0:   1.4295e+34   
P: 
 -3.9291e+00  -7.4540e+01   2.5238e+01   1.5068e+02  -5.9903e+01 
  1.9784e+01  -3.8503e-01   6.8271e-01   1.4265e+01  -3.4126e-01 
 -1.7232e+01  -2.2225e+00  -2.5377e+01   1.1315e+00   1.1822e-03 
  1.3728e-01  -2.1300e+01   2.8526e-01   4.1382e+00   8.5121e+01 
  6.0452e-01 

########################
# 00000083
########################
RSS 2.0707191095562705e+70
BP 0:
a0:   4.0680e+00   e0:  -5.0305e+29   b0:  -2.4069e+32   
P: 
 -7.6238e-01   1.6395e+01  -2.3265e+00  -5.9222e+01  -1.8036e+01 
  1.8576e+00  -1.2294e+00  -2.8539e-01  -1.3435e+01  -4.8131e-02 
 -3.0014e+00   2.1373e-01   1.4858e+00  -4.3544e-01  -6.9273e-05 
 -2.8906e-02   5.5557e-01  -4.6903e-01  -5.9753e+01  -7.3100e+00 
 -3.2195e-02 

########################
# 00000084
########################
RSS 9.467408986357253e+86
BP 0:
a0:   4.0642e+00   e0:   1.0118e+39   b0:   4.9817e+41   
P: 
 -3.7066e+00   2.0731e+01  -1.4800e+00  -5.9880e+01   1.6910e+01 
  3.8124e+00  -3.0981e-01   3.3857e-01  -8.5321e+00  -3.9944e-02 
  4.6653e+00   4.6541e-01  -3.7630e+00  -8.2128e-01  -1.9575e-04 
  3.3598e-03   5.0290e+00  -5.0403e-01  -3.7203e+01   2.0936e+01 
  3.5371e-01 

########################
# 00000085
########################
RSS 6.795583566101555e+92
BP 0:
a0:   4.0490e+00   e0:   7.6812e+41   b0:   5.2309e+44   
P: 
 -8.0065e-01  -7.1607e+00  -3.4128e+00   2.0226e+01  -1.4048e+01 
 -4.5515e+00   1.4190e+00  -1.9784e-01   1.3968e+01  -8.4050e-02 
  2.2544e-01  -6.8915e-01   6.4202e+00  -3.5082e-01   7.8443e-05 
 -7.0794e-03  -3.8300e+00  -7.6722e-01  -4.1634e+01   1.0578e+01 
  5.4275e-02 

########################
# 00000086
########################
RSS 5.414575453378687e+106
BP 0:
a0:   4.0486e+00   e0:   6.4163e+48   b0:   4.9024e+51   
P: 
  7.0253e+00   4.4255e+01  -2.7726e+00  -2.2125e+02   1.6862e+01 
 -7.6258e+00  -2.5057e+00  -2.0158e-02   2.1516e+01  -5.8306e-02 
 -3.9117e+00   8.4516e-01   7.5693e+00   8.5786e-01  -1.1503e-04 
 -6.7537e-02   1.5189e+01  -8.3876e-01  -4.0240e+01   4.1103e+01 
  3.8957e-01 

########################
# 00000087
########################
RSS 1.443541939251831e+125
BP 0:
a0:   4.1431e+00   e0:  -1.1287e+57   b0:   3.7028e+60   
P: 
 -3.1299e+00   1.5724e+01   2.2152e+00  -1.8141e+01  -1.0756e-02 
  6.6376e+00  -8.0301e-01  -2.3162e-01   1.3944e+01   7.6879e-02 
 -2.3900e+00  -3.3371e-01  -9.9440e+00   1.3116e-01   1.9170e-04 
 -4.0970e-02  -1.6990e+00  -1.6979e+00  -1.1263e+01   7.1391e+00 
  3.0199e-01 

########################
# 00000088
########################
RSS 1.4935074972172615e+222
BP 0:
a0:   3.8899e+00   e0:  3.0538e+104   b0: -1.1715e+108   
P: 
 -1.7787e+00   6.1603e+01   1.8320e+01  -1.0637e+02   6.2026e+01 
 -7.3057e+00   5.7086e+00  -1.7104e+00   1.0549e+00  -1.4369e-01 
  7.0271e+00  -9.1552e-01   3.8405e+01   8.4368e-02   7.8849e-04 
  2.8915e-02   6.4231e+00  -3.7024e+00   2.4686e+01  -4.5420e+01 
  7.0365e-01 

########################
# 00000089
########################
RSS 2.4354010660041488e+259
BP 0:
a0:   3.9556e+00   e0:  1.5289e+123   b0: -3.1435e+126   
P: 
 -1.1274e+00  -3.5169e+01   8.6684e+00  -6.2744e+01   4.5799e+00 
 -1.0949e+01  -1.7270e+00  -3.1380e-01   1.1811e+01  -9.4165e-02 
  6.7516e+00  -5.5686e-01  -3.8578e+00  -1.0003e+00  -2.1719e-04 
 -7.0989e-02   5.1162e+00  -4.6193e+00  -9.1466e+01  -2.3045e+00 
  4.8229e-01 

########################
# 00000090
########################
RSS inf
BP 0:
a0:   3.8764e+00   e0:         -inf   b0:         -inf   
P: 
 -1.4258e+01  -1.1416e+02   2.1094e+01  -3.0081e+02   3.5384e+01 
 -1.5131e+01  -1.9773e-02  -1.3693e+00   3.2882e+01   2.9484e-01 
 -1.9728e+01  -1.2616e+00   1.6438e+01   2.7932e-01  -5.0179e-04 
  1.6692e-01   3.2769e+01  -1.2737e+01   1.8264e+01  -1.6230e+00 
 -1.7792e-01 

