RSS:  
20377.70421077076

P:  
-0.0134657626235
-0.120660863283
0.208084231702
-0.0549729494454
-0.0268161634295
0.00573091446158
-0.00238190705181
-0.000942291589954
0.00205315488541
0.00100454599514
-0.0025717668479
-0.00183700453565
0.000192159754318
-0.00030742889201
0.000319856798762
-0.000352358079751
-0.000916259511051
0.0
-1.94938564301
30.3556213379
24.3362083435
34.9576034546
16.2302913666
17.857875824
7.66438293457
1.23997938633
0.442521393299
0.109044238925
0.0200536046177
0.00229621282779
0.00255827326328
0.00108765787445
7.98819164629e-05
4.18824820372e-05
4.40689618699e-05
-1.99078886415
0.000157222956028
0.178638258962
-0.15305566709
0.119664518731
0.0838431734939
0.035590345283
-0.0201388288225
-0.000657621908851
0.000821287992319
-0.00163810329335
-0.000115532599665
-0.00135448395376
-0.0006127916967
-9.59712644435e-05
-0.000914977181961
0.000197125270832
0.000530876749693
0.000347691120816
0.0
-1.94938564301
30.3556213379
24.3362083435
34.9576034546
16.2302913666
17.857875824
7.66438293457
1.23997938633
0.442521393299
0.109044238925
0.0200536046177
0.00229621282779
0.00255827326328
0.00108765787445
7.98819164629e-05
4.18824820372e-05
4.40689618699e-05
-1.99853741374
0.000770488443729
-0.166914729698
-0.0724481437115
-0.281567888568
-0.0291122155705
0.0397275183215
0.00351472406208
-0.00171413826075
0.00216564393454
-0.000677966125955
-0.00129745301104
-0.00235007759387
0.00191132280817
-0.000857592790133
-0.00055421812966
-0.000354659719689
0.000215093609119
-0.00172101804264
0.0

Known:
a0:     3.42
e0:     -4.27
B0:     221.99999999938152
EC:     365.600 141.600 141.600  0.000  0.000  0.000 
        141.600 365.600 141.600  0.000  0.000  0.000 
        141.600 141.600 365.600  0.000  0.000  0.000 
         0.000  0.000  0.000 186.000  0.000  0.000 
         0.000  0.000  0.000  0.000 186.000  0.000 
         0.000  0.000  0.000  0.000  0.000 186.000 

Known:
a0:     3.89
e0:     -3.91
B0:     179.99999999949853
EC:     234.000 176.000 176.000  0.000  0.000  0.000 
        176.000 234.000 176.000  0.000  0.000  0.000 
        176.000 176.000 234.000  0.000  0.000  0.000 
         0.000  0.000  0.000 71.200  0.000  0.000 
         0.000  0.000  0.000  0.000 71.200  0.000 
         0.000  0.000  0.000  0.000  0.000 71.200 

Calculated:
a0:     2.5273351866439473
e0:     -0.9816299769055711
B0:     12.023741776643474
EC:     32.639 11.550 11.550  0.000  0.000  0.000 
        11.550 32.639 11.550  0.000  0.000  0.000 
        11.550 11.550 32.639  0.000  0.000  0.000 
         0.000  0.000  0.000 38.955  0.000  0.000 
         0.000  0.000  0.000  0.000 38.955  0.000 
         0.000  0.000  0.000  0.000  0.000 38.955 

Calculated:
a0:     3.6913308066128114
e0:     -0.17723722203612774
B0:     9.479378060044525
EC:     21.303  6.524  6.524  0.000  0.000  0.000 
         6.524 21.303  6.524  0.000  0.000  0.000 
         6.524  6.524 21.303  0.000  0.000  0.000 
         0.000  0.000  0.000  8.680  0.000  0.000 
         0.000  0.000  0.000  0.000  8.680  0.000 
         0.000  0.000  0.000  0.000  0.000  8.680 



