########################
# 00000001
########################
RSS 97545.9956655289
BP 0:
a0:   4.0594e+00   e0:  -3.3233e+00   b0:   3.0339e+02   
P: 
  1.7376e+00   8.3124e-01  -5.8247e-01  -1.2459e+00  -1.9704e+00 
 -5.4315e-01  -7.5479e-01  -8.3827e-01  -5.0371e-01  -8.4299e-02 
  3.6306e-02   1.6902e-01   5.8419e-02  -1.1898e-02   1.3575e-04 
 -3.2384e+00   5.6955e+01   5.1254e+01   7.1980e+01   5.3928e+01 
  5.6511e+01   3.3075e+01   1.6013e+01   2.0198e+01   1.5297e+01 
  7.9638e+00   3.7362e+00   1.7064e+00   7.8017e-01   3.5380e-01 
  1.6049e-01   7.5030e-02   3.6468e-02   1.8291e-02   9.2127e-03 
  4.5764e-03   2.2425e-03   1.1008e-03   5.5336e-04   2.8999e-04 
  1.5937e-04   9.1154e-05   7.6036e-05   1.9648e-01   2.2566e-02 


########################
# 00000002
########################
RSS 275353.18063405616
BP 0:
a0:   4.1599e+00   e0:  -3.1611e+00   b0:   2.8212e+02   
P: 
  1.7359e+00   8.2848e-01  -5.7665e-01  -1.2479e+00  -1.9863e+00 
 -5.3798e-01  -7.5081e-01  -8.3092e-01  -5.0695e-01  -8.3532e-02 
  3.6141e-02   1.7005e-01   5.8856e-02  -1.1813e-02   1.3554e-04 
 -3.2384e+00   5.6955e+01   5.1254e+01   7.1980e+01   5.3928e+01 
  5.6511e+01   3.3075e+01   1.6013e+01   2.0198e+01   1.5297e+01 
  7.9638e+00   3.7362e+00   1.7064e+00   7.8017e-01   3.5380e-01 
  1.6049e-01   7.5030e-02   3.6468e-02   1.8291e-02   9.2127e-03 
  4.5764e-03   2.2425e-03   1.1008e-03   5.5336e-04   2.8999e-04 
  1.5937e-04   9.1154e-05   7.6036e-05   1.5164e-01   5.6203e-02 


########################
# 00000003
########################
RSS 603700.5225715964
BP 0:
a0:   4.1736e+00   e0:  -2.8562e+00   b0:   3.9030e+02   
P: 
  1.7460e+00   8.2972e-01  -5.7680e-01  -1.2441e+00  -2.0005e+00 
 -5.3491e-01  -7.5657e-01  -8.3472e-01  -5.0905e-01  -8.2800e-02 
  3.5905e-02   1.7078e-01   5.8731e-02  -1.1848e-02   1.3544e-04 
 -3.2384e+00   5.6955e+01   5.1254e+01   7.1980e+01   5.3928e+01 
  5.6511e+01   3.3075e+01   1.6013e+01   2.0198e+01   1.5297e+01 
  7.9638e+00   3.7362e+00   1.7064e+00   7.8017e-01   3.5380e-01 
  1.6049e-01   7.5030e-02   3.6468e-02   1.8291e-02   9.2127e-03 
  4.5764e-03   2.2425e-03   1.1008e-03   5.5336e-04   2.8999e-04 
  1.5937e-04   9.1154e-05   7.6036e-05   1.7826e-01   9.0996e-02 


########################
# 00000004
########################
RSS 623668.8046627124
BP 0:
a0:   4.1679e+00   e0:  -2.8529e+00   b0:   4.1805e+02   
P: 
  1.7402e+00   8.2293e-01  -5.7572e-01  -1.2595e+00  -2.0042e+00 
 -5.3496e-01  -7.4359e-01  -8.3204e-01  -5.0618e-01  -8.2836e-02 
  3.6354e-02   1.6976e-01   5.9444e-02  -1.1829e-02   1.3474e-04 
 -3.2384e+00   5.6955e+01   5.1254e+01   7.1980e+01   5.3928e+01 
  5.6511e+01   3.3075e+01   1.6013e+01   2.0198e+01   1.5297e+01 
  7.9638e+00   3.7362e+00   1.7064e+00   7.8017e-01   3.5380e-01 
  1.6049e-01   7.5030e-02   3.6468e-02   1.8291e-02   9.2127e-03 
  4.5764e-03   2.2425e-03   1.1008e-03   5.5336e-04   2.8999e-04 
  1.5937e-04   9.1154e-05   7.6036e-05   1.2054e-01   9.7668e-02 


########################
# 00000005
########################
RSS 748996.0484522083
BP 0:
a0:   4.1593e+00   e0:  -2.7449e+00   b0:   4.7978e+02   
P: 
  1.7506e+00   8.3076e-01  -5.7510e-01  -1.2484e+00  -1.9886e+00 
 -5.3508e-01  -7.4420e-01  -8.3551e-01  -5.0366e-01  -8.2862e-02 
  3.6034e-02   1.6843e-01   5.9934e-02  -1.1790e-02   1.3392e-04 
 -3.2384e+00   5.6955e+01   5.1254e+01   7.1980e+01   5.3928e+01 
  5.6511e+01   3.3075e+01   1.6013e+01   2.0198e+01   1.5297e+01 
  7.9638e+00   3.7362e+00   1.7064e+00   7.8017e-01   3.5380e-01 
  1.6049e-01   7.5030e-02   3.6468e-02   1.8291e-02   9.2127e-03 
  4.5764e-03   2.2425e-03   1.1008e-03   5.5336e-04   2.8999e-04 
  1.5937e-04   9.1154e-05   7.6036e-05   8.7465e-02   1.1303e-01 


########################
# 00000006
########################
RSS 2363579.391307293
BP 0:
a0:   4.1603e+00   e0:  -1.8383e+00   b0:   8.1916e+02   
P: 
  1.7077e+00   8.3253e-01  -5.7787e-01  -1.2734e+00  -1.9728e+00 
 -5.2923e-01  -7.4678e-01  -8.4459e-01  -5.0066e-01  -8.2155e-02 
  3.5787e-02   1.6790e-01   5.9052e-02  -1.1597e-02   1.3367e-04 
 -3.2384e+00   5.6955e+01   5.1254e+01   7.1980e+01   5.3928e+01 
  5.6511e+01   3.3075e+01   1.6013e+01   2.0198e+01   1.5297e+01 
  7.9638e+00   3.7362e+00   1.7064e+00   7.8017e-01   3.5380e-01 
  1.6049e-01   7.5030e-02   3.6468e-02   1.8291e-02   9.2127e-03 
  4.5764e-03   2.2425e-03   1.1008e-03   5.5336e-04   2.8999e-04 
  1.5937e-04   9.1154e-05   7.6036e-05   1.3052e-01   2.0748e-01 


########################
# 00000007
########################
RSS 2973764.010600975
BP 0:
a0:   4.1895e+00   e0:  -1.8031e+00   b0:   8.3187e+02   
P: 
  1.7328e+00   8.2189e-01  -5.7281e-01  -1.2670e+00  -2.0148e+00 
 -5.3795e-01  -7.4850e-01  -8.3436e-01  -5.0985e-01  -8.2698e-02 
  3.6038e-02   1.6961e-01   5.9138e-02  -1.1864e-02   1.3454e-04 
 -3.2384e+00   5.6955e+01   5.1254e+01   7.1980e+01   5.3928e+01 
  5.6511e+01   3.3075e+01   1.6013e+01   2.0198e+01   1.5297e+01 
  7.9638e+00   3.7362e+00   1.7064e+00   7.8017e-01   3.5380e-01 
  1.6049e-01   7.5030e-02   3.6468e-02   1.8291e-02   9.2127e-03 
  4.5764e-03   2.2425e-03   1.1008e-03   5.5336e-04   2.8999e-04 
  1.5937e-04   9.1154e-05   7.6036e-05   1.1111e-01   2.3433e-01 


########################
# 00000008
########################
RSS 3948734.7878976236
BP 0:
a0:   4.1824e+00   e0:  -1.3519e+00   b0:   9.5110e+02   
P: 
  1.7438e+00   8.2464e-01  -5.8002e-01  -1.2482e+00  -1.9983e+00 
 -5.3781e-01  -7.4430e-01  -8.3115e-01  -5.0236e-01  -8.4082e-02 
  3.6342e-02   1.6858e-01   5.8626e-02  -1.1735e-02   1.3679e-04 
 -3.2384e+00   5.6955e+01   5.1254e+01   7.1980e+01   5.3928e+01 
  5.6511e+01   3.3075e+01   1.6013e+01   2.0198e+01   1.5297e+01 
  7.9638e+00   3.7362e+00   1.7064e+00   7.8017e-01   3.5380e-01 
  1.6049e-01   7.5030e-02   3.6468e-02   1.8291e-02   9.2127e-03 
  4.5764e-03   2.2425e-03   1.1008e-03   5.5336e-04   2.8999e-04 
  1.5937e-04   9.1154e-05   7.6036e-05   1.7639e-01   2.6349e-01 


########################
# 00000009
########################
RSS 4697599.733899994
BP 0:
a0:   4.1716e+00   e0:  -1.1313e+00   b0:   1.1138e+03   
P: 
  1.7060e+00   8.2558e-01  -5.8018e-01  -1.2659e+00  -1.9571e+00 
 -5.3161e-01  -7.4522e-01  -8.4612e-01  -5.0079e-01  -8.1400e-02 
  3.5972e-02   1.6713e-01   5.9631e-02  -1.1702e-02   1.3428e-04 
 -3.2384e+00   5.6955e+01   5.1254e+01   7.1980e+01   5.3928e+01 
  5.6511e+01   3.3075e+01   1.6013e+01   2.0198e+01   1.5297e+01 
  7.9638e+00   3.7362e+00   1.7064e+00   7.8017e-01   3.5380e-01 
  1.6049e-01   7.5030e-02   3.6468e-02   1.8291e-02   9.2127e-03 
  4.5764e-03   2.2425e-03   1.1008e-03   5.5336e-04   2.8999e-04 
  1.5937e-04   9.1154e-05   7.6036e-05   8.1219e-02   3.0347e-01 


########################
# 00000010
########################
RSS 6730529.807451644
BP 0:
a0:   4.1936e+00   e0:  -7.0427e-01   b0:   1.1931e+03   
P: 
  1.7382e+00   8.3207e-01  -5.7736e-01  -1.2475e+00  -1.9833e+00 
 -5.3954e-01  -7.5282e-01  -8.3179e-01  -5.0738e-01  -8.3870e-02 
  3.5953e-02   1.7055e-01   5.8996e-02  -1.1875e-02   1.3656e-04 
 -3.2384e+00   5.6955e+01   5.1254e+01   7.1980e+01   5.3928e+01 
  5.6511e+01   3.3075e+01   1.6013e+01   2.0198e+01   1.5297e+01 
  7.9638e+00   3.7362e+00   1.7064e+00   7.8017e-01   3.5380e-01 
  1.6049e-01   7.5030e-02   3.6468e-02   1.8291e-02   9.2127e-03 
  4.5764e-03   2.2425e-03   1.1008e-03   5.5336e-04   2.8999e-04 
  1.5937e-04   9.1154e-05   7.6036e-05   1.9357e-01   3.4913e-01 


########################
# 00000011
########################
RSS 6759225.81321871
BP 0:
a0:   4.1829e+00   e0:  -6.4644e-01   b0:   1.2615e+03   
P: 
  1.7456e+00   8.2967e-01  -5.7047e-01  -1.2504e+00  -1.9900e+00 
 -5.3565e-01  -7.3631e-01  -8.3381e-01  -5.0119e-01  -8.2654e-02 
  3.6202e-02   1.7054e-01   5.9720e-02  -1.1837e-02   1.3346e-04 
 -3.2384e+00   5.6955e+01   5.1254e+01   7.1980e+01   5.3928e+01 
  5.6511e+01   3.3075e+01   1.6013e+01   2.0198e+01   1.5297e+01 
  7.9638e+00   3.7362e+00   1.7064e+00   7.8017e-01   3.5380e-01 
  1.6049e-01   7.5030e-02   3.6468e-02   1.8291e-02   9.2127e-03 
  4.5764e-03   2.2425e-03   1.1008e-03   5.5336e-04   2.8999e-04 
  1.5937e-04   9.1154e-05   7.6036e-05   1.1210e-01   3.5802e-01 


########################
# 00000012
########################
RSS 8513634.337523295
BP 0:
a0:   4.1840e+00   e0:  -2.3616e-01   b0:   1.3984e+03   
P: 
  1.7196e+00   8.3062e-01  -5.7357e-01  -1.2459e+00  -1.9754e+00 
 -5.3722e-01  -7.5806e-01  -8.3891e-01  -5.0233e-01  -8.4124e-02 
  3.6319e-02   1.7069e-01   5.8704e-02  -1.1857e-02   1.3418e-04 
 -3.2384e+00   5.6955e+01   5.1254e+01   7.1980e+01   5.3928e+01 
  5.6511e+01   3.3075e+01   1.6013e+01   2.0198e+01   1.5297e+01 
  7.9638e+00   3.7362e+00   1.7064e+00   7.8017e-01   3.5380e-01 
  1.6049e-01   7.5030e-02   3.6468e-02   1.8291e-02   9.2127e-03 
  4.5764e-03   2.2425e-03   1.1008e-03   5.5336e-04   2.8999e-04 
  1.5937e-04   9.1154e-05   7.6036e-05   1.5471e-01   4.0163e-01 


########################
# 00000013
########################
RSS 9203586.426804604
BP 0:
a0:   4.1857e+00   e0:  -1.2506e-01   b0:   1.4487e+03   
P: 
  1.7222e+00   8.2638e-01  -5.8430e-01  -1.2386e+00  -1.9801e+00 
 -5.4216e-01  -7.5283e-01  -8.3891e-01  -5.0411e-01  -8.4852e-02 
  3.6386e-02   1.6777e-01   5.7990e-02  -1.1793e-02   1.3670e-04 
 -3.2384e+00   5.6955e+01   5.1254e+01   7.1980e+01   5.3928e+01 
  5.6511e+01   3.3075e+01   1.6013e+01   2.0198e+01   1.5297e+01 
  7.9638e+00   3.7362e+00   1.7064e+00   7.8017e-01   3.5380e-01 
  1.6049e-01   7.5030e-02   3.6468e-02   1.8291e-02   9.2127e-03 
  4.5764e-03   2.2425e-03   1.1008e-03   5.5336e-04   2.8999e-04 
  1.5937e-04   9.1154e-05   7.6036e-05   1.5186e-01   4.1935e-01 


########################
# 00000014
########################
RSS 9217015.819194177
BP 0:
a0:   4.1876e+00   e0:  -2.0945e-01   b0:   1.4628e+03   
P: 
  1.7312e+00   8.2355e-01  -5.7696e-01  -1.2496e+00  -2.0153e+00 
 -5.3463e-01  -7.3812e-01  -8.3831e-01  -5.0574e-01  -8.2436e-02 
  3.6518e-02   1.6922e-01   5.9794e-02  -1.1880e-02   1.3516e-04 
 -3.2384e+00   5.6955e+01   5.1254e+01   7.1980e+01   5.3928e+01 
  5.6511e+01   3.3075e+01   1.6013e+01   2.0198e+01   1.5297e+01 
  7.9638e+00   3.7362e+00   1.7064e+00   7.8017e-01   3.5380e-01 
  1.6049e-01   7.5030e-02   3.6468e-02   1.8291e-02   9.2127e-03 
  4.5764e-03   2.2425e-03   1.1008e-03   5.5336e-04   2.8999e-04 
  1.5937e-04   9.1154e-05   7.6036e-05   7.3877e-02   4.2654e-01 


########################
# 00000015
########################
RSS 13353659.80093922
BP 0:
a0:   4.1948e+00   e0:   3.9666e-01   b0:   1.7273e+03   
P: 
  1.6784e+00   8.4127e-01  -5.8041e-01  -1.2634e+00  -1.9438e+00 
 -5.3147e-01  -7.3478e-01  -8.3438e-01  -5.0717e-01  -8.0482e-02 
  3.5391e-02   1.6639e-01   6.0583e-02  -1.1668e-02   1.3574e-04 
 -3.2384e+00   5.6955e+01   5.1254e+01   7.1980e+01   5.3928e+01 
  5.6511e+01   3.3075e+01   1.6013e+01   2.0198e+01   1.5297e+01 
  7.9638e+00   3.7362e+00   1.7064e+00   7.8017e-01   3.5380e-01 
  1.6049e-01   7.5030e-02   3.6468e-02   1.8291e-02   9.2127e-03 
  4.5764e-03   2.2425e-03   1.1008e-03   5.5336e-04   2.8999e-04 
  1.5937e-04   9.1154e-05   7.6036e-05   6.7233e-03   5.2193e-01 


########################
# 00000016
########################
RSS 21531570.98926493
BP 0:
a0:   4.1900e+00   e0:   1.7232e+00   b0:   2.1948e+03   
P: 
  1.7088e+00   8.3065e-01  -5.8146e-01  -1.2761e+00  -1.9640e+00 
 -5.2744e-01  -7.3875e-01  -8.4347e-01  -5.0387e-01  -8.1359e-02 
  3.6105e-02   1.6695e-01   5.9588e-02  -1.1710e-02   1.3355e-04 
 -3.2384e+00   5.6955e+01   5.1254e+01   7.1980e+01   5.3928e+01 
  5.6511e+01   3.3075e+01   1.6013e+01   2.0198e+01   1.5297e+01 
  7.9638e+00   3.7362e+00   1.7064e+00   7.8017e-01   3.5380e-01 
  1.6049e-01   7.5030e-02   3.6468e-02   1.8291e-02   9.2127e-03 
  4.5764e-03   2.2425e-03   1.1008e-03   5.5336e-04   2.8999e-04 
  1.5937e-04   9.1154e-05   7.6036e-05   9.4096e-02   6.5614e-01 


########################
# 00000017
########################
RSS 22175838.816664327
BP 0:
a0:   4.1931e+00   e0:   1.8380e+00   b0:   2.1744e+03   
P: 
  1.7473e+00   8.3374e-01  -5.7756e-01  -1.2495e+00  -1.9553e+00 
 -5.4306e-01  -7.5754e-01  -8.4142e-01  -5.0715e-01  -8.4203e-02 
  3.6630e-02   1.6971e-01   5.7949e-02  -1.1997e-02   1.3705e-04 
 -3.2384e+00   5.6955e+01   5.1254e+01   7.1980e+01   5.3928e+01 
  5.6511e+01   3.3075e+01   1.6013e+01   2.0198e+01   1.5297e+01 
  7.9638e+00   3.7362e+00   1.7064e+00   7.8017e-01   3.5380e-01 
  1.6049e-01   7.5030e-02   3.6468e-02   1.8291e-02   9.2127e-03 
  4.5764e-03   2.2425e-03   1.1008e-03   5.5336e-04   2.8999e-04 
  1.5937e-04   9.1154e-05   7.6036e-05   2.0742e-01   6.5428e-01 


########################
# 00000018
########################
RSS 24012854.15097066
BP 0:
a0:   4.1988e+00   e0:   1.9166e+00   b0:   2.2327e+03   
P: 
  1.7417e+00   8.1950e-01  -5.7366e-01  -1.2544e+00  -1.9918e+00 
 -5.3029e-01  -7.4740e-01  -8.2871e-01  -5.0733e-01  -8.3420e-02 
  3.6629e-02   1.6962e-01   5.9172e-02  -1.1900e-02   1.3488e-04 
 -3.2384e+00   5.6955e+01   5.1254e+01   7.1980e+01   5.3928e+01 
  5.6511e+01   3.3075e+01   1.6013e+01   2.0198e+01   1.5297e+01 
  7.9638e+00   3.7362e+00   1.7064e+00   7.8017e-01   3.5380e-01 
  1.6049e-01   7.5030e-02   3.6468e-02   1.8291e-02   9.2127e-03 
  4.5764e-03   2.2425e-03   1.1008e-03   5.5336e-04   2.8999e-04 
  1.5937e-04   9.1154e-05   7.6036e-05   1.2340e-01   6.8677e-01 


########################
# 00000019
########################
RSS 25674457.66104736
BP 0:
a0:   4.1945e+00   e0:   2.1759e+00   b0:   2.3493e+03   
P: 
  1.7367e+00   8.2386e-01  -5.7078e-01  -1.2698e+00  -1.9989e+00 
 -5.3592e-01  -7.3985e-01  -8.3183e-01  -5.0421e-01  -8.3513e-02 
  3.6444e-02   1.7023e-01   5.9148e-02  -1.1883e-02   1.3415e-04 
 -3.2384e+00   5.6955e+01   5.1254e+01   7.1980e+01   5.3928e+01 
  5.6511e+01   3.3075e+01   1.6013e+01   2.0198e+01   1.5297e+01 
  7.9638e+00   3.7362e+00   1.7064e+00   7.8017e-01   3.5380e-01 
  1.6049e-01   7.5030e-02   3.6468e-02   1.8291e-02   9.2127e-03 
  4.5764e-03   2.2425e-03   1.1008e-03   5.5336e-04   2.8999e-04 
  1.5937e-04   9.1154e-05   7.6036e-05   9.8909e-02   7.1362e-01 


########################
# 00000020
########################
RSS 29639028.712711915
BP 0:
a0:   4.2016e+00   e0:   2.5009e+00   b0:   2.4549e+03   
P: 
  1.7498e+00   8.2598e-01  -5.7564e-01  -1.2502e+00  -2.0045e+00 
 -5.4028e-01  -7.4599e-01  -8.2663e-01  -5.1135e-01  -8.3671e-02 
  3.5803e-02   1.7074e-01   5.9043e-02  -1.1724e-02   1.3477e-04 
 -3.2384e+00   5.6955e+01   5.1254e+01   7.1980e+01   5.3928e+01 
  5.6511e+01   3.3075e+01   1.6013e+01   2.0198e+01   1.5297e+01 
  7.9638e+00   3.7362e+00   1.7064e+00   7.8017e-01   3.5380e-01 
  1.6049e-01   7.5030e-02   3.6468e-02   1.8291e-02   9.2127e-03 
  4.5764e-03   2.2425e-03   1.1008e-03   5.5336e-04   2.8999e-04 
  1.5937e-04   9.1154e-05   7.6036e-05   1.3887e-01   7.6282e-01 


########################
# 00000021
########################
RSS 30328874.88553249
BP 0:
a0:   4.1977e+00   e0:   2.6468e+00   b0:   2.5203e+03   
P: 
  1.7528e+00   8.2051e-01  -5.7095e-01  -1.2653e+00  -1.9909e+00 
 -5.3136e-01  -7.3828e-01  -8.2938e-01  -5.0662e-01  -8.3277e-02 
  3.6243e-02   1.7091e-01   5.9528e-02  -1.1938e-02   1.3505e-04 
 -3.2384e+00   5.6955e+01   5.1254e+01   7.1980e+01   5.3928e+01 
  5.6511e+01   3.3075e+01   1.6013e+01   2.0198e+01   1.5297e+01 
  7.9638e+00   3.7362e+00   1.7064e+00   7.8017e-01   3.5380e-01 
  1.6049e-01   7.5030e-02   3.6468e-02   1.8291e-02   9.2127e-03 
  4.5764e-03   2.2425e-03   1.1008e-03   5.5336e-04   2.8999e-04 
  1.5937e-04   9.1154e-05   7.6036e-05   1.1418e-01   7.7429e-01 


########################
# 00000022
########################
RSS 31670008.982104316
BP 0:
a0:   4.1983e+00   e0:   2.8033e+00   b0:   2.5604e+03   
P: 
  1.7451e+00   8.2841e-01  -5.7123e-01  -1.2404e+00  -1.9849e+00 
 -5.4251e-01  -7.5663e-01  -8.2651e-01  -5.0407e-01  -8.3908e-02 
  3.6384e-02   1.6973e-01   5.8483e-02  -1.1787e-02   1.3417e-04 
 -3.2384e+00   5.6955e+01   5.1254e+01   7.1980e+01   5.3928e+01 
  5.6511e+01   3.3075e+01   1.6013e+01   2.0198e+01   1.5297e+01 
  7.9638e+00   3.7362e+00   1.7064e+00   7.8017e-01   3.5380e-01 
  1.6049e-01   7.5030e-02   3.6468e-02   1.8291e-02   9.2127e-03 
  4.5764e-03   2.2425e-03   1.1008e-03   5.5336e-04   2.8999e-04 
  1.5937e-04   9.1154e-05   7.6036e-05   1.2711e-01   7.9065e-01 


########################
# 00000023
########################
RSS 35157191.20828137
BP 0:
a0:   4.1959e+00   e0:   3.0943e+00   b0:   2.7590e+03   
P: 
  1.6723e+00   8.4554e-01  -5.7876e-01  -1.2744e+00  -1.9293e+00 
 -5.3564e-01  -7.3963e-01  -8.3493e-01  -5.0438e-01  -7.9919e-02 
  3.5594e-02   1.6778e-01   6.0233e-02  -1.1657e-02   1.3496e-04 
 -3.2384e+00   5.6955e+01   5.1254e+01   7.1980e+01   5.3928e+01 
  5.6511e+01   3.3075e+01   1.6013e+01   2.0198e+01   1.5297e+01 
  7.9638e+00   3.7362e+00   1.7064e+00   7.8017e-01   3.5380e-01 
  1.6049e-01   7.5030e-02   3.6468e-02   1.8291e-02   9.2127e-03 
  4.5764e-03   2.2425e-03   1.1008e-03   5.5336e-04   2.8999e-04 
  1.5937e-04   9.1154e-05   7.6036e-05   2.0681e-03   8.4889e-01 


########################
# 00000024
########################
RSS 35387315.46159936
BP 0:
a0:   4.1936e+00   e0:   3.2660e+00   b0:   2.7577e+03   
P: 
  1.7276e+00   8.2114e-01  -5.7580e-01  -1.2480e+00  -2.0217e+00 
 -5.3040e-01  -7.3648e-01  -8.3380e-01  -5.0116e-01  -8.3380e-02 
  3.6134e-02   1.6932e-01   5.9572e-02  -1.1718e-02   1.3500e-04 
 -3.2384e+00   5.6955e+01   5.1254e+01   7.1980e+01   5.3928e+01 
  5.6511e+01   3.3075e+01   1.6013e+01   2.0198e+01   1.5297e+01 
  7.9638e+00   3.7362e+00   1.7064e+00   7.8017e-01   3.5380e-01 
  1.6049e-01   7.5030e-02   3.6468e-02   1.8291e-02   9.2127e-03 
  4.5764e-03   2.2425e-03   1.1008e-03   5.5336e-04   2.8999e-04 
  1.5937e-04   9.1154e-05   7.6036e-05   1.0677e-01   8.3925e-01 


########################
# 00000025
########################
RSS 37373655.25453104
BP 0:
a0:   4.1968e+00   e0:   3.3952e+00   b0:   2.8008e+03   
P: 
  1.7258e+00   8.2832e-01  -5.7295e-01  -1.2706e+00  -1.9879e+00 
 -5.3701e-01  -7.4601e-01  -8.3975e-01  -5.0924e-01  -8.3092e-02 
  3.6104e-02   1.6852e-01   5.8885e-02  -1.1910e-02   1.3503e-04 
 -3.2384e+00   5.6955e+01   5.1254e+01   7.1980e+01   5.3928e+01 
  5.6511e+01   3.3075e+01   1.6013e+01   2.0198e+01   1.5297e+01 
  7.9638e+00   3.7362e+00   1.7064e+00   7.8017e-01   3.5380e-01 
  1.6049e-01   7.5030e-02   3.6468e-02   1.8291e-02   9.2127e-03 
  4.5764e-03   2.2425e-03   1.1008e-03   5.5336e-04   2.8999e-04 
  1.5937e-04   9.1154e-05   7.6036e-05   1.5715e-01   8.6037e-01 


########################
# 00000026
########################
RSS 38426507.128343105
BP 0:
a0:   4.1976e+00   e0:   3.4959e+00   b0:   2.8259e+03   
P: 
  1.7521e+00   8.1492e-01  -5.7388e-01  -1.2713e+00  -1.9949e+00 
 -5.3512e-01  -7.4787e-01  -8.2763e-01  -5.0251e-01  -8.3145e-02 
  3.6588e-02   1.7027e-01   5.9612e-02  -1.1726e-02   1.3544e-04 
 -3.2384e+00   5.6955e+01   5.1254e+01   7.1980e+01   5.3928e+01 
  5.6511e+01   3.3075e+01   1.6013e+01   2.0198e+01   1.5297e+01 
  7.9638e+00   3.7362e+00   1.7064e+00   7.8017e-01   3.5380e-01 
  1.6049e-01   7.5030e-02   3.6468e-02   1.8291e-02   9.2127e-03 
  4.5764e-03   2.2425e-03   1.1008e-03   5.5336e-04   2.8999e-04 
  1.5937e-04   9.1154e-05   7.6036e-05   1.2048e-01   8.7237e-01 


########################
# 00000027
########################
RSS 38684651.42687234
BP 0:
a0:   4.1899e+00   e0:   3.6981e+00   b0:   2.9140e+03   
P: 
  1.7202e+00   8.3114e-01  -5.7482e-01  -1.2639e+00  -1.9753e+00 
 -5.2668e-01  -7.4886e-01  -8.4813e-01  -5.0086e-01  -8.2169e-02 
  3.6095e-02   1.6889e-01   5.8854e-02  -1.1567e-02   1.3253e-04 
 -3.2384e+00   5.6955e+01   5.1254e+01   7.1980e+01   5.3928e+01 
  5.6511e+01   3.3075e+01   1.6013e+01   2.0198e+01   1.5297e+01 
  7.9638e+00   3.7362e+00   1.7064e+00   7.8017e-01   3.5380e-01 
  1.6049e-01   7.5030e-02   3.6468e-02   1.8291e-02   9.2127e-03 
  4.5764e-03   2.2425e-03   1.1008e-03   5.5336e-04   2.8999e-04 
  1.5937e-04   9.1154e-05   7.6036e-05   1.6009e-01   8.7676e-01 


########################
# 00000028
########################
RSS 39759484.55923099
BP 0:
a0:   4.1955e+00   e0:   3.6193e+00   b0:   2.9137e+03   
P: 
  1.7529e+00   8.3071e-01  -5.8060e-01  -1.2561e+00  -1.9966e+00 
 -5.3647e-01  -7.4132e-01  -8.3752e-01  -5.0486e-01  -8.2411e-02 
  3.6221e-02   1.6878e-01   5.9841e-02  -1.1829e-02   1.3351e-04 
 -3.2384e+00   5.6955e+01   5.1254e+01   7.1980e+01   5.3928e+01 
  5.6511e+01   3.3075e+01   1.6013e+01   2.0198e+01   1.5297e+01 
  7.9638e+00   3.7362e+00   1.7064e+00   7.8017e-01   3.5380e-01 
  1.6049e-01   7.5030e-02   3.6468e-02   1.8291e-02   9.2127e-03 
  4.5764e-03   2.2425e-03   1.1008e-03   5.5336e-04   2.8999e-04 
  1.5937e-04   9.1154e-05   7.6036e-05   8.6997e-02   8.9403e-01 


########################
# 00000029
########################
RSS 47349815.68986325
BP 0:
a0:   4.1955e+00   e0:   4.3633e+00   b0:   3.1572e+03   
P: 
  1.7005e+00   8.3504e-01  -5.8153e-01  -1.2634e+00  -1.9788e+00 
 -5.3238e-01  -7.5250e-01  -8.4139e-01  -5.0537e-01  -8.2188e-02 
  3.5774e-02   1.6770e-01   5.8499e-02  -1.1533e-02   1.3306e-04 
 -3.2384e+00   5.6955e+01   5.1254e+01   7.1980e+01   5.3928e+01 
  5.6511e+01   3.3075e+01   1.6013e+01   2.0198e+01   1.5297e+01 
  7.9638e+00   3.7362e+00   1.7064e+00   7.8017e-01   3.5380e-01 
  1.6049e-01   7.5030e-02   3.6468e-02   1.8291e-02   9.2127e-03 
  4.5764e-03   2.2425e-03   1.1008e-03   5.5336e-04   2.8999e-04 
  1.5937e-04   9.1154e-05   7.6036e-05   1.7307e-01   9.6948e-01 


########################
# 00000030
########################
RSS 53753648.76082996
BP 0:
a0:   4.1945e+00   e0:   4.8855e+00   b0:   3.3898e+03   
P: 
  1.7080e+00   8.2314e-01  -5.8043e-01  -1.2587e+00  -1.9546e+00 
 -5.2787e-01  -7.4768e-01  -8.4296e-01  -5.0271e-01  -8.1145e-02 
  3.6074e-02   1.6857e-01   5.9699e-02  -1.1653e-02   1.3495e-04 
 -3.2384e+00   5.6955e+01   5.1254e+01   7.1980e+01   5.3928e+01 
  5.6511e+01   3.3075e+01   1.6013e+01   2.0198e+01   1.5297e+01 
  7.9638e+00   3.7362e+00   1.7064e+00   7.8017e-01   3.5380e-01 
  1.6049e-01   7.5030e-02   3.6468e-02   1.8291e-02   9.2127e-03 
  4.5764e-03   2.2425e-03   1.1008e-03   5.5336e-04   2.8999e-04 
  1.5937e-04   9.1154e-05   7.6036e-05   1.0731e-01   1.0406e+00 


########################
# 00000031
########################
RSS 53763786.56472118
BP 0:
a0:   4.1912e+00   e0:   4.9428e+00   b0:   3.4413e+03   
P: 
  1.7075e+00   8.4007e-01  -5.7973e-01  -1.2850e+00  -1.9562e+00 
 -5.2998e-01  -7.4486e-01  -8.5138e-01  -5.0261e-01  -8.2716e-02 
  3.5883e-02   1.6835e-01   5.9326e-02  -1.1619e-02   1.3415e-04 
 -3.2384e+00   5.6955e+01   5.1254e+01   7.1980e+01   5.3928e+01 
  5.6511e+01   3.3075e+01   1.6013e+01   2.0198e+01   1.5297e+01 
  7.9638e+00   3.7362e+00   1.7064e+00   7.8017e-01   3.5380e-01 
  1.6049e-01   7.5030e-02   3.6468e-02   1.8291e-02   9.2127e-03 
  4.5764e-03   2.2425e-03   1.1008e-03   5.5336e-04   2.8999e-04 
  1.5937e-04   9.1154e-05   7.6036e-05   8.4041e-02   1.0455e+00 


########################
# 00000032
########################
RSS 54630545.33497773
BP 0:
a0:   4.1982e+00   e0:   4.8975e+00   b0:   3.3592e+03   
P: 
  1.7329e+00   8.2711e-01  -5.7840e-01  -1.2563e+00  -1.9629e+00 
 -5.4614e-01  -7.4760e-01  -8.3519e-01  -5.0860e-01  -8.4446e-02 
  3.6468e-02   1.6911e-01   5.7837e-02  -1.1953e-02   1.3525e-04 
 -3.2384e+00   5.6955e+01   5.1254e+01   7.1980e+01   5.3928e+01 
  5.6511e+01   3.3075e+01   1.6013e+01   2.0198e+01   1.5297e+01 
  7.9638e+00   3.7362e+00   1.7064e+00   7.8017e-01   3.5380e-01 
  1.6049e-01   7.5030e-02   3.6468e-02   1.8291e-02   9.2127e-03 
  4.5764e-03   2.2425e-03   1.1008e-03   5.5336e-04   2.8999e-04 
  1.5937e-04   9.1154e-05   7.6036e-05   1.7839e-01   1.0406e+00 


########################
# 00000033
########################
RSS 55899557.4112387
BP 0:
a0:   4.1942e+00   e0:   5.0456e+00   b0:   3.4675e+03   
P: 
  1.7189e+00   8.2733e-01  -5.8370e-01  -1.2836e+00  -1.9758e+00 
 -5.3452e-01  -7.4467e-01  -8.4415e-01  -5.0320e-01  -8.2519e-02 
  3.6097e-02   1.6639e-01   5.9462e-02  -1.1528e-02   1.3390e-04 
 -3.2384e+00   5.6955e+01   5.1254e+01   7.1980e+01   5.3928e+01 
  5.6511e+01   3.3075e+01   1.6013e+01   2.0198e+01   1.5297e+01 
  7.9638e+00   3.7362e+00   1.7064e+00   7.8017e-01   3.5380e-01 
  1.6049e-01   7.5030e-02   3.6468e-02   1.8291e-02   9.2127e-03 
  4.5764e-03   2.2425e-03   1.1008e-03   5.5336e-04   2.8999e-04 
  1.5937e-04   9.1154e-05   7.6036e-05   8.3830e-02   1.0646e+00 


########################
# 00000034
########################
RSS 59257922.04830424
BP 0:
a0:   4.1929e+00   e0:   5.4160e+00   b0:   3.5635e+03   
P: 
  1.7098e+00   8.3872e-01  -5.8226e-01  -1.2795e+00  -1.9568e+00 
 -5.2500e-01  -7.4220e-01  -8.4237e-01  -4.9966e-01  -8.1998e-02 
  3.5799e-02   1.6925e-01   5.8609e-02  -1.1556e-02   1.3351e-04 
 -3.2384e+00   5.6955e+01   5.1254e+01   7.1980e+01   5.3928e+01 
  5.6511e+01   3.3075e+01   1.6013e+01   2.0198e+01   1.5297e+01 
  7.9638e+00   3.7362e+00   1.7064e+00   7.8017e-01   3.5380e-01 
  1.6049e-01   7.5030e-02   3.6468e-02   1.8291e-02   9.2127e-03 
  4.5764e-03   2.2425e-03   1.1008e-03   5.5336e-04   2.8999e-04 
  1.5937e-04   9.1154e-05   7.6036e-05   1.6089e-01   1.0871e+00 


########################
# 00000035
########################
RSS 60494984.45533761
BP 0:
a0:   4.1958e+00   e0:   5.4369e+00   b0:   3.5608e+03   
P: 
  1.7454e+00   8.3092e-01  -5.7315e-01  -1.2674e+00  -2.0027e+00 
 -5.3213e-01  -7.3820e-01  -8.3757e-01  -5.0203e-01  -8.2521e-02 
  3.6460e-02   1.6895e-01   5.9624e-02  -1.1817e-02   1.3527e-04 
 -3.2384e+00   5.6955e+01   5.1254e+01   7.1980e+01   5.3928e+01 
  5.6511e+01   3.3075e+01   1.6013e+01   2.0198e+01   1.5297e+01 
  7.9638e+00   3.7362e+00   1.7064e+00   7.8017e-01   3.5380e-01 
  1.6049e-01   7.5030e-02   3.6468e-02   1.8291e-02   9.2127e-03 
  4.5764e-03   2.2425e-03   1.1008e-03   5.5336e-04   2.8999e-04 
  1.5937e-04   9.1154e-05   7.6036e-05   1.6329e-01   1.0964e+00 


########################
# 00000036
########################
RSS 62223971.94188261
BP 0:
a0:   4.2007e+00   e0:   5.4336e+00   b0:   3.5453e+03   
P: 
  1.7485e+00   8.2203e-01  -5.7652e-01  -1.2522e+00  -2.0220e+00 
 -5.3481e-01  -7.3733e-01  -8.2434e-01  -5.0479e-01  -8.2343e-02 
  3.6565e-02   1.6839e-01   5.9470e-02  -1.1798e-02   1.3496e-04 
 -3.2384e+00   5.6955e+01   5.1254e+01   7.1980e+01   5.3928e+01 
  5.6511e+01   3.3075e+01   1.6013e+01   2.0198e+01   1.5297e+01 
  7.9638e+00   3.7362e+00   1.7064e+00   7.8017e-01   3.5380e-01 
  1.6049e-01   7.5030e-02   3.6468e-02   1.8291e-02   9.2127e-03 
  4.5764e-03   2.2425e-03   1.1008e-03   5.5336e-04   2.8999e-04 
  1.5937e-04   9.1154e-05   7.6036e-05   1.6460e-01   1.1091e+00 


########################
# 00000037
########################
RSS 65802553.979312204
BP 0:
a0:   4.2018e+00   e0:   5.5965e+00   b0:   3.6543e+03   
P: 
  1.7496e+00   8.3090e-01  -5.8018e-01  -1.2500e+00  -2.0037e+00 
 -5.3451e-01  -7.4793e-01  -8.3066e-01  -5.1116e-01  -8.3124e-02 
  3.6041e-02   1.6858e-01   5.9875e-02  -1.1819e-02   1.3565e-04 
 -3.2384e+00   5.6955e+01   5.1254e+01   7.1980e+01   5.3928e+01 
  5.6511e+01   3.3075e+01   1.6013e+01   2.0198e+01   1.5297e+01 
  7.9638e+00   3.7362e+00   1.7064e+00   7.8017e-01   3.5380e-01 
  1.6049e-01   7.5030e-02   3.6468e-02   1.8291e-02   9.2127e-03 
  4.5764e-03   2.2425e-03   1.1008e-03   5.5336e-04   2.8999e-04 
  1.5937e-04   9.1154e-05   7.6036e-05   1.1180e-01   1.1494e+00 


########################
# 00000038
########################
RSS 71585228.94301155
BP 0:
a0:   4.1941e+00   e0:   6.2868e+00   b0:   3.9007e+03   
P: 
  1.7076e+00   8.2446e-01  -5.7981e-01  -1.2640e+00  -1.9813e+00 
 -5.2935e-01  -7.4596e-01  -8.3934e-01  -4.9708e-01  -8.2166e-02 
  3.5465e-02   1.6902e-01   5.9613e-02  -1.1619e-02   1.3410e-04 
 -3.2384e+00   5.6955e+01   5.1254e+01   7.1980e+01   5.3928e+01 
  5.6511e+01   3.3075e+01   1.6013e+01   2.0198e+01   1.5297e+01 
  7.9638e+00   3.7362e+00   1.7064e+00   7.8017e-01   3.5380e-01 
  1.6049e-01   7.5030e-02   3.6468e-02   1.8291e-02   9.2127e-03 
  4.5764e-03   2.2425e-03   1.1008e-03   5.5336e-04   2.8999e-04 
  1.5937e-04   9.1154e-05   7.6036e-05   1.2497e-01   1.1992e+00 


########################
# 00000039
########################
RSS 76434975.25730856
BP 0:
a0:   4.1965e+00   e0:   6.5279e+00   b0:   4.0049e+03   
P: 
  1.7545e+00   8.2774e-01  -5.7092e-01  -1.2558e+00  -1.9955e+00 
 -5.3217e-01  -7.3876e-01  -8.3915e-01  -5.0433e-01  -8.2851e-02 
  3.6302e-02   1.6929e-01   5.8921e-02  -1.1935e-02   1.3546e-04 
 -3.2384e+00   5.6955e+01   5.1254e+01   7.1980e+01   5.3928e+01 
  5.6511e+01   3.3075e+01   1.6013e+01   2.0198e+01   1.5297e+01 
  7.9638e+00   3.7362e+00   1.7064e+00   7.8017e-01   3.5380e-01 
  1.6049e-01   7.5030e-02   3.6468e-02   1.8291e-02   9.2127e-03 
  4.5764e-03   2.2425e-03   1.1008e-03   5.5336e-04   2.8999e-04 
  1.5937e-04   9.1154e-05   7.6036e-05   1.3630e-01   1.2389e+00 


########################
# 00000040
########################
RSS 76679048.03745492
BP 0:
a0:   4.2004e+00   e0:   6.4693e+00   b0:   3.9381e+03   
P: 
  1.7393e+00   8.2625e-01  -5.7465e-01  -1.2443e+00  -1.9700e+00 
 -5.4173e-01  -7.4361e-01  -8.2576e-01  -5.0617e-01  -8.4187e-02 
  3.6126e-02   1.7099e-01   5.8869e-02  -1.1920e-02   1.3552e-04 
 -3.2384e+00   5.6955e+01   5.1254e+01   7.1980e+01   5.3928e+01 
  5.6511e+01   3.3075e+01   1.6013e+01   2.0198e+01   1.5297e+01 
  7.9638e+00   3.7362e+00   1.7064e+00   7.8017e-01   3.5380e-01 
  1.6049e-01   7.5030e-02   3.6468e-02   1.8291e-02   9.2127e-03 
  4.5764e-03   2.2425e-03   1.1008e-03   5.5336e-04   2.8999e-04 
  1.5937e-04   9.1154e-05   7.6036e-05   1.8121e-01   1.2326e+00 


########################
# 00000041
########################
RSS 82278663.35249068
BP 0:
a0:   4.1981e+00   e0:   6.8966e+00   b0:   4.1196e+03   
P: 
  1.7236e+00   8.1996e-01  -5.7260e-01  -1.2655e+00  -1.9933e+00 
 -5.3821e-01  -7.4028e-01  -8.3074e-01  -5.0120e-01  -8.2373e-02 
  3.6306e-02   1.6933e-01   5.9470e-02  -1.1913e-02   1.3521e-04 
 -3.2384e+00   5.6955e+01   5.1254e+01   7.1980e+01   5.3928e+01 
  5.6511e+01   3.3075e+01   1.6013e+01   2.0198e+01   1.5297e+01 
  7.9638e+00   3.7362e+00   1.7064e+00   7.8017e-01   3.5380e-01 
  1.6049e-01   7.5030e-02   3.6468e-02   1.8291e-02   9.2127e-03 
  4.5764e-03   2.2425e-03   1.1008e-03   5.5336e-04   2.8999e-04 
  1.5937e-04   9.1154e-05   7.6036e-05   1.4363e-01   1.2825e+00 


########################
# 00000042
########################
RSS 82374974.25860289
BP 0:
a0:   4.1977e+00   e0:   6.9234e+00   b0:   4.1255e+03   
P: 
  1.7495e+00   8.2758e-01  -5.7114e-01  -1.2577e+00  -1.9706e+00 
 -5.3822e-01  -7.4928e-01  -8.3685e-01  -5.0507e-01  -8.2749e-02 
  3.5999e-02   1.7101e-01   5.8663e-02  -1.1770e-02   1.3462e-04 
 -3.2384e+00   5.6955e+01   5.1254e+01   7.1980e+01   5.3928e+01 
  5.6511e+01   3.3075e+01   1.6013e+01   2.0198e+01   1.5297e+01 
  7.9638e+00   3.7362e+00   1.7064e+00   7.8017e-01   3.5380e-01 
  1.6049e-01   7.5030e-02   3.6468e-02   1.8291e-02   9.2127e-03 
  4.5764e-03   2.2425e-03   1.1008e-03   5.5336e-04   2.8999e-04 
  1.5937e-04   9.1154e-05   7.6036e-05   1.8258e-01   1.2813e+00 


########################
# 00000043
########################
RSS 84695279.65869728
BP 0:
a0:   4.1958e+00   e0:   7.0724e+00   b0:   4.2322e+03   
P: 
  1.7429e+00   8.1876e-01  -5.7922e-01  -1.2581e+00  -2.0002e+00 
 -5.3511e-01  -7.4750e-01  -8.3914e-01  -5.0189e-01  -8.3487e-02 
  3.6390e-02   1.7011e-01   5.8931e-02  -1.1815e-02   1.3534e-04 
 -3.2384e+00   5.6955e+01   5.1254e+01   7.1980e+01   5.3928e+01 
  5.6511e+01   3.3075e+01   1.6013e+01   2.0198e+01   1.5297e+01 
  7.9638e+00   3.7362e+00   1.7064e+00   7.8017e-01   3.5380e-01 
  1.6049e-01   7.5030e-02   3.6468e-02   1.8291e-02   9.2127e-03 
  4.5764e-03   2.2425e-03   1.1008e-03   5.5336e-04   2.8999e-04 
  1.5937e-04   9.1154e-05   7.6036e-05   9.0452e-02   1.3099e+00 


########################
# 00000044
########################
RSS 85735001.82696179
BP 0:
a0:   4.1989e+00   e0:   7.0056e+00   b0:   4.2207e+03   
P: 
  1.6640e+00   8.3584e-01  -5.8592e-01  -1.2564e+00  -1.9430e+00 
 -5.2735e-01  -7.3539e-01  -8.3370e-01  -5.0304e-01  -8.0393e-02 
  3.5611e-02   1.6580e-01   6.1171e-02  -1.1696e-02   1.3490e-04 
 -3.2384e+00   5.6955e+01   5.1254e+01   7.1980e+01   5.3928e+01 
  5.6511e+01   3.3075e+01   1.6013e+01   2.0198e+01   1.5297e+01 
  7.9638e+00   3.7362e+00   1.7064e+00   7.8017e-01   3.5380e-01 
  1.6049e-01   7.5030e-02   3.6468e-02   1.8291e-02   9.2127e-03 
  4.5764e-03   2.2425e-03   1.1008e-03   5.5336e-04   2.8999e-04 
  1.5937e-04   9.1154e-05   7.6036e-05   4.3356e-02   1.3211e+00 


########################
# 00000045
########################
RSS 99980911.61476387
BP 0:
a0:   4.1982e+00   e0:   7.9820e+00   b0:   4.5427e+03   
P: 
  1.6946e+00   8.3577e-01  -5.7618e-01  -1.2829e+00  -1.9686e+00 
 -5.3255e-01  -7.4768e-01  -8.3668e-01  -5.0503e-01  -8.2624e-02 
  3.5782e-02   1.6908e-01   5.8527e-02  -1.1572e-02   1.3377e-04 
 -3.2384e+00   5.6955e+01   5.1254e+01   7.1980e+01   5.3928e+01 
  5.6511e+01   3.3075e+01   1.6013e+01   2.0198e+01   1.5297e+01 
  7.9638e+00   3.7362e+00   1.7064e+00   7.8017e-01   3.5380e-01 
  1.6049e-01   7.5030e-02   3.6468e-02   1.8291e-02   9.2127e-03 
  4.5764e-03   2.2425e-03   1.1008e-03   5.5336e-04   2.8999e-04 
  1.5937e-04   9.1154e-05   7.6036e-05   1.6211e-01   1.4163e+00 


########################
# 00000046
########################
RSS 105817651.31422517
BP 0:
a0:   4.2056e+00   e0:   8.0653e+00   b0:   4.5438e+03   
P: 
  1.7112e+00   8.4905e-01  -5.9162e-01  -1.2982e+00  -2.0648e+00 
 -5.5579e-01  -7.6497e-01  -8.3347e-01  -5.2204e-01  -8.2328e-02 
  3.7637e-02   1.6933e-01   5.8441e-02  -1.1815e-02   1.3664e-04 
 -3.2384e+00   5.6955e+01   5.1254e+01   7.1980e+01   5.3928e+01 
  5.6511e+01   3.3075e+01   1.6013e+01   2.0198e+01   1.5297e+01 
  7.9638e+00   3.7362e+00   1.7064e+00   7.8017e-01   3.5380e-01 
  1.6049e-01   7.5030e-02   3.6468e-02   1.8291e-02   9.2127e-03 
  4.5764e-03   2.2425e-03   1.1008e-03   5.5336e-04   2.8999e-04 
  1.5937e-04   9.1154e-05   7.6036e-05   2.5341e-01   1.4483e+00 


########################
# 00000047
########################
RSS 198235471.9340663
BP 0:
a0:   4.2039e+00   e0:   1.2401e+01   b0:   6.3030e+03   
P: 
  1.7691e+00   8.2429e-01  -5.9688e-01  -1.1977e+00  -1.9477e+00 
 -5.2991e-01  -7.5728e-01  -8.0160e-01  -5.0444e-01  -8.5794e-02 
  3.5453e-02   1.7320e-01   5.8715e-02  -1.1594e-02   1.3101e-04 
 -3.2384e+00   5.6955e+01   5.1254e+01   7.1980e+01   5.3928e+01 
  5.6511e+01   3.3075e+01   1.6013e+01   2.0198e+01   1.5297e+01 
  7.9638e+00   3.7362e+00   1.7064e+00   7.8017e-01   3.5380e-01 
  1.6049e-01   7.5030e-02   3.6468e-02   1.8291e-02   9.2127e-03 
  4.5764e-03   2.2425e-03   1.1008e-03   5.5336e-04   2.8999e-04 
  1.5937e-04   9.1154e-05   7.6036e-05  -4.7774e-02   2.0158e+00 


########################
# 00000048
########################
RSS 252552760.28093386
BP 0:
a0:   4.2020e+00   e0:   1.4944e+01   b0:   7.0482e+03   
P: 
  1.7968e+00   8.3605e-01  -5.5492e-01  -1.2698e+00  -2.0681e+00 
 -5.5132e-01  -7.3515e-01  -7.9860e-01  -4.9028e-01  -8.2317e-02 
  3.6292e-02   1.7515e-01   5.9531e-02  -1.1399e-02   1.3013e-04 
 -3.2384e+00   5.6955e+01   5.1254e+01   7.1980e+01   5.3928e+01 
  5.6511e+01   3.3075e+01   1.6013e+01   2.0198e+01   1.5297e+01 
  7.9638e+00   3.7362e+00   1.7064e+00   7.8017e-01   3.5380e-01 
  1.6049e-01   7.5030e-02   3.6468e-02   1.8291e-02   9.2127e-03 
  4.5764e-03   2.2425e-03   1.1008e-03   5.5336e-04   2.8999e-04 
  1.5937e-04   9.1154e-05   7.6036e-05   2.9399e-01   2.2339e+00 


########################
# 00000049
########################
RSS 292473267.376504
BP 0:
a0:   4.1963e+00   e0:   1.6438e+01   b0:   7.8349e+03   
P: 
  1.7266e+00   8.1819e-01  -5.6853e-01  -1.2578e+00  -1.9812e+00 
 -5.2527e-01  -7.4132e-01  -8.6091e-01  -5.0177e-01  -8.1724e-02 
  3.6032e-02   1.6927e-01   5.9497e-02  -1.1620e-02   1.3250e-04 
 -3.2384e+00   5.6955e+01   5.1254e+01   7.1980e+01   5.3928e+01 
  5.6511e+01   3.3075e+01   1.6013e+01   2.0198e+01   1.5297e+01 
  7.9638e+00   3.7362e+00   1.7064e+00   7.8017e-01   3.5380e-01 
  1.6049e-01   7.5030e-02   3.6468e-02   1.8291e-02   9.2127e-03 
  4.5764e-03   2.2425e-03   1.1008e-03   5.5336e-04   2.8999e-04 
  1.5937e-04   9.1154e-05   7.6036e-05   1.1349e-01   2.4455e+00 


########################
# 00000050
########################
RSS 323004940.6874338
BP 0:
a0:   4.1999e+00   e0:   1.7281e+01   b0:   8.1147e+03   
P: 
  1.6723e+00   8.5332e-01  -5.7622e-01  -1.2382e+00  -1.9605e+00 
 -5.2589e-01  -7.4807e-01  -8.4001e-01  -4.9817e-01  -8.0049e-02 
  3.5248e-02   1.6358e-01   6.1353e-02  -1.1893e-02   1.3743e-04 
 -3.2384e+00   5.6955e+01   5.1254e+01   7.1980e+01   5.3928e+01 
  5.6511e+01   3.3075e+01   1.6013e+01   2.0198e+01   1.5297e+01 
  7.9638e+00   3.7362e+00   1.7064e+00   7.8017e-01   3.5380e-01 
  1.6049e-01   7.5030e-02   3.6468e-02   1.8291e-02   9.2127e-03 
  4.5764e-03   2.2425e-03   1.1008e-03   5.5336e-04   2.8999e-04 
  1.5937e-04   9.1154e-05   7.6036e-05   9.4636e-02   2.5672e+00 


########################
# 00000051
########################
RSS 325128797.25652796
BP 0:
a0:   4.2029e+00   e0:   1.7197e+01   b0:   8.0405e+03   
P: 
  1.7431e+00   8.2454e-01  -5.8558e-01  -1.2434e+00  -1.9743e+00 
 -5.3210e-01  -7.5014e-01  -8.1585e-01  -5.0594e-01  -8.2886e-02 
  3.5752e-02   1.7083e-01   5.8417e-02  -1.1787e-02   1.3336e-04 
 -3.2384e+00   5.6955e+01   5.1254e+01   7.1980e+01   5.3928e+01 
  5.6511e+01   3.3075e+01   1.6013e+01   2.0198e+01   1.5297e+01 
  7.9638e+00   3.7362e+00   1.7064e+00   7.8017e-01   3.5380e-01 
  1.6049e-01   7.5030e-02   3.6468e-02   1.8291e-02   9.2127e-03 
  4.5764e-03   2.2425e-03   1.1008e-03   5.5336e-04   2.8999e-04 
  1.5937e-04   9.1154e-05   7.6036e-05   1.6533e-01   2.5629e+00 


########################
# 00000052
########################
RSS 352629972.80151653
BP 0:
a0:   4.2006e+00   e0:   1.7976e+01   b0:   8.5265e+03   
P: 
  1.6843e+00   8.2499e-01  -5.9147e-01  -1.2531e+00  -1.9808e+00 
 -5.3530e-01  -7.4728e-01  -8.4914e-01  -5.1505e-01  -8.1534e-02 
  3.5211e-02   1.6680e-01   5.9782e-02  -1.1790e-02   1.3743e-04 
 -3.2384e+00   5.6955e+01   5.1254e+01   7.1980e+01   5.3928e+01 
  5.6511e+01   3.3075e+01   1.6013e+01   2.0198e+01   1.5297e+01 
  7.9638e+00   3.7362e+00   1.7064e+00   7.8017e-01   3.5380e-01 
  1.6049e-01   7.5030e-02   3.6468e-02   1.8291e-02   9.2127e-03 
  4.5764e-03   2.2425e-03   1.1008e-03   5.5336e-04   2.8999e-04 
  1.5937e-04   9.1154e-05   7.6036e-05  -5.4900e-02   2.7035e+00 


########################
# 00000053
########################
RSS 388657062.31371826
BP 0:
a0:   4.2035e+00   e0:   1.8890e+01   b0:   8.8451e+03   
P: 
  1.6620e+00   8.3169e-01  -5.6574e-01  -1.2852e+00  -2.0419e+00 
 -5.4645e-01  -7.5078e-01  -8.2483e-01  -5.1710e-01  -8.4311e-02 
  3.4502e-02   1.6346e-01   5.7408e-02  -1.1967e-02   1.3164e-04 
 -3.2384e+00   5.6955e+01   5.1254e+01   7.1980e+01   5.3928e+01 
  5.6511e+01   3.3075e+01   1.6013e+01   2.0198e+01   1.5297e+01 
  7.9638e+00   3.7362e+00   1.7064e+00   7.8017e-01   3.5380e-01 
  1.6049e-01   7.5030e-02   3.6468e-02   1.8291e-02   9.2127e-03 
  4.5764e-03   2.2425e-03   1.1008e-03   5.5336e-04   2.8999e-04 
  1.5937e-04   9.1154e-05   7.6036e-05  -3.8433e-02   2.8322e+00 


########################
# 00000054
########################
RSS 388748165.8556863
BP 0:
a0:   4.2004e+00   e0:   1.9335e+01   b0:   8.8713e+03   
P: 
  1.7535e+00   7.9949e-01  -5.8732e-01  -1.2786e+00  -2.0098e+00 
 -5.4416e-01  -7.5500e-01  -8.4128e-01  -5.0622e-01  -8.2849e-02 
  3.6085e-02   1.7341e-01   6.0725e-02  -1.1749e-02   1.3844e-04 
 -3.2384e+00   5.6955e+01   5.1254e+01   7.1980e+01   5.3928e+01 
  5.6511e+01   3.3075e+01   1.6013e+01   2.0198e+01   1.5297e+01 
  7.9638e+00   3.7362e+00   1.7064e+00   7.8017e-01   3.5380e-01 
  1.6049e-01   7.5030e-02   3.6468e-02   1.8291e-02   9.2127e-03 
  4.5764e-03   2.2425e-03   1.1008e-03   5.5336e-04   2.8999e-04 
  1.5937e-04   9.1154e-05   7.6036e-05   1.8205e-01   2.8075e+00 


########################
# 00000055
########################
RSS 3811250313.015492
BP 0:
a0:   4.2057e+00   e0:   6.7368e+01   b0:   2.7304e+04   
P: 
  1.8363e+00   9.5495e-01  -6.4239e-01  -1.1071e+00  -2.0168e+00 
 -6.1759e-01  -6.7566e-01  -8.7497e-01  -5.8592e-01  -7.6576e-02 
  3.2539e-02   1.5445e-01   6.7251e-02  -1.2706e-02   1.3711e-04 
 -3.2384e+00   5.6955e+01   5.1254e+01   7.1980e+01   5.3928e+01 
  5.6511e+01   3.3075e+01   1.6013e+01   2.0198e+01   1.5297e+01 
  7.9638e+00   3.7362e+00   1.7064e+00   7.8017e-01   3.5380e-01 
  1.6049e-01   7.5030e-02   3.6468e-02   1.8291e-02   9.2127e-03 
  4.5764e-03   2.2425e-03   1.1008e-03   5.5336e-04   2.8999e-04 
  1.5937e-04   9.1154e-05   7.6036e-05   4.4938e-01   8.8167e+00 


########################
# 00000056
########################
RSS 8151603728.340809
BP 0:
a0:   5.7695e+00   e0:  -2.1104e+00   b0:  -1.4098e+01   
P: 
  1.6992e+00   8.2708e-01  -5.8361e-01  -1.2542e+00  -1.9607e+00 
 -5.2929e-01  -7.4270e-01  -8.4037e-01  -4.9632e-01  -8.1448e-02 
  3.6247e-02   1.6691e-01   5.9051e-02  -1.1717e-02   1.3341e-04 
 -3.2384e+00   5.6955e+01   5.1254e+01   7.1980e+01   5.3928e+01 
  5.6511e+01   3.3075e+01   1.6013e+01   2.0198e+01   1.5297e+01 
  7.9638e+00   3.7362e+00   1.7064e+00   7.8017e-01   3.5380e-01 
  1.6049e-01   7.5030e-02   3.6468e-02   1.8291e-02   9.2127e-03 
  4.5764e-03   2.2425e-03   1.1008e-03   5.5336e-04   2.8999e-04 
  1.5937e-04   9.1154e-05   7.6036e-05   9.9242e-02  -5.2701e-02 


########################
# 00000057
########################
RSS 8336768693.793741
BP 0:
a0:   4.3749e+00   e0:  -3.9493e+00   b0:  -2.7213e+01   
P: 
  1.7248e+00   8.1637e-01  -5.7792e-01  -1.2623e+00  -2.0176e+00 
 -5.3566e-01  -7.3918e-01  -8.2425e-01  -5.0694e-01  -8.3060e-02 
  3.6208e-02   1.6953e-01   5.9889e-02  -1.1833e-02   1.3596e-04 
 -3.2384e+00   5.6955e+01   5.1254e+01   7.1980e+01   5.3928e+01 
  5.6511e+01   3.3075e+01   1.6013e+01   2.0198e+01   1.5297e+01 
  7.9638e+00   3.7362e+00   1.7064e+00   7.8017e-01   3.5380e-01 
  1.6049e-01   7.5030e-02   3.6468e-02   1.8291e-02   9.2127e-03 
  4.5764e-03   2.2425e-03   1.1008e-03   5.5336e-04   2.8999e-04 
  1.5937e-04   9.1154e-05   7.6036e-05   1.1657e-01  -3.5991e-02 


########################
# 00000058
########################
RSS 16245183452.425285
BP 0:
a0:   4.2024e+00   e0:   1.4465e+02   b0:   5.7052e+04   
P: 
  1.4921e+00   8.4117e-01  -5.2821e-01  -1.1241e+00  -1.6866e+00 
 -5.3526e-01  -7.5761e-01  -8.0991e-01  -4.9542e-01  -9.4087e-02 
  3.8524e-02   1.4848e-01   5.2516e-02  -1.0551e-02   1.3606e-04 
 -3.2384e+00   5.6955e+01   5.1254e+01   7.1980e+01   5.3928e+01 
  5.6511e+01   3.3075e+01   1.6013e+01   2.0198e+01   1.5297e+01 
  7.9638e+00   3.7362e+00   1.7064e+00   7.8017e-01   3.5380e-01 
  1.6049e-01   7.5030e-02   3.6468e-02   1.8291e-02   9.2127e-03 
  4.5764e-03   2.2425e-03   1.1008e-03   5.5336e-04   2.8999e-04 
  1.5937e-04   9.1154e-05   7.6036e-05  -2.7975e-01   1.8312e+01 


########################
# 00000059
########################
RSS 35808328889.17461
BP 0:
a0:   4.3127e+00   e0:  -4.4049e+00   b0:  -1.2538e+02   
P: 
  1.6930e+00   8.3466e-01  -5.8318e-01  -1.2615e+00  -1.9433e+00 
 -5.3088e-01  -7.3263e-01  -8.3967e-01  -5.0948e-01  -8.1041e-02 
  3.5721e-02   1.6495e-01   6.0768e-02  -1.1759e-02   1.3607e-04 
 -3.2384e+00   5.6955e+01   5.1254e+01   7.1980e+01   5.3928e+01 
  5.6511e+01   3.3075e+01   1.6013e+01   2.0198e+01   1.5297e+01 
  7.9638e+00   3.7362e+00   1.7064e+00   7.8017e-01   3.5380e-01 
  1.6049e-01   7.5030e-02   3.6468e-02   1.8291e-02   9.2127e-03 
  4.5764e-03   2.2425e-03   1.1008e-03   5.5336e-04   2.8999e-04 
  1.5937e-04   9.1154e-05   7.6036e-05   1.1188e-02  -7.4197e-02 


########################
# 00000060
########################
RSS 44685181788.69341
BP 0:
a0:   4.3504e+00   e0:  -4.2039e+00   b0:  -1.5268e+02   
P: 
  1.7347e+00   8.2820e-01  -5.7144e-01  -1.2480e+00  -1.9919e+00 
 -5.4230e-01  -7.5265e-01  -8.3732e-01  -5.0240e-01  -8.3770e-02 
  3.5998e-02   1.6984e-01   5.9074e-02  -1.1768e-02   1.3518e-04 
 -3.2384e+00   5.6955e+01   5.1254e+01   7.1980e+01   5.3928e+01 
  5.6511e+01   3.3075e+01   1.6013e+01   2.0198e+01   1.5297e+01 
  7.9638e+00   3.7362e+00   1.7064e+00   7.8017e-01   3.5380e-01 
  1.6049e-01   7.5030e-02   3.6468e-02   1.8291e-02   9.2127e-03 
  4.5764e-03   2.2425e-03   1.1008e-03   5.5336e-04   2.8999e-04 
  1.5937e-04   9.1154e-05   7.6036e-05   1.1671e-01  -9.3696e-02 


########################
# 00000061
########################
RSS 56380681400.41557
BP 0:
a0:   4.3073e+00   e0:  -4.5901e+00   b0:  -1.8934e+02   
P: 
  1.6950e+00   8.3479e-01  -5.8234e-01  -1.2640e+00  -1.9311e+00 
 -5.3620e-01  -7.3100e-01  -8.4277e-01  -5.0801e-01  -7.9979e-02 
  3.5311e-02   1.6537e-01   6.0475e-02  -1.1690e-02   1.3633e-04 
 -3.2384e+00   5.6955e+01   5.1254e+01   7.1980e+01   5.3928e+01 
  5.6511e+01   3.3075e+01   1.6013e+01   2.0198e+01   1.5297e+01 
  7.9638e+00   3.7362e+00   1.7064e+00   7.8017e-01   3.5380e-01 
  1.6049e-01   7.5030e-02   3.6468e-02   1.8291e-02   9.2127e-03 
  4.5764e-03   2.2425e-03   1.1008e-03   5.5336e-04   2.8999e-04 
  1.5937e-04   9.1154e-05   7.6036e-05  -4.5595e-03  -1.0098e-01 


########################
# 00000062
########################
RSS 84781526785.48701
BP 0:
a0:   4.2038e+00   e0:  -4.5808e+00   b0:  -2.6376e+02   
P: 
  1.7230e+00   8.2531e-01  -5.8004e-01  -1.2434e+00  -1.9860e+00 
 -5.3761e-01  -7.5439e-01  -8.2660e-01  -5.1147e-01  -8.3428e-02 
  3.6032e-02   1.7105e-01   5.9376e-02  -1.1701e-02   1.3485e-04 
 -3.2384e+00   5.6955e+01   5.1254e+01   7.1980e+01   5.3928e+01 
  5.6511e+01   3.3075e+01   1.6013e+01   2.0198e+01   1.5297e+01 
  7.9638e+00   3.7362e+00   1.7064e+00   7.8017e-01   3.5380e-01 
  1.6049e-01   7.5030e-02   3.6468e-02   1.8291e-02   9.2127e-03 
  4.5764e-03   2.2425e-03   1.1008e-03   5.5336e-04   2.8999e-04 
  1.5937e-04   9.1154e-05   7.6036e-05   1.4503e-01  -1.0762e-01 


########################
# 00000063
########################
RSS 95827154634.2016
BP 0:
a0:   4.2668e+00   e0:  -4.6037e+00   b0:  -2.8633e+02   
P: 
  1.7390e+00   8.2434e-01  -5.7861e-01  -1.2650e+00  -2.0173e+00 
 -5.3831e-01  -7.4759e-01  -8.3985e-01  -5.0854e-01  -8.3301e-02 
  3.6248e-02   1.7109e-01   5.9032e-02  -1.1808e-02   1.3586e-04 
 -3.2384e+00   5.6955e+01   5.1254e+01   7.1980e+01   5.3928e+01 
  5.6511e+01   3.3075e+01   1.6013e+01   2.0198e+01   1.5297e+01 
  7.9638e+00   3.7362e+00   1.7064e+00   7.8017e-01   3.5380e-01 
  1.6049e-01   7.5030e-02   3.6468e-02   1.8291e-02   9.2127e-03 
  4.5764e-03   2.2425e-03   1.1008e-03   5.5336e-04   2.8999e-04 
  1.5937e-04   9.1154e-05   7.6036e-05   1.6936e-01  -1.3480e-01 


########################
# 00000064
########################
RSS 98941696860.42946
BP 0:
a0:   4.2753e+00   e0:  -4.6355e+00   b0:  -2.9316e+02   
P: 
  1.7473e+00   8.2897e-01  -5.7809e-01  -1.2691e+00  -2.0138e+00 
 -5.3480e-01  -7.4363e-01  -8.3897e-01  -5.0455e-01  -8.3132e-02 
  3.6066e-02   1.6834e-01   5.9501e-02  -1.1858e-02   1.3447e-04 
 -3.2384e+00   5.6955e+01   5.1254e+01   7.1980e+01   5.3928e+01 
  5.6511e+01   3.3075e+01   1.6013e+01   2.0198e+01   1.5297e+01 
  7.9638e+00   3.7362e+00   1.7064e+00   7.8017e-01   3.5380e-01 
  1.6049e-01   7.5030e-02   3.6468e-02   1.8291e-02   9.2127e-03 
  4.5764e-03   2.2425e-03   1.1008e-03   5.5336e-04   2.8999e-04 
  1.5937e-04   9.1154e-05   7.6036e-05   1.3131e-01  -1.3803e-01 


########################
# 00000065
########################
RSS 115599790986.76543
BP 0:
a0:   4.2726e+00   e0:  -4.7435e+00   b0:  -3.2695e+02   
P: 
  1.7197e+00   8.2284e-01  -5.8186e-01  -1.2592e+00  -1.9398e+00 
 -5.3456e-01  -7.5171e-01  -8.4372e-01  -5.0495e-01  -8.1133e-02 
  3.5896e-02   1.6871e-01   5.9759e-02  -1.1711e-02   1.3559e-04 
 -3.2384e+00   5.6955e+01   5.1254e+01   7.1980e+01   5.3928e+01 
  5.6511e+01   3.3075e+01   1.6013e+01   2.0198e+01   1.5297e+01 
  7.9638e+00   3.7362e+00   1.7064e+00   7.8017e-01   3.5380e-01 
  1.6049e-01   7.5030e-02   3.6468e-02   1.8291e-02   9.2127e-03 
  4.5764e-03   2.2425e-03   1.1008e-03   5.5336e-04   2.8999e-04 
  1.5937e-04   9.1154e-05   7.6036e-05   1.2606e-01  -1.4984e-01 


########################
# 00000066
########################
RSS 178643327092.68054
BP 0:
a0:   4.2748e+00   e0:  -4.8436e+00   b0:  -4.3546e+02   
P: 
  1.7615e+00   8.1980e-01  -5.7375e-01  -1.2498e+00  -1.9686e+00 
 -5.2857e-01  -7.5761e-01  -8.4417e-01  -5.0023e-01  -8.4743e-02 
  3.6071e-02   1.6906e-01   5.8729e-02  -1.1594e-02   1.3378e-04 
 -3.2384e+00   5.6955e+01   5.1254e+01   7.1980e+01   5.3928e+01 
  5.6511e+01   3.3075e+01   1.6013e+01   2.0198e+01   1.5297e+01 
  7.9638e+00   3.7362e+00   1.7064e+00   7.8017e-01   3.5380e-01 
  1.6049e-01   7.5030e-02   3.6468e-02   1.8291e-02   9.2127e-03 
  4.5764e-03   2.2425e-03   1.1008e-03   5.5336e-04   2.8999e-04 
  1.5937e-04   9.1154e-05   7.6036e-05   2.1368e-01  -1.9467e-01 


########################
# 00000067
########################
RSS 195645886304.1892
BP 0:
a0:   4.2358e+00   e0:  -5.0564e+00   b0:  -4.6531e+02   
P: 
  1.7511e+00   8.1777e-01  -5.7899e-01  -1.2489e+00  -2.0067e+00 
 -5.3320e-01  -7.4857e-01  -8.3356e-01  -5.0419e-01  -8.3495e-02 
  3.6309e-02   1.6846e-01   5.9845e-02  -1.1751e-02   1.3541e-04 
 -3.2384e+00   5.6955e+01   5.1254e+01   7.1980e+01   5.3928e+01 
  5.6511e+01   3.3075e+01   1.6013e+01   2.0198e+01   1.5297e+01 
  7.9638e+00   3.7362e+00   1.7064e+00   7.8017e-01   3.5380e-01 
  1.6049e-01   7.5030e-02   3.6468e-02   1.8291e-02   9.2127e-03 
  4.5764e-03   2.2425e-03   1.1008e-03   5.5336e-04   2.8999e-04 
  1.5937e-04   9.1154e-05   7.6036e-05   1.5277e-01  -1.8684e-01 


########################
# 00000068
########################
RSS 200586386072.3694
BP 0:
a0:   4.2370e+00   e0:  -5.1790e+00   b0:  -4.7195e+02   
P: 
  1.7261e+00   8.1539e-01  -5.7786e-01  -1.2664e+00  -2.0026e+00 
 -5.3093e-01  -7.5057e-01  -8.3388e-01  -5.0517e-01  -8.2523e-02 
  3.6279e-02   1.7001e-01   5.9679e-02  -1.1723e-02   1.3601e-04 
 -3.2384e+00   5.6955e+01   5.1254e+01   7.1980e+01   5.3928e+01 
  5.6511e+01   3.3075e+01   1.6013e+01   2.0198e+01   1.5297e+01 
  7.9638e+00   3.7362e+00   1.7064e+00   7.8017e-01   3.5380e-01 
  1.6049e-01   7.5030e-02   3.6468e-02   1.8291e-02   9.2127e-03 
  4.5764e-03   2.2425e-03   1.1008e-03   5.5336e-04   2.8999e-04 
  1.5937e-04   9.1154e-05   7.6036e-05   9.1529e-02  -1.8884e-01 


########################
# 00000069
########################
RSS 258918972058.31274
BP 0:
a0:   4.2421e+00   e0:  -5.3451e+00   b0:  -5.5349e+02   
P: 
  1.7177e+00   8.2366e-01  -5.8002e-01  -1.2534e+00  -1.9733e+00 
 -5.2934e-01  -7.4855e-01  -8.3780e-01  -5.0226e-01  -8.2054e-02 
  3.5632e-02   1.6720e-01   5.9652e-02  -1.1695e-02   1.3307e-04 
 -3.2384e+00   5.6955e+01   5.1254e+01   7.1980e+01   5.3928e+01 
  5.6511e+01   3.3075e+01   1.6013e+01   2.0198e+01   1.5297e+01 
  7.9638e+00   3.7362e+00   1.7064e+00   7.8017e-01   3.5380e-01 
  1.6049e-01   7.5030e-02   3.6468e-02   1.8291e-02   9.2127e-03 
  4.5764e-03   2.2425e-03   1.1008e-03   5.5336e-04   2.8999e-04 
  1.5937e-04   9.1154e-05   7.6036e-05   1.1404e-01  -2.2046e-01 


########################
# 00000070
########################
RSS 334182601580.237
BP 0:
a0:   4.2243e+00   e0:  -5.5477e+00   b0:  -6.4838e+02   
P: 
  1.7292e+00   8.1534e-01  -5.7849e-01  -1.2683e+00  -2.0160e+00 
 -5.3598e-01  -7.4227e-01  -8.3206e-01  -5.0456e-01  -8.2198e-02 
  3.6500e-02   1.6927e-01   6.0032e-02  -1.1802e-02   1.3360e-04 
 -3.2384e+00   5.6955e+01   5.1254e+01   7.1980e+01   5.3928e+01 
  5.6511e+01   3.3075e+01   1.6013e+01   2.0198e+01   1.5297e+01 
  7.9638e+00   3.7362e+00   1.7064e+00   7.8017e-01   3.5380e-01 
  1.6049e-01   7.5030e-02   3.6468e-02   1.8291e-02   9.2127e-03 
  4.5764e-03   2.2425e-03   1.1008e-03   5.5336e-04   2.8999e-04 
  1.5937e-04   9.1154e-05   7.6036e-05   1.5208e-01  -2.4515e-01 


########################
# 00000071
########################
RSS 484104059391.73114
BP 0:
a0:   4.2177e+00   e0:  -5.9316e+00   b0:  -8.0531e+02   
P: 
  1.7574e+00   8.1478e-01  -5.8353e-01  -1.2777e+00  -2.0247e+00 
 -5.4020e-01  -7.5818e-01  -8.1639e-01  -4.9627e-01  -8.2130e-02 
  3.6293e-02   1.7170e-01   5.8665e-02  -1.1730e-02   1.3247e-04 
 -3.2384e+00   5.6955e+01   5.1254e+01   7.1980e+01   5.3928e+01 
  5.6511e+01   3.3075e+01   1.6013e+01   2.0198e+01   1.5297e+01 
  7.9638e+00   3.7362e+00   1.7064e+00   7.8017e-01   3.5380e-01 
  1.6049e-01   7.5030e-02   3.6468e-02   1.8291e-02   9.2127e-03 
  4.5764e-03   2.2425e-03   1.1008e-03   5.5336e-04   2.8999e-04 
  1.5937e-04   9.1154e-05   7.6036e-05   1.1191e-01  -2.9085e-01 


########################
# 00000072
########################
RSS 539553405416.1556
BP 0:
a0:   4.2516e+00   e0:  -6.1233e+00   b0:  -8.5257e+02   
P: 
  1.7275e+00   8.0928e-01  -5.7615e-01  -1.2556e+00  -1.9996e+00 
 -5.2699e-01  -7.5783e-01  -8.4829e-01  -4.9873e-01  -8.2543e-02 
  3.6246e-02   1.7285e-01   5.8369e-02  -1.1798e-02   1.3263e-04 
 -3.2384e+00   5.6955e+01   5.1254e+01   7.1980e+01   5.3928e+01 
  5.6511e+01   3.3075e+01   1.6013e+01   2.0198e+01   1.5297e+01 
  7.9638e+00   3.7362e+00   1.7064e+00   7.8017e-01   3.5380e-01 
  1.6049e-01   7.5030e-02   3.6468e-02   1.8291e-02   9.2127e-03 
  4.5764e-03   2.2425e-03   1.1008e-03   5.5336e-04   2.8999e-04 
  1.5937e-04   9.1154e-05   7.6036e-05   1.1173e-01  -3.3784e-01 


########################
# 00000073
########################
RSS 691482906804.3003
BP 0:
a0:   4.2336e+00   e0:  -6.5380e+00   b0:  -9.8595e+02   
P: 
  1.6978e+00   8.2384e-01  -5.7597e-01  -1.2620e+00  -1.9660e+00 
 -5.2777e-01  -7.4990e-01  -8.4548e-01  -5.0193e-01  -8.1210e-02 
  3.5938e-02   1.6725e-01   5.9236e-02  -1.1725e-02   1.3396e-04 
 -3.2384e+00   5.6955e+01   5.1254e+01   7.1980e+01   5.3928e+01 
  5.6511e+01   3.3075e+01   1.6013e+01   2.0198e+01   1.5297e+01 
  7.9638e+00   3.7362e+00   1.7064e+00   7.8017e-01   3.5380e-01 
  1.6049e-01   7.5030e-02   3.6468e-02   1.8291e-02   9.2127e-03 
  4.5764e-03   2.2425e-03   1.1008e-03   5.5336e-04   2.8999e-04 
  1.5937e-04   9.1154e-05   7.6036e-05   9.2206e-02  -3.6787e-01 


########################
# 00000074
########################
RSS 785987094083.0135
BP 0:
a0:   4.2029e+00   e0:  -6.7721e+00   b0:  -1.0649e+03   
P: 
  1.7300e+00   8.3098e-01  -5.7890e-01  -1.2501e+00  -2.0091e+00 
 -5.3864e-01  -7.4272e-01  -8.2374e-01  -5.1073e-01  -8.2534e-02 
  3.6484e-02   1.7011e-01   5.9649e-02  -1.1785e-02   1.3339e-04 
 -3.2384e+00   5.6955e+01   5.1254e+01   7.1980e+01   5.3928e+01 
  5.6511e+01   3.3075e+01   1.6013e+01   2.0198e+01   1.5297e+01 
  7.9638e+00   3.7362e+00   1.7064e+00   7.8017e-01   3.5380e-01 
  1.6049e-01   7.5030e-02   3.6468e-02   1.8291e-02   9.2127e-03 
  4.5764e-03   2.2425e-03   1.1008e-03   5.5336e-04   2.8999e-04 
  1.5937e-04   9.1154e-05   7.6036e-05   7.7076e-02  -3.6416e-01 


########################
# 00000075
########################
RSS 978520288155.5577
BP 0:
a0:   4.2178e+00   e0:  -7.0903e+00   b0:  -1.1999e+03   
P: 
  1.7313e+00   8.2171e-01  -5.7705e-01  -1.2501e+00  -2.0222e+00 
 -5.3919e-01  -7.4276e-01  -8.3674e-01  -5.0789e-01  -8.3122e-02 
  3.6425e-02   1.7020e-01   5.8902e-02  -1.1886e-02   1.3393e-04 
 -3.2384e+00   5.6955e+01   5.1254e+01   7.1980e+01   5.3928e+01 
  5.6511e+01   3.3075e+01   1.6013e+01   2.0198e+01   1.5297e+01 
  7.9638e+00   3.7362e+00   1.7064e+00   7.8017e-01   3.5380e-01 
  1.6049e-01   7.5030e-02   3.6468e-02   1.8291e-02   9.2127e-03 
  4.5764e-03   2.2425e-03   1.1008e-03   5.5336e-04   2.8999e-04 
  1.5937e-04   9.1154e-05   7.6036e-05   1.1969e-01  -4.2678e-01 


########################
# 00000076
########################
RSS 983117666526.158
BP 0:
a0:   4.2238e+00   e0:  -7.1065e+00   b0:  -1.2024e+03   
P: 
  1.7471e+00   8.2806e-01  -5.8137e-01  -1.2663e+00  -1.9908e+00 
 -5.3595e-01  -7.3682e-01  -8.3683e-01  -5.0234e-01  -8.2448e-02 
  3.6262e-02   1.6950e-01   5.9683e-02  -1.1891e-02   1.3556e-04 
 -3.2384e+00   5.6955e+01   5.1254e+01   7.1980e+01   5.3928e+01 
  5.6511e+01   3.3075e+01   1.6013e+01   2.0198e+01   1.5297e+01 
  7.9638e+00   3.7362e+00   1.7064e+00   7.8017e-01   3.5380e-01 
  1.6049e-01   7.5030e-02   3.6468e-02   1.8291e-02   9.2127e-03 
  4.5764e-03   2.2425e-03   1.1008e-03   5.5336e-04   2.8999e-04 
  1.5937e-04   9.1154e-05   7.6036e-05   8.5185e-02  -4.3366e-01 


########################
# 00000077
########################
RSS 1869107325891.1191
BP 0:
a0:   4.2079e+00   e0:  -8.4141e+00   b0:  -1.7100e+03   
P: 
  1.7324e+00   8.2980e-01  -5.7748e-01  -1.2629e+00  -2.0002e+00 
 -5.3950e-01  -7.4267e-01  -8.2845e-01  -5.0800e-01  -8.2545e-02 
  3.6562e-02   1.7106e-01   5.9473e-02  -1.1903e-02   1.3607e-04 
 -3.2384e+00   5.6955e+01   5.1254e+01   7.1980e+01   5.3928e+01 
  5.6511e+01   3.3075e+01   1.6013e+01   2.0198e+01   1.5297e+01 
  7.9638e+00   3.7362e+00   1.7064e+00   7.8017e-01   3.5380e-01 
  1.6049e-01   7.5030e-02   3.6468e-02   1.8291e-02   9.2127e-03 
  4.5764e-03   2.2425e-03   1.1008e-03   5.5336e-04   2.8999e-04 
  1.5937e-04   9.1154e-05   7.6036e-05   1.0817e-01  -5.8114e-01 


########################
# 00000078
########################
RSS 2001741760856.1143
BP 0:
a0:   4.2036e+00   e0:  -8.4633e+00   b0:  -1.7752e+03   
P: 
  1.7379e+00   8.3096e-01  -5.7493e-01  -1.2600e+00  -2.0036e+00 
 -5.3284e-01  -7.4576e-01  -8.2437e-01  -5.0964e-01  -8.3088e-02 
  3.5974e-02   1.7027e-01   5.8860e-02  -1.1755e-02   1.3614e-04 
 -3.2384e+00   5.6955e+01   5.1254e+01   7.1980e+01   5.3928e+01 
  5.6511e+01   3.3075e+01   1.6013e+01   2.0198e+01   1.5297e+01 
  7.9638e+00   3.7362e+00   1.7064e+00   7.8017e-01   3.5380e-01 
  1.6049e-01   7.5030e-02   3.6468e-02   1.8291e-02   9.2127e-03 
  4.5764e-03   2.2425e-03   1.1008e-03   5.5336e-04   2.8999e-04 
  1.5937e-04   9.1154e-05   7.6036e-05   1.8685e-01  -5.9624e-01 


########################
# 00000079
########################
RSS 2008214168349.5903
BP 0:
a0:   4.2135e+00   e0:  -8.7774e+00   b0:  -1.7762e+03   
P: 
  1.6866e+00   8.3123e-01  -5.8647e-01  -1.2761e+00  -1.9461e+00 
 -5.3470e-01  -7.3245e-01  -8.4033e-01  -5.0639e-01  -7.9467e-02 
  3.5127e-02   1.6388e-01   6.0481e-02  -1.1662e-02   1.3658e-04 
 -3.2384e+00   5.6955e+01   5.1254e+01   7.1980e+01   5.3928e+01 
  5.6511e+01   3.3075e+01   1.6013e+01   2.0198e+01   1.5297e+01 
  7.9638e+00   3.7362e+00   1.7064e+00   7.8017e-01   3.5380e-01 
  1.6049e-01   7.5030e-02   3.6468e-02   1.8291e-02   9.2127e-03 
  4.5764e-03   2.2425e-03   1.1008e-03   5.5336e-04   2.8999e-04 
  1.5937e-04   9.1154e-05   7.6036e-05  -5.1902e-04  -6.0900e-01 


########################
# 00000080
########################
RSS 2289551775012.6465
BP 0:
a0:   4.2096e+00   e0:  -9.0442e+00   b0:  -1.9061e+03   
P: 
  1.6663e+00   8.4172e-01  -5.7849e-01  -1.2556e+00  -1.9534e+00 
 -5.3596e-01  -7.3137e-01  -8.2663e-01  -5.0258e-01  -8.0498e-02 
  3.5298e-02   1.6563e-01   6.0096e-02  -1.1747e-02   1.3600e-04 
 -3.2384e+00   5.6955e+01   5.1254e+01   7.1980e+01   5.3928e+01 
  5.6511e+01   3.3075e+01   1.6013e+01   2.0198e+01   1.5297e+01 
  7.9638e+00   3.7362e+00   1.7064e+00   7.8017e-01   3.5380e-01 
  1.6049e-01   7.5030e-02   3.6468e-02   1.8291e-02   9.2127e-03 
  4.5764e-03   2.2425e-03   1.1008e-03   5.5336e-04   2.8999e-04 
  1.5937e-04   9.1154e-05   7.6036e-05   8.1818e-03  -6.4480e-01 


########################
# 00000081
########################
RSS 2744518217355.7935
BP 0:
a0:   4.2151e+00   e0:  -9.5874e+00   b0:  -2.0978e+03   
P: 
  1.6941e+00   8.3248e-01  -5.8243e-01  -1.2887e+00  -1.9608e+00 
 -5.3288e-01  -7.2768e-01  -8.4643e-01  -5.0563e-01  -7.8845e-02 
  3.5331e-02   1.6491e-01   6.0955e-02  -1.1727e-02   1.3528e-04 
 -3.2384e+00   5.6955e+01   5.1254e+01   7.1980e+01   5.3928e+01 
  5.6511e+01   3.3075e+01   1.6013e+01   2.0198e+01   1.5297e+01 
  7.9638e+00   3.7362e+00   1.7064e+00   7.8017e-01   3.5380e-01 
  1.6049e-01   7.5030e-02   3.6468e-02   1.8291e-02   9.2127e-03 
  4.5764e-03   2.2425e-03   1.1008e-03   5.5336e-04   2.8999e-04 
  1.5937e-04   9.1154e-05   7.6036e-05   2.8478e-02  -7.2071e-01 


########################
# 00000082
########################
RSS 2757357031041.552
BP 0:
a0:   4.2232e+00   e0:  -9.1734e+00   b0:  -2.0988e+03   
P: 
  1.7627e+00   8.6449e-01  -5.6406e-01  -1.3090e+00  -2.0381e+00 
 -5.2070e-01  -7.7345e-01  -8.6036e-01  -5.0049e-01  -8.5097e-02 
  3.5558e-02   1.6767e-01   5.9406e-02  -1.1210e-02   1.3448e-04 
 -3.2384e+00   5.6955e+01   5.1254e+01   7.1980e+01   5.3928e+01 
  5.6511e+01   3.3075e+01   1.6013e+01   2.0198e+01   1.5297e+01 
  7.9638e+00   3.7362e+00   1.7064e+00   7.8017e-01   3.5380e-01 
  1.6049e-01   7.5030e-02   3.6468e-02   1.8291e-02   9.2127e-03 
  4.5764e-03   2.2425e-03   1.1008e-03   5.5336e-04   2.8999e-04 
  1.5937e-04   9.1154e-05   7.6036e-05   2.7653e-01  -7.4005e-01 


########################
# 00000083
########################
RSS 2840750291312.879
BP 0:
a0:   4.2141e+00   e0:  -9.5124e+00   b0:  -2.1361e+03   
P: 
  1.6988e+00   8.1742e-01  -5.8245e-01  -1.2676e+00  -1.9552e+00 
 -5.3062e-01  -7.5097e-01  -8.4239e-01  -5.0294e-01  -8.1066e-02 
  3.6137e-02   1.6769e-01   6.0049e-02  -1.1747e-02   1.3355e-04 
 -3.2384e+00   5.6955e+01   5.1254e+01   7.1980e+01   5.3928e+01 
  5.6511e+01   3.3075e+01   1.6013e+01   2.0198e+01   1.5297e+01 
  7.9638e+00   3.7362e+00   1.7064e+00   7.8017e-01   3.5380e-01 
  1.6049e-01   7.5030e-02   3.6468e-02   1.8291e-02   9.2127e-03 
  4.5764e-03   2.2425e-03   1.1008e-03   5.5336e-04   2.8999e-04 
  1.5937e-04   9.1154e-05   7.6036e-05   1.1556e-01  -7.3134e-01 


########################
# 00000084
########################
RSS 2989049106386.0757
BP 0:
a0:   4.2189e+00   e0:  -9.6132e+00   b0:  -2.1914e+03   
P: 
  1.7123e+00   8.2961e-01  -5.7994e-01  -1.2781e+00  -1.9833e+00 
 -5.3125e-01  -7.5172e-01  -8.5084e-01  -5.0413e-01  -8.2515e-02 
  3.5509e-02   1.6927e-01   5.8478e-02  -1.1527e-02   1.3345e-04 
 -3.2384e+00   5.6955e+01   5.1254e+01   7.1980e+01   5.3928e+01 
  5.6511e+01   3.3075e+01   1.6013e+01   2.0198e+01   1.5297e+01 
  7.9638e+00   3.7362e+00   1.7064e+00   7.8017e-01   3.5380e-01 
  1.6049e-01   7.5030e-02   3.6468e-02   1.8291e-02   9.2127e-03 
  4.5764e-03   2.2425e-03   1.1008e-03   5.5336e-04   2.8999e-04 
  1.5937e-04   9.1154e-05   7.6036e-05   1.7552e-01  -7.6321e-01 


########################
# 00000085
########################
RSS 3107467243085.7153
BP 0:
a0:   4.2157e+00   e0:  -9.8095e+00   b0:  -2.2388e+03   
P: 
  1.7279e+00   8.3057e-01  -5.8063e-01  -1.2666e+00  -2.0152e+00 
 -5.3523e-01  -7.4271e-01  -8.3910e-01  -5.0188e-01  -8.3141e-02 
  3.6131e-02   1.7086e-01   5.9681e-02  -1.1725e-02   1.3580e-04 
 -3.2384e+00   5.6955e+01   5.1254e+01   7.1980e+01   5.3928e+01 
  5.6511e+01   3.3075e+01   1.6013e+01   2.0198e+01   1.5297e+01 
  7.9638e+00   3.7362e+00   1.7064e+00   7.8017e-01   3.5380e-01 
  1.6049e-01   7.5030e-02   3.6468e-02   1.8291e-02   9.2127e-03 
  4.5764e-03   2.2425e-03   1.1008e-03   5.5336e-04   2.8999e-04 
  1.5937e-04   9.1154e-05   7.6036e-05   9.2087e-02  -7.7040e-01 


########################
# 00000086
########################
RSS 3167078836066.094
BP 0:
a0:   4.2109e+00   e0:  -9.8418e+00   b0:  -2.2634e+03   
P: 
  1.7294e+00   8.2586e-01  -5.7536e-01  -1.2678e+00  -1.9959e+00 
 -5.3438e-01  -7.4974e-01  -8.3838e-01  -5.0737e-01  -8.3380e-02 
  3.6160e-02   1.7132e-01   5.9715e-02  -1.1861e-02   1.3404e-04 
 -3.2384e+00   5.6955e+01   5.1254e+01   7.1980e+01   5.3928e+01 
  5.6511e+01   3.3075e+01   1.6013e+01   2.0198e+01   1.5297e+01 
  7.9638e+00   3.7362e+00   1.7064e+00   7.8017e-01   3.5380e-01 
  1.6049e-01   7.5030e-02   3.6468e-02   1.8291e-02   9.2127e-03 
  4.5764e-03   2.2425e-03   1.1008e-03   5.5336e-04   2.8999e-04 
  1.5937e-04   9.1154e-05   7.6036e-05   1.3082e-01  -7.6845e-01 


########################
# 00000087
########################
RSS 3398859438636.9575
BP 0:
a0:   4.2263e+00   e0:  -1.0020e+01   b0:  -2.3444e+03   
P: 
  1.6945e+00   8.2365e-01  -5.8646e-01  -1.2651e+00  -1.9715e+00 
 -5.2419e-01  -7.4677e-01  -8.5956e-01  -4.9265e-01  -8.0268e-02 
  3.6272e-02   1.6871e-01   6.0680e-02  -1.1787e-02   1.3673e-04 
 -3.2384e+00   5.6955e+01   5.1254e+01   7.1980e+01   5.3928e+01 
  5.6511e+01   3.3075e+01   1.6013e+01   2.0198e+01   1.5297e+01 
  7.9638e+00   3.7362e+00   1.7064e+00   7.8017e-01   3.5380e-01 
  1.6049e-01   7.5030e-02   3.6468e-02   1.8291e-02   9.2127e-03 
  4.5764e-03   2.2425e-03   1.1008e-03   5.5336e-04   2.8999e-04 
  1.5937e-04   9.1154e-05   7.6036e-05   1.1847e-01  -8.2972e-01 


########################
# 00000088
########################
RSS 4580492668314.538
BP 0:
a0:   4.2068e+00   e0:  -1.1056e+01   b0:  -2.7500e+03   
P: 
  1.7347e+00   8.1781e-01  -5.7789e-01  -1.2712e+00  -2.0233e+00 
 -5.3773e-01  -7.3838e-01  -8.3125e-01  -5.0737e-01  -8.3436e-02 
  3.6593e-02   1.6917e-01   5.9937e-02  -1.1720e-02   1.3608e-04 
 -3.2384e+00   5.6955e+01   5.1254e+01   7.1980e+01   5.3928e+01 
  5.6511e+01   3.3075e+01   1.6013e+01   2.0198e+01   1.5297e+01 
  7.9638e+00   3.7362e+00   1.7064e+00   7.8017e-01   3.5380e-01 
  1.6049e-01   7.5030e-02   3.6468e-02   1.8291e-02   9.2127e-03 
  4.5764e-03   2.2425e-03   1.1008e-03   5.5336e-04   2.8999e-04 
  1.5937e-04   9.1154e-05   7.6036e-05   1.5578e-01  -9.1859e-01 


########################
# 00000089
########################
RSS 4735137602228.427
BP 0:
a0:   4.2099e+00   e0:  -1.1190e+01   b0:  -2.7964e+03   
P: 
  1.7380e+00   8.1803e-01  -5.7804e-01  -1.2652e+00  -2.0021e+00 
 -5.3962e-01  -7.4364e-01  -8.3411e-01  -5.0358e-01  -8.3155e-02 
  3.6673e-02   1.7022e-01   5.9477e-02  -1.1814e-02   1.3364e-04 
 -3.2384e+00   5.6955e+01   5.1254e+01   7.1980e+01   5.3928e+01 
  5.6511e+01   3.3075e+01   1.6013e+01   2.0198e+01   1.5297e+01 
  7.9638e+00   3.7362e+00   1.7064e+00   7.8017e-01   3.5380e-01 
  1.6049e-01   7.5030e-02   3.6468e-02   1.8291e-02   9.2127e-03 
  4.5764e-03   2.2425e-03   1.1008e-03   5.5336e-04   2.8999e-04 
  1.5937e-04   9.1154e-05   7.6036e-05   1.4095e-01  -9.4146e-01 


########################
# 00000090
########################
RSS 7034479342579.737
BP 0:
a0:   4.2050e+00   e0:  -1.2938e+01   b0:  -3.4384e+03   
P: 
  1.7363e+00   8.2858e-01  -5.7410e-01  -1.2621e+00  -1.9986e+00 
 -5.3079e-01  -7.4515e-01  -8.3164e-01  -5.1082e-01  -8.2647e-02 
  3.6218e-02   1.6942e-01   5.8908e-02  -1.1801e-02   1.3523e-04 
 -3.2384e+00   5.6955e+01   5.1254e+01   7.1980e+01   5.3928e+01 
  5.6511e+01   3.3075e+01   1.6013e+01   2.0198e+01   1.5297e+01 
  7.9638e+00   3.7362e+00   1.7064e+00   7.8017e-01   3.5380e-01 
  1.6049e-01   7.5030e-02   3.6468e-02   1.8291e-02   9.2127e-03 
  4.5764e-03   2.2425e-03   1.1008e-03   5.5336e-04   2.8999e-04 
  1.5937e-04   9.1154e-05   7.6036e-05   1.2320e-01  -1.1356e+00 


########################
# 00000091
########################
RSS 7129464640577.253
BP 0:
a0:   4.2064e+00   e0:  -1.2957e+01   b0:  -3.4616e+03   
P: 
  1.7472e+00   8.2914e-01  -5.7394e-01  -1.2631e+00  -2.0236e+00 
 -5.3300e-01  -7.5013e-01  -8.2583e-01  -5.0185e-01  -8.2135e-02 
  3.6127e-02   1.6845e-01   5.9091e-02  -1.1733e-02   1.3539e-04 
 -3.2384e+00   5.6955e+01   5.1254e+01   7.1980e+01   5.3928e+01 
  5.6511e+01   3.3075e+01   1.6013e+01   2.0198e+01   1.5297e+01 
  7.9638e+00   3.7362e+00   1.7064e+00   7.8017e-01   3.5380e-01 
  1.6049e-01   7.5030e-02   3.6468e-02   1.8291e-02   9.2127e-03 
  4.5764e-03   2.2425e-03   1.1008e-03   5.5336e-04   2.8999e-04 
  1.5937e-04   9.1154e-05   7.6036e-05   9.8989e-02  -1.1454e+00 


########################
# 00000092
########################
RSS 10078301388141.723
BP 0:
a0:   4.2065e+00   e0:  -1.4883e+01   b0:  -4.1394e+03   
P: 
  1.7435e+00   8.1133e-01  -5.7226e-01  -1.2829e+00  -1.9894e+00 
 -5.2973e-01  -7.4813e-01  -8.3819e-01  -5.1078e-01  -8.3206e-02 
  3.6575e-02   1.7053e-01   5.9384e-02  -1.1711e-02   1.3631e-04 
 -3.2384e+00   5.6955e+01   5.1254e+01   7.1980e+01   5.3928e+01 
  5.6511e+01   3.3075e+01   1.6013e+01   2.0198e+01   1.5297e+01 
  7.9638e+00   3.7362e+00   1.7064e+00   7.8017e-01   3.5380e-01 
  1.6049e-01   7.5030e-02   3.6468e-02   1.8291e-02   9.2127e-03 
  4.5764e-03   2.2425e-03   1.1008e-03   5.5336e-04   2.8999e-04 
  1.5937e-04   9.1154e-05   7.6036e-05   5.7225e-02  -1.3675e+00 


########################
# 00000093
########################
RSS 10081641930942.05
BP 0:
a0:   4.2373e+00   e0:  -1.4281e+01   b0:  -4.1152e+03   
P: 
  1.7975e+00   8.1779e-01  -5.7565e-01  -1.2365e+00  -1.8822e+00 
 -5.2950e-01  -7.8121e-01  -8.7470e-01  -4.5144e-01  -8.1699e-02 
  3.4007e-02   1.8949e-01   5.9586e-02  -1.0101e-02   1.3603e-04 
 -3.2384e+00   5.6955e+01   5.1254e+01   7.1980e+01   5.3928e+01 
  5.6511e+01   3.3075e+01   1.6013e+01   2.0198e+01   1.5297e+01 
  7.9638e+00   3.7362e+00   1.7064e+00   7.8017e-01   3.5380e-01 
  1.6049e-01   7.5030e-02   3.6468e-02   1.8291e-02   9.2127e-03 
  4.5764e-03   2.2425e-03   1.1008e-03   5.5336e-04   2.8999e-04 
  1.5937e-04   9.1154e-05   7.6036e-05   1.7408e-01  -1.4877e+00 


########################
# 00000094
########################
RSS 10841825681251.97
BP 0:
a0:   4.2129e+00   e0:  -1.5236e+01   b0:  -4.2932e+03   
P: 
  1.6899e+00   8.2758e-01  -5.7288e-01  -1.2573e+00  -1.9689e+00 
 -5.3824e-01  -7.5063e-01  -8.5918e-01  -5.0626e-01  -8.2947e-02 
  3.5166e-02   1.7040e-01   5.8292e-02  -1.1671e-02   1.3203e-04 
 -3.2384e+00   5.6955e+01   5.1254e+01   7.1980e+01   5.3928e+01 
  5.6511e+01   3.3075e+01   1.6013e+01   2.0198e+01   1.5297e+01 
  7.9638e+00   3.7362e+00   1.7064e+00   7.8017e-01   3.5380e-01 
  1.6049e-01   7.5030e-02   3.6468e-02   1.8291e-02   9.2127e-03 
  4.5764e-03   2.2425e-03   1.1008e-03   5.5336e-04   2.8999e-04 
  1.5937e-04   9.1154e-05   7.6036e-05   1.2410e-01  -1.4467e+00 


########################
# 00000095
########################
RSS 14633395750910.928
BP 0:
a0:   4.2068e+00   e0:  -1.6989e+01   b0:  -5.0154e+03   
P: 
  1.7727e+00   8.1956e-01  -5.8176e-01  -1.2370e+00  -1.9971e+00 
 -5.2848e-01  -7.3181e-01  -8.4616e-01  -5.1167e-01  -8.2512e-02 
  3.6119e-02   1.6978e-01   5.9992e-02  -1.1768e-02   1.3244e-04 
 -3.2384e+00   5.6955e+01   5.1254e+01   7.1980e+01   5.3928e+01 
  5.6511e+01   3.3075e+01   1.6013e+01   2.0198e+01   1.5297e+01 
  7.9638e+00   3.7362e+00   1.7064e+00   7.8017e-01   3.5380e-01 
  1.6049e-01   7.5030e-02   3.6468e-02   1.8291e-02   9.2127e-03 
  4.5764e-03   2.2425e-03   1.1008e-03   5.5336e-04   2.8999e-04 
  1.5937e-04   9.1154e-05   7.6036e-05   2.0240e-01  -1.6589e+00 


########################
# 00000096
########################
RSS 17309533059378.975
BP 0:
a0:   4.2080e+00   e0:  -1.8213e+01   b0:  -5.4641e+03   
P: 
  1.7555e+00   8.3834e-01  -5.8624e-01  -1.2821e+00  -2.0142e+00 
 -5.4020e-01  -7.5341e-01  -8.3742e-01  -4.9866e-01  -8.3981e-02 
  3.6308e-02   1.6855e-01   5.9148e-02  -1.2054e-02   1.3262e-04 
 -3.2384e+00   5.6955e+01   5.1254e+01   7.1980e+01   5.3928e+01 
  5.6511e+01   3.3075e+01   1.6013e+01   2.0198e+01   1.5297e+01 
  7.9638e+00   3.7362e+00   1.7064e+00   7.8017e-01   3.5380e-01 
  1.6049e-01   7.5030e-02   3.6468e-02   1.8291e-02   9.2127e-03 
  4.5764e-03   2.2425e-03   1.1008e-03   5.5336e-04   2.8999e-04 
  1.5937e-04   9.1154e-05   7.6036e-05   9.1442e-02  -1.8045e+00 


########################
# 00000097
########################
RSS 17371212438014.148
BP 0:
a0:   4.2044e+00   e0:  -1.8136e+01   b0:  -5.4772e+03   
P: 
  1.7108e+00   8.2431e-01  -5.6531e-01  -1.2721e+00  -2.0271e+00 
 -5.3923e-01  -7.4790e-01  -8.2861e-01  -5.0663e-01  -8.4182e-02 
  3.6257e-02   1.7042e-01   5.9906e-02  -1.1630e-02   1.3619e-04 
 -3.2384e+00   5.6955e+01   5.1254e+01   7.1980e+01   5.3928e+01 
  5.6511e+01   3.3075e+01   1.6013e+01   2.0198e+01   1.5297e+01 
  7.9638e+00   3.7362e+00   1.7064e+00   7.8017e-01   3.5380e-01 
  1.6049e-01   7.5030e-02   3.6468e-02   1.8291e-02   9.2127e-03 
  4.5764e-03   2.2425e-03   1.1008e-03   5.5336e-04   2.8999e-04 
  1.5937e-04   9.1154e-05   7.6036e-05   1.7252e-01  -1.7926e+00 


########################
# 00000098
########################
RSS 25308472950208.35
BP 0:
a0:   4.2017e+00   e0:  -2.1069e+01   b0:  -6.6401e+03   
P: 
  1.7675e+00   8.1428e-01  -5.6506e-01  -1.2732e+00  -2.0116e+00 
 -5.3738e-01  -7.6496e-01  -8.2214e-01  -5.1173e-01  -8.4320e-02 
  3.5983e-02   1.7183e-01   5.8556e-02  -1.1991e-02   1.3459e-04 
 -3.2384e+00   5.6955e+01   5.1254e+01   7.1980e+01   5.3928e+01 
  5.6511e+01   3.3075e+01   1.6013e+01   2.0198e+01   1.5297e+01 
  7.9638e+00   3.7362e+00   1.7064e+00   7.8017e-01   3.5380e-01 
  1.6049e-01   7.5030e-02   3.6468e-02   1.8291e-02   9.2127e-03 
  4.5764e-03   2.2425e-03   1.1008e-03   5.5336e-04   2.8999e-04 
  1.5937e-04   9.1154e-05   7.6036e-05   2.4719e-01  -2.1513e+00 


########################
# 00000099
########################
RSS 26976075749028.305
BP 0:
a0:   4.2089e+00   e0:  -2.1784e+01   b0:  -6.8514e+03   
P: 
  1.7093e+00   8.2515e-01  -5.8585e-01  -1.2724e+00  -1.9649e+00 
 -5.3484e-01  -7.5601e-01  -8.4745e-01  -4.9732e-01  -8.4259e-02 
  3.6332e-02   1.7228e-01   5.9709e-02  -1.1706e-02   1.3371e-04 
 -3.2384e+00   5.6955e+01   5.1254e+01   7.1980e+01   5.3928e+01 
  5.6511e+01   3.3075e+01   1.6013e+01   2.0198e+01   1.5297e+01 
  7.9638e+00   3.7362e+00   1.7064e+00   7.8017e-01   3.5380e-01 
  1.6049e-01   7.5030e-02   3.6468e-02   1.8291e-02   9.2127e-03 
  4.5764e-03   2.2425e-03   1.1008e-03   5.5336e-04   2.8999e-04 
  1.5937e-04   9.1154e-05   7.6036e-05   1.3821e-01  -2.2658e+00 


########################
# 00000100
########################
RSS 134417110681621.14
BP 0:
a0:   4.2042e+00   e0:  -4.4523e+01   b0:  -1.5462e+04   
P: 
  1.7203e+00   8.3765e-01  -5.7488e-01  -1.2891e+00  -1.9091e+00 
 -5.4903e-01  -7.2177e-01  -8.2406e-01  -4.9668e-01  -7.9278e-02 
  3.5848e-02   1.6278e-01   5.8735e-02  -1.1574e-02   1.3106e-04 
 -3.2384e+00   5.6955e+01   5.1254e+01   7.1980e+01   5.3928e+01 
  5.6511e+01   3.3075e+01   1.6013e+01   2.0198e+01   1.5297e+01 
  7.9638e+00   3.7362e+00   1.7064e+00   7.8017e-01   3.5380e-01 
  1.6049e-01   7.5030e-02   3.6468e-02   1.8291e-02   9.2127e-03 
  4.5764e-03   2.2425e-03   1.1008e-03   5.5336e-04   2.8999e-04 
  1.5937e-04   9.1154e-05   7.6036e-05  -3.7497e-02  -5.0099e+00 


