RSS:  
1652.1080637526973

P:  
874.593564462
-209.298829223
-222.466247473
246.269915259
-21.9584190264
15.1496811749
-12.4384610141
2.4866661446
-0.546921492628
0.142528753793
-0.0094880561647
0.00180483198334
-21.6050239339
2.92018430312
-9.09299029408
5.36372570738

Known:
a0:     3.89
e0:     -3.91
B0:     179.99999999949853
EC:     234.000 176.000 176.000  0.000  0.000  0.000 
        176.000 234.000 176.000  0.000  0.000  0.000 
        176.000 176.000 234.000  0.000  0.000  0.000 
         0.000  0.000  0.000 71.200  0.000  0.000 
         0.000  0.000  0.000  0.000 71.200  0.000 
         0.000  0.000  0.000  0.000  0.000 71.200 

Calculated:
a0:     4.106401646503951
e0:     -4.029405010006114
B0:     441.8587934358125
EC:     203.457 109.380 109.380  0.000  0.000  0.000 
        109.380 203.457 109.380  0.000  0.000  0.000 
        109.380 109.380 203.457  0.000  0.000  0.000 
         0.000  0.000  0.000 159.265  0.000  0.000 
         0.000  0.000  0.000  0.000 159.265  0.000 
         0.000  0.000  0.000  0.000  0.000 159.265 



