RSS:  
1816.6354692933571

P:  
62.4023961558
-83.4816623048
-0.378362550362
32.0742939456
0.181841579679
-0.276105226702
0.943033200907
0.0154099748236
-0.434913561989
-0.646306514888
-0.0440837762923
0.0863854418758
-0.722987026953
-0.0685496417899
0.880115613043
0.388624742527
-0.322608652285
0.0
-1.94938564301
30.3556213379
24.3362083435
34.9576034546
16.2302913666
17.857875824
7.66438293457
1.23997938633
0.442521393299
0.109044238925
0.0200536046177
0.00229621282779
0.00255827326328
0.00108765787445
7.98819164629e-05
4.18824820372e-05
4.40689618699e-05
1.02375664251
0.814051482372
-7.59825189091
-6.7746925968
-25.0503318716
-7.88587206801
15.9929830086
-7.31260235196
-0.447546264728
0.117055069669
0.412532445621
-0.856838644257
-0.948220231379
0.0345416581134
0.768734252007
0.0321835131208
-0.52605740548
0.832332583611
-0.289872393615
0.0
-1.94938564301
30.3556213379
24.3362083435
34.9576034546
16.2302913666
17.857875824
7.66438293457
1.23997938633
0.442521393299
0.109044238925
0.0200536046177
0.00229621282779
0.00255827326328
0.00108765787445
7.98819164629e-05
4.18824820372e-05
4.40689618699e-05
-4.21848228365
0.430036472759
8.21159414106
-81.5565094852
50.754511212
6.05865443998
6.57605079857
0.184613360674
-0.00125758936428
0.662333767768
-0.56410690056
0.0276582985451
0.00270190345356
-0.077966523561
-0.0434274024784
-0.708717012179
0.220056070918
-0.329928633034
0.108247745658
0.0

Known:
a0:     3.42
e0:     -4.27
B0:     221.99999999938152
EC:     365.600 141.600 141.600  0.000  0.000  0.000 
        141.600 365.600 141.600  0.000  0.000  0.000 
        141.600 141.600 365.600  0.000  0.000  0.000 
         0.000  0.000  0.000 186.000  0.000  0.000 
         0.000  0.000  0.000  0.000 186.000  0.000 
         0.000  0.000  0.000  0.000  0.000 186.000 

Known:
a0:     3.89
e0:     -3.91
B0:     179.99999999949853
EC:     234.000 176.000 176.000  0.000  0.000  0.000 
        176.000 234.000 176.000  0.000  0.000  0.000 
        176.000 176.000 234.000  0.000  0.000  0.000 
         0.000  0.000  0.000 71.200  0.000  0.000 
         0.000  0.000  0.000  0.000 71.200  0.000 
         0.000  0.000  0.000  0.000  0.000 71.200 

Calculated:
a0:     3.7511024177222057
e0:     -4.305484647501221
B0:     107.42970903308019
EC:     101.046 302.635 302.635  0.000  0.000  0.000 
        302.635 101.046 302.635  0.000  0.000  0.000 
        302.635 302.635 101.046  0.000  0.000  0.000 
         0.000  0.000  0.000 143.926  0.000  0.000 
         0.000  0.000  0.000  0.000 143.926  0.000 
         0.000  0.000  0.000  0.000  0.000 143.926 

Calculated:
a0:     4.072140115697421
e0:     -3.9267038051707783
B0:     210.17911308125647
EC:     359.234 146.346 146.346  0.000  0.000  0.000 
        146.346 359.234 146.346  0.000  0.000  0.000 
        146.346 146.346 359.234  0.000  0.000  0.000 
         0.000  0.000  0.000 112.226  0.000  0.000 
         0.000  0.000  0.000  0.000 112.226  0.000 
         0.000  0.000  0.000  0.000  0.000 112.226 



