RSS:  
47134.40443366119

P:  
-0.255155686931
-0.0813348499318
0.176764169474
-0.0145306186284
-0.211270087684
-0.0939573419744
0.00147520539773
-1.94938564301
30.3556213379
24.3362083435
34.9576034546
16.2302913666
17.857875824
7.66438293457
1.23997938633
0.442521393299
0.109044238925
0.0200536046177
0.00229621282779
0.00255827326328
0.00108765787445
7.98819164629e-05
4.18824820372e-05
4.40689618699e-05
2.6413863452e-06
1.10245503038e-06
6.35151934603e-07
3.87506304378e-07
2.28070874186e-07
1.27619927071e-07
6.8033251921e-08
3.47100943543e-08
-0.0301882326603
0.000999488402158

Known:
a0:     3.42
e0:     -4.27
B0:     221.99999999938152
EC:     365.600 141.600 141.600  0.000  0.000  0.000 
        141.600 365.600 141.600  0.000  0.000  0.000 
        141.600 141.600 365.600  0.000  0.000  0.000 
         0.000  0.000  0.000 186.000  0.000  0.000 
         0.000  0.000  0.000  0.000 186.000  0.000 
         0.000  0.000  0.000  0.000  0.000 186.000 

Calculated:
a0:     3.0371306515482246
e0:     -6.122870985651824
B0:     487.73828646700355
EC:     270.637 225.826 225.826  0.000  0.000  0.000 
        225.826 270.637 225.826  0.000  0.000  0.000 
        225.826 225.826 270.637  0.000  0.000  0.000 
         0.000  0.000  0.000 585.506  0.000  0.000 
         0.000  0.000  0.000  0.000 585.506  0.000 
         0.000  0.000  0.000  0.000  0.000 585.506 



