RSS:  
1888.0048419983661

P:  
-0.147104769945
-0.0395197123289
-0.127682417631
-0.154809594154
-0.0994070544839
-0.0643365830183
-0.0888768956065
-0.0588340684772
-0.0126998955384
0.000401389726903
0.00568468170241
0.00504792761058
0.00268834549934
0.000484190066345
-1.09161492219e-05
-1.40641295729e-05
-4.46298642487e-09
-1.94938564301
30.3556213379
24.3362083435
34.9576034546
16.2302913666
17.857875824
7.66438293457
1.23997938633
0.442521393299
0.109044238925
0.0200536046177
0.00229621282779
0.00255827326328
0.00108765787445
7.98819164629e-05
4.18824820372e-05
4.40689618699e-05
2.6413863452e-06
1.10245503038e-06
6.35151934603e-07
3.87506304378e-07
2.28070874186e-07
1.27619927071e-07
6.8033251921e-08
3.47100943543e-08
-0.00172860221937
-0.00169117075192

Known:
a0:     3.42
e0:     -4.27
B0:     210.99999999941215
EC:     365.000 137.000 137.000  0.000  0.000  0.000 
        137.000 365.000 137.000  0.000  0.000  0.000 
        137.000 137.000 365.000  0.000  0.000  0.000 
         0.000  0.000  0.000 186.000  0.000  0.000 
         0.000  0.000  0.000  0.000 186.000  0.000 
         0.000  0.000  0.000  0.000  0.000 186.000 

Calculated:
a0:     3.3241794007893866
e0:     -4.479687664512127
B0:     246.9053260529458
EC:     358.861 138.743 138.743  0.000  0.000  0.000 
        138.743 358.861 138.743  0.000  0.000  0.000 
        138.743 138.743 358.861  0.000  0.000  0.000 
         0.000  0.000  0.000 165.888  0.000  0.000 
         0.000  0.000  0.000  0.000 165.888  0.000 
         0.000  0.000  0.000  0.000  0.000 165.888 



