---START---
00000001
PARAMETERS 
21
0.6
2.5
3.7
4.1
5.2
4.07122339848
-0.273269465704
0.0110793246794
0.0210085659183
0.0164505987553
0.0
0.0
0.0
0.0
0.0
18.97
0.0
0.0605240011508
1.11356550702
-12.4792031189
87.2324014924
RSS 157.9064793966364
BP MaxDensity 0.17077072403724844
EFS MaxDensity 0.13515767233811024
a0 3.628614346586894
e0 -4.286146316309448
b0 260.1558862889587
---END---
---START---
00000002
PARAMETERS 
21
0.6
2.5
3.7
4.1
5.2
4.07122339848
-0.273269465704
0.0110793246794
0.0210085659183
0.0164505987553
0.0
0.0
0.0
0.0
0.0
18.97
0.0
0.0605239862496
1.11356550702
-12.4792031189
87.2324014924
RSS 157.90664592734822
BP MaxDensity 0.17077072403724844
EFS MaxDensity 0.13515767233811024
a0 3.628614243054296
e0 -4.2861463362242045
b0 260.1558482967466
---END---
