RSS:  
1560.4853695970792

P:  
222.343229024
34.6925796257
0.31444867898
-4.97986402543
-1.27256805327
10.3129973663
-2.21105853039
1.24720556024
-3.00612092503
1.33850889327
0.0707638315857
0.0754648582334
-0.100229166057
0.016513350698
-0.0122825614757
-1.94938564301
30.3556213379
24.3362083435
34.9576034546
16.2302913666
17.857875824
7.66438293457
1.23997938633
0.442521393299
0.109044238925
0.0200536046177
0.00229621282779
0.00255827326328
0.00108765787445
7.98819164629e-05
4.18824820372e-05
4.40689618699e-05
-0.278150790733
0.0324648340795

Known:
a0:     3.42
e0:     -4.27
B0:     221.99999999938152
EC:     365.600 141.600 141.600  0.000  0.000  0.000 
        141.600 365.600 141.600  0.000  0.000  0.000 
        141.600 141.600 365.600  0.000  0.000  0.000 
         0.000  0.000  0.000 186.000  0.000  0.000 
         0.000  0.000  0.000  0.000 186.000  0.000 
         0.000  0.000  0.000  0.000  0.000 186.000 

Calculated:
a0:     3.2928881985330594
e0:     -4.143932793545287
B0:     311.91796773690936
EC:     302.407 167.724 167.724  0.000  0.000  0.000 
        167.724 302.406 167.724  0.000  0.000  0.000 
        167.724 167.724 302.406  0.000  0.000  0.000 
         0.000  0.000  0.000 248.687  0.000  0.000 
         0.000  0.000  0.000  0.000 248.687  0.000 
         0.000  0.000  0.000  0.000  0.000 248.687 



