########################
# 00000001
########################
RSS 12053.03280505183
BP 0:
a0:   4.3143e+00   e0:  -5.1681e+00   b0:   8.7829e+02   
P: 
  8.2180e+01   9.4430e+00  -2.0017e+02   8.7421e+01  -9.0552e+01 
  3.4838e+01  -2.3364e+01   2.1058e+01  -7.7589e+00   9.2668e-01 
 -5.3756e-03  -1.9494e+00   3.0356e+01   2.4336e+01   3.4958e+01 
  1.6230e+01   1.7858e+01   7.6644e+00   1.2400e+00   4.4252e-01 
  1.0904e-01   2.0054e-02   2.2962e-03   2.5583e-03   1.0877e-03 
  7.9882e-05   4.1882e-05   4.4069e-05  -6.5153e+00   5.1631e+00 


########################
# 00000002
########################
RSS 12403.200548235101
BP 0:
a0:   4.1927e+00   e0:  -3.7769e+00   b0:   1.1482e+03   
P: 
  8.7181e+01   1.0079e+01  -2.0469e+02   8.2754e+01  -8.4766e+01 
  4.0925e+01  -2.2967e+01   1.9204e+01  -7.1728e+00   9.3166e-01 
 -5.6268e-03  -1.9494e+00   3.0356e+01   2.4336e+01   3.4958e+01 
  1.6230e+01   1.7858e+01   7.6644e+00   1.2400e+00   4.4252e-01 
  1.0904e-01   2.0054e-02   2.2962e-03   2.5583e-03   1.0877e-03 
  7.9882e-05   4.1882e-05   4.4069e-05  -6.4533e+00   5.0758e+00 


########################
# 00000003
########################
RSS 13316.513734635486
BP 0:
a0:   4.2553e+00   e0:  -3.6822e+00   b0:   1.1229e+03   
P: 
  9.3275e+01   1.0933e+01  -2.0669e+02   7.6590e+01  -7.9589e+01 
  4.0871e+01  -2.5020e+01   2.1022e+01  -7.3511e+00   8.1282e-01 
 -5.3141e-03  -1.9494e+00   3.0356e+01   2.4336e+01   3.4958e+01 
  1.6230e+01   1.7858e+01   7.6644e+00   1.2400e+00   4.4252e-01 
  1.0904e-01   2.0054e-02   2.2962e-03   2.5583e-03   1.0877e-03 
  7.9882e-05   4.1882e-05   4.4069e-05  -6.3919e+00   5.0373e+00 


########################
# 00000004
########################
RSS 14803.271398639
BP 0:
a0:   4.2311e+00   e0:  -5.0902e+00   b0:   1.1377e+03   
P: 
  9.9516e+01   1.2267e+01  -2.0764e+02   7.8659e+01  -8.2824e+01 
  3.9907e+01  -2.2983e+01   1.9625e+01  -6.9569e+00   7.6464e-01 
 -5.5271e-03  -1.9494e+00   3.0356e+01   2.4336e+01   3.4958e+01 
  1.6230e+01   1.7858e+01   7.6644e+00   1.2400e+00   4.4252e-01 
  1.0904e-01   2.0054e-02   2.2962e-03   2.5583e-03   1.0877e-03 
  7.9882e-05   4.1882e-05   4.4069e-05  -7.2427e+00   5.0532e+00 


########################
# 00000005
########################
RSS 15283.763098926698
BP 0:
a0:   4.1928e+00   e0:  -3.1175e+00   b0:   1.1667e+03   
P: 
  9.9020e+01   1.2124e+01  -2.1505e+02   7.4000e+01  -8.0394e+01 
  4.1671e+01  -2.4009e+01   1.9793e+01  -7.3192e+00   9.4667e-01 
 -5.1312e-03  -1.9494e+00   3.0356e+01   2.4336e+01   3.4958e+01 
  1.6230e+01   1.7858e+01   7.6644e+00   1.2400e+00   4.4252e-01 
  1.0904e-01   2.0054e-02   2.2962e-03   2.5583e-03   1.0877e-03 
  7.9882e-05   4.1882e-05   4.4069e-05  -7.0286e+00   5.5377e+00 


########################
# 00000006
########################
RSS 16048.437271158304
BP 0:
a0:   4.3556e+00   e0:  -4.9646e+00   b0:   1.0484e+03   
P: 
  8.9216e+01   1.1404e+01  -2.1706e+02   7.0601e+01  -7.8990e+01 
  3.6938e+01  -2.4799e+01   2.2147e+01  -7.4437e+00   6.9030e-01 
 -4.9548e-03  -1.9494e+00   3.0356e+01   2.4336e+01   3.4958e+01 
  1.6230e+01   1.7858e+01   7.6644e+00   1.2400e+00   4.4252e-01 
  1.0904e-01   2.0054e-02   2.2962e-03   2.5583e-03   1.0877e-03 
  7.9882e-05   4.1882e-05   4.4069e-05  -5.6020e+00   4.9262e+00 


########################
# 00000007
########################
RSS 17478.491997069563
BP 0:
a0:   4.2042e+00   e0:  -3.6156e+00   b0:   1.3205e+03   
P: 
  9.4375e+01   1.1404e+01  -1.9918e+02   7.9584e+01  -8.2426e+01 
  4.4514e+01  -2.4601e+01   2.0419e+01  -7.3634e+00   8.8968e-01 
 -5.6865e-03  -1.9494e+00   3.0356e+01   2.4336e+01   3.4958e+01 
  1.6230e+01   1.7858e+01   7.6644e+00   1.2400e+00   4.4252e-01 
  1.0904e-01   2.0054e-02   2.2962e-03   2.5583e-03   1.0877e-03 
  7.9882e-05   4.1882e-05   4.4069e-05  -6.8449e+00   5.0138e+00 


########################
# 00000008
########################
RSS 17532.397796747195
BP 0:
a0:   4.3939e+00   e0:  -5.0096e+00   b0:   9.9789e+02   
P: 
  1.0295e+02   9.7702e+00  -2.0077e+02   7.7274e+01  -7.8924e+01 
  3.5721e+01  -2.5552e+01   2.3002e+01  -7.6660e+00   7.0323e-01 
 -5.8403e-03  -1.9494e+00   3.0356e+01   2.4336e+01   3.4958e+01 
  1.6230e+01   1.7858e+01   7.6644e+00   1.2400e+00   4.4252e-01 
  1.0904e-01   2.0054e-02   2.2962e-03   2.5583e-03   1.0877e-03 
  7.9882e-05   4.1882e-05   4.4069e-05  -7.0220e+00   5.1197e+00 


########################
# 00000009
########################
RSS 18316.93085571712
BP 0:
a0:   4.1465e+00   e0:  -3.1115e+00   b0:   1.2995e+03   
P: 
  1.0013e+02   1.1694e+01  -2.1064e+02   7.3151e+01  -8.4678e+01 
  4.5688e+01  -2.3556e+01   1.8367e+01  -6.6687e+00   8.5396e-01 
 -5.7087e-03  -1.9494e+00   3.0356e+01   2.4336e+01   3.4958e+01 
  1.6230e+01   1.7858e+01   7.6644e+00   1.2400e+00   4.4252e-01 
  1.0904e-01   2.0054e-02   2.2962e-03   2.5583e-03   1.0877e-03 
  7.9882e-05   4.1882e-05   4.4069e-05  -6.8170e+00   5.1053e+00 


########################
# 00000010
########################
RSS 18714.150602001588
BP 0:
a0:   4.2957e+00   e0:  -5.6587e+00   b0:   1.0913e+03   
P: 
  9.3159e+01   1.0641e+01  -2.0016e+02   7.8003e+01  -7.7932e+01 
  3.5310e+01  -2.1772e+01   2.0068e+01  -7.1792e+00   7.6899e-01 
 -4.7923e-03  -1.9494e+00   3.0356e+01   2.4336e+01   3.4958e+01 
  1.6230e+01   1.7858e+01   7.6644e+00   1.2400e+00   4.4252e-01 
  1.0904e-01   2.0054e-02   2.2962e-03   2.5583e-03   1.0877e-03 
  7.9882e-05   4.1882e-05   4.4069e-05  -6.7825e+00   4.5049e+00 


########################
# 00000011
########################
RSS 18822.94274443077
BP 0:
a0:   4.4065e+00   e0:  -5.4428e+00   b0:   9.3598e+02   
P: 
  8.3023e+01   1.0659e+01  -2.0000e+02   8.7099e+01  -9.3104e+01 
  2.8959e+01  -1.9330e+01   2.0030e+01  -7.6506e+00   9.5401e-01 
 -5.3564e-03  -1.9494e+00   3.0356e+01   2.4336e+01   3.4958e+01 
  1.6230e+01   1.7858e+01   7.6644e+00   1.2400e+00   4.4252e-01 
  1.0904e-01   2.0054e-02   2.2962e-03   2.5583e-03   1.0877e-03 
  7.9882e-05   4.1882e-05   4.4069e-05  -5.7116e+00   5.6645e+00 


########################
# 00000012
########################
RSS 19002.810417432265
BP 0:
a0:   4.2174e+00   e0:  -2.6128e+00   b0:   1.1552e+03   
P: 
  9.5322e+01   1.2026e+01  -1.8970e+02   7.7365e+01  -7.6730e+01 
  4.1792e+01  -2.4904e+01   2.0402e+01  -7.3215e+00   8.9782e-01 
 -5.5689e-03  -1.9494e+00   3.0356e+01   2.4336e+01   3.4958e+01 
  1.6230e+01   1.7858e+01   7.6644e+00   1.2400e+00   4.4252e-01 
  1.0904e-01   2.0054e-02   2.2962e-03   2.5583e-03   1.0877e-03 
  7.9882e-05   4.1882e-05   4.4069e-05  -6.6458e+00   4.6846e+00 


########################
# 00000013
########################
RSS 19109.534279488704
BP 0:
a0:   4.2028e+00   e0:  -2.9577e+00   b0:   1.2790e+03   
P: 
  8.6444e+01   9.9966e+00  -2.0909e+02   7.4635e+01  -7.7941e+01 
  4.3027e+01  -2.4238e+01   2.0178e+01  -7.4153e+00   9.4504e-01 
 -5.3888e-03  -1.9494e+00   3.0356e+01   2.4336e+01   3.4958e+01 
  1.6230e+01   1.7858e+01   7.6644e+00   1.2400e+00   4.4252e-01 
  1.0904e-01   2.0054e-02   2.2962e-03   2.5583e-03   1.0877e-03 
  7.9882e-05   4.1882e-05   4.4069e-05  -6.1910e+00   4.7657e+00 


########################
# 00000014
########################
RSS 19683.262421817042
BP 0:
a0:   4.1973e+00   e0:  -3.9120e+00   b0:   1.3987e+03   
P: 
  1.0006e+02   1.2180e+01  -2.0707e+02   7.4261e+01  -7.8844e+01 
  4.6250e+01  -2.4461e+01   1.9792e+01  -6.8086e+00   7.2551e-01 
 -5.2414e-03  -1.9494e+00   3.0356e+01   2.4336e+01   3.4958e+01 
  1.6230e+01   1.7858e+01   7.6644e+00   1.2400e+00   4.4252e-01 
  1.0904e-01   2.0054e-02   2.2962e-03   2.5583e-03   1.0877e-03 
  7.9882e-05   4.1882e-05   4.4069e-05  -6.1498e+00   5.1377e+00 


########################
# 00000015
########################
RSS 19990.98719798825
BP 0:
a0:   4.2740e+00   e0:  -5.4560e+00   b0:   1.2251e+03   
P: 
  9.4186e+01   9.7782e+00  -2.0394e+02   8.5128e+01  -8.1988e+01 
  4.0859e+01  -2.4910e+01   2.2107e+01  -7.8220e+00   8.3579e-01 
 -5.1261e-03  -1.9494e+00   3.0356e+01   2.4336e+01   3.4958e+01 
  1.6230e+01   1.7858e+01   7.6644e+00   1.2400e+00   4.4252e-01 
  1.0904e-01   2.0054e-02   2.2962e-03   2.5583e-03   1.0877e-03 
  7.9882e-05   4.1882e-05   4.4069e-05  -6.1812e+00   5.2322e+00 


########################
# 00000016
########################
RSS 21062.08731956715
BP 0:
a0:   4.2287e+00   e0:  -2.0010e+00   b0:   9.9328e+02   
P: 
  9.6509e+01   1.0820e+01  -1.9654e+02   6.9479e+01  -7.4231e+01 
  3.5684e+01  -2.1566e+01   1.8258e+01  -6.8713e+00   9.3778e-01 
 -5.5817e-03  -1.9494e+00   3.0356e+01   2.4336e+01   3.4958e+01 
  1.6230e+01   1.7858e+01   7.6644e+00   1.2400e+00   4.4252e-01 
  1.0904e-01   2.0054e-02   2.2962e-03   2.5583e-03   1.0877e-03 
  7.9882e-05   4.1882e-05   4.4069e-05  -7.4698e+00   4.9851e+00 


########################
# 00000017
########################
RSS 21150.64830169791
BP 0:
a0:   4.2680e+00   e0:  -4.6356e+00   b0:   1.3560e+03   
P: 
  1.0139e+02   9.6664e+00  -1.9364e+02   7.2604e+01  -8.5253e+01 
  4.3977e+01  -2.4595e+01   2.1194e+01  -7.1589e+00   6.9092e-01 
 -5.7878e-03  -1.9494e+00   3.0356e+01   2.4336e+01   3.4958e+01 
  1.6230e+01   1.7858e+01   7.6644e+00   1.2400e+00   4.4252e-01 
  1.0904e-01   2.0054e-02   2.2962e-03   2.5583e-03   1.0877e-03 
  7.9882e-05   4.1882e-05   4.4069e-05  -6.8373e+00   4.7971e+00 


########################
# 00000018
########################
RSS 22265.64292406891
BP 0:
a0:   4.1914e+00   e0:  -5.8317e+00   b0:   1.2050e+03   
P: 
  1.0235e+02   1.1490e+01  -2.0362e+02   7.3018e+01  -7.9139e+01 
  4.2702e+01  -2.4815e+01   2.0735e+01  -7.4265e+00   8.3174e-01 
 -5.2245e-03  -1.9494e+00   3.0356e+01   2.4336e+01   3.4958e+01 
  1.6230e+01   1.7858e+01   7.6644e+00   1.2400e+00   4.4252e-01 
  1.0904e-01   2.0054e-02   2.2962e-03   2.5583e-03   1.0877e-03 
  7.9882e-05   4.1882e-05   4.4069e-05  -5.7990e+00   5.1322e+00 


########################
# 00000019
########################
RSS 22935.965164962123
BP 0:
a0:   4.3218e+00   e0:  -4.5867e+00   b0:   1.2751e+03   
P: 
  8.5810e+01   1.2158e+01  -2.1388e+02   6.8148e+01  -7.4881e+01 
  3.5312e+01  -2.0845e+01   2.0231e+01  -7.2998e+00   8.1128e-01 
 -5.2855e-03  -1.9494e+00   3.0356e+01   2.4336e+01   3.4958e+01 
  1.6230e+01   1.7858e+01   7.6644e+00   1.2400e+00   4.4252e-01 
  1.0904e-01   2.0054e-02   2.2962e-03   2.5583e-03   1.0877e-03 
  7.9882e-05   4.1882e-05   4.4069e-05  -6.3631e+00   4.9777e+00 


########################
# 00000020
########################
RSS 23270.37255877768
BP 0:
a0:   4.2331e+00   e0:  -5.9450e+00   b0:   1.2075e+03   
P: 
  9.6686e+01   1.3148e+01  -1.8065e+02   8.6321e+01  -8.0198e+01 
  3.8147e+01  -2.2351e+01   2.0471e+01  -7.7648e+00   9.6406e-01 
 -5.1378e-03  -1.9494e+00   3.0356e+01   2.4336e+01   3.4958e+01 
  1.6230e+01   1.7858e+01   7.6644e+00   1.2400e+00   4.4252e-01 
  1.0904e-01   2.0054e-02   2.2962e-03   2.5583e-03   1.0877e-03 
  7.9882e-05   4.1882e-05   4.4069e-05  -7.0748e+00   4.1981e+00 


########################
# 00000021
########################
RSS 23854.981803803632
BP 0:
a0:   4.2997e+00   e0:  -3.3075e+00   b0:   1.3272e+03   
P: 
  9.6308e+01   1.0664e+01  -2.1620e+02   7.5691e+01  -7.4001e+01 
  3.9931e+01  -2.3658e+01   2.1292e+01  -7.4503e+00   8.1119e-01 
 -5.7356e-03  -1.9494e+00   3.0356e+01   2.4336e+01   3.4958e+01 
  1.6230e+01   1.7858e+01   7.6644e+00   1.2400e+00   4.4252e-01 
  1.0904e-01   2.0054e-02   2.2962e-03   2.5583e-03   1.0877e-03 
  7.9882e-05   4.1882e-05   4.4069e-05  -5.8767e+00   5.3304e+00 


########################
# 00000022
########################
RSS 23932.407511003024
BP 0:
a0:   4.1211e+00   e0:  -5.0510e+00   b0:   1.4631e+03   
P: 
  1.0082e+02   1.0953e+01  -1.8762e+02   8.8087e+01  -7.8988e+01 
  4.8332e+01  -2.5182e+01   1.9922e+01  -7.3446e+00   9.3515e-01 
 -5.9958e-03  -1.9494e+00   3.0356e+01   2.4336e+01   3.4958e+01 
  1.6230e+01   1.7858e+01   7.6644e+00   1.2400e+00   4.4252e-01 
  1.0904e-01   2.0054e-02   2.2962e-03   2.5583e-03   1.0877e-03 
  7.9882e-05   4.1882e-05   4.4069e-05  -7.5791e+00   5.1058e+00 


########################
# 00000023
########################
RSS 24650.46448962154
BP 0:
a0:   4.2719e+00   e0:  -2.2014e+00   b0:   1.1597e+03   
P: 
  9.0650e+01   1.0258e+01  -2.1406e+02   7.3371e+01  -8.0065e+01 
  4.2137e+01  -2.6009e+01   2.1703e+01  -7.5825e+00   8.6812e-01 
 -5.2220e-03  -1.9494e+00   3.0356e+01   2.4336e+01   3.4958e+01 
  1.6230e+01   1.7858e+01   7.6644e+00   1.2400e+00   4.4252e-01 
  1.0904e-01   2.0054e-02   2.2962e-03   2.5583e-03   1.0877e-03 
  7.9882e-05   4.1882e-05   4.4069e-05  -5.5620e+00   5.3835e+00 


########################
# 00000024
########################
RSS 25059.289215149634
BP 0:
a0:   4.2885e+00   e0:  -1.6731e+00   b0:   9.2327e+02   
P: 
  8.6703e+01   8.9314e+00  -2.1447e+02   8.5331e+01  -9.2133e+01 
  3.7035e+01  -2.2629e+01   1.9233e+01  -7.0752e+00   9.2095e-01 
 -4.9617e-03  -1.9494e+00   3.0356e+01   2.4336e+01   3.4958e+01 
  1.6230e+01   1.7858e+01   7.6644e+00   1.2400e+00   4.4252e-01 
  1.0904e-01   2.0054e-02   2.2962e-03   2.5583e-03   1.0877e-03 
  7.9882e-05   4.1882e-05   4.4069e-05  -5.6345e+00   4.9336e+00 


########################
# 00000025
########################
RSS 25251.48837096363
BP 0:
a0:   4.1301e+00   e0:  -5.5089e+00   b0:   1.4068e+03   
P: 
  1.0096e+02   1.1126e+01  -1.8353e+02   8.1814e+01  -8.0592e+01 
  4.7881e+01  -2.4636e+01   1.9295e+01  -6.8500e+00   7.8553e-01 
 -5.8832e-03  -1.9494e+00   3.0356e+01   2.4336e+01   3.4958e+01 
  1.6230e+01   1.7858e+01   7.6644e+00   1.2400e+00   4.4252e-01 
  1.0904e-01   2.0054e-02   2.2962e-03   2.5583e-03   1.0877e-03 
  7.9882e-05   4.1882e-05   4.4069e-05  -6.1092e+00   4.1925e+00 


########################
# 00000026
########################
RSS 26947.448511047594
BP 0:
a0:   4.3952e+00   e0:  -2.1154e+00   b0:   8.9026e+02   
P: 
  1.0154e+02   1.1746e+01  -2.1677e+02   7.2522e+01  -8.1810e+01 
  3.6801e+01  -2.6026e+01   2.1972e+01  -7.2266e+00   7.0924e-01 
 -5.4812e-03  -1.9494e+00   3.0356e+01   2.4336e+01   3.4958e+01 
  1.6230e+01   1.7858e+01   7.6644e+00   1.2400e+00   4.4252e-01 
  1.0904e-01   2.0054e-02   2.2962e-03   2.5583e-03   1.0877e-03 
  7.9882e-05   4.1882e-05   4.4069e-05  -6.5275e+00   5.0073e+00 


########################
# 00000027
########################
RSS 28423.338410978424
BP 0:
a0:   4.2012e+00   e0:  -3.6064e+00   b0:   1.5350e+03   
P: 
  9.9377e+01   1.2837e+01  -1.9289e+02   8.4958e+01  -7.4867e+01 
  4.3112e+01  -2.1542e+01   1.9147e+01  -7.3385e+00   9.8607e-01 
 -5.6562e-03  -1.9494e+00   3.0356e+01   2.4336e+01   3.4958e+01 
  1.6230e+01   1.7858e+01   7.6644e+00   1.2400e+00   4.4252e-01 
  1.0904e-01   2.0054e-02   2.2962e-03   2.5583e-03   1.0877e-03 
  7.9882e-05   4.1882e-05   4.4069e-05  -6.0454e+00   4.9101e+00 


########################
# 00000028
########################
RSS 28470.413470731844
BP 0:
a0:   4.1737e+00   e0:  -5.3205e+00   b0:   1.5077e+03   
P: 
  1.0782e+02   1.3940e+01  -1.8084e+02   9.4972e+01  -6.9778e+01 
  4.1836e+01  -2.1560e+01   1.9471e+01  -7.7127e+00   1.0721e+00 
 -6.1663e-03  -1.9494e+00   3.0356e+01   2.4336e+01   3.4958e+01 
  1.6230e+01   1.7858e+01   7.6644e+00   1.2400e+00   4.4252e-01 
  1.0904e-01   2.0054e-02   2.2962e-03   2.5583e-03   1.0877e-03 
  7.9882e-05   4.1882e-05   4.4069e-05  -6.2294e+00   4.7270e+00 


########################
# 00000029
########################
RSS 29458.99010932305
BP 0:
a0:   4.3243e+00   e0:  -3.9722e+00   b0:   1.4497e+03   
P: 
  8.3471e+01   1.1599e+01  -2.0456e+02   7.1187e+01  -7.7925e+01 
  4.1561e+01  -2.4984e+01   2.3218e+01  -8.0722e+00   8.3685e-01 
 -4.9380e-03  -1.9494e+00   3.0356e+01   2.4336e+01   3.4958e+01 
  1.6230e+01   1.7858e+01   7.6644e+00   1.2400e+00   4.4252e-01 
  1.0904e-01   2.0054e-02   2.2962e-03   2.5583e-03   1.0877e-03 
  7.9882e-05   4.1882e-05   4.4069e-05  -5.6128e+00   4.9541e+00 


########################
# 00000030
########################
RSS 29502.945669687255
BP 0:
a0:   4.1453e+00   e0:  -2.1586e+00   b0:   1.4363e+03   
P: 
  1.1182e+02   1.3507e+01  -1.8509e+02   8.7691e+01  -6.8803e+01 
  4.5683e+01  -2.4237e+01   1.9282e+01  -7.2464e+00   1.0122e+00 
 -6.1327e-03  -1.9494e+00   3.0356e+01   2.4336e+01   3.4958e+01 
  1.6230e+01   1.7858e+01   7.6644e+00   1.2400e+00   4.4252e-01 
  1.0904e-01   2.0054e-02   2.2962e-03   2.5583e-03   1.0877e-03 
  7.9882e-05   4.1882e-05   4.4069e-05  -7.1286e+00   5.2429e+00 


########################
# 00000031
########################
RSS 30139.01014118518
BP 0:
a0:   4.2298e+00   e0:  -1.6292e+00   b0:   1.1918e+03   
P: 
  9.7372e+01   1.0888e+01  -2.1051e+02   8.3900e+01  -8.0652e+01 
  4.3416e+01  -2.4940e+01   1.9957e+01  -6.9033e+00   7.9696e-01 
 -4.9774e-03  -1.9494e+00   3.0356e+01   2.4336e+01   3.4958e+01 
  1.6230e+01   1.7858e+01   7.6644e+00   1.2400e+00   4.4252e-01 
  1.0904e-01   2.0054e-02   2.2962e-03   2.5583e-03   1.0877e-03 
  7.9882e-05   4.1882e-05   4.4069e-05  -7.0042e+00   5.0221e+00 


########################
# 00000032
########################
RSS 30201.640281705288
BP 0:
a0:   4.2553e+00   e0:  -6.3267e+00   b0:   1.3284e+03   
P: 
  9.8752e+01   1.1772e+01  -2.0970e+02   7.1849e+01  -7.6168e+01 
  4.4202e+01  -2.6827e+01   2.3035e+01  -7.7671e+00   7.1625e-01 
 -5.8074e-03  -1.9494e+00   3.0356e+01   2.4336e+01   3.4958e+01 
  1.6230e+01   1.7858e+01   7.6644e+00   1.2400e+00   4.4252e-01 
  1.0904e-01   2.0054e-02   2.2962e-03   2.5583e-03   1.0877e-03 
  7.9882e-05   4.1882e-05   4.4069e-05  -7.2049e+00   5.1969e+00 


########################
# 00000033
########################
RSS 30642.576870369416
BP 0:
a0:   4.2549e+00   e0:  -4.1670e+00   b0:   1.5031e+03   
P: 
  8.6195e+01   1.1756e+01  -2.1054e+02   8.4439e+01  -8.3389e+01 
  4.3161e+01  -2.1878e+01   1.9662e+01  -6.9457e+00   7.5694e-01 
 -5.7110e-03  -1.9494e+00   3.0356e+01   2.4336e+01   3.4958e+01 
  1.6230e+01   1.7858e+01   7.6644e+00   1.2400e+00   4.4252e-01 
  1.0904e-01   2.0054e-02   2.2962e-03   2.5583e-03   1.0877e-03 
  7.9882e-05   4.1882e-05   4.4069e-05  -6.9245e+00   4.5354e+00 


########################
# 00000034
########################
RSS 30771.800383192283
BP 0:
a0:   4.2328e+00   e0:  -2.0847e+00   b0:   1.3512e+03   
P: 
  9.2106e+01   1.0943e+01  -2.0646e+02   7.7682e+01  -8.1192e+01 
  4.3492e+01  -2.3331e+01   1.9622e+01  -7.0394e+00   8.5719e-01 
 -4.9195e-03  -1.9494e+00   3.0356e+01   2.4336e+01   3.4958e+01 
  1.6230e+01   1.7858e+01   7.6644e+00   1.2400e+00   4.4252e-01 
  1.0904e-01   2.0054e-02   2.2962e-03   2.5583e-03   1.0877e-03 
  7.9882e-05   4.1882e-05   4.4069e-05  -5.7288e+00   5.3862e+00 


########################
# 00000035
########################
RSS 31743.58101867345
BP 0:
a0:   4.2851e+00   e0:  -5.1051e+00   b0:   1.4479e+03   
P: 
  9.0175e+01   1.2517e+01  -1.9283e+02   8.3464e+01  -8.1051e+01 
  3.9717e+01  -2.1151e+01   2.0184e+01  -7.2587e+00   7.9153e-01 
 -5.5041e-03  -1.9494e+00   3.0356e+01   2.4336e+01   3.4958e+01 
  1.6230e+01   1.7858e+01   7.6644e+00   1.2400e+00   4.4252e-01 
  1.0904e-01   2.0054e-02   2.2962e-03   2.5583e-03   1.0877e-03 
  7.9882e-05   4.1882e-05   4.4069e-05  -6.2892e+00   4.6964e+00 


########################
# 00000036
########################
RSS 31825.87005797
BP 0:
a0:   4.2656e+00   e0:  -5.3537e+00   b0:   1.5187e+03   
P: 
  1.0384e+02   1.1071e+01  -1.8918e+02   6.7502e+01  -8.0531e+01 
  4.2924e+01  -2.3753e+01   2.2135e+01  -8.0765e+00   9.2429e-01 
 -5.8476e-03  -1.9494e+00   3.0356e+01   2.4336e+01   3.4958e+01 
  1.6230e+01   1.7858e+01   7.6644e+00   1.2400e+00   4.4252e-01 
  1.0904e-01   2.0054e-02   2.2962e-03   2.5583e-03   1.0877e-03 
  7.9882e-05   4.1882e-05   4.4069e-05  -5.7970e+00   4.4241e+00 


########################
# 00000037
########################
RSS 32248.388258529394
BP 0:
a0:   4.2348e+00   e0:  -6.8090e+00   b0:   1.1562e+03   
P: 
  9.1169e+01   1.1224e+01  -2.1435e+02   7.4602e+01  -7.6692e+01 
  3.9554e+01  -2.3819e+01   2.0788e+01  -7.3216e+00   7.4945e-01 
 -5.5655e-03  -1.9494e+00   3.0356e+01   2.4336e+01   3.4958e+01 
  1.6230e+01   1.7858e+01   7.6644e+00   1.2400e+00   4.4252e-01 
  1.0904e-01   2.0054e-02   2.2962e-03   2.5583e-03   1.0877e-03 
  7.9882e-05   4.1882e-05   4.4069e-05  -6.5405e+00   4.8598e+00 


########################
# 00000038
########################
RSS 32360.53724069903
BP 0:
a0:   4.2732e+00   e0:  -4.2514e+00   b0:   1.5909e+03   
P: 
  9.5371e+01   1.1644e+01  -1.9548e+02   7.5561e+01  -7.4700e+01 
  4.4696e+01  -2.4632e+01   2.2212e+01  -7.6933e+00   7.9246e-01 
 -5.5593e-03  -1.9494e+00   3.0356e+01   2.4336e+01   3.4958e+01 
  1.6230e+01   1.7858e+01   7.6644e+00   1.2400e+00   4.4252e-01 
  1.0904e-01   2.0054e-02   2.2962e-03   2.5583e-03   1.0877e-03 
  7.9882e-05   4.1882e-05   4.4069e-05  -6.8633e+00   5.4545e+00 


########################
# 00000039
########################
RSS 32820.65560884859
BP 0:
a0:   4.2521e+00   e0:  -1.7552e+00   b0:   1.2915e+03   
P: 
  8.6839e+01   8.9632e+00  -2.0750e+02   7.8839e+01  -8.6909e+01 
  4.3943e+01  -2.4745e+01   2.0719e+01  -7.3767e+00   9.0056e-01 
 -6.1549e-03  -1.9494e+00   3.0356e+01   2.4336e+01   3.4958e+01 
  1.6230e+01   1.7858e+01   7.6644e+00   1.2400e+00   4.4252e-01 
  1.0904e-01   2.0054e-02   2.2962e-03   2.5583e-03   1.0877e-03 
  7.9882e-05   4.1882e-05   4.4069e-05  -6.6696e+00   4.7665e+00 


########################
# 00000040
########################
RSS 35343.65359045252
BP 0:
a0:   4.1979e+00   e0:  -7.0001e+00   b0:   1.1452e+03   
P: 
  9.8838e+01   1.2198e+01  -1.9962e+02   8.3335e+01  -7.5185e+01 
  3.6691e+01  -2.1173e+01   1.9220e+01  -7.3443e+00   9.0405e-01 
 -5.1876e-03  -1.9494e+00   3.0356e+01   2.4336e+01   3.4958e+01 
  1.6230e+01   1.7858e+01   7.6644e+00   1.2400e+00   4.4252e-01 
  1.0904e-01   2.0054e-02   2.2962e-03   2.5583e-03   1.0877e-03 
  7.9882e-05   4.1882e-05   4.4069e-05  -6.1056e+00   4.5388e+00 


########################
# 00000041
########################
RSS 35727.134896587806
BP 0:
a0:   4.2789e+00   e0:  -7.1006e+00   b0:   1.1018e+03   
P: 
  9.4335e+01   1.0854e+01  -2.1897e+02   7.2165e+01  -8.1406e+01 
  3.4851e+01  -2.1555e+01   2.0658e+01  -7.7765e+00   9.0873e-01 
 -4.9374e-03  -1.9494e+00   3.0356e+01   2.4336e+01   3.4958e+01 
  1.6230e+01   1.7858e+01   7.6644e+00   1.2400e+00   4.4252e-01 
  1.0904e-01   2.0054e-02   2.2962e-03   2.5583e-03   1.0877e-03 
  7.9882e-05   4.1882e-05   4.4069e-05  -5.7615e+00   5.2844e+00 


########################
# 00000042
########################
RSS 35844.18730618384
BP 0:
a0:   4.2417e+00   e0:  -4.0881e+00   b0:   1.6168e+03   
P: 
  1.0350e+02   1.2869e+01  -1.7839e+02   7.5545e+01  -7.5834e+01 
  4.2708e+01  -2.1407e+01   1.9975e+01  -7.4585e+00   9.2387e-01 
 -5.9274e-03  -1.9494e+00   3.0356e+01   2.4336e+01   3.4958e+01 
  1.6230e+01   1.7858e+01   7.6644e+00   1.2400e+00   4.4252e-01 
  1.0904e-01   2.0054e-02   2.2962e-03   2.5583e-03   1.0877e-03 
  7.9882e-05   4.1882e-05   4.4069e-05  -6.5671e+00   4.5963e+00 


########################
# 00000043
########################
RSS 36204.85960465702
BP 0:
a0:   4.2649e+00   e0:  -6.7665e+00   b0:   1.3036e+03   
P: 
  9.3820e+01   1.1851e+01  -1.9851e+02   8.6433e+01  -8.3218e+01 
  4.0627e+01  -2.3497e+01   2.1432e+01  -7.5958e+00   7.7722e-01 
 -4.9209e-03  -1.9494e+00   3.0356e+01   2.4336e+01   3.4958e+01 
  1.6230e+01   1.7858e+01   7.6644e+00   1.2400e+00   4.4252e-01 
  1.0904e-01   2.0054e-02   2.2962e-03   2.5583e-03   1.0877e-03 
  7.9882e-05   4.1882e-05   4.4069e-05  -7.2150e+00   4.6334e+00 


########################
# 00000044
########################
RSS 37446.184236251895
BP 0:
a0:   4.4040e+00   e0:  -3.8235e+00   b0:   1.3444e+03   
P: 
  9.0813e+01   1.1234e+01  -2.1746e+02   7.0762e+01  -7.3998e+01 
  3.4241e+01  -2.2632e+01   2.2896e+01  -8.0155e+00   8.4572e-01 
 -5.8257e-03  -1.9494e+00   3.0356e+01   2.4336e+01   3.4958e+01 
  1.6230e+01   1.7858e+01   7.6644e+00   1.2400e+00   4.4252e-01 
  1.0904e-01   2.0054e-02   2.2962e-03   2.5583e-03   1.0877e-03 
  7.9882e-05   4.1882e-05   4.4069e-05  -6.4269e+00   5.0387e+00 


########################
# 00000045
########################
RSS 38139.61187489432
BP 0:
a0:   4.2474e+00   e0:  -1.6035e+00   b0:   1.3496e+03   
P: 
  1.0303e+02   1.0321e+01  -1.9928e+02   8.2698e+01  -8.7998e+01 
  4.4689e+01  -2.3566e+01   1.9482e+01  -6.7592e+00   7.8157e-01 
 -6.0621e-03  -1.9494e+00   3.0356e+01   2.4336e+01   3.4958e+01 
  1.6230e+01   1.7858e+01   7.6644e+00   1.2400e+00   4.4252e-01 
  1.0904e-01   2.0054e-02   2.2962e-03   2.5583e-03   1.0877e-03 
  7.9882e-05   4.1882e-05   4.4069e-05  -6.6040e+00   5.0137e+00 


########################
# 00000046
########################
RSS 38361.878103389485
BP 0:
a0:   4.2952e+00   e0:  -5.7088e+00   b0:   1.4962e+03   
P: 
  1.0219e+02   1.2230e+01  -1.8002e+02   8.1535e+01  -8.1586e+01 
  3.9823e+01  -2.1610e+01   2.1141e+01  -7.6470e+00   8.2768e-01 
 -5.0430e-03  -1.9494e+00   3.0356e+01   2.4336e+01   3.4958e+01 
  1.6230e+01   1.7858e+01   7.6644e+00   1.2400e+00   4.4252e-01 
  1.0904e-01   2.0054e-02   2.2962e-03   2.5583e-03   1.0877e-03 
  7.9882e-05   4.1882e-05   4.4069e-05  -6.4282e+00   4.8617e+00 


########################
# 00000047
########################
RSS 38377.922060620374
BP 0:
a0:   4.2776e+00   e0:  -7.1106e+00   b0:   1.2170e+03   
P: 
  1.0281e+02   1.1278e+01  -2.0600e+02   8.3844e+01  -8.2161e+01 
  3.9569e+01  -2.3756e+01   2.1535e+01  -7.5049e+00   7.2687e-01 
 -5.3929e-03  -1.9494e+00   3.0356e+01   2.4336e+01   3.4958e+01 
  1.6230e+01   1.7858e+01   7.6644e+00   1.2400e+00   4.4252e-01 
  1.0904e-01   2.0054e-02   2.2962e-03   2.5583e-03   1.0877e-03 
  7.9882e-05   4.1882e-05   4.4069e-05  -6.5480e+00   4.8608e+00 


########################
# 00000048
########################
RSS 38389.87650252365
BP 0:
a0:   4.1882e+00   e0:  -6.7453e+00   b0:   1.4107e+03   
P: 
  8.4843e+01   1.1148e+01  -2.1143e+02   8.0743e+01  -8.7214e+01 
  4.6087e+01  -2.5209e+01   2.1674e+01  -7.9525e+00   9.2719e-01 
 -5.9316e-03  -1.9494e+00   3.0356e+01   2.4336e+01   3.4958e+01 
  1.6230e+01   1.7858e+01   7.6644e+00   1.2400e+00   4.4252e-01 
  1.0904e-01   2.0054e-02   2.2962e-03   2.5583e-03   1.0877e-03 
  7.9882e-05   4.1882e-05   4.4069e-05  -6.3701e+00   5.1234e+00 


########################
# 00000049
########################
RSS 39080.54472926271
BP 0:
a0:   4.3550e+00   e0:  -1.9997e+00   b0:   1.2790e+03   
P: 
  1.0056e+02   1.2716e+01  -1.8908e+02   7.5572e+01  -7.2930e+01 
  3.7820e+01  -2.4253e+01   2.2335e+01  -7.7967e+00   8.6780e-01 
 -5.3507e-03  -1.9494e+00   3.0356e+01   2.4336e+01   3.4958e+01 
  1.6230e+01   1.7858e+01   7.6644e+00   1.2400e+00   4.4252e-01 
  1.0904e-01   2.0054e-02   2.2962e-03   2.5583e-03   1.0877e-03 
  7.9882e-05   4.1882e-05   4.4069e-05  -5.8322e+00   5.0442e+00 


########################
# 00000050
########################
RSS 40001.274171663325
BP 0:
a0:   4.2531e+00   e0:  -6.6724e+00   b0:   1.4217e+03   
P: 
  9.2838e+01   1.2186e+01  -1.9977e+02   7.8334e+01  -7.5492e+01 
  3.8698e+01  -2.1935e+01   2.1319e+01  -8.1246e+00   9.8873e-01 
 -5.4103e-03  -1.9494e+00   3.0356e+01   2.4336e+01   3.4958e+01 
  1.6230e+01   1.7858e+01   7.6644e+00   1.2400e+00   4.4252e-01 
  1.0904e-01   2.0054e-02   2.2962e-03   2.5583e-03   1.0877e-03 
  7.9882e-05   4.1882e-05   4.4069e-05  -7.1284e+00   4.3730e+00 


########################
# 00000051
########################
RSS 41754.17033489375
BP 0:
a0:   4.2875e+00   e0:  -3.6333e+00   b0:   1.6701e+03   
P: 
  8.5978e+01   1.1535e+01  -2.0999e+02   7.7232e+01  -7.5742e+01 
  4.3716e+01  -2.3659e+01   2.2318e+01  -7.9849e+00   8.9420e-01 
 -4.9601e-03  -1.9494e+00   3.0356e+01   2.4336e+01   3.4958e+01 
  1.6230e+01   1.7858e+01   7.6644e+00   1.2400e+00   4.4252e-01 
  1.0904e-01   2.0054e-02   2.2962e-03   2.5583e-03   1.0877e-03 
  7.9882e-05   4.1882e-05   4.4069e-05  -6.6581e+00   4.6632e+00 


########################
# 00000052
########################
RSS 42148.2574523825
BP 0:
a0:   4.1034e+00   e0:  -3.2443e+00   b0:   1.9672e+03   
P: 
  1.1041e+02   1.3237e+01  -1.6720e+02   9.4972e+01  -6.5448e+01 
  5.8060e+01  -2.9561e+01   2.2790e+01  -8.5769e+00   1.2044e+00 
 -6.2898e-03  -1.9494e+00   3.0356e+01   2.4336e+01   3.4958e+01 
  1.6230e+01   1.7858e+01   7.6644e+00   1.2400e+00   4.4252e-01 
  1.0904e-01   2.0054e-02   2.2962e-03   2.5583e-03   1.0877e-03 
  7.9882e-05   4.1882e-05   4.4069e-05  -8.6288e+00   4.8840e+00 


########################
# 00000053
########################
RSS 42265.4443459905
BP 0:
a0:   4.2885e+00   e0:  -6.7714e+00   b0:   1.4296e+03   
P: 
  1.0272e+02   1.1437e+01  -2.0547e+02   6.9521e+01  -8.2640e+01 
  4.1689e+01  -2.3932e+01   2.2417e+01  -7.8731e+00   7.7928e-01 
 -5.3030e-03  -1.9494e+00   3.0356e+01   2.4336e+01   3.4958e+01 
  1.6230e+01   1.7858e+01   7.6644e+00   1.2400e+00   4.4252e-01 
  1.0904e-01   2.0054e-02   2.2962e-03   2.5583e-03   1.0877e-03 
  7.9882e-05   4.1882e-05   4.4069e-05  -6.0703e+00   4.7344e+00 


########################
# 00000054
########################
RSS 42660.04823249917
BP 0:
a0:   4.2665e+00   e0:  -6.8584e+00   b0:   1.3892e+03   
P: 
  1.0278e+02   1.2248e+01  -1.9959e+02   6.8509e+01  -7.7624e+01 
  3.8829e+01  -2.1352e+01   2.0441e+01  -7.4328e+00   7.9510e-01 
 -5.0924e-03  -1.9494e+00   3.0356e+01   2.4336e+01   3.4958e+01 
  1.6230e+01   1.7858e+01   7.6644e+00   1.2400e+00   4.4252e-01 
  1.0904e-01   2.0054e-02   2.2962e-03   2.5583e-03   1.0877e-03 
  7.9882e-05   4.1882e-05   4.4069e-05  -5.9819e+00   5.3435e+00 


########################
# 00000055
########################
RSS 42962.923471407
BP 0:
a0:   4.3778e+00   e0:  -4.3187e+00   b0:   1.4427e+03   
P: 
  9.7454e+01   1.1502e+01  -2.0260e+02   6.9753e+01  -8.2509e+01 
  3.6199e+01  -2.0838e+01   2.1231e+01  -7.3036e+00   7.1202e-01 
 -5.6189e-03  -1.9494e+00   3.0356e+01   2.4336e+01   3.4958e+01 
  1.6230e+01   1.7858e+01   7.6644e+00   1.2400e+00   4.4252e-01 
  1.0904e-01   2.0054e-02   2.2962e-03   2.5583e-03   1.0877e-03 
  7.9882e-05   4.1882e-05   4.4069e-05  -6.9016e+00   4.9547e+00 


########################
# 00000056
########################
RSS 43101.093049829964
BP 0:
a0:   4.2828e+00   e0:  -7.4511e+00   b0:   1.1925e+03   
P: 
  8.5635e+01   1.0473e+01  -2.0688e+02   7.6643e+01  -8.1850e+01 
  4.0013e+01  -2.4691e+01   2.2105e+01  -7.5497e+00   6.8561e-01 
 -5.5065e-03  -1.9494e+00   3.0356e+01   2.4336e+01   3.4958e+01 
  1.6230e+01   1.7858e+01   7.6644e+00   1.2400e+00   4.4252e-01 
  1.0904e-01   2.0054e-02   2.2962e-03   2.5583e-03   1.0877e-03 
  7.9882e-05   4.1882e-05   4.4069e-05  -7.2692e+00   4.9305e+00 


########################
# 00000057
########################
RSS 43822.47366376974
BP 0:
a0:   4.2098e+00   e0:  -1.2731e+00   b0:   1.4214e+03   
P: 
  1.1973e+02   1.3113e+01  -1.9813e+02   9.0312e+01  -6.9001e+01 
  4.0894e+01  -2.1221e+01   1.8369e+01  -7.0391e+00   1.0011e+00 
 -5.6946e-03  -1.9494e+00   3.0356e+01   2.4336e+01   3.4958e+01 
  1.6230e+01   1.7858e+01   7.6644e+00   1.2400e+00   4.4252e-01 
  1.0904e-01   2.0054e-02   2.2962e-03   2.5583e-03   1.0877e-03 
  7.9882e-05   4.1882e-05   4.4069e-05  -6.9068e+00   5.7217e+00 


########################
# 00000058
########################
RSS 43908.156999207444
BP 0:
a0:   4.2317e+00   e0:  -5.4248e+00   b0:   1.7601e+03   
P: 
  1.0258e+02   1.0218e+01  -1.9812e+02   6.9759e+01  -7.3827e+01 
  4.6616e+01  -2.3953e+01   2.2027e+01  -8.0413e+00   9.1792e-01 
 -4.8878e-03  -1.9494e+00   3.0356e+01   2.4336e+01   3.4958e+01 
  1.6230e+01   1.7858e+01   7.6644e+00   1.2400e+00   4.4252e-01 
  1.0904e-01   2.0054e-02   2.2962e-03   2.5583e-03   1.0877e-03 
  7.9882e-05   4.1882e-05   4.4069e-05  -6.6820e+00   4.8755e+00 


########################
# 00000059
########################
RSS 44402.319916902474
BP 0:
a0:   4.1603e+00   e0:  -7.3704e+00   b0:   1.2441e+03   
P: 
  1.0390e+02   1.3024e+01  -1.9436e+02   7.7408e+01  -7.4849e+01 
  4.0582e+01  -2.2925e+01   1.9836e+01  -7.4378e+00   8.9480e-01 
 -5.7325e-03  -1.9494e+00   3.0356e+01   2.4336e+01   3.4958e+01 
  1.6230e+01   1.7858e+01   7.6644e+00   1.2400e+00   4.4252e-01 
  1.0904e-01   2.0054e-02   2.2962e-03   2.5583e-03   1.0877e-03 
  7.9882e-05   4.1882e-05   4.4069e-05  -7.2511e+00   4.8358e+00 


########################
# 00000060
########################
RSS 44418.4678498974
BP 0:
a0:   4.3074e+00   e0:  -4.1776e+00   b0:   1.6631e+03   
P: 
  9.4830e+01   1.1853e+01  -1.9674e+02   6.8929e+01  -8.3850e+01 
  4.3398e+01  -2.3411e+01   2.2624e+01  -8.0613e+00   8.7695e-01 
 -5.0378e-03  -1.9494e+00   3.0356e+01   2.4336e+01   3.4958e+01 
  1.6230e+01   1.7858e+01   7.6644e+00   1.2400e+00   4.4252e-01 
  1.0904e-01   2.0054e-02   2.2962e-03   2.5583e-03   1.0877e-03 
  7.9882e-05   4.1882e-05   4.4069e-05  -6.4904e+00   4.5454e+00 


########################
# 00000061
########################
RSS 44556.49408554774
BP 0:
a0:   4.2680e+00   e0:  -7.1656e+00   b0:   1.3863e+03   
P: 
  9.5845e+01   1.1620e+01  -2.0037e+02   7.7890e+01  -8.0881e+01 
  4.2059e+01  -2.4577e+01   2.2547e+01  -7.9576e+00   7.9904e-01 
 -5.2677e-03  -1.9494e+00   3.0356e+01   2.4336e+01   3.4958e+01 
  1.6230e+01   1.7858e+01   7.6644e+00   1.2400e+00   4.4252e-01 
  1.0904e-01   2.0054e-02   2.2962e-03   2.5583e-03   1.0877e-03 
  7.9882e-05   4.1882e-05   4.4069e-05  -6.4794e+00   4.5908e+00 


########################
# 00000062
########################
RSS 45631.355515459894
BP 0:
a0:   4.2050e+00   e0:  -4.4654e+00   b0:   1.7827e+03   
P: 
  1.0641e+02   1.3586e+01  -1.9302e+02   8.3980e+01  -7.2854e+01 
  4.4896e+01  -2.0821e+01   1.9344e+01  -7.4364e+00   9.7769e-01 
 -5.9250e-03  -1.9494e+00   3.0356e+01   2.4336e+01   3.4958e+01 
  1.6230e+01   1.7858e+01   7.6644e+00   1.2400e+00   4.4252e-01 
  1.0904e-01   2.0054e-02   2.2962e-03   2.5583e-03   1.0877e-03 
  7.9882e-05   4.1882e-05   4.4069e-05  -7.7268e+00   4.8522e+00 


########################
# 00000063
########################
RSS 45807.97534922773
BP 0:
a0:   4.2318e+00   e0:  -1.8469e+00   b0:   1.4698e+03   
P: 
  8.6365e+01   9.2496e+00  -2.0864e+02   9.2363e+01  -8.7392e+01 
  4.0674e+01  -1.8983e+01   1.7573e+01  -6.9842e+00   1.0305e+00 
 -5.9465e-03  -1.9494e+00   3.0356e+01   2.4336e+01   3.4958e+01 
  1.6230e+01   1.7858e+01   7.6644e+00   1.2400e+00   4.4252e-01 
  1.0904e-01   2.0054e-02   2.2962e-03   2.5583e-03   1.0877e-03 
  7.9882e-05   4.1882e-05   4.4069e-05  -5.9164e+00   5.4126e+00 


########################
# 00000064
########################
RSS 45817.3557450612
BP 0:
a0:   4.3294e+00   e0:  -1.0524e+00   b0:   1.1851e+03   
P: 
  9.3911e+01   1.1929e+01  -2.1461e+02   6.9778e+01  -7.6366e+01 
  3.8984e+01  -2.3821e+01   2.0514e+01  -6.9158e+00   7.3538e-01 
 -5.0454e-03  -1.9494e+00   3.0356e+01   2.4336e+01   3.4958e+01 
  1.6230e+01   1.7858e+01   7.6644e+00   1.2400e+00   4.4252e-01 
  1.0904e-01   2.0054e-02   2.2962e-03   2.5583e-03   1.0877e-03 
  7.9882e-05   4.1882e-05   4.4069e-05  -6.9605e+00   4.9213e+00 


########################
# 00000065
########################
RSS 45826.661749635634
BP 0:
a0:   4.3211e+00   e0:  -2.6567e+00   b0:   1.5427e+03   
P: 
  9.9452e+01   1.0685e+01  -2.1229e+02   7.1374e+01  -7.9077e+01 
  4.0736e+01  -2.2621e+01   2.1655e+01  -7.7222e+00   8.7890e-01 
 -5.5402e-03  -1.9494e+00   3.0356e+01   2.4336e+01   3.4958e+01 
  1.6230e+01   1.7858e+01   7.6644e+00   1.2400e+00   4.4252e-01 
  1.0904e-01   2.0054e-02   2.2962e-03   2.5583e-03   1.0877e-03 
  7.9882e-05   4.1882e-05   4.4069e-05  -6.2565e+00   5.1081e+00 


########################
# 00000066
########################
RSS 46254.491026198346
BP 0:
a0:   4.1816e+00   e0:  -7.0800e+00   b0:   1.4316e+03   
P: 
  1.0098e+02   1.1157e+01  -1.9422e+02   7.0443e+01  -8.0108e+01 
  4.2617e+01  -2.1724e+01   1.9256e+01  -7.1613e+00   8.3490e-01 
 -5.2692e-03  -1.9494e+00   3.0356e+01   2.4336e+01   3.4958e+01 
  1.6230e+01   1.7858e+01   7.6644e+00   1.2400e+00   4.4252e-01 
  1.0904e-01   2.0054e-02   2.2962e-03   2.5583e-03   1.0877e-03 
  7.9882e-05   4.1882e-05   4.4069e-05  -7.5319e+00   5.1636e+00 


########################
# 00000067
########################
RSS 46672.77100437451
BP 0:
a0:   4.2728e+00   e0:  -7.6380e+00   b0:   1.1839e+03   
P: 
  8.4782e+01   1.1927e+01  -1.9566e+02   6.7636e+01  -7.6003e+01 
  3.7291e+01  -2.3703e+01   2.2233e+01  -8.1544e+00   8.9732e-01 
 -5.6313e-03  -1.9494e+00   3.0356e+01   2.4336e+01   3.4958e+01 
  1.6230e+01   1.7858e+01   7.6644e+00   1.2400e+00   4.4252e-01 
  1.0904e-01   2.0054e-02   2.2962e-03   2.5583e-03   1.0877e-03 
  7.9882e-05   4.1882e-05   4.4069e-05  -5.7221e+00   4.6438e+00 


########################
# 00000068
########################
RSS 46852.24988369638
BP 0:
a0:   4.3387e+00   e0:  -3.5392e+00   b0:   1.5919e+03   
P: 
  9.8403e+01   1.1677e+01  -1.8915e+02   7.9013e+01  -8.2849e+01 
  4.0684e+01  -2.2733e+01   2.2431e+01  -7.9418e+00   8.6396e-01 
 -5.6891e-03  -1.9494e+00   3.0356e+01   2.4336e+01   3.4958e+01 
  1.6230e+01   1.7858e+01   7.6644e+00   1.2400e+00   4.4252e-01 
  1.0904e-01   2.0054e-02   2.2962e-03   2.5583e-03   1.0877e-03 
  7.9882e-05   4.1882e-05   4.4069e-05  -6.6528e+00   4.8531e+00 


########################
# 00000069
########################
RSS 46935.215288450665
BP 0:
a0:   4.3846e+00   e0:  -6.9557e-01   b0:   8.9147e+02   
P: 
  8.2038e+01   1.0769e+01  -1.9352e+02   9.1979e+01  -9.4414e+01 
  3.7622e+01  -2.5323e+01   2.1399e+01  -7.3735e+00   8.5795e-01 
 -5.6447e-03  -1.9494e+00   3.0356e+01   2.4336e+01   3.4958e+01 
  1.6230e+01   1.7858e+01   7.6644e+00   1.2400e+00   4.4252e-01 
  1.0904e-01   2.0054e-02   2.2962e-03   2.5583e-03   1.0877e-03 
  7.9882e-05   4.1882e-05   4.4069e-05  -6.7840e+00   5.0019e+00 


########################
# 00000070
########################
RSS 47694.45141535769
BP 0:
a0:   4.2212e+00   e0:  -3.6479e-01   b0:   1.0690e+03   
P: 
  9.0766e+01   1.0509e+01  -1.9349e+02   8.3087e+01  -8.8878e+01 
  4.0753e+01  -2.3612e+01   1.9339e+01  -7.3552e+00   1.0645e+00 
 -5.2189e-03  -1.9494e+00   3.0356e+01   2.4336e+01   3.4958e+01 
  1.6230e+01   1.7858e+01   7.6644e+00   1.2400e+00   4.4252e-01 
  1.0904e-01   2.0054e-02   2.2962e-03   2.5583e-03   1.0877e-03 
  7.9882e-05   4.1882e-05   4.4069e-05  -5.8654e+00   5.3371e+00 


########################
# 00000071
########################
RSS 48088.58930525584
BP 0:
a0:   4.4361e+00   e0:  -3.1783e+00   b0:   1.3322e+03   
P: 
  1.0099e+02   9.7247e+00  -1.9990e+02   7.8752e+01  -8.2299e+01 
  3.5645e+01  -2.3093e+01   2.2745e+01  -7.4984e+00   6.7944e-01 
 -5.5332e-03  -1.9494e+00   3.0356e+01   2.4336e+01   3.4958e+01 
  1.6230e+01   1.7858e+01   7.6644e+00   1.2400e+00   4.4252e-01 
  1.0904e-01   2.0054e-02   2.2962e-03   2.5583e-03   1.0877e-03 
  7.9882e-05   4.1882e-05   4.4069e-05  -5.7890e+00   4.8770e+00 


########################
# 00000072
########################
RSS 48096.50108979403
BP 0:
a0:   4.1908e+00   e0:  -7.4019e+00   b0:   1.3976e+03   
P: 
  1.0517e+02   1.0749e+01  -1.8718e+02   8.5537e+01  -7.8942e+01 
  4.6851e+01  -2.6568e+01   2.2261e+01  -7.7427e+00   7.7522e-01 
 -5.9859e-03  -1.9494e+00   3.0356e+01   2.4336e+01   3.4958e+01 
  1.6230e+01   1.7858e+01   7.6644e+00   1.2400e+00   4.4252e-01 
  1.0904e-01   2.0054e-02   2.2962e-03   2.5583e-03   1.0877e-03 
  7.9882e-05   4.1882e-05   4.4069e-05  -5.8987e+00   4.2725e+00 


########################
# 00000073
########################
RSS 48330.53568072409
BP 0:
a0:   4.2591e+00   e0:  -6.1471e+00   b0:   1.6742e+03   
P: 
  9.3809e+01   1.0053e+01  -1.9585e+02   8.1085e+01  -8.1636e+01 
  4.5584e+01  -2.3551e+01   2.1926e+01  -7.7481e+00   7.8761e-01 
 -4.7687e-03  -1.9494e+00   3.0356e+01   2.4336e+01   3.4958e+01 
  1.6230e+01   1.7858e+01   7.6644e+00   1.2400e+00   4.4252e-01 
  1.0904e-01   2.0054e-02   2.2962e-03   2.5583e-03   1.0877e-03 
  7.9882e-05   4.1882e-05   4.4069e-05  -5.6825e+00   5.5396e+00 


########################
# 00000074
########################
RSS 48657.569569175386
BP 0:
a0:   4.3000e+00   e0:  -1.8385e+00   b0:   1.4123e+03   
P: 
  8.7018e+01   1.0859e+01  -2.0646e+02   8.8099e+01  -8.5939e+01 
  3.9215e+01  -1.9768e+01   1.8465e+01  -6.6577e+00   8.0138e-01 
 -5.5815e-03  -1.9494e+00   3.0356e+01   2.4336e+01   3.4958e+01 
  1.6230e+01   1.7858e+01   7.6644e+00   1.2400e+00   4.4252e-01 
  1.0904e-01   2.0054e-02   2.2962e-03   2.5583e-03   1.0877e-03 
  7.9882e-05   4.1882e-05   4.4069e-05  -6.4454e+00   5.6077e+00 


########################
# 00000075
########################
RSS 48917.77173257963
BP 0:
a0:   4.1238e+00   e0:  -4.7635e+00   b0:   2.1186e+03   
P: 
  1.0175e+02   1.4185e+01  -1.8154e+02   9.9910e+01  -7.0913e+01 
  6.2846e+01  -3.2017e+01   2.4925e+01  -8.9744e+00   1.1067e+00 
 -6.0322e-03  -1.9494e+00   3.0356e+01   2.4336e+01   3.4958e+01 
  1.6230e+01   1.7858e+01   7.6644e+00   1.2400e+00   4.4252e-01 
  1.0904e-01   2.0054e-02   2.2962e-03   2.5583e-03   1.0877e-03 
  7.9882e-05   4.1882e-05   4.4069e-05  -7.7991e+00   4.7239e+00 


########################
# 00000076
########################
RSS 50313.85456322759
BP 0:
a0:   4.1831e+00   e0:  -1.8518e+00   b0:   1.7519e+03   
P: 
  1.1229e+02   1.4787e+01  -1.9699e+02   7.7562e+01  -6.5506e+01 
  4.7639e+01  -2.3141e+01   1.9546e+01  -7.3515e+00   1.0077e+00 
 -6.1818e-03  -1.9494e+00   3.0356e+01   2.4336e+01   3.4958e+01 
  1.6230e+01   1.7858e+01   7.6644e+00   1.2400e+00   4.4252e-01 
  1.0904e-01   2.0054e-02   2.2962e-03   2.5583e-03   1.0877e-03 
  7.9882e-05   4.1882e-05   4.4069e-05  -6.9862e+00   5.4266e+00 


########################
# 00000077
########################
RSS 50779.325245597836
BP 0:
a0:   4.1765e+00   e0:  -7.2398e+00   b0:   1.4770e+03   
P: 
  9.0818e+01   1.1422e+01  -2.1057e+02   9.0103e+01  -8.4523e+01 
  4.5128e+01  -2.2476e+01   1.9512e+01  -7.1416e+00   8.0080e-01 
 -5.2076e-03  -1.9494e+00   3.0356e+01   2.4336e+01   3.4958e+01 
  1.6230e+01   1.7858e+01   7.6644e+00   1.2400e+00   4.4252e-01 
  1.0904e-01   2.0054e-02   2.2962e-03   2.5583e-03   1.0877e-03 
  7.9882e-05   4.1882e-05   4.4069e-05  -5.7524e+00   5.2397e+00 


########################
# 00000078
########################
RSS 50894.51369995691
BP 0:
a0:   4.2437e+00   e0:  -1.1050e+00   b0:   1.4673e+03   
P: 
  1.0281e+02   1.2127e+01  -2.2010e+02   7.6745e+01  -8.0646e+01 
  4.5323e+01  -2.3521e+01   1.9662e+01  -6.8860e+00   8.1185e-01 
 -4.9208e-03  -1.9494e+00   3.0356e+01   2.4336e+01   3.4958e+01 
  1.6230e+01   1.7858e+01   7.6644e+00   1.2400e+00   4.4252e-01 
  1.0904e-01   2.0054e-02   2.2962e-03   2.5583e-03   1.0877e-03 
  7.9882e-05   4.1882e-05   4.4069e-05  -6.0752e+00   5.1946e+00 


########################
# 00000079
########################
RSS 51143.30416434577
BP 0:
a0:   4.2428e+00   e0:  -3.8974e-01   b0:   1.1855e+03   
P: 
  8.7843e+01   1.1504e+01  -1.8095e+02   7.8611e+01  -7.8906e+01 
  4.2723e+01  -2.4357e+01   1.9359e+01  -6.6477e+00   7.8125e-01 
 -5.0246e-03  -1.9494e+00   3.0356e+01   2.4336e+01   3.4958e+01 
  1.6230e+01   1.7858e+01   7.6644e+00   1.2400e+00   4.4252e-01 
  1.0904e-01   2.0054e-02   2.2962e-03   2.5583e-03   1.0877e-03 
  7.9882e-05   4.1882e-05   4.4069e-05  -7.1078e+00   5.1228e+00 


########################
# 00000080
########################
RSS 51702.320959061035
BP 0:
a0:   4.2468e+00   e0:  -5.4549e-01   b0:   1.2892e+03   
P: 
  8.7678e+01   1.1333e+01  -2.1102e+02   7.9401e+01  -7.7606e+01 
  4.6473e+01  -2.7150e+01   2.1425e+01  -7.1963e+00   7.9645e-01 
 -5.8089e-03  -1.9494e+00   3.0356e+01   2.4336e+01   3.4958e+01 
  1.6230e+01   1.7858e+01   7.6644e+00   1.2400e+00   4.4252e-01 
  1.0904e-01   2.0054e-02   2.2962e-03   2.5583e-03   1.0877e-03 
  7.9882e-05   4.1882e-05   4.4069e-05  -5.8094e+00   4.6565e+00 


########################
# 00000081
########################
RSS 52244.165278619934
BP 0:
a0:   4.3321e+00   e0:  -6.4665e+00   b0:   1.4680e+03   
P: 
  7.6721e+01   1.0362e+01  -2.0674e+02   9.7366e+01  -8.9857e+01 
  3.6284e+01  -1.9240e+01   2.0592e+01  -7.6644e+00   8.6010e-01 
 -5.7945e-03  -1.9494e+00   3.0356e+01   2.4336e+01   3.4958e+01 
  1.6230e+01   1.7858e+01   7.6644e+00   1.2400e+00   4.4252e-01 
  1.0904e-01   2.0054e-02   2.2962e-03   2.5583e-03   1.0877e-03 
  7.9882e-05   4.1882e-05   4.4069e-05  -5.6849e+00   5.5430e+00 


########################
# 00000082
########################
RSS 53150.6530310471
BP 0:
a0:   4.3120e+00   e0:  -1.7652e+00   b0:   1.5513e+03   
P: 
  9.6022e+01   1.3034e+01  -2.0304e+02   6.9850e+01  -7.3573e+01 
  4.1911e+01  -2.3711e+01   2.1954e+01  -7.7425e+00   8.8263e-01 
 -5.4097e-03  -1.9494e+00   3.0356e+01   2.4336e+01   3.4958e+01 
  1.6230e+01   1.7858e+01   7.6644e+00   1.2400e+00   4.4252e-01 
  1.0904e-01   2.0054e-02   2.2962e-03   2.5583e-03   1.0877e-03 
  7.9882e-05   4.1882e-05   4.4069e-05  -6.2754e+00   5.2257e+00 


########################
# 00000083
########################
RSS 53592.1770576765
BP 0:
a0:   4.0830e+00   e0:  -3.1983e+00   b0:   2.1821e+03   
P: 
  1.0141e+02   1.4039e+01  -1.9050e+02   9.8048e+01  -6.8484e+01 
  6.3955e+01  -3.0860e+01   2.2883e+01  -8.5252e+00   1.1998e+00 
 -6.2397e-03  -1.9494e+00   3.0356e+01   2.4336e+01   3.4958e+01 
  1.6230e+01   1.7858e+01   7.6644e+00   1.2400e+00   4.4252e-01 
  1.0904e-01   2.0054e-02   2.2962e-03   2.5583e-03   1.0877e-03 
  7.9882e-05   4.1882e-05   4.4069e-05  -8.4587e+00   5.1366e+00 


########################
# 00000084
########################
RSS 53822.392947643566
BP 0:
a0:   4.1420e+00   e0:  -3.5897e+00   b0:   2.1799e+03   
P: 
  1.0932e+02   1.4746e+01  -1.9745e+02   1.0511e+02  -7.3423e+01 
  6.1405e+01  -3.0435e+01   2.4557e+01  -9.1647e+00   1.2253e+00 
 -5.8372e-03  -1.9494e+00   3.0356e+01   2.4336e+01   3.4958e+01 
  1.6230e+01   1.7858e+01   7.6644e+00   1.2400e+00   4.4252e-01 
  1.0904e-01   2.0054e-02   2.2962e-03   2.5583e-03   1.0877e-03 
  7.9882e-05   4.1882e-05   4.4069e-05  -8.3582e+00   5.2248e+00 


########################
# 00000085
########################
RSS 53884.35504366404
BP 0:
a0:   4.3435e+00   e0:  -2.5057e+00   b0:   1.5873e+03   
P: 
  8.6142e+01   1.1629e+01  -2.0381e+02   8.2504e+01  -7.5637e+01 
  3.9775e+01  -2.2867e+01   2.2522e+01  -8.0276e+00   9.1155e-01 
 -5.8171e-03  -1.9494e+00   3.0356e+01   2.4336e+01   3.4958e+01 
  1.6230e+01   1.7858e+01   7.6644e+00   1.2400e+00   4.4252e-01 
  1.0904e-01   2.0054e-02   2.2962e-03   2.5583e-03   1.0877e-03 
  7.9882e-05   4.1882e-05   4.4069e-05  -6.1840e+00   4.9303e+00 


########################
# 00000086
########################
RSS 54597.874321365874
BP 0:
a0:   4.3427e+00   e0:  -4.7262e+00   b0:   1.7154e+03   
P: 
  9.4927e+01   1.0831e+01  -2.0642e+02   8.1310e+01  -7.4313e+01 
  4.0403e+01  -2.2782e+01   2.3248e+01  -8.1288e+00   8.1411e-01 
 -4.8724e-03  -1.9494e+00   3.0356e+01   2.4336e+01   3.4958e+01 
  1.6230e+01   1.7858e+01   7.6644e+00   1.2400e+00   4.4252e-01 
  1.0904e-01   2.0054e-02   2.2962e-03   2.5583e-03   1.0877e-03 
  7.9882e-05   4.1882e-05   4.4069e-05  -6.9656e+00   4.6513e+00 


########################
# 00000087
########################
RSS 54877.61486493773
BP 0:
a0:   4.3141e+00   e0:  -6.9694e+00   b0:   1.5152e+03   
P: 
  1.0136e+02   1.2637e+01  -1.9137e+02   8.8072e+01  -8.6729e+01 
  4.0140e+01  -2.2097e+01   2.1955e+01  -7.7466e+00   7.6390e-01 
 -6.2221e-03  -1.9494e+00   3.0356e+01   2.4336e+01   3.4958e+01 
  1.6230e+01   1.7858e+01   7.6644e+00   1.2400e+00   4.4252e-01 
  1.0904e-01   2.0054e-02   2.2962e-03   2.5583e-03   1.0877e-03 
  7.9882e-05   4.1882e-05   4.4069e-05  -7.6535e+00   5.1785e+00 


########################
# 00000088
########################
RSS 55322.29154146302
BP 0:
a0:   4.2860e+00   e0:  -2.3634e+00   b0:   1.6186e+03   
P: 
  1.0508e+02   1.1527e+01  -1.9750e+02   7.6043e+01  -7.9075e+01 
  4.0024e+01  -1.9470e+01   1.9204e+01  -7.2246e+00   9.2611e-01 
 -5.5761e-03  -1.9494e+00   3.0356e+01   2.4336e+01   3.4958e+01 
  1.6230e+01   1.7858e+01   7.6644e+00   1.2400e+00   4.4252e-01 
  1.0904e-01   2.0054e-02   2.2962e-03   2.5583e-03   1.0877e-03 
  7.9882e-05   4.1882e-05   4.4069e-05  -5.9066e+00   5.3892e+00 


########################
# 00000089
########################
RSS 55676.551208753386
BP 0:
a0:   4.2586e+00   e0:  -1.4178e+00   b0:   1.5135e+03   
P: 
  8.5914e+01   1.1099e+01  -2.1543e+02   7.5815e+01  -8.9942e+01 
  4.3416e+01  -2.0846e+01   1.8567e+01  -6.7743e+00   8.5697e-01 
 -5.2468e-03  -1.9494e+00   3.0356e+01   2.4336e+01   3.4958e+01 
  1.6230e+01   1.7858e+01   7.6644e+00   1.2400e+00   4.4252e-01 
  1.0904e-01   2.0054e-02   2.2962e-03   2.5583e-03   1.0877e-03 
  7.9882e-05   4.1882e-05   4.4069e-05  -6.8151e+00   5.2306e+00 


########################
# 00000090
########################
RSS 58062.65679807067
BP 0:
a0:   4.0872e+00   e0:  -5.3849e+00   b0:   2.1553e+03   
P: 
  1.0162e+02   1.3380e+01  -1.9492e+02   1.0400e+02  -7.4294e+01 
  6.0115e+01  -2.7845e+01   2.1967e+01  -8.5964e+00   1.2496e+00 
 -6.2941e-03  -1.9494e+00   3.0356e+01   2.4336e+01   3.4958e+01 
  1.6230e+01   1.7858e+01   7.6644e+00   1.2400e+00   4.4252e-01 
  1.0904e-01   2.0054e-02   2.2962e-03   2.5583e-03   1.0877e-03 
  7.9882e-05   4.1882e-05   4.4069e-05  -8.0016e+00   5.4066e+00 


########################
# 00000091
########################
RSS 58161.49865265
BP 0:
a0:   4.2902e+00   e0:  -8.0602e-01   b0:   1.4311e+03   
P: 
  1.0315e+02   1.1283e+01  -2.0365e+02   6.7855e+01  -7.7309e+01 
  4.3248e+01  -2.4022e+01   2.0760e+01  -7.1690e+00   8.1509e-01 
 -5.7466e-03  -1.9494e+00   3.0356e+01   2.4336e+01   3.4958e+01 
  1.6230e+01   1.7858e+01   7.6644e+00   1.2400e+00   4.4252e-01 
  1.0904e-01   2.0054e-02   2.2962e-03   2.5583e-03   1.0877e-03 
  7.9882e-05   4.1882e-05   4.4069e-05  -5.7112e+00   5.2106e+00 


########################
# 00000092
########################
RSS 59222.02506109543
BP 0:
a0:   4.3821e+00   e0:  -7.4783e+00   b0:   1.3872e+03   
P: 
  9.9069e+01   1.2125e+01  -2.0290e+02   7.7902e+01  -7.4799e+01 
  3.4780e+01  -2.2245e+01   2.2978e+01  -7.8525e+00   6.8356e-01 
 -5.6492e-03  -1.9494e+00   3.0356e+01   2.4336e+01   3.4958e+01 
  1.6230e+01   1.7858e+01   7.6644e+00   1.2400e+00   4.4252e-01 
  1.0904e-01   2.0054e-02   2.2962e-03   2.5583e-03   1.0877e-03 
  7.9882e-05   4.1882e-05   4.4069e-05  -7.2789e+00   5.2237e+00 


########################
# 00000093
########################
RSS 60098.809103901294
BP 0:
a0:   4.1064e+00   e0:  -3.0324e+00   b0:   2.2497e+03   
P: 
  1.0207e+02   1.5231e+01  -1.9454e+02   1.0428e+02  -7.0100e+01 
  6.4063e+01  -3.0221e+01   2.2870e+01  -8.4058e+00   1.1386e+00 
 -5.9363e-03  -1.9494e+00   3.0356e+01   2.4336e+01   3.4958e+01 
  1.6230e+01   1.7858e+01   7.6644e+00   1.2400e+00   4.4252e-01 
  1.0904e-01   2.0054e-02   2.2962e-03   2.5583e-03   1.0877e-03 
  7.9882e-05   4.1882e-05   4.4069e-05  -9.3391e+00   4.8515e+00 


########################
# 00000094
########################
RSS 60425.26784414548
BP 0:
a0:   4.1300e+00   e0:  -3.3907e+00   b0:   2.2307e+03   
P: 
  1.1057e+02   1.3377e+01  -1.7919e+02   1.0165e+02  -6.6401e+01 
  5.8808e+01  -2.7584e+01   2.2637e+01  -8.8110e+00   1.2796e+00 
 -6.1641e-03  -1.9494e+00   3.0356e+01   2.4336e+01   3.4958e+01 
  1.6230e+01   1.7858e+01   7.6644e+00   1.2400e+00   4.4252e-01 
  1.0904e-01   2.0054e-02   2.2962e-03   2.5583e-03   1.0877e-03 
  7.9882e-05   4.1882e-05   4.4069e-05  -8.3967e+00   5.2290e+00 


########################
# 00000095
########################
RSS 60866.318966306906
BP 0:
a0:   4.3086e+00   e0:  -2.0833e+00   b0:   1.6977e+03   
P: 
  8.7483e+01   1.1757e+01  -2.0799e+02   8.2356e+01  -7.4468e+01 
  4.3663e+01  -2.3290e+01   2.1898e+01  -7.6368e+00   8.2753e-01 
 -4.8422e-03  -1.9494e+00   3.0356e+01   2.4336e+01   3.4958e+01 
  1.6230e+01   1.7858e+01   7.6644e+00   1.2400e+00   4.4252e-01 
  1.0904e-01   2.0054e-02   2.2962e-03   2.5583e-03   1.0877e-03 
  7.9882e-05   4.1882e-05   4.4069e-05  -5.4908e+00   4.6808e+00 


########################
# 00000096
########################
RSS 60965.33681238693
BP 0:
a0:   4.3956e+00   e0:  -6.7517e-01   b0:   1.1683e+03   
P: 
  9.7494e+01   9.9160e+00  -1.9301e+02   8.1446e+01  -8.2800e+01 
  3.8212e+01  -2.5533e+01   2.2885e+01  -7.8272e+00   8.6678e-01 
 -4.9766e-03  -1.9494e+00   3.0356e+01   2.4336e+01   3.4958e+01 
  1.6230e+01   1.7858e+01   7.6644e+00   1.2400e+00   4.4252e-01 
  1.0904e-01   2.0054e-02   2.2962e-03   2.5583e-03   1.0877e-03 
  7.9882e-05   4.1882e-05   4.4069e-05  -6.3569e+00   4.9710e+00 


########################
# 00000097
########################
RSS 61643.80359393653
BP 0:
a0:   4.4015e+00   e0:  -4.4409e+00   b0:   1.6087e+03   
P: 
  9.7231e+01   1.0913e+01  -1.9933e+02   7.7565e+01  -8.0663e+01 
  3.7225e+01  -2.1935e+01   2.3006e+01  -7.7300e+00   6.9521e-01 
 -5.6077e-03  -1.9494e+00   3.0356e+01   2.4336e+01   3.4958e+01 
  1.6230e+01   1.7858e+01   7.6644e+00   1.2400e+00   4.4252e-01 
  1.0904e-01   2.0054e-02   2.2962e-03   2.5583e-03   1.0877e-03 
  7.9882e-05   4.1882e-05   4.4069e-05  -7.2635e+00   4.9151e+00 


########################
# 00000098
########################
RSS 61839.30742432983
BP 0:
a0:   4.2348e+00   e0:   3.3727e-01   b0:   1.0054e+03   
P: 
  9.3508e+01   1.1070e+01  -2.0048e+02   8.6383e+01  -8.7010e+01 
  4.0399e+01  -2.3343e+01   1.8413e+01  -6.6528e+00   9.0334e-01 
 -5.9366e-03  -1.9494e+00   3.0356e+01   2.4336e+01   3.4958e+01 
  1.6230e+01   1.7858e+01   7.6644e+00   1.2400e+00   4.4252e-01 
  1.0904e-01   2.0054e-02   2.2962e-03   2.5583e-03   1.0877e-03 
  7.9882e-05   4.1882e-05   4.4069e-05  -6.1351e+00   4.6968e+00 


########################
# 00000099
########################
RSS 61968.83146110014
BP 0:
a0:   4.2265e+00   e0:  -5.6462e+00   b0:   1.9353e+03   
P: 
  1.0141e+02   1.1072e+01  -1.9635e+02   7.2650e+01  -7.1237e+01 
  4.7454e+01  -2.2307e+01   2.1032e+01  -7.6949e+00   8.6806e-01 
 -5.0636e-03  -1.9494e+00   3.0356e+01   2.4336e+01   3.4958e+01 
  1.6230e+01   1.7858e+01   7.6644e+00   1.2400e+00   4.4252e-01 
  1.0904e-01   2.0054e-02   2.2962e-03   2.5583e-03   1.0877e-03 
  7.9882e-05   4.1882e-05   4.4069e-05  -6.8775e+00   4.3676e+00 


########################
# 00000100
########################
RSS 62031.41039832499
BP 0:
a0:   4.1805e+00   e0:  -1.8947e+00   b0:   1.9026e+03   
P: 
  1.1929e+02   1.2847e+01  -1.8654e+02   8.8455e+01  -6.5441e+01 
  4.7707e+01  -2.1857e+01   1.9321e+01  -7.6315e+00   1.1284e+00 
 -5.7003e-03  -1.9494e+00   3.0356e+01   2.4336e+01   3.4958e+01 
  1.6230e+01   1.7858e+01   7.6644e+00   1.2400e+00   4.4252e-01 
  1.0904e-01   2.0054e-02   2.2962e-03   2.5583e-03   1.0877e-03 
  7.9882e-05   4.1882e-05   4.4069e-05  -7.7539e+00   4.9695e+00 


