RSS:  
15486.869627300664

P:  
0.0266100275468
-0.0956467398296
-0.0368770837132
0.166854467012
0.0685164992507
-0.570806426524
-0.401001487937
-0.0019478947556
0.113077788384
0.00085626978757
0.0686320538808
0.0663612265095
-0.0143051888331
-0.00102878958842
2.77486895143e-06
-5.64020015276e-05
0.262232128331
3.95628601103
-5.39518493392
1.17579405762
0.0516012867724

Known:
a0:     3.42
e0:     -4.27
B0:     210.99999999941215
EC:     365.000 137.000 137.000  0.000  0.000  0.000 
        137.000 365.000 137.000  0.000  0.000  0.000 
        137.000 137.000 365.000  0.000  0.000  0.000 
         0.000  0.000  0.000 186.000  0.000  0.000 
         0.000  0.000  0.000  0.000 186.000  0.000 
         0.000  0.000  0.000  0.000  0.000 186.000 

Calculated:
a0:     3.272531408180219
e0:     -4.6460081957996024
B0:     267.7925385914217
EC:     366.821 146.431 146.431  0.000  0.000  0.000 
        146.431 366.821 146.431  0.000  0.000  0.000 
        146.431 146.431 366.821  0.000  0.000  0.000 
         0.000  0.000  0.000 159.339  0.000  0.000 
         0.000  0.000  0.000  0.000 159.339  0.000 
         0.000  0.000  0.000  0.000  0.000 159.339 



