########################
# 00000001
########################
RSS 12473436746.323858
BP 0:
a0:  -6.6257e+00   e0:  -8.9356e+01   b0:  -5.7514e+02   
P: 
  1.7257e+02   2.9749e+02  -1.6569e+02   2.8279e+00   9.2994e+00 
  1.3625e-01  -2.4355e+00   4.0179e+00   1.9784e+00  -5.1508e-01 
  3.4261e+00   3.3976e+00  -2.7730e+00  -2.7774e-01   1.9934e-01 
 -1.9494e+00   3.0356e+01   2.4336e+01   3.4958e+01   1.6230e+01 
  1.7858e+01   7.6644e+00   1.2400e+00   4.4252e-01   1.0904e-01 
  2.0054e-02   2.2962e-03   2.5583e-03   1.0877e-03   7.9882e-05 
  4.1882e-05   4.4069e-05   2.5712e+01   2.7449e+00 

########################
# 00000002
########################
RSS 24330328096.772537
BP 0:
a0:  -6.4340e+01   e0:  -6.8045e+03   b0:  -1.4616e+01   
P: 
  7.3386e+01   3.1636e+02  -1.7097e+02  -1.0578e+01   4.8176e+00 
 -5.6845e-01  -2.1712e+00   3.0326e+00   2.5439e+00  -2.5550e-01 
  3.9376e+00   3.7716e+00  -3.3149e+00  -4.9736e-01   3.7204e-01 
 -1.9494e+00   3.0356e+01   2.4336e+01   3.4958e+01   1.6230e+01 
  1.7858e+01   7.6644e+00   1.2400e+00   4.4252e-01   1.0904e-01 
  2.0054e-02   2.2962e-03   2.5583e-03   1.0877e-03   7.9882e-05 
  4.1882e-05   4.4069e-05   2.0062e+01   2.0867e+00 

########################
# 00000003
########################
RSS 28078993050.95059
BP 0:
a0:  -6.0626e+01   e0:  -7.0993e+03   b0:  -1.8309e+01   
P: 
 -1.0597e+01   1.7016e+02  -1.3591e+02  -6.9041e+00   1.2186e+01 
 -1.4649e+00  -3.3285e+00   3.1000e+00   3.0887e+00   1.4117e+00 
  1.6549e+00   3.5393e+00  -3.9793e+00  -7.6968e-01   7.5420e-01 
 -1.9494e+00   3.0356e+01   2.4336e+01   3.4958e+01   1.6230e+01 
  1.7858e+01   7.6644e+00   1.2400e+00   4.4252e-01   1.0904e-01 
  2.0054e-02   2.2962e-03   2.5583e-03   1.0877e-03   7.9882e-05 
  4.1882e-05   4.4069e-05   2.5795e+01   2.9393e+00 

########################
# 00000004
########################
RSS 29090389021.27171
BP 0:
a0:   7.2775e+01   e0:  -6.8053e+03   b0:   6.7496e+00   
P: 
  1.4213e+02   3.2024e+02  -1.9478e+02  -1.2575e+01   1.5069e+01 
  5.3852e-01  -2.5834e+00   3.2655e+00   2.5676e+00  -1.0080e+00 
  3.7413e+00   2.8831e+00  -3.7338e+00  -9.8247e-01   8.0685e-01 
 -1.9494e+00   3.0356e+01   2.4336e+01   3.4958e+01   1.6230e+01 
  1.7858e+01   7.6644e+00   1.2400e+00   4.4252e-01   1.0904e-01 
  2.0054e-02   2.2962e-03   2.5583e-03   1.0877e-03   7.9882e-05 
  4.1882e-05   4.4069e-05   1.5929e+01   2.0951e+00 

########################
# 00000005
########################
RSS 37167704753.51944
BP 0:
a0:  -8.2948e+01   e0:  -8.5934e+03   b0:  -4.3068e+00   
P: 
  4.4706e+01   2.3606e+02  -1.5396e+02  -1.3366e+01   1.7380e+01 
  5.7528e-01  -3.3580e+00   4.2720e+00   1.9629e+00  -1.4496e+00 
  3.7563e+00   3.7681e+00  -3.5501e+00  -3.6806e-01   3.9805e-01 
 -1.9494e+00   3.0356e+01   2.4336e+01   3.4958e+01   1.6230e+01 
  1.7858e+01   7.6644e+00   1.2400e+00   4.4252e-01   1.0904e-01 
  2.0054e-02   2.2962e-03   2.5583e-03   1.0877e-03   7.9882e-05 
  4.1882e-05   4.4069e-05   2.4959e+01   1.9136e+00 

########################
# 00000006
########################
RSS 43387947159.96835
BP 0:
a0:  -8.5042e+01   e0:  -9.1194e+03   b0:  -8.4494e+00   
P: 
 -6.7454e+00   2.2089e+02  -2.1131e+02   9.3793e+00   8.8302e+00 
  2.7697e-01  -2.0005e+00   3.8112e+00   2.7326e+00   9.8034e-02 
  3.7918e+00   4.1938e+00  -2.7865e+00  -2.4873e-01   7.4461e-02 
 -1.9494e+00   3.0356e+01   2.4336e+01   3.4958e+01   1.6230e+01 
  1.7858e+01   7.6644e+00   1.2400e+00   4.4252e-01   1.0904e-01 
  2.0054e-02   2.2962e-03   2.5583e-03   1.0877e-03   7.9882e-05 
  4.1882e-05   4.4069e-05   3.5504e+01   2.4068e+00 

########################
# 00000007
########################
RSS 43576307800.243996
BP 0:
a0:   7.4176e+01   e0:  -8.9073e+03   b0:   1.0015e+01   
P: 
  2.4246e+02   3.1753e+02  -1.9353e+02   7.8474e-01   1.2855e+00 
  8.3797e-01  -2.7549e+00   3.4237e+00   2.5765e+00  -1.2064e+00 
  2.9557e+00   2.7345e+00  -2.8494e+00  -1.1552e+00   7.6603e-01 
 -1.9494e+00   3.0356e+01   2.4336e+01   3.4958e+01   1.6230e+01 
  1.7858e+01   7.6644e+00   1.2400e+00   4.4252e-01   1.0904e-01 
  2.0054e-02   2.2962e-03   2.5583e-03   1.0877e-03   7.9882e-05 
  4.1882e-05   4.4069e-05   2.7731e+01   3.7122e+00 

########################
# 00000008
########################
RSS 45711000148.31732
BP 0:
a0:   1.1431e+02   e0:  -9.2329e+03   b0:   2.3466e+00   
P: 
  3.5386e+02   2.3940e+02  -1.2036e+02   1.2502e+01   1.7855e+01 
  4.2950e-01  -3.0405e+00   3.7882e+00   1.1383e+00  -1.1856e+00 
  3.0478e+00   3.6084e+00  -2.1577e+00   1.6009e-01  -1.2077e-01 
 -1.9494e+00   3.0356e+01   2.4336e+01   3.4958e+01   1.6230e+01 
  1.7858e+01   7.6644e+00   1.2400e+00   4.4252e-01   1.0904e-01 
  2.0054e-02   2.2962e-03   2.5583e-03   1.0877e-03   7.9882e-05 
  4.1882e-05   4.4069e-05   2.2131e+01   3.2994e+00 

########################
# 00000009
########################
RSS 59211806541.73671
BP 0:
a0:   3.7154e+01   e0:   2.6722e+03   b0:  -1.1902e+02   
P: 
  8.5341e+01   2.4462e+02  -1.4711e+02   9.0885e+00   1.3488e+00 
  2.6250e-01  -2.2832e+00   4.0032e+00   2.1094e+00   7.7796e-02 
  2.6316e+00   3.4210e+00  -2.3811e+00   5.4445e-01  -2.4600e-01 
 -1.9494e+00   3.0356e+01   2.4336e+01   3.4958e+01   1.6230e+01 
  1.7858e+01   7.6644e+00   1.2400e+00   4.4252e-01   1.0904e-01 
  2.0054e-02   2.2962e-03   2.5583e-03   1.0877e-03   7.9882e-05 
  4.1882e-05   4.4069e-05   2.6304e+01   2.9802e+00 

########################
# 00000010
########################
RSS 86593881496.17973
BP 0:
a0:   6.2276e+01   e0:  -1.1919e+04   b0:   3.7749e+01   
P: 
 -1.2565e+02   3.5587e+02  -2.0235e+02  -1.6232e+01   8.8298e-01 
 -2.5902e-01  -2.1243e+00   3.0835e+00   1.8411e+00  -1.0545e+00 
  4.2022e+00   3.8333e+00  -3.7699e+00  -1.4795e+00   9.6594e-01 
 -1.9494e+00   3.0356e+01   2.4336e+01   3.4958e+01   1.6230e+01 
  1.7858e+01   7.6644e+00   1.2400e+00   4.4252e-01   1.0904e-01 
  2.0054e-02   2.2962e-03   2.5583e-03   1.0877e-03   7.9882e-05 
  4.1882e-05   4.4069e-05   2.4173e+01   1.9722e+00 

########################
# 00000011
########################
RSS 159248368426.49274
BP 0:
a0:  -4.7089e+00   e0:  -3.1871e+01   b0:  -1.1736e+03   
P: 
  6.8421e+01   2.2558e+02  -1.4919e+02  -1.1180e+01   8.7072e+00 
  9.7085e-01  -3.1721e+00   3.7622e+00   2.0157e+00  -1.1195e+00 
  3.3901e+00   3.9654e+00  -3.2213e+00   2.5107e-01   4.9895e-02 
 -1.9494e+00   3.0356e+01   2.4336e+01   3.4958e+01   1.6230e+01 
  1.7858e+01   7.6644e+00   1.2400e+00   4.4252e-01   1.0904e-01 
  2.0054e-02   2.2962e-03   2.5583e-03   1.0877e-03   7.9882e-05 
  4.1882e-05   4.4069e-05   3.5321e+01   2.2180e+00 

########################
# 00000012
########################
RSS 259409770740.80374
BP 0:
a0:  -1.1024e+02   e0:  -2.2753e+04   b0:  -5.5463e+00   
P: 
  7.6346e+01   3.5023e+02  -1.4791e+02   7.3973e+00   1.9356e+00 
 -1.0398e+00  -2.2898e+00   3.9194e+00   2.4721e+00  -2.7424e-01 
  4.6123e+00   3.0352e+00  -4.0944e+00  -1.4267e+00   1.0416e+00 
 -1.9494e+00   3.0356e+01   2.4336e+01   3.4958e+01   1.6230e+01 
  1.7858e+01   7.6644e+00   1.2400e+00   4.4252e-01   1.0904e-01 
  2.0054e-02   2.2962e-03   2.5583e-03   1.0877e-03   7.9882e-05 
  4.1882e-05   4.4069e-05   2.3662e+01   2.3717e+00 

########################
# 00000013
########################
RSS 854496301953.641
BP 0:
a0:  -3.1247e+00   e0:  -2.9718e+01   b0:   9.8133e+02   
P: 
  5.7922e+01   2.4981e+02  -1.6494e+02   6.8217e-01   3.6889e+00 
  1.0489e+00  -1.6637e+00   4.1658e+00   1.5090e+00   1.9811e-01 
  4.1763e+00   3.3973e+00  -3.1239e+00  -6.0075e-03   9.0604e-02 
 -1.9494e+00   3.0356e+01   2.4336e+01   3.4958e+01   1.6230e+01 
  1.7858e+01   7.6644e+00   1.2400e+00   4.4252e-01   1.0904e-01 
  2.0054e-02   2.2962e-03   2.5583e-03   1.0877e-03   7.9882e-05 
  4.1882e-05   4.4069e-05   1.6424e+01   2.1984e+00 

########################
# 00000014
########################
RSS 958143892150.116
BP 0:
a0:  -9.7529e+01   e0:  -4.3745e+04   b0:  -1.8049e+01   
P: 
  1.1882e+03  -1.2333e+03  -2.1974e+02   2.8528e+01   3.7999e+01 
 -7.1204e+00   1.5876e+00   1.0692e+01   7.5135e+00   1.2489e+01 
 -5.0829e+00   4.9309e+00  -8.8588e+00  -1.3749e+01   7.8473e+00 
 -1.9494e+00   3.0356e+01   2.4336e+01   3.4958e+01   1.6230e+01 
  1.7858e+01   7.6644e+00   1.2400e+00   4.4252e-01   1.0904e-01 
  2.0054e-02   2.2962e-03   2.5583e-03   1.0877e-03   7.9882e-05 
  4.1882e-05   4.4069e-05   6.6249e+00  -6.5819e+00 

########################
# 00000015
########################
RSS 1069762318186.5184
BP 0:
a0:  -8.9575e+01   e0:  -4.6253e+04   b0:  -1.4747e+01   
P: 
  7.4919e+01   3.3537e+02  -1.2513e+02  -3.2499e+00   6.1438e+00 
 -1.2742e+00  -2.3109e+00   3.4309e+00   2.2820e+00  -5.9042e-01 
  2.7731e+00   2.3001e+00  -1.7333e+00  -4.5790e-01   4.4447e-01 
 -1.9494e+00   3.0356e+01   2.4336e+01   3.4958e+01   1.6230e+01 
  1.7858e+01   7.6644e+00   1.2400e+00   4.4252e-01   1.0904e-01 
  2.0054e-02   2.2962e-03   2.5583e-03   1.0877e-03   7.9882e-05 
  4.1882e-05   4.4069e-05   1.8063e+01   2.7441e+00 

########################
# 00000016
########################
RSS 1195928203251.1804
BP 0:
a0:  -1.1223e+02   e0:  -4.8901e+04   b0:  -1.3177e+01   
P: 
  3.2164e+02   3.8951e+02  -1.7911e+02  -1.2264e+01   1.0384e+00 
  4.7270e-01  -2.4338e+00   3.6390e+00   2.7665e+00  -3.7816e-02 
  3.4603e+00   3.6749e+00  -3.0254e+00  -1.2304e+00   7.7725e-01 
 -1.9494e+00   3.0356e+01   2.4336e+01   3.4958e+01   1.6230e+01 
  1.7858e+01   7.6644e+00   1.2400e+00   4.4252e-01   1.0904e-01 
  2.0054e-02   2.2962e-03   2.5583e-03   1.0877e-03   7.9882e-05 
  4.1882e-05   4.4069e-05   2.9337e+01   2.7823e+00 

########################
# 00000017
########################
RSS 1835159832100.4443
BP 0:
a0:   4.3420e+00   e0:  -2.4940e+02   b0:  -6.0074e+03   
P: 
  3.5227e+02   3.4765e+02  -1.7537e+02   2.1102e+00   1.7319e+01 
  5.0360e-01  -1.9784e+00   4.4800e+00   1.5827e+00  -8.9349e-01 
  3.3918e+00   2.4632e+00  -2.0862e+00  -1.1791e+00  -4.9339e-01 
 -1.9494e+00   3.0356e+01   2.4336e+01   3.4958e+01   1.6230e+01 
  1.7858e+01   7.6644e+00   1.2400e+00   4.4252e-01   1.0904e-01 
  2.0054e-02   2.2962e-03   2.5583e-03   1.0877e-03   7.9882e-05 
  4.1882e-05   4.4069e-05   3.4700e+01   3.4117e+00 

########################
# 00000018
########################
RSS 4266472643920.5947
BP 0:
a0:   1.4042e+02   e0:   9.2337e+04   b0:  -7.5944e+01   
P: 
 -6.4873e+00   2.9088e+02  -1.9144e+02   1.9685e+01   4.6709e+00 
  2.5250e-01  -3.4200e+00   4.9879e+00   2.0293e+00  -2.2125e-01 
  3.0281e+00   4.1465e+00  -3.5616e+00  -8.8962e-01   6.3595e-01 
 -1.9494e+00   3.0356e+01   2.4336e+01   3.4958e+01   1.6230e+01 
  1.7858e+01   7.6644e+00   1.2400e+00   4.4252e-01   1.0904e-01 
  2.0054e-02   2.2962e-03   2.5583e-03   1.0877e-03   7.9882e-05 
  4.1882e-05   4.4069e-05   3.1462e+01   1.8219e+00 

########################
# 00000019
########################
RSS 37573109388960.47
BP 0:
a0:  -1.7437e+00   e0:  -4.8924e+01   b0:  -6.7985e+00   
P: 
  8.9790e+01   2.7961e+02  -1.9587e+02   7.8256e+00   8.8402e+00 
  3.6085e-01  -3.3710e+00   3.9104e+00   2.7868e+00   2.9780e-03 
  3.1830e+00   4.1954e+00  -2.0854e+00   5.5060e-01  -4.4800e-01 
 -1.9494e+00   3.0356e+01   2.4336e+01   3.4958e+01   1.6230e+01 
  1.7858e+01   7.6644e+00   1.2400e+00   4.4252e-01   1.0904e-01 
  2.0054e-02   2.2962e-03   2.5583e-03   1.0877e-03   7.9882e-05 
  4.1882e-05   4.4069e-05   3.3153e+01   3.5877e+00 

########################
# 00000020
########################
RSS 46403492479033.234
BP 0:
a0:   5.3352e+00   e0:  -7.2684e+01   b0:   6.7105e+03   
P: 
  2.8292e+03   1.1830e+03  -5.3452e+02  -2.2303e+01  -1.1600e+02 
 -1.5612e+01  -1.6981e+01  -6.1477e+00   7.5734e+00  -1.0067e+01 
  1.2692e+01   1.9112e+00  -6.4300e+00   9.0262e+00  -5.2329e-01 
 -1.9494e+00   3.0356e+01   2.4336e+01   3.4958e+01   1.6230e+01 
  1.7858e+01   7.6644e+00   1.2400e+00   4.4252e-01   1.0904e-01 
  2.0054e-02   2.2962e-03   2.5583e-03   1.0877e-03   7.9882e-05 
  4.1882e-05   4.4069e-05   3.5527e+00  -1.2209e+00 

########################
# 00000021
########################
RSS 48697565592725.914
BP 0:
a0:   4.3813e+00   e0:   2.1434e+02   b0:   7.4026e+03   
P: 
 -2.8458e+01   4.5889e+02  -8.4278e+01  -7.1102e+00   1.0714e+01 
 -1.7395e+00  -4.1630e+00   4.1569e+00   3.2263e+00  -7.0995e-01 
  5.4748e+00   4.5309e+00  -2.0324e+00   4.7065e-01   7.8607e-01 
 -1.9494e+00   3.0356e+01   2.4336e+01   3.4958e+01   1.6230e+01 
  1.7858e+01   7.6644e+00   1.2400e+00   4.4252e-01   1.0904e-01 
  2.0054e-02   2.2962e-03   2.5583e-03   1.0877e-03   7.9882e-05 
  4.1882e-05   4.4069e-05   3.8225e+00   2.7511e+00 

########################
# 00000022
########################
RSS 49020350027691.58
BP 0:
a0:  -1.9723e+00   e0:   1.2590e+00   b0:   1.2704e+02   
P: 
  1.2800e+01   2.4537e+02  -1.5501e+02   1.4053e+01   1.8369e+00 
 -7.3772e-01  -3.1205e+00   4.0205e+00   2.1466e+00   3.1129e-01 
  3.2845e+00   2.5152e+00  -2.4824e+00  -1.3581e+00   7.2678e-01 
 -1.9494e+00   3.0356e+01   2.4336e+01   3.4958e+01   1.6230e+01 
  1.7858e+01   7.6644e+00   1.2400e+00   4.4252e-01   1.0904e-01 
  2.0054e-02   2.2962e-03   2.5583e-03   1.0877e-03   7.9882e-05 
  4.1882e-05   4.4069e-05   1.3353e+01   2.5106e+00 

########################
# 00000023
########################
RSS 51038348384273.836
BP 0:
a0:   4.4239e+00   e0:   3.4838e+02   b0:   9.8187e+03   
P: 
  8.6027e+01   6.4883e+02  -3.6194e+02  -6.3751e+01   2.9503e+01 
 -8.9704e-01  -3.9655e+00   6.1564e+00   7.5545e-01  -1.2088e+00 
  5.9900e+00   6.6838e+00  -2.0927e+00  -4.1892e+00   3.2821e+00 
 -1.9494e+00   3.0356e+01   2.4336e+01   3.4958e+01   1.6230e+01 
  1.7858e+01   7.6644e+00   1.2400e+00   4.4252e-01   1.0904e-01 
  2.0054e-02   2.2962e-03   2.5583e-03   1.0877e-03   7.9882e-05 
  4.1882e-05   4.4069e-05   3.6483e+00   2.2689e+00 

########################
# 00000024
########################
RSS 96126167428122.47
BP 0:
a0:   3.8546e+00   e0:  -1.2909e+01   b0:  -1.7582e+03   
P: 
  2.6802e+02   4.7270e+02  -4.0384e+01  -1.8547e+01   4.1167e+00 
  1.7755e-01  -7.2987e-01   3.8128e+00   8.2856e-01  -1.4900e-01 
  1.8371e+00   9.0007e-01  -2.3886e+00  -9.6729e-01   6.9864e-01 
 -1.9494e+00   3.0356e+01   2.4336e+01   3.4958e+01   1.6230e+01 
  1.7858e+01   7.6644e+00   1.2400e+00   4.4252e-01   1.0904e-01 
  2.0054e-02   2.2962e-03   2.5583e-03   1.0877e-03   7.9882e-05 
  4.1882e-05   4.4069e-05   3.4398e+00   1.5746e+00 

########################
# 00000025
########################
RSS 104178572411811.0
BP 0:
a0:  -6.5274e+00   e0:  -5.7761e+01   b0:  -6.1113e+02   
P: 
  1.1651e+02   2.8000e+02  -1.3108e+02   1.0309e+01   3.0841e+00 
 -1.0580e+00  -1.8610e+00   3.2891e+00   1.4094e+00  -9.3421e-01 
  2.2571e+00   1.7466e+00  -2.2926e+00  -1.0710e+00   7.2542e-01 
 -1.9494e+00   3.0356e+01   2.4336e+01   3.4958e+01   1.6230e+01 
  1.7858e+01   7.6644e+00   1.2400e+00   4.4252e-01   1.0904e-01 
  2.0054e-02   2.2962e-03   2.5583e-03   1.0877e-03   7.9882e-05 
  4.1882e-05   4.4069e-05   1.0275e+01   1.9449e+00 

########################
# 00000026
########################
RSS 112723776672001.27
BP 0:
a0:   1.0298e+01   e0:  -1.9988e+02   b0:   7.5673e+01   
P: 
  2.6609e+00   3.7254e+02  -1.8080e+02   8.4070e+00   1.9209e+00 
  3.2748e-01  -2.8534e+00   3.5294e+00   1.4229e+00  -1.1569e+00 
  3.1967e+00   3.0451e+00  -3.5155e+00  -1.0113e+00   8.5803e-01 
 -1.9494e+00   3.0356e+01   2.4336e+01   3.4958e+01   1.6230e+01 
  1.7858e+01   7.6644e+00   1.2400e+00   4.4252e-01   1.0904e-01 
  2.0054e-02   2.2962e-03   2.5583e-03   1.0877e-03   7.9882e-05 
  4.1882e-05   4.4069e-05   2.9414e+01   2.1726e+00 

########################
# 00000027
########################
RSS 162931204559395.84
BP 0:
a0:   7.8241e+00   e0:  -6.6883e+01   b0:   6.2942e+01   
P: 
 -8.6143e+00   2.3089e+02  -1.8143e+02  -2.2906e+01   1.4783e+01 
 -1.2930e+00  -1.4435e+00   3.0176e+00   2.9209e+00  -1.3293e-01 
  3.2914e+00   3.3382e+00  -3.2603e+00  -1.0607e+00   6.9839e-01 
 -1.9494e+00   3.0356e+01   2.4336e+01   3.4958e+01   1.6230e+01 
  1.7858e+01   7.6644e+00   1.2400e+00   4.4252e-01   1.0904e-01 
  2.0054e-02   2.2962e-03   2.5583e-03   1.0877e-03   7.9882e-05 
  4.1882e-05   4.4069e-05   1.1982e+01   1.9412e+00 

########################
# 00000028
########################
RSS 174495885061862.16
BP 0:
a0:   8.2471e+00   e0:   1.8876e+02   b0:  -2.6487e+02   
P: 
  1.9880e+02   3.9741e+02  -7.9628e+01   8.8555e+00  -1.5601e-01 
 -1.7113e+00  -3.1627e+00   2.5510e+00   1.6929e+00  -1.0979e+00 
  2.6184e+00   1.7810e+00  -2.6279e+00   4.4927e-01  -1.7033e-01 
 -1.9494e+00   3.0356e+01   2.4336e+01   3.4958e+01   1.6230e+01 
  1.7858e+01   7.6644e+00   1.2400e+00   4.4252e-01   1.0904e-01 
  2.0054e-02   2.2962e-03   2.5583e-03   1.0877e-03   7.9882e-05 
  4.1882e-05   4.4069e-05   8.7298e+00   2.3097e+00 

########################
# 00000029
########################
RSS 197265477668901.1
BP 0:
a0:   7.5520e+00   e0:  -6.1379e+01   b0:   5.1766e+01   
P: 
  1.2831e+02   2.6139e+02  -1.1058e+02   1.6108e+01   3.0276e+00 
 -1.1106e+00  -1.5914e+00   4.3241e+00   1.6920e+00  -9.2998e-01 
  3.4384e+00   3.2142e+00  -1.9587e+00  -1.1131e+00   4.6301e-01 
 -1.9494e+00   3.0356e+01   2.4336e+01   3.4958e+01   1.6230e+01 
  1.7858e+01   7.6644e+00   1.2400e+00   4.4252e-01   1.0904e-01 
  2.0054e-02   2.2962e-03   2.5583e-03   1.0877e-03   7.9882e-05 
  4.1882e-05   4.4069e-05   1.1785e+01   1.9680e+00 

########################
# 00000030
########################
RSS 252727200563894.44
BP 0:
a0:   7.9748e+00   e0:   3.3467e+00   b0:  -2.3439e+02   
P: 
 -6.7010e+01   5.4434e+00  -2.7354e+02  -1.8515e+01   3.6085e+01 
 -2.7963e+00  -1.0545e+00   5.0393e+00   3.4654e+00  -3.1501e+00 
  4.4287e+00   4.2262e+00   5.5609e-01   2.2894e-01  -9.6030e-01 
 -1.9494e+00   3.0356e+01   2.4336e+01   3.4958e+01   1.6230e+01 
  1.7858e+01   7.6644e+00   1.2400e+00   4.4252e-01   1.0904e-01 
  2.0054e-02   2.2962e-03   2.5583e-03   1.0877e-03   7.9882e-05 
  4.1882e-05   4.4069e-05   1.7294e+01  -6.7588e-01 

########################
# 00000031
########################
RSS 264342818314707.56
BP 0:
a0:   4.3654e+00   e0:   6.1206e+02   b0:   1.6948e+04   
P: 
  2.9591e+02   4.4103e+02  -8.0166e+01   1.0399e+01   9.6410e+00 
 -2.6538e+00  -1.1907e+00   1.9109e+00   1.6209e+00   6.7522e-01 
  2.5004e+00   2.0064e+00  -1.5750e-01   7.4584e-01   2.3508e+00 
 -1.9494e+00   3.0356e+01   2.4336e+01   3.4958e+01   1.6230e+01 
  1.7858e+01   7.6644e+00   1.2400e+00   4.4252e-01   1.0904e-01 
  2.0054e-02   2.2962e-03   2.5583e-03   1.0877e-03   7.9882e-05 
  4.1882e-05   4.4069e-05   8.3711e-01   1.7631e+00 

########################
# 00000032
########################
RSS 268711992969644.62
BP 0:
a0:   1.0037e+01   e0:  -1.6888e+02   b0:   1.2123e+02   
P: 
  2.1050e+02   3.7115e+02  -1.4711e+02  -5.6932e+00   1.6650e+00 
  1.3297e-01  -3.3988e+00   3.7529e+00   2.3125e+00  -2.3158e-01 
  2.5291e+00   3.4960e+00  -2.5523e+00  -3.2725e-01   2.3775e-01 
 -1.9494e+00   3.0356e+01   2.4336e+01   3.4958e+01   1.6230e+01 
  1.7858e+01   7.6644e+00   1.2400e+00   4.4252e-01   1.0904e-01 
  2.0054e-02   2.2962e-03   2.5583e-03   1.0877e-03   7.9882e-05 
  4.1882e-05   4.4069e-05   2.4642e+01   2.3937e+00 

########################
# 00000033
########################
RSS 309515403373434.25
BP 0:
a0:  -1.6479e+02   e0:   7.8678e+05   b0:   4.0034e+02   
P: 
  1.4992e+03  -1.0016e+02   2.5442e+02   3.3642e+01  -5.5885e+01 
 -8.6229e+00   2.1026e+00  -3.7552e+00  -2.3398e+00  -2.9267e+00 
 -2.3639e+00   8.0147e+00  -6.1454e+00  -5.9871e+00   3.9887e+00 
 -1.9494e+00   3.0356e+01   2.4336e+01   3.4958e+01   1.6230e+01 
  1.7858e+01   7.6644e+00   1.2400e+00   4.4252e-01   1.0904e-01 
  2.0054e-02   2.2962e-03   2.5583e-03   1.0877e-03   7.9882e-05 
  4.1882e-05   4.4069e-05   1.6701e+01  -2.8187e+00 

########################
# 00000034
########################
RSS 320039728448641.7
BP 0:
a0:  -6.5692e+00   e0:  -1.1225e+02   b0:  -8.2494e+02   
P: 
  7.8276e+00   2.8999e+02  -2.1177e+02  -2.0048e+00   8.7344e+00 
 -6.2523e-01  -2.5532e+00   3.5484e+00   2.7661e+00   7.2047e-01 
  4.2143e+00   3.8361e+00  -3.8609e+00  -8.8261e-01   6.1117e-01 
 -1.9494e+00   3.0356e+01   2.4336e+01   3.4958e+01   1.6230e+01 
  1.7858e+01   7.6644e+00   1.2400e+00   4.4252e-01   1.0904e-01 
  2.0054e-02   2.2962e-03   2.5583e-03   1.0877e-03   7.9882e-05 
  4.1882e-05   4.4069e-05   2.5110e+01   1.3300e+00 

########################
# 00000035
########################
RSS 398546444672014.94
BP 0:
a0:   4.3401e+00   e0:   1.5672e+02   b0:   6.6505e+03   
P: 
  2.5067e+02   5.9364e+02  -1.0449e+01   1.3662e+01   3.9661e+01 
  1.3438e+00  -2.8511e+00   1.0925e+00   3.6153e+00  -4.0455e+00 
  6.6656e+00   5.0055e+00  -2.6501e+00   3.4071e+00  -6.8971e-01 
 -1.9494e+00   3.0356e+01   2.4336e+01   3.4958e+01   1.6230e+01 
  1.7858e+01   7.6644e+00   1.2400e+00   4.4252e-01   1.0904e-01 
  2.0054e-02   2.2962e-03   2.5583e-03   1.0877e-03   7.9882e-05 
  4.1882e-05   4.4069e-05   7.2765e-01   1.5003e+00 

########################
# 00000036
########################
RSS 417146030344147.5
BP 0:
a0:   4.3351e+00   e0:  -3.2652e+02   b0:  -7.5642e+03   
P: 
 -4.5619e+01   3.6148e+02  -2.2927e+02  -5.5167e+00   2.0016e+01 
  1.2997e+00  -1.6610e+00   6.0175e+00   5.3008e-01   5.0208e-01 
  3.6292e+00   5.1010e+00  -4.7363e+00  -6.7450e-01  -7.3936e-01 
 -1.9494e+00   3.0356e+01   2.4336e+01   3.4958e+01   1.6230e+01 
  1.7858e+01   7.6644e+00   1.2400e+00   4.4252e-01   1.0904e-01 
  2.0054e-02   2.2962e-03   2.5583e-03   1.0877e-03   7.9882e-05 
  4.1882e-05   4.4069e-05   5.7656e+00   2.4714e+00 

########################
# 00000037
########################
RSS 451003533340538.4
BP 0:
a0:   1.0610e+01   e0:  -3.4243e+02   b0:   1.2822e+02   
P: 
  5.2068e+02   2.6180e+02  -1.9306e+02  -1.0479e+01  -3.9737e+00 
  8.3586e-01  -2.1907e+00   5.3381e+00   1.5744e-01  -1.3142e+00 
  3.3857e+00   5.3299e+00  -4.4225e+00  -2.0453e+00   1.3469e+00 
 -1.9494e+00   3.0356e+01   2.4336e+01   3.4958e+01   1.6230e+01 
  1.7858e+01   7.6644e+00   1.2400e+00   4.4252e-01   1.0904e-01 
  2.0054e-02   2.2962e-03   2.5583e-03   1.0877e-03   7.9882e-05 
  4.1882e-05   4.4069e-05   3.0943e+01   1.0762e+00 

########################
# 00000038
########################
RSS 499650340351214.9
BP 0:
a0:  -2.7526e+00   e0:   6.8944e+01   b0:   3.5760e+03   
P: 
 -1.3323e+02   3.9367e+01  -1.2460e+02  -7.6822e+01  -2.4900e+01 
 -2.4836e+00   4.5763e-01   1.4517e+00   3.8755e+00  -2.4064e-01 
  2.2545e+00   5.2907e+00  -5.6875e+00   1.9180e+00  -1.8555e-01 
 -1.9494e+00   3.0356e+01   2.4336e+01   3.4958e+01   1.6230e+01 
  1.7858e+01   7.6644e+00   1.2400e+00   4.4252e-01   1.0904e-01 
  2.0054e-02   2.2962e-03   2.5583e-03   1.0877e-03   7.9882e-05 
  4.1882e-05   4.4069e-05   7.5715e+00   3.8365e+00 

########################
# 00000039
########################
RSS 591199783018045.8
BP 0:
a0:   9.7503e+00   e0:  -1.2669e+02   b0:   4.2975e+01   
P: 
  9.9728e+00   3.8657e+02  -1.6288e+02   1.8418e+01  -5.9838e-01 
  7.9648e-01  -2.8877e+00   4.4411e+00   2.4652e+00  -5.7713e-01 
  3.3372e+00   3.9034e+00  -2.9370e+00   8.9464e-02   3.7413e-02 
 -1.9494e+00   3.0356e+01   2.4336e+01   3.4958e+01   1.6230e+01 
  1.7858e+01   7.6644e+00   1.2400e+00   4.4252e-01   1.0904e-01 
  2.0054e-02   2.2962e-03   2.5583e-03   1.0877e-03   7.9882e-05 
  4.1882e-05   4.4069e-05   2.7526e+01   2.5149e+00 

########################
# 00000040
########################
RSS 593323731267798.2
BP 0:
a0:   3.9267e+00   e0:  -2.3685e+02   b0:  -2.0171e+04   
P: 
  6.6219e+01   2.8383e+02  -2.1128e+02  -3.1983e+01  -1.0523e+01 
 -2.2689e-01  -4.0212e-01   3.4739e+00   3.2572e+00   8.2619e-01 
  2.4524e+00   7.1403e-01  -2.3306e+00  -7.9086e-01  -1.8820e-01 
 -1.9494e+00   3.0356e+01   2.4336e+01   3.4958e+01   1.6230e+01 
  1.7858e+01   7.6644e+00   1.2400e+00   4.4252e-01   1.0904e-01 
  2.0054e-02   2.2962e-03   2.5583e-03   1.0877e-03   7.9882e-05 
  4.1882e-05   4.4069e-05   3.6841e+00   3.7396e+00 

########################
# 00000041
########################
RSS 630990188858185.2
BP 0:
a0:   5.6542e+00   e0:  -2.5809e+01   b0:   1.2053e+02   
P: 
  9.2029e+01   4.3030e+02  -1.3169e+02  -6.5537e+00   5.2224e+00 
 -4.3157e-01  -2.6005e+00   2.4477e+00   3.2563e+00   6.8245e-02 
  2.8275e+00   2.3527e+00  -2.2893e+00  -7.7646e-01   4.8447e-01 
 -1.9494e+00   3.0356e+01   2.4336e+01   3.4958e+01   1.6230e+01 
  1.7858e+01   7.6644e+00   1.2400e+00   4.4252e-01   1.0904e-01 
  2.0054e-02   2.2962e-03   2.5583e-03   1.0877e-03   7.9882e-05 
  4.1882e-05   4.4069e-05   1.6989e+01   3.5538e+00 

########################
# 00000042
########################
RSS 631566868850586.4
BP 0:
a0:   5.1444e+00   e0:  -6.6052e+00   b0:   1.9883e+02   
P: 
 -1.2578e+02   4.0296e+02  -1.4885e+02   8.7944e+00   2.5144e+00 
  5.2311e-01  -1.9193e+00   3.9213e+00   3.4831e+00  -1.2014e+00 
  2.4990e+00   2.3451e+00  -2.1742e+00  -1.4360e+00   8.1747e-01 
 -1.9494e+00   3.0356e+01   2.4336e+01   3.4958e+01   1.6230e+01 
  1.7858e+01   7.6644e+00   1.2400e+00   4.4252e-01   1.0904e-01 
  2.0054e-02   2.2962e-03   2.5583e-03   1.0877e-03   7.9882e-05 
  4.1882e-05   4.4069e-05   8.3594e+00   1.0701e+00 

########################
# 00000043
########################
RSS 655563965890759.6
BP 0:
a0:   4.4553e+00   e0:   3.8011e+01   b0:   1.4913e+03   
P: 
 -6.0255e+01   3.8067e+02  -1.5987e+02  -2.0440e+01   5.0306e+00 
 -2.2080e+00  -2.9561e+00   2.4377e+00   2.1583e+00   2.4562e-01 
  2.9190e+00   1.5081e+00  -1.3521e+00  -7.4969e-01   6.0310e-01 
 -1.9494e+00   3.0356e+01   2.4336e+01   3.4958e+01   1.6230e+01 
  1.7858e+01   7.6644e+00   1.2400e+00   4.4252e-01   1.0904e-01 
  2.0054e-02   2.2962e-03   2.5583e-03   1.0877e-03   7.9882e-05 
  4.1882e-05   4.4069e-05   9.2473e+00   1.7790e+00 

########################
# 00000044
########################
RSS 665950985687368.5
BP 0:
a0:  -4.7285e+00   e0:  -3.6166e+01   b0:  -1.1277e+03   
P: 
  1.5913e+02   3.8463e+02  -9.5392e+01   7.2092e+00   4.2010e-01 
 -2.1173e+00  -2.6105e+00   4.1268e+00   3.0638e+00  -1.0093e+00 
  3.3709e+00   3.1923e+00  -7.9699e-01  -1.4483e+00   3.8669e-01 
 -1.9494e+00   3.0356e+01   2.4336e+01   3.4958e+01   1.6230e+01 
  1.7858e+01   7.6644e+00   1.2400e+00   4.4252e-01   1.0904e-01 
  2.0054e-02   2.2962e-03   2.5583e-03   1.0877e-03   7.9882e-05 
  4.1882e-05   4.4069e-05   2.2916e+01   1.8193e+00 

########################
# 00000045
########################
RSS 694872007801175.2
BP 0:
a0:   6.0062e+00   e0:  -3.2076e+01   b0:   9.2797e+01   
P: 
  8.6776e+01   4.1824e+02  -7.9032e+01  -1.7285e+01   1.2544e+01 
 -2.1456e+00  -2.4842e+00   3.0114e+00   1.9747e+00  -1.0444e+00 
  3.4663e+00   2.4596e+00  -1.3653e+00  -1.3822e+00   5.5150e-01 
 -1.9494e+00   3.0356e+01   2.4336e+01   3.4958e+01   1.6230e+01 
  1.7858e+01   7.6644e+00   1.2400e+00   4.4252e-01   1.0904e-01 
  2.0054e-02   2.2962e-03   2.5583e-03   1.0877e-03   7.9882e-05 
  4.1882e-05   4.4069e-05   1.0872e+01   3.5089e+00 

########################
# 00000046
########################
RSS 722805752759205.8
BP 0:
a0:   4.3636e+00   e0:  -3.1087e+03   b0:  -8.2994e+04   
P: 
  1.2686e+03  -6.0705e+01  -8.9330e+02   2.9132e+02  -1.7485e+01 
  8.5586e+00   5.2148e+00   8.2686e+00   1.9532e+00   8.1367e+00 
  8.0064e+00  -2.5105e+00  -9.9646e+00  -1.4646e+01  -6.2647e+00 
 -1.9494e+00   3.0356e+01   2.4336e+01   3.4958e+01   1.6230e+01 
  1.7858e+01   7.6644e+00   1.2400e+00   4.4252e-01   1.0904e-01 
  2.0054e-02   2.2962e-03   2.5583e-03   1.0877e-03   7.9882e-05 
  4.1882e-05   4.4069e-05   3.3278e+00   1.0923e+01 

########################
# 00000047
########################
RSS 727332699034251.6
BP 0:
a0:   4.6160e+00   e0:   1.7223e+01   b0:   8.2763e+02   
P: 
  4.5037e+02   4.0899e+02  -1.5818e+02   1.5303e+01   1.2221e+01 
 -2.6143e-01  -2.8209e+00   3.3958e+00   2.8719e+00  -1.3709e+00 
  1.9379e+00   3.2312e+00  -7.7531e-01  -2.2339e+00   9.5458e-01 
 -1.9494e+00   3.0356e+01   2.4336e+01   3.4958e+01   1.6230e+01 
  1.7858e+01   7.6644e+00   1.2400e+00   4.4252e-01   1.0904e-01 
  2.0054e-02   2.2962e-03   2.5583e-03   1.0877e-03   7.9882e-05 
  4.1882e-05   4.4069e-05   7.9060e+00   1.1598e+00 

########################
# 00000048
########################
RSS 742335522324438.8
BP 0:
a0:   4.3848e+00   e0:   3.0953e+02   b0:   8.9243e+03   
P: 
 -2.1817e+02   4.8176e+02  -1.2148e+02  -3.1600e+01   2.7865e+01 
 -3.2199e-01  -1.1044e+00   2.7686e+00   8.6900e-01   3.4568e-01 
  2.2154e+00   4.4687e+00  -1.4681e+00  -7.1196e-01   1.6695e+00 
 -1.9494e+00   3.0356e+01   2.4336e+01   3.4958e+01   1.6230e+01 
  1.7858e+01   7.6644e+00   1.2400e+00   4.4252e-01   1.0904e-01 
  2.0054e-02   2.2962e-03   2.5583e-03   1.0877e-03   7.9882e-05 
  4.1882e-05   4.4069e-05   6.3779e+00   3.5601e+00 

########################
# 00000049
########################
RSS 756386931201289.9
BP 0:
a0:   4.3847e+00   e0:  -1.6338e+02   b0:  -3.0387e+03   
P: 
  2.2897e+02   2.2633e+02  -1.5290e+02  -1.0693e+01   9.7660e+00 
 -1.6875e+00  -2.0604e+00   4.6221e+00   3.7716e+00   5.7665e-01 
  1.5383e+00   3.6753e+00  -3.5939e-01  -1.6599e+00  -2.5182e-01 
 -1.9494e+00   3.0356e+01   2.4336e+01   3.4958e+01   1.6230e+01 
  1.7858e+01   7.6644e+00   1.2400e+00   4.4252e-01   1.0904e-01 
  2.0054e-02   2.2962e-03   2.5583e-03   1.0877e-03   7.9882e-05 
  4.1882e-05   4.4069e-05   6.0420e+00   1.8474e+00 

########################
# 00000050
########################
RSS 784819732266969.4
BP 0:
a0:  -5.7257e+00   e0:  -5.8116e+01   b0:  -6.0001e+02   
P: 
  3.6164e+02   3.1812e+02  -2.0316e+02  -1.6648e+01   1.8708e+01 
 -4.0321e-01  -3.1270e+00   3.6903e+00   1.0172e+00  -1.1438e+00 
  3.8573e+00   3.5671e+00  -2.7418e+00  -2.8582e-01   1.8881e-01 
 -1.9494e+00   3.0356e+01   2.4336e+01   3.4958e+01   1.6230e+01 
  1.7858e+01   7.6644e+00   1.2400e+00   4.4252e-01   1.0904e-01 
  2.0054e-02   2.2962e-03   2.5583e-03   1.0877e-03   7.9882e-05 
  4.1882e-05   4.4069e-05   1.6047e+01   3.7260e+00 

########################
# 00000051
########################
RSS 835930256838548.5
BP 0:
a0:   4.4112e+00   e0:   1.1874e+02   b0:   3.7796e+03   
P: 
  2.4216e+02   2.9616e+02  -8.8607e+01   1.1026e+00   6.1512e-01 
 -2.0427e+00  -2.3802e+00   3.6553e+00   1.5531e+00   2.3670e-01 
  2.2882e+00   2.5537e+00  -1.4456e+00  -1.6532e-01   6.8998e-01 
 -1.9494e+00   3.0356e+01   2.4336e+01   3.4958e+01   1.6230e+01 
  1.7858e+01   7.6644e+00   1.2400e+00   4.4252e-01   1.0904e-01 
  2.0054e-02   2.2962e-03   2.5583e-03   1.0877e-03   7.9882e-05 
  4.1882e-05   4.4069e-05   9.2430e+00   3.0428e+00 

########################
# 00000052
########################
RSS 873680819767182.6
BP 0:
a0:   4.5383e+00   e0:   3.6366e+01   b0:   2.2271e+03   
P: 
  9.7694e+01   4.0669e+02  -1.7721e+02  -3.4339e+01   6.1601e+00 
 -8.2451e-01  -3.7217e+00   2.5699e+00   3.0572e-01   1.1506e+00 
  3.7039e+00   5.2511e+00  -1.9334e+00  -1.1104e+00   6.4038e-01 
 -1.9494e+00   3.0356e+01   2.4336e+01   3.4958e+01   1.6230e+01 
  1.7858e+01   7.6644e+00   1.2400e+00   4.4252e-01   1.0904e-01 
  2.0054e-02   2.2962e-03   2.5583e-03   1.0877e-03   7.9882e-05 
  4.1882e-05   4.4069e-05   7.5213e+00   1.2146e+00 

########################
# 00000053
########################
RSS 931806189290809.0
BP 0:
a0:   4.7770e+00   e0:   3.4133e+00   b0:   2.6876e+02   
P: 
  4.6701e+02   2.5229e+02  -2.1373e+02  -2.7777e+01   2.6985e+01 
  6.5294e-01  -3.6717e+00   5.3021e+00   1.1619e+00   6.7044e-02 
  4.1520e+00   1.4751e+00  -4.5777e+00  -1.8763e-01   7.5964e-01 
 -1.9494e+00   3.0356e+01   2.4336e+01   3.4958e+01   1.6230e+01 
  1.7858e+01   7.6644e+00   1.2400e+00   4.4252e-01   1.0904e-01 
  2.0054e-02   2.2962e-03   2.5583e-03   1.0877e-03   7.9882e-05 
  4.1882e-05   4.4069e-05   6.1684e+00   1.1818e+00 

########################
# 00000054
########################
RSS 976738883994470.1
BP 0:
a0:   4.6017e+00   e0:   1.1859e+02   b0:   2.6292e+03   
P: 
  7.0058e+02   4.4304e+02  -3.1532e+02   2.6574e+00  -1.9682e+01 
 -9.6096e-01  -5.2806e-01   2.9955e+00   3.0930e+00  -6.1701e-01 
  6.6155e+00   1.7512e+00  -5.7258e+00  -2.7871e+00   2.6240e+00 
 -1.9494e+00   3.0356e+01   2.4336e+01   3.4958e+01   1.6230e+01 
  1.7858e+01   7.6644e+00   1.2400e+00   4.4252e-01   1.0904e-01 
  2.0054e-02   2.2962e-03   2.5583e-03   1.0877e-03   7.9882e-05 
  4.1882e-05   4.4069e-05   4.5443e+00   3.8238e+00 

########################
# 00000055
########################
RSS 981523513589115.6
BP 0:
a0:   4.3575e+00   e0:  -4.9925e+02   b0:  -1.5374e+04   
P: 
 -8.1794e+02   1.3521e+02  -2.1930e+02  -1.5007e+02  -4.2325e+01 
 -2.6113e+00   4.0424e+00   8.6268e+00   2.6548e+00  -8.2055e+00 
 -2.2390e+00  -3.5507e+00  -5.8787e+00   3.1890e+00  -2.3096e+00 
 -1.9494e+00   3.0356e+01   2.4336e+01   3.4958e+01   1.6230e+01 
  1.7858e+01   7.6644e+00   1.2400e+00   4.4252e-01   1.0904e-01 
  2.0054e-02   2.2962e-03   2.5583e-03   1.0877e-03   7.9882e-05 
  4.1882e-05   4.4069e-05   5.3347e+00   7.5493e+00 

########################
# 00000056
########################
RSS 1021396006540371.0
BP 0:
a0:  -4.7491e+00   e0:  -4.9681e+01   b0:  -9.0895e+02   
P: 
  2.5619e+01   3.3839e+02  -1.3769e+02   2.1828e+01   4.7869e+00 
  8.5442e-02  -2.0798e+00   3.2617e+00   1.5621e+00  -7.2708e-01 
  4.3041e+00   4.3042e+00  -2.6577e+00   1.1707e-01  -1.1477e-01 
 -1.9494e+00   3.0356e+01   2.4336e+01   3.4958e+01   1.6230e+01 
  1.7858e+01   7.6644e+00   1.2400e+00   4.4252e-01   1.0904e-01 
  2.0054e-02   2.2962e-03   2.5583e-03   1.0877e-03   7.9882e-05 
  4.1882e-05   4.4069e-05   3.0200e+01   1.9943e+00 

########################
# 00000057
########################
RSS 1042972907102163.4
BP 0:
a0:   4.3675e+00   e0:   4.6337e+02   b0:   1.2915e+04   
P: 
 -2.9843e+02   3.3556e+02  -1.7195e+01  -4.8126e+01   1.1333e+00 
 -1.3032e+00  -2.2187e+00   4.5211e+00   4.1991e+00  -4.2967e-02 
  6.8353e+00   6.2417e-01  -5.8038e+00   2.6917e+00   1.8698e+00 
 -1.9494e+00   3.0356e+01   2.4336e+01   3.4958e+01   1.6230e+01 
  1.7858e+01   7.6644e+00   1.2400e+00   4.4252e-01   1.0904e-01 
  2.0054e-02   2.2962e-03   2.5583e-03   1.0877e-03   7.9882e-05 
  4.1882e-05   4.4069e-05   6.2966e+00   6.6433e+00 

########################
# 00000058
########################
RSS 1074977984066404.0
BP 0:
a0:   3.9370e+00   e0:  -4.4561e+02   b0:  -3.9788e+04   
P: 
  7.0394e+02   4.7709e+02   4.7222e+01  -3.2173e+01   4.3359e+01 
 -1.7772e+00  -1.7895e+00   6.0541e+00   1.1463e+00   3.2993e+00 
  3.1720e+00  -7.1005e-01  -2.9115e+00  -1.7504e+00  -3.4432e-01 
 -1.9494e+00   3.0356e+01   2.4336e+01   3.4958e+01   1.6230e+01 
  1.7858e+01   7.6644e+00   1.2400e+00   4.4252e-01   1.0904e-01 
  2.0054e-02   2.2962e-03   2.5583e-03   1.0877e-03   7.9882e-05 
  4.1882e-05   4.4069e-05   4.4533e+00   3.1254e+00 

########################
# 00000059
########################
RSS 1135022348996556.8
BP 0:
a0:   4.4007e+00   e0:   9.8427e+01   b0:   3.2013e+03   
P: 
  1.5593e+02   3.9716e+02  -1.3564e+02   9.4229e+00   1.1885e+01 
 -4.4591e-01  -3.2970e+00   3.3111e+00   2.8996e+00  -1.4713e+00 
  3.4450e+00   2.3101e+00  -1.2272e+00  -8.2078e-01   8.2402e-01 
 -1.9494e+00   3.0356e+01   2.4336e+01   3.4958e+01   1.6230e+01 
  1.7858e+01   7.6644e+00   1.2400e+00   4.4252e-01   1.0904e-01 
  2.0054e-02   2.2962e-03   2.5583e-03   1.0877e-03   7.9882e-05 
  4.1882e-05   4.4069e-05   9.6946e+00   3.2754e+00 

########################
# 00000060
########################
RSS 1159150984637281.8
BP 0:
a0:   4.2133e+00   e0:  -5.8093e+02   b0:  -2.3066e+04   
P: 
  2.3644e+02   1.9001e+02  -1.3309e+02   2.7306e+01   1.1434e+01 
 -1.7007e+00  -1.6561e+00   4.7718e+00   1.0820e+00  -6.5412e-01 
  4.1309e+00   3.3273e+00  -2.9862e+00  -1.7925e+00  -1.4730e+00 
 -1.9494e+00   3.0356e+01   2.4336e+01   3.4958e+01   1.6230e+01 
  1.7858e+01   7.6644e+00   1.2400e+00   4.4252e-01   1.0904e-01 
  2.0054e-02   2.2962e-03   2.5583e-03   1.0877e-03   7.9882e-05 
  4.1882e-05   4.4069e-05   6.6054e+00   3.8234e+00 

########################
# 00000061
########################
RSS 1179095538963796.2
BP 0:
a0:   4.3769e+00   e0:   2.2118e+02   b0:   7.3322e+03   
P: 
  3.4699e+02   1.0342e+02  -2.4723e+02   3.6890e+01   1.1827e+01 
  1.4923e+00  -1.2698e+00   2.9987e+00   3.2736e+00   5.3077e-01 
  4.8672e+00   4.6784e+00  -1.6310e+00  -1.2246e+00   1.4503e+00 
 -1.9494e+00   3.0356e+01   2.4336e+01   3.4958e+01   1.6230e+01 
  1.7858e+01   7.6644e+00   1.2400e+00   4.4252e-01   1.0904e-01 
  2.0054e-02   2.2962e-03   2.5583e-03   1.0877e-03   7.9882e-05 
  4.1882e-05   4.4069e-05   6.3041e+00   7.7762e-01 

########################
# 00000062
########################
RSS 1202638492825143.5
BP 0:
a0:   3.9309e+00   e0:   3.5967e+02   b0:   3.4187e+04   
P: 
  2.4173e+02   3.0062e+02  -1.1749e+02  -1.8392e+01   1.5778e+01 
 -7.2153e-01  -2.1254e+00   3.0634e+00   1.5355e+00   2.0851e-03 
  1.9491e+00   2.5508e+00  -2.0313e+00  -6.5700e-02   1.4357e+00 
 -1.9494e+00   3.0356e+01   2.4336e+01   3.4958e+01   1.6230e+01 
  1.7858e+01   7.6644e+00   1.2400e+00   4.4252e-01   1.0904e-01 
  2.0054e-02   2.2962e-03   2.5583e-03   1.0877e-03   7.9882e-05 
  4.1882e-05   4.4069e-05   8.9967e+00   2.9163e+00 

########################
# 00000063
########################
RSS 1240594801535475.8
BP 0:
a0:   4.5118e+00   e0:   5.7710e+01   b0:   1.9144e+03   
P: 
 -3.0796e+01   4.1151e+02  -1.0144e+02  -1.1047e+01   3.7676e+00 
 -1.2227e+00  -3.2912e+00   4.3095e+00   1.9889e+00  -1.5279e+00 
  2.4552e+00   3.0974e+00  -1.8988e+00  -7.6162e-01   7.2521e-01 
 -1.9494e+00   3.0356e+01   2.4336e+01   3.4958e+01   1.6230e+01 
  1.7858e+01   7.6644e+00   1.2400e+00   4.4252e-01   1.0904e-01 
  2.0054e-02   2.2962e-03   2.5583e-03   1.0877e-03   7.9882e-05 
  4.1882e-05   4.4069e-05   9.0219e+00   2.3634e+00 

########################
# 00000064
########################
RSS 1251733516648669.5
BP 0:
a0:   4.8728e+00   e0:  -3.0128e+02   b0:  -6.7965e+03   
P: 
 -4.7879e+02   5.0451e+02  -3.0051e+02  -6.2009e+01  -1.1010e+01 
 -3.3906e+00  -2.8541e+00   3.2111e+00   4.2426e+00   6.1870e-02 
  5.6027e+00   2.5067e+00  -1.5878e+00  -1.4406e-01  -2.2949e+00 
 -1.9494e+00   3.0356e+01   2.4336e+01   3.4958e+01   1.6230e+01 
  1.7858e+01   7.6644e+00   1.2400e+00   4.4252e-01   1.0904e-01 
  2.0054e-02   2.2962e-03   2.5583e-03   1.0877e-03   7.9882e-05 
  4.1882e-05   4.4069e-05   3.2397e+00   5.6592e-01 

########################
# 00000065
########################
RSS 1254703521099734.8
BP 0:
a0:   4.0171e+00   e0:   1.0003e+02   b0:   1.1925e+04   
P: 
  1.9064e+02   3.4348e+02  -1.9602e+02  -6.3248e+00   3.3974e+00 
 -1.0283e+00  -2.6526e+00   2.9065e+00   3.0585e+00  -5.4128e-01 
  4.1917e+00   4.6762e+00  -2.3617e+00  -1.6553e-01   4.4617e-01 
 -1.9494e+00   3.0356e+01   2.4336e+01   3.4958e+01   1.6230e+01 
  1.7858e+01   7.6644e+00   1.2400e+00   4.4252e-01   1.0904e-01 
  2.0054e-02   2.2962e-03   2.5583e-03   1.0877e-03   7.9882e-05 
  4.1882e-05   4.4069e-05   1.0158e+01   3.0192e+00 

########################
# 00000066
########################
RSS 1301088009334430.2
BP 0:
a0:   5.8994e+00   e0:  -6.5470e+01   b0:   7.6359e+02   
P: 
  3.4297e+02   2.6375e+02  -1.6986e+02  -1.2723e+01   7.7861e+00 
 -1.0383e-02  -2.1553e+00   3.4756e+00   1.5838e+00   4.1208e-01 
  3.4432e+00   3.5424e+00  -2.9892e+00  -1.2660e+00   6.9136e-01 
 -1.9494e+00   3.0356e+01   2.4336e+01   3.4958e+01   1.6230e+01 
  1.7858e+01   7.6644e+00   1.2400e+00   4.4252e-01   1.0904e-01 
  2.0054e-02   2.2962e-03   2.5583e-03   1.0877e-03   7.9882e-05 
  4.1882e-05   4.4069e-05   1.8882e+01   3.2982e+00 

########################
# 00000067
########################
RSS 1326104897770608.0
BP 0:
a0:   4.5785e+00   e0:   9.1743e+01   b0:   4.6778e+03   
P: 
  8.9888e+02  -2.1716e+02  -6.5318e+01  -1.2994e+02   2.5108e+01 
 -1.8092e+00  -7.5277e+00   5.1615e-01  -5.0499e+00   2.4539e+00 
  1.0223e+01   9.1398e+00  -5.7990e+00  -5.6087e-01   1.0990e+00 
 -1.9494e+00   3.0356e+01   2.4336e+01   3.4958e+01   1.6230e+01 
  1.7858e+01   7.6644e+00   1.2400e+00   4.4252e-01   1.0904e-01 
  2.0054e-02   2.2962e-03   2.5583e-03   1.0877e-03   7.9882e-05 
  4.1882e-05   4.4069e-05   4.5765e+00   1.0032e+01 

########################
# 00000068
########################
RSS 1337430688213029.0
BP 0:
a0:   4.3602e+00   e0:   1.8479e+02   b0:   5.8074e+03   
P: 
 -7.3834e+01   4.2909e+02  -9.2766e+01  -8.0198e+00   8.7470e+00 
 -5.0460e-01  -1.9446e+00   3.0136e+00   2.4427e+00  -9.6363e-01 
  3.0285e+00   2.0251e+00  -8.0976e-01   4.8002e-01   6.0353e-01 
 -1.9494e+00   3.0356e+01   2.4336e+01   3.4958e+01   1.6230e+01 
  1.7858e+01   7.6644e+00   1.2400e+00   4.4252e-01   1.0904e-01 
  2.0054e-02   2.2962e-03   2.5583e-03   1.0877e-03   7.9882e-05 
  4.1882e-05   4.4069e-05   1.1205e+01   2.0638e+00 

########################
# 00000069
########################
RSS 1418248203878531.2
BP 0:
a0:   4.3398e+00   e0:   1.1286e+03   b0:   2.5358e+04   
P: 
  5.7551e+02   4.0300e+02  -3.4617e+02   8.5243e+01   1.1569e+02 
 -1.1422e+01   8.8092e+00   9.4268e+00   1.2441e+01  -9.2471e+00 
 -6.4251e+00  -3.8721e+00   6.8369e+00  -1.1563e+01   9.0871e+00 
 -1.9494e+00   3.0356e+01   2.4336e+01   3.4958e+01   1.6230e+01 
  1.7858e+01   7.6644e+00   1.2400e+00   4.4252e-01   1.0904e-01 
  2.0054e-02   2.2962e-03   2.5583e-03   1.0877e-03   7.9882e-05 
  4.1882e-05   4.4069e-05   1.0798e+01   1.6141e+01 

########################
# 00000070
########################
RSS 1450229271567372.8
BP 0:
a0:   7.0020e+00   e0:  -6.6929e+01   b0:   1.2158e+02   
P: 
  2.6101e+02   3.4847e+02  -1.6240e+02  -3.6364e+00   1.2135e+01 
 -6.0325e-01  -2.3381e+00   4.2157e+00   2.9543e+00  -5.9013e-01 
  4.0447e+00   3.8548e+00  -2.9810e+00  -1.3191e-01   8.3834e-02 
 -1.9494e+00   3.0356e+01   2.4336e+01   3.4958e+01   1.6230e+01 
  1.7858e+01   7.6644e+00   1.2400e+00   4.4252e-01   1.0904e-01 
  2.0054e-02   2.2962e-03   2.5583e-03   1.0877e-03   7.9882e-05 
  4.1882e-05   4.4069e-05   1.6690e+01   1.9555e+00 

########################
# 00000071
########################
RSS 1502212835464731.0
BP 0:
a0:   3.9447e+00   e0:   1.8751e+02   b0:   1.9788e+04   
P: 
 -4.2389e+01   4.0345e+02  -8.1061e+01  -1.7841e+01   7.2605e+00 
 -2.2626e+00  -1.7868e+00   3.1115e+00   2.1108e+00   2.9969e-01 
  3.7396e+00   3.2370e+00  -2.4062e+00  -8.3348e-01   1.1393e+00 
 -1.9494e+00   3.0356e+01   2.4336e+01   3.4958e+01   1.6230e+01 
  1.7858e+01   7.6644e+00   1.2400e+00   4.4252e-01   1.0904e-01 
  2.0054e-02   2.2962e-03   2.5583e-03   1.0877e-03   7.9882e-05 
  4.1882e-05   4.4069e-05   8.1288e+00   2.9548e+00 

########################
# 00000072
########################
RSS 1549705291342708.5
BP 0:
a0:   4.3582e+00   e0:  -1.0252e+03   b0:  -2.5698e+04   
P: 
  6.1695e+02   2.3430e+02  -3.4980e+02  -1.9694e+01   3.8975e+01 
  1.2853e+00   8.1356e-01   3.1891e+00   3.6812e+00  -2.4808e+00 
  2.4759e+00   6.8120e+00  -4.5585e+00  -2.1447e+00  -3.4488e+00 
 -1.9494e+00   3.0356e+01   2.4336e+01   3.4958e+01   1.6230e+01 
  1.7858e+01   7.6644e+00   1.2400e+00   4.4252e-01   1.0904e-01 
  2.0054e-02   2.2962e-03   2.5583e-03   1.0877e-03   7.9882e-05 
  4.1882e-05   4.4069e-05   1.0428e+01  -6.9286e-01 

########################
# 00000073
########################
RSS 1593452043464998.8
BP 0:
a0:   4.3864e+00   e0:   4.5099e+02   b0:   1.0148e+04   
P: 
  1.2427e+03   1.3532e+02  -5.3961e+02   1.5918e+02   8.2614e+01 
 -5.8317e+00  -3.0848e+00  -3.2295e+00   2.4792e+00  -6.4374e-01 
  4.4870e+00  -1.9102e+00   1.6552e-01  -6.0199e+00   4.6336e+00 
 -1.9494e+00   3.0356e+01   2.4336e+01   3.4958e+01   1.6230e+01 
  1.7858e+01   7.6644e+00   1.2400e+00   4.4252e-01   1.0904e-01 
  2.0054e-02   2.2962e-03   2.5583e-03   1.0877e-03   7.9882e-05 
  4.1882e-05   4.4069e-05   8.1603e+00   8.6438e+00 

########################
# 00000074
########################
RSS 1620366557715085.0
BP 0:
a0:   4.4285e+00   e0:   8.5531e+01   b0:   2.8722e+03   
P: 
  9.0186e+01   3.7676e+02  -1.0691e+02  -1.1503e+01   4.6741e+00 
 -1.8807e+00  -1.6002e+00   4.0398e+00   1.9338e+00  -4.9787e-01 
  2.8454e+00   2.8832e+00  -2.0310e+00  -4.0545e-01   7.1358e-01 
 -1.9494e+00   3.0356e+01   2.4336e+01   3.4958e+01   1.6230e+01 
  1.7858e+01   7.6644e+00   1.2400e+00   4.4252e-01   1.0904e-01 
  2.0054e-02   2.2962e-03   2.5583e-03   1.0877e-03   7.9882e-05 
  4.1882e-05   4.4069e-05   9.4391e+00   3.4498e+00 

########################
# 00000075
########################
RSS 1629534144466555.2
BP 0:
a0:   4.4003e+00   e0:   1.7373e+02   b0:   4.8480e+03   
P: 
  1.1072e+02   3.0618e+02  -9.5718e+01  -7.4833e+00   5.2297e+00 
 -1.9733e+00  -2.1026e+00   3.7585e+00   2.5031e+00  -1.3746e-01 
  2.6008e+00   1.9799e+00  -1.2734e+00  -1.3186e+00   1.4261e+00 
 -1.9494e+00   3.0356e+01   2.4336e+01   3.4958e+01   1.6230e+01 
  1.7858e+01   7.6644e+00   1.2400e+00   4.4252e-01   1.0904e-01 
  2.0054e-02   2.2962e-03   2.5583e-03   1.0877e-03   7.9882e-05 
  4.1882e-05   4.4069e-05   1.1386e+01   3.2254e+00 

########################
# 00000076
########################
RSS 1645201863283083.0
BP 0:
a0:   4.3967e+00   e0:   2.5423e+02   b0:   7.3761e+03   
P: 
  9.3127e+01   4.2900e+02  -1.6491e+02   2.4247e+00   9.6339e-01 
 -1.6605e+00  -1.3164e+00   3.4834e+00   2.9415e+00  -6.5425e-01 
  3.6281e+00   3.0915e+00  -2.5607e+00   1.1474e-01   1.3415e+00 
 -1.9494e+00   3.0356e+01   2.4336e+01   3.4958e+01   1.6230e+01 
  1.7858e+01   7.6644e+00   1.2400e+00   4.4252e-01   1.0904e-01 
  2.0054e-02   2.2962e-03   2.5583e-03   1.0877e-03   7.9882e-05 
  4.1882e-05   4.4069e-05   1.0187e+01   2.9867e+00 

########################
# 00000077
########################
RSS 1703671390181311.2
BP 0:
a0:   4.3698e+00   e0:  -8.3609e+01   b0:  -1.1857e+03   
P: 
 -3.1920e+01   2.5094e+02  -8.2703e+01  -1.9623e+01   5.1405e+00 
 -1.4864e+00  -1.4618e+00   3.5569e+00   1.8460e+00  -5.0474e-01 
  2.5707e+00   2.3958e+00  -9.6233e-01  -1.2536e-01  -3.5584e-01 
 -1.9494e+00   3.0356e+01   2.4336e+01   3.4958e+01   1.6230e+01 
  1.7858e+01   7.6644e+00   1.2400e+00   4.4252e-01   1.0904e-01 
  2.0054e-02   2.2962e-03   2.5583e-03   1.0877e-03   7.9882e-05 
  4.1882e-05   4.4069e-05   8.9733e+00   2.2567e+00 

########################
# 00000078
########################
RSS 1725265450000713.0
BP 0:
a0:   3.9608e+00   e0:   8.4354e+01   b0:   8.7118e+03   
P: 
  7.4926e+00   2.4079e+02  -1.0647e+02  -1.0017e+01   1.4430e+01 
 -1.8103e+00  -1.7101e+00   2.5722e+00   1.3540e+00  -3.4173e-01 
  2.2775e+00   1.4167e+00  -8.8517e-01  -9.1447e-01   7.0043e-01 
 -1.9494e+00   3.0356e+01   2.4336e+01   3.4958e+01   1.6230e+01 
  1.7858e+01   7.6644e+00   1.2400e+00   4.4252e-01   1.0904e-01 
  2.0054e-02   2.2962e-03   2.5583e-03   1.0877e-03   7.9882e-05 
  4.1882e-05   4.4069e-05   1.0922e+01   1.8198e+00 

########################
# 00000079
########################
RSS 1748998063970665.0
BP 0:
a0:   4.3050e+00   e0:  -2.7568e+02   b0:  -8.4155e+03   
P: 
  2.8037e+02   3.8359e+02  -8.2756e+01  -2.1851e+01   2.1598e+01 
 -1.2606e-01  -3.2560e+00   4.6181e+00   3.3492e+00  -4.9799e-01 
  3.6757e+00   1.8114e+00  -2.4240e+00  -2.1424e+00  -7.6764e-02 
 -1.9494e+00   3.0356e+01   2.4336e+01   3.4958e+01   1.6230e+01 
  1.7858e+01   7.6644e+00   1.2400e+00   4.4252e-01   1.0904e-01 
  2.0054e-02   2.2962e-03   2.5583e-03   1.0877e-03   7.9882e-05 
  4.1882e-05   4.4069e-05   6.4163e+00   2.2753e+00 

########################
# 00000080
########################
RSS 1838267652329221.2
BP 0:
a0:   4.4179e+00   e0:   3.1277e+02   b0:   8.6530e+03   
P: 
 -7.5650e+01   2.1668e+02  -2.0599e+02  -1.7061e+01  -6.6837e-01 
 -1.1046e+00  -2.8910e+00   5.2370e+00   1.4859e+00  -2.0958e+00 
  2.5754e+00   4.9924e+00  -9.5458e-01  -1.8391e+00   2.0756e+00 
 -1.9494e+00   3.0356e+01   2.4336e+01   3.4958e+01   1.6230e+01 
  1.7858e+01   7.6644e+00   1.2400e+00   4.4252e-01   1.0904e-01 
  2.0054e-02   2.2962e-03   2.5583e-03   1.0877e-03   7.9882e-05 
  4.1882e-05   4.4069e-05   8.0627e+00   1.5431e+00 

########################
# 00000081
########################
RSS 1849247921527538.8
BP 0:
a0:   4.6996e+00   e0:  -1.3283e+01   b0:   4.0906e+02   
P: 
 -8.5775e+01   4.1433e+02  -7.9165e+01  -1.3707e+01   1.8906e+00 
 -1.4889e+00  -1.5613e+00   3.6481e+00   3.2073e+00  -1.1834e+00 
  3.1882e+00   2.9218e+00  -1.3567e+00  -1.3520e+00   5.3818e-01 
 -1.9494e+00   3.0356e+01   2.4336e+01   3.4958e+01   1.6230e+01 
  1.7858e+01   7.6644e+00   1.2400e+00   4.4252e-01   1.0904e-01 
  2.0054e-02   2.2962e-03   2.5583e-03   1.0877e-03   7.9882e-05 
  4.1882e-05   4.4069e-05   9.7298e+00   3.2206e+00 

########################
# 00000082
########################
RSS 1852842319956744.0
BP 0:
a0:   5.8246e+00   e0:  -9.1625e+00   b0:   1.5533e+02   
P: 
  2.3914e+02   3.8719e+02  -7.9239e+01   4.8928e+00  -2.5275e+00 
 -1.5092e+00  -1.9811e+00   4.0106e+00   2.4163e+00  -5.2642e-02 
  2.1764e+00   1.6331e+00  -2.5338e+00  -1.3994e+00   9.7022e-01 
 -1.9494e+00   3.0356e+01   2.4336e+01   3.4958e+01   1.6230e+01 
  1.7858e+01   7.6644e+00   1.2400e+00   4.4252e-01   1.0904e-01 
  2.0054e-02   2.2962e-03   2.5583e-03   1.0877e-03   7.9882e-05 
  4.1882e-05   4.4069e-05   1.4883e+01   2.4733e+00 

########################
# 00000083
########################
RSS 1861855724376641.2
BP 0:
a0:   4.2289e+00   e0:   4.9771e+01   b0:   3.9384e+03   
P: 
  4.8874e+01   2.8681e+02  -1.3470e+02   7.9892e+00   1.8303e+00 
 -1.8403e+00  -3.2064e+00   4.0480e+00   2.7108e+00   2.7941e-01 
  3.2992e+00   2.5219e+00  -2.6475e+00   1.6552e-01   3.8884e-01 
 -1.9494e+00   3.0356e+01   2.4336e+01   3.4958e+01   1.6230e+01 
  1.7858e+01   7.6644e+00   1.2400e+00   4.4252e-01   1.0904e-01 
  2.0054e-02   2.2962e-03   2.5583e-03   1.0877e-03   7.9882e-05 
  4.1882e-05   4.4069e-05   8.8951e+00   3.1787e+00 

########################
# 00000084
########################
RSS 1874034134861952.8
BP 0:
a0:   5.2296e+00   e0:  -2.7556e+01   b0:   2.8109e+02   
P: 
  2.7102e+00   2.2373e+02  -1.8764e+02  -5.1663e+00   1.5626e+01 
 -2.2196e-01  -1.9592e+00   3.1742e+00   1.5032e+00  -5.4417e-01 
  3.2577e+00   3.8421e+00  -3.3791e+00   2.0232e-01   1.5736e-01 
 -1.9494e+00   3.0356e+01   2.4336e+01   3.4958e+01   1.6230e+01 
  1.7858e+01   7.6644e+00   1.2400e+00   4.4252e-01   1.0904e-01 
  2.0054e-02   2.2962e-03   2.5583e-03   1.0877e-03   7.9882e-05 
  4.1882e-05   4.4069e-05   2.3166e+01   1.8375e+00 

########################
# 00000085
########################
RSS 1928293764812472.5
BP 0:
a0:   4.4122e+00   e0:   2.2949e+02   b0:   6.1857e+03   
P: 
  2.2341e+02   3.3129e+02  -1.1369e+02   1.0673e+01   6.2512e+00 
 -1.2641e+00  -3.0901e+00   3.1443e+00   2.5693e+00  -1.0005e+00 
  2.3833e+00   2.5675e+00  -2.3231e+00  -3.3141e-01   1.4344e+00 
 -1.9494e+00   3.0356e+01   2.4336e+01   3.4958e+01   1.6230e+01 
  1.7858e+01   7.6644e+00   1.2400e+00   4.4252e-01   1.0904e-01 
  2.0054e-02   2.2962e-03   2.5583e-03   1.0877e-03   7.9882e-05 
  4.1882e-05   4.4069e-05   8.1944e+00   2.0216e+00 

########################
# 00000086
########################
RSS 1931799906820211.0
BP 0:
a0:   6.4204e+00   e0:  -4.2750e+01   b0:   3.2079e+01   
P: 
 -8.6128e+01   4.0177e+02  -1.2611e+02  -1.3149e+01   9.2202e+00 
 -1.9123e+00  -1.7978e+00   2.5891e+00   2.0832e+00  -8.6740e-01 
  2.7018e+00   2.5433e+00  -1.0595e+00   1.6725e-01  -2.4616e-01 
 -1.9494e+00   3.0356e+01   2.4336e+01   3.4958e+01   1.6230e+01 
  1.7858e+01   7.6644e+00   1.2400e+00   4.4252e-01   1.0904e-01 
  2.0054e-02   2.2962e-03   2.5583e-03   1.0877e-03   7.9882e-05 
  4.1882e-05   4.4069e-05   2.2689e+01   1.8265e+00 

########################
# 00000087
########################
RSS 1950452965208741.8
BP 0:
a0:   4.0581e+00   e0:  -6.2017e+00   b0:   3.3794e+03   
P: 
  2.6857e+01   3.8491e+02  -1.1353e+02   1.2723e+01   2.1645e+00 
  3.4861e-01  -3.7292e+00   1.5451e+00   1.8642e+00  -1.7018e+00 
  2.5097e+00   3.8118e+00  -1.1615e+00   1.0687e+00  -5.8830e-01 
 -1.9494e+00   3.0356e+01   2.4336e+01   3.4958e+01   1.6230e+01 
  1.7858e+01   7.6644e+00   1.2400e+00   4.4252e-01   1.0904e-01 
  2.0054e-02   2.2962e-03   2.5583e-03   1.0877e-03   7.9882e-05 
  4.1882e-05   4.4069e-05   4.7386e+00   1.1570e+00 

########################
# 00000088
########################
RSS 1951578495642802.5
BP 0:
a0:   4.1145e+00   e0:  -6.1804e+01   b0:  -6.0165e+02   
P: 
 -7.4416e+01   1.7362e+02  -2.7527e+01   2.9907e+01  -1.1405e+01 
  4.7538e-01  -2.1842e+00   2.9817e+00   3.0199e+00   9.8106e-01 
  4.3031e+00   2.7586e+00  -1.0258e+00  -2.1274e+00   5.6450e-01 
 -1.9494e+00   3.0356e+01   2.4336e+01   3.4958e+01   1.6230e+01 
  1.7858e+01   7.6644e+00   1.2400e+00   4.4252e-01   1.0904e-01 
  2.0054e-02   2.2962e-03   2.5583e-03   1.0877e-03   7.9882e-05 
  4.1882e-05   4.4069e-05   5.8046e+00   3.6481e+00 

########################
# 00000089
########################
RSS 1981292098388737.0
BP 0:
a0:   4.0452e+00   e0:  -3.5930e+01   b0:   4.1993e+02   
P: 
  2.3028e+02   3.9541e+02  -2.4673e+02  -4.2624e+01  -2.5046e+01 
  2.8514e-01  -2.4688e+00   5.7277e+00   4.9973e+00  -2.2050e-01 
  2.2730e+00   3.0915e-01  -1.2256e+00   2.0954e+00  -8.7352e-01 
 -1.9494e+00   3.0356e+01   2.4336e+01   3.4958e+01   1.6230e+01 
  1.7858e+01   7.6644e+00   1.2400e+00   4.4252e-01   1.0904e-01 
  2.0054e-02   2.2962e-03   2.5583e-03   1.0877e-03   7.9882e-05 
  4.1882e-05   4.4069e-05   4.1198e+00  -5.0758e-01 

########################
# 00000090
########################
RSS 2080055318301984.8
BP 0:
a0:   4.3726e+00   e0:   2.0385e+02   b0:   6.0610e+03   
P: 
  3.0553e+01   2.5410e+02  -1.4421e+02  -1.3165e+00   3.6926e+00 
 -9.9805e-01  -1.8255e+00   3.4356e+00   2.6938e+00   2.3125e-01 
  2.9451e+00   1.8467e+00  -1.2994e+00  -1.9245e-01   1.0805e+00 
 -1.9494e+00   3.0356e+01   2.4336e+01   3.4958e+01   1.6230e+01 
  1.7858e+01   7.6644e+00   1.2400e+00   4.4252e-01   1.0904e-01 
  2.0054e-02   2.2962e-03   2.5583e-03   1.0877e-03   7.9882e-05 
  4.1882e-05   4.4069e-05   1.3033e+01   3.2189e+00 

########################
# 00000091
########################
RSS 2169340409089311.2
BP 0:
a0:   5.1195e+00   e0:  -3.0687e+01   b0:   3.2736e+02   
P: 
  5.2490e+01   3.3715e+02  -1.9391e+02   1.2033e+01   4.3981e+00 
 -7.0519e-01  -2.1979e+00   4.7468e+00   1.5063e+00  -7.3851e-01 
  2.9013e+00   4.3181e+00  -2.9247e+00   8.2899e-02   8.9481e-02 
 -1.9494e+00   3.0356e+01   2.4336e+01   3.4958e+01   1.6230e+01 
  1.7858e+01   7.6644e+00   1.2400e+00   4.4252e-01   1.0904e-01 
  2.0054e-02   2.2962e-03   2.5583e-03   1.0877e-03   7.9882e-05 
  4.1882e-05   4.4069e-05   1.5948e+01   1.7989e+00 

########################
# 00000092
########################
RSS 2188459919367064.2
BP 0:
a0:   4.8378e+00   e0:  -3.1714e+01   b0:   1.5217e+01   
P: 
  1.3675e+02   4.2760e+02  -1.2520e+02  -8.4880e-01   6.0390e+00 
 -3.4028e-01  -2.7336e+00   4.2601e+00   2.9352e+00  -2.0138e-01 
  3.2126e+00   2.1656e+00  -1.6610e+00  -5.5319e-01   1.8870e-01 
 -1.9494e+00   3.0356e+01   2.4336e+01   3.4958e+01   1.6230e+01 
  1.7858e+01   7.6644e+00   1.2400e+00   4.4252e-01   1.0904e-01 
  2.0054e-02   2.2962e-03   2.5583e-03   1.0877e-03   7.9882e-05 
  4.1882e-05   4.4069e-05   1.3531e+01   2.8249e+00 

########################
# 00000093
########################
RSS 2205556095350963.8
BP 0:
a0:   3.9257e+00   e0:   3.5105e+02   b0:   3.5521e+04   
P: 
 -1.4789e+01   4.2889e+02  -1.1369e+02  -9.1271e+00   1.4961e+01 
 -5.7036e-01  -1.3254e+00   3.9995e+00   2.5591e+00  -5.2001e-01 
  3.7036e+00   3.2455e+00  -2.5583e+00   4.2291e-01   1.1963e+00 
 -1.9494e+00   3.0356e+01   2.4336e+01   3.4958e+01   1.6230e+01 
  1.7858e+01   7.6644e+00   1.2400e+00   4.4252e-01   1.0904e-01 
  2.0054e-02   2.2962e-03   2.5583e-03   1.0877e-03   7.9882e-05 
  4.1882e-05   4.4069e-05   1.0451e+01   3.0166e+00 

########################
# 00000094
########################
RSS 2214841143501386.8
BP 0:
a0:   4.4405e+00   e0:   4.0622e+00   b0:   1.3862e+03   
P: 
  5.1589e+01   2.4408e+02  -9.6388e+01  -1.4667e+01  -7.6249e-01 
 -4.9289e-01  -3.0099e+00   2.5079e+00   1.8452e+00  -1.0255e+00 
  2.5240e+00   2.6845e+00  -1.3086e+00  -4.9638e-01   2.6459e-01 
 -1.9494e+00   3.0356e+01   2.4336e+01   3.4958e+01   1.6230e+01 
  1.7858e+01   7.6644e+00   1.2400e+00   4.4252e-01   1.0904e-01 
  2.0054e-02   2.2962e-03   2.5583e-03   1.0877e-03   7.9882e-05 
  4.1882e-05   4.4069e-05   1.2006e+01   1.8459e+00 

########################
# 00000095
########################
RSS 2261457771374271.5
BP 0:
a0:   4.3492e+00   e0:  -2.3033e+02   b0:  -5.2165e+03   
P: 
  2.4067e+02   4.4968e+02  -2.5102e+02   6.8169e+00   3.2238e+00 
  1.9554e+00  -1.6328e+00   5.0692e+00   3.8224e+00  -6.1812e-01 
  3.7500e+00   3.2046e+00  -3.2209e+00  -1.2389e+00  -2.1951e-01 
 -1.9494e+00   3.0356e+01   2.4336e+01   3.4958e+01   1.6230e+01 
  1.7858e+01   7.6644e+00   1.2400e+00   4.4252e-01   1.0904e-01 
  2.0054e-02   2.2962e-03   2.5583e-03   1.0877e-03   7.9882e-05 
  4.1882e-05   4.4069e-05   7.9660e+00   2.7044e+00 

########################
# 00000096
########################
RSS 2274632991165531.0
BP 0:
a0:   4.3927e+00   e0:   2.9289e+02   b0:   8.0862e+03   
P: 
  2.3371e+02   2.0620e+02  -1.4556e+02  -1.6951e+01   9.4899e+00 
  3.9138e-01  -4.0710e+00   3.5196e+00   5.1199e-01  -1.6752e-01 
  3.8167e+00   2.1998e+00  -1.3532e+00  -1.0058e+00   1.8287e+00 
 -1.9494e+00   3.0356e+01   2.4336e+01   3.4958e+01   1.6230e+01 
  1.7858e+01   7.6644e+00   1.2400e+00   4.4252e-01   1.0904e-01 
  2.0054e-02   2.2962e-03   2.5583e-03   1.0877e-03   7.9882e-05 
  4.1882e-05   4.4069e-05   5.4699e+00   1.7736e+00 

########################
# 00000097
########################
RSS 2296059806056249.5
BP 0:
a0:   3.9352e+00   e0:   3.1152e+02   b0:   2.9116e+04   
P: 
  1.1020e+02   2.8962e+02  -1.0442e+02   1.5379e+01   1.3669e+01 
 -6.5429e-01  -2.9890e+00   3.6836e+00   2.5959e+00  -1.1567e-01 
  2.0079e+00   1.8808e+00  -2.1355e+00  -2.8869e-01   1.4306e+00 
 -1.9494e+00   3.0356e+01   2.4336e+01   3.4958e+01   1.6230e+01 
  1.7858e+01   7.6644e+00   1.2400e+00   4.4252e-01   1.0904e-01 
  2.0054e-02   2.2962e-03   2.5583e-03   1.0877e-03   7.9882e-05 
  4.1882e-05   4.4069e-05   1.2855e+01   3.0441e+00 

########################
# 00000098
########################
RSS 2305903508432529.5
BP 0:
a0:   3.9012e+00   e0:  -1.1445e+02   b0:  -8.0370e+03   
P: 
 -7.6922e+01   4.2845e+02  -8.2121e+01  -1.1476e+01   1.3050e+01 
 -2.1200e+00  -1.4685e+00   2.5684e+00   2.0454e+00   3.1008e-01 
  2.9238e+00   2.9048e+00  -2.0316e+00  -1.1813e+00   1.8602e-01 
 -1.9494e+00   3.0356e+01   2.4336e+01   3.4958e+01   1.6230e+01 
  1.7858e+01   7.6644e+00   1.2400e+00   4.4252e-01   1.0904e-01 
  2.0054e-02   2.2962e-03   2.5583e-03   1.0877e-03   7.9882e-05 
  4.1882e-05   4.4069e-05   1.1393e+01   3.5509e+00 

########################
# 00000099
########################
RSS 2322688341682788.0
BP 0:
a0:   4.5793e+00   e0:   1.4302e+00   b0:   1.0766e+03   
P: 
  1.0644e+02   4.3501e+02  -1.6827e+02  -1.7269e+01  -1.9251e+00 
 -1.4871e+00  -2.1702e+00   2.4670e+00   1.6918e+00  -1.5070e+00 
  3.0143e+00   1.4006e+00  -2.2998e+00  -7.3666e-01   6.1890e-01 
 -1.9494e+00   3.0356e+01   2.4336e+01   3.4958e+01   1.6230e+01 
  1.7858e+01   7.6644e+00   1.2400e+00   4.4252e-01   1.0904e-01 
  2.0054e-02   2.2962e-03   2.5583e-03   1.0877e-03   7.9882e-05 
  4.1882e-05   4.4069e-05   1.1676e+01   2.2704e+00 

########################
# 00000100
########################
RSS 2346105273365770.5
BP 0:
a0:   4.5457e+00   e0:   4.5902e+01   b0:   1.6132e+03   
P: 
  1.9039e+02   2.1220e+02  -1.9161e+02  -1.6366e+01   3.9426e+00 
 -2.1918e-01  -2.6319e+00   4.6333e+00   1.3819e+00  -1.5829e-01 
  4.0631e+00   2.6809e+00  -3.0988e+00  -1.0016e+00   9.8207e-01 
 -1.9494e+00   3.0356e+01   2.4336e+01   3.4958e+01   1.6230e+01 
  1.7858e+01   7.6644e+00   1.2400e+00   4.4252e-01   1.0904e-01 
  2.0054e-02   2.2962e-03   2.5583e-03   1.0877e-03   7.9882e-05 
  4.1882e-05   4.4069e-05   1.6980e+01   3.3223e+00 

