########################
# 00000001
########################
RSS 7051.077046989651
BP 0:
a0:   3.0304e+00   e0:  -3.3510e+00   b0:   7.5826e+01   
BP 1:
a0:   3.1599e+00   e0:  -1.5001e+00   b0:   1.5545e+01   
P: 
  9.9652e-01   9.9193e-01   1.0444e+00   3.6030e-03   2.2946e-02 
  9.7460e-03  -3.7533e-03  -1.0777e-02   3.6501e-04   3.9315e-03 
 -3.2174e-03   8.3501e-03   1.7266e-02   1.8579e-02   1.2213e-03 
 -7.0874e-03  -9.4052e-03   4.6613e-04   3.6484e-04  -1.9494e+00 
  3.0356e+01   2.4336e+01   3.4958e+01   1.6230e+01   1.7858e+01 
  7.6644e+00   1.2400e+00   4.4252e-01   1.0904e-01   2.0054e-02 
  2.2962e-03   2.5583e-03   1.0877e-03   7.9882e-05   4.1882e-05 
  4.4069e-05  -9.1202e+00   5.4761e+00   9.9324e-01   1.0066e+00 
  8.3848e-01   2.3777e-02   7.6558e-03   1.0364e-02  -3.6245e-03 
 -8.7258e-03   5.9631e-04   1.4060e-02   1.2186e-03  -6.9880e-03 
 -1.6085e-02  -1.4269e-02   1.8112e-03  -1.8855e-03  -7.8389e-04 
  2.5526e-04   8.4014e-04  -1.9494e+00   3.0356e+01   2.4336e+01 
  3.4958e+01   1.6230e+01   1.7858e+01   7.6644e+00   1.2400e+00 
  4.4252e-01   1.0904e-01   2.0054e-02   2.2962e-03   2.5583e-03 
  1.0877e-03   7.9882e-05   4.1882e-05   4.4069e-05  -9.1148e+00 
  5.4624e+00   9.8888e-01   9.9635e-01   1.0423e+00  -6.2948e-03 
  2.7737e-03   1.0651e-03   7.7140e-03  -1.7675e-02   2.3014e-03 
  5.2380e-03  -9.7468e-04  -9.5120e-03   2.1561e-03   5.0636e-03 
  2.9088e-03   1.4290e-02   2.1541e-02  -2.4694e-04   8.6877e-04 


########################
# 00000002
########################
RSS 7118.659444153338
BP 0:
a0:   2.9941e+00   e0:  -3.4824e+00   b0:   7.6590e+01   
BP 1:
a0:   3.2465e+00   e0:  -1.4151e+00   b0:   1.7993e+01   
P: 
  9.9772e-01   9.9240e-01   1.0425e+00   3.6805e-03   2.4345e-02 
  9.9989e-03  -3.5520e-03  -1.0283e-02   6.6372e-04   3.4943e-03 
 -3.0261e-03   8.6000e-03   1.6723e-02   1.8991e-02   1.5567e-03 
 -7.0667e-03  -1.0094e-02   4.9143e-04   3.7994e-04  -1.9494e+00 
  3.0356e+01   2.4336e+01   3.4958e+01   1.6230e+01   1.7858e+01 
  7.6644e+00   1.2400e+00   4.4252e-01   1.0904e-01   2.0054e-02 
  2.2962e-03   2.5583e-03   1.0877e-03   7.9882e-05   4.1882e-05 
  4.4069e-05  -9.1202e+00   5.4756e+00   9.9254e-01   1.0064e+00 
  8.4824e-01   2.2720e-02   5.6518e-03   9.3745e-03  -4.1156e-03 
 -9.6570e-03   3.5515e-04   1.4073e-02   1.8846e-03  -7.2142e-03 
 -1.5433e-02  -1.3770e-02   2.2337e-03  -1.0371e-03  -7.9077e-04 
  2.0586e-04   8.4787e-04  -1.9494e+00   3.0356e+01   2.4336e+01 
  3.4958e+01   1.6230e+01   1.7858e+01   7.6644e+00   1.2400e+00 
  4.4252e-01   1.0904e-01   2.0054e-02   2.2962e-03   2.5583e-03 
  1.0877e-03   7.9882e-05   4.1882e-05   4.4069e-05  -9.1148e+00 
  5.4627e+00   9.8890e-01   9.9723e-01   1.0447e+00  -8.3891e-03 
  3.5211e-03   9.6153e-04   6.9023e-03  -1.7955e-02   3.0161e-03 
  5.6382e-03  -1.1611e-03  -1.0224e-02   1.8275e-03   5.9579e-03 
  2.5093e-03   1.3554e-02   2.0398e-02  -3.2026e-04   8.7550e-04 


########################
# 00000003
########################
RSS 7175.152457607764
BP 0:
a0:   3.0088e+00   e0:  -3.4385e+00   b0:   7.6467e+01   
BP 1:
a0:   3.2494e+00   e0:  -1.4073e+00   b0:   1.8067e+01   
P: 
  9.9778e-01   9.9303e-01   1.0437e+00   3.0205e-03   2.5235e-02 
  1.0353e-02  -4.1511e-03  -9.6467e-03   5.1446e-04   3.9348e-03 
 -2.3406e-03   9.3315e-03   1.7258e-02   1.9473e-02   1.0424e-03 
 -7.1824e-03  -9.8793e-03   5.0656e-04   3.7844e-04  -1.9494e+00 
  3.0356e+01   2.4336e+01   3.4958e+01   1.6230e+01   1.7858e+01 
  7.6644e+00   1.2400e+00   4.4252e-01   1.0904e-01   2.0054e-02 
  2.2962e-03   2.5583e-03   1.0877e-03   7.9882e-05   4.1882e-05 
  4.4069e-05  -9.1199e+00   5.4758e+00   9.9242e-01   1.0072e+00 
  8.4607e-01   2.4517e-02   6.4295e-03   9.4835e-03  -3.9561e-03 
 -9.9591e-03  -8.1567e-05   1.3737e-02   1.4159e-03  -7.3719e-03 
 -1.5908e-02  -1.3873e-02   2.5255e-03  -1.3032e-03  -8.8261e-04 
  2.2942e-04   8.8918e-04  -1.9494e+00   3.0356e+01   2.4336e+01 
  3.4958e+01   1.6230e+01   1.7858e+01   7.6644e+00   1.2400e+00 
  4.4252e-01   1.0904e-01   2.0054e-02   2.2962e-03   2.5583e-03 
  1.0877e-03   7.9882e-05   4.1882e-05   4.4069e-05  -9.1148e+00 
  5.4628e+00   9.8942e-01   9.9761e-01   1.0475e+00  -7.0261e-03 
  2.7963e-03   1.0864e-03   6.8493e-03  -1.7821e-02   3.5194e-03 
  5.4438e-03  -1.1891e-03  -1.0671e-02   1.8458e-03   6.3420e-03 
  2.6095e-03   1.4094e-02   2.0650e-02  -3.5081e-04   9.0067e-04 


########################
# 00000004
########################
RSS 7223.160083559677
BP 0:
a0:   2.9807e+00   e0:  -3.5554e+00   b0:   7.7276e+01   
BP 1:
a0:   3.2924e+00   e0:  -1.3491e+00   b0:   1.9452e+01   
P: 
  1.0006e+00   9.9381e-01   1.0489e+00   1.1942e-02   2.7552e-02 
  8.0176e-03  -2.2288e-03  -1.0747e-02  -2.3035e-03   3.9881e-03 
 -4.6955e-03   8.0103e-03   1.6323e-02   2.2254e-02  -1.1752e-03 
 -6.4147e-03  -9.3826e-03   4.4710e-04   1.5055e-04  -1.9494e+00 
  3.0356e+01   2.4336e+01   3.4958e+01   1.6230e+01   1.7858e+01 
  7.6644e+00   1.2400e+00   4.4252e-01   1.0904e-01   2.0054e-02 
  2.2962e-03   2.5583e-03   1.0877e-03   7.9882e-05   4.1882e-05 
  4.4069e-05  -9.1204e+00   5.4748e+00   9.9059e-01   1.0065e+00 
  8.4377e-01   2.4290e-02   1.1020e-02   9.0357e-03  -2.6921e-03 
 -8.1094e-03   1.3106e-03   1.2291e-02  -2.5164e-04  -6.7561e-03 
 -1.5977e-02  -1.4426e-02   1.8669e-03  -1.1048e-03  -3.2521e-04 
  2.5001e-04   8.3228e-04  -1.9494e+00   3.0356e+01   2.4336e+01 
  3.4958e+01   1.6230e+01   1.7858e+01   7.6644e+00   1.2400e+00 
  4.4252e-01   1.0904e-01   2.0054e-02   2.2962e-03   2.5583e-03 
  1.0877e-03   7.9882e-05   4.1882e-05   4.4069e-05  -9.1161e+00 
  5.4616e+00   9.8710e-01   9.9529e-01   1.0357e+00  -2.9310e-03 
  2.5808e-03  -5.6045e-04   8.6130e-03  -1.8460e-02   4.5510e-03 
  3.9010e-03  -2.5512e-03  -8.5083e-03   2.5973e-04   4.4175e-03 
  3.9113e-03   1.4104e-02   1.8115e-02  -3.6818e-04   6.1393e-04 


########################
# 00000005
########################
RSS 7334.83524789858
BP 0:
a0:   2.9491e+00   e0:  -3.6372e+00   b0:   7.8120e+01   
BP 1:
a0:   3.3504e+00   e0:  -1.2878e+00   b0:   2.1544e+01   
P: 
  9.9709e-01   9.9587e-01   1.0788e+00   1.3740e-02   3.2208e-02 
  7.1312e-03  -3.3314e-03  -1.2527e-02   7.7142e-05   4.2390e-03 
 -6.5718e-03   7.3836e-03   1.5199e-02   1.7634e-02  -1.8926e-04 
 -5.0787e-03  -1.0588e-02   8.1341e-04   8.0879e-05  -1.9494e+00 
  3.0356e+01   2.4336e+01   3.4958e+01   1.6230e+01   1.7858e+01 
  7.6644e+00   1.2400e+00   4.4252e-01   1.0904e-01   2.0054e-02 
  2.2962e-03   2.5583e-03   1.0877e-03   7.9882e-05   4.1882e-05 
  4.4069e-05  -9.1171e+00   5.4729e+00   9.8938e-01   1.0071e+00 
  8.7692e-01   2.6021e-02   9.9641e-03   1.0244e-02   2.8048e-04 
 -7.9826e-03   4.0997e-04   1.3453e-02  -1.4962e-03  -7.9979e-03 
 -1.5225e-02  -1.6098e-02   3.1904e-03  -1.1683e-03   9.2450e-04 
  1.2098e-04   6.3509e-04  -1.9494e+00   3.0356e+01   2.4336e+01 
  3.4958e+01   1.6230e+01   1.7858e+01   7.6644e+00   1.2400e+00 
  4.4252e-01   1.0904e-01   2.0054e-02   2.2962e-03   2.5583e-03 
  1.0877e-03   7.9882e-05   4.1882e-05   4.4069e-05  -9.1158e+00 
  5.4596e+00   9.8651e-01   9.9910e-01   1.0428e+00  -1.0050e-03 
  4.8834e-03  -1.4186e-03   8.1271e-03  -1.7797e-02   6.8207e-03 
  1.7986e-03  -6.3663e-03  -6.1765e-03   7.9532e-04   3.6098e-03 
  3.7523e-03   1.1095e-02   1.7178e-02  -5.0379e-04   3.9253e-04 


########################
# 00000006
########################
RSS 9974.584901180075
BP 0:
a0:   3.4666e+00   e0:  -1.6602e+00   b0:   8.5095e+01   
BP 1:
a0:   3.1893e+00   e0:  -1.7063e+00   b0:   1.7100e+01   
P: 
  1.0000e+00   1.0000e+00   1.0000e+00   0.0000e+00   0.0000e+00 
  0.0000e+00   0.0000e+00   0.0000e+00   0.0000e+00   0.0000e+00 
  0.0000e+00   0.0000e+00   0.0000e+00   0.0000e+00   0.0000e+00 
  0.0000e+00   0.0000e+00   0.0000e+00   0.0000e+00  -1.9494e+00 
  3.0356e+01   2.4336e+01   3.4958e+01   1.6230e+01   1.7858e+01 
  7.6644e+00   1.2400e+00   4.4252e-01   1.0904e-01   2.0054e-02 
  2.2962e-03   2.5583e-03   1.0877e-03   7.9882e-05   4.1882e-05 
  4.4069e-05  -9.1292e+00   5.4653e+00   1.0000e+00   1.0000e+00 
  1.0000e+00   0.0000e+00   0.0000e+00   0.0000e+00   0.0000e+00 
  0.0000e+00   0.0000e+00   0.0000e+00   0.0000e+00   0.0000e+00 
  0.0000e+00   0.0000e+00   0.0000e+00   0.0000e+00   0.0000e+00 
  0.0000e+00   0.0000e+00  -1.9494e+00   3.0356e+01   2.4336e+01 
  3.4958e+01   1.6230e+01   1.7858e+01   7.6644e+00   1.2400e+00 
  4.4252e-01   1.0904e-01   2.0054e-02   2.2962e-03   2.5583e-03 
  1.0877e-03   7.9882e-05   4.1882e-05   4.4069e-05  -9.1292e+00 
  5.4653e+00   1.0000e+00   1.0000e+00   1.0000e+00   0.0000e+00 
  0.0000e+00   0.0000e+00   0.0000e+00   0.0000e+00   0.0000e+00 
  0.0000e+00   0.0000e+00   0.0000e+00   0.0000e+00   0.0000e+00 
  0.0000e+00   0.0000e+00   0.0000e+00   0.0000e+00   0.0000e+00 


