RSS:  
347101199.19241196

P:  
-0.217771062153
-0.185912178511
0.0190647859657
-0.0298274579672
-0.198418290391
0.0882711122308
0.00996618608721
0.0365009885193
-0.095255905121
-0.198777281018
0.00268410321057
0.000876976599203
-0.0915682441052
-0.0116635972344
-0.0185587233946
0.0171428663904
-0.00996537995085
-0.00440131039433
0.00695330581915
0.00243175045026
-0.0017000501994
0.000774116383405
-9.7340575996e-05
-7.63505626385e-05
7.18229162459e-05
-7.17501169849e-05
1.77136611981
1.31889917142
1.19538012227
0.929898849103
1.17015179411
1.22421189346
-0.031922167326
0.393077222907
0.0776753913335
0.0433552722194
0.0194898861129
0.00910362034948
0.0026537775878
0.00474128512336
0.00060462481273
0.0
0.452439551697
-0.188484561172
-0.870217745823
-0.532432970747
-1.73079456891
-0.748170620097
-2.08543517205
-2.3587807449
-0.618432018215
-2.62742630005
-2.82802738201
-0.0796881798894
-2.45329191991
-2.70448564866
-0.0699963149557
-1.36541218369
-2.33526149756
-1.27760849211
-1.425143542
-1.26096838784
-1.5866660378
-1.64289405432
-2.52161201701

EFS Density:
6.986238423845558

BP Density:
6.882296385512875


Known:
a0:     3.42
e0:     -4.27
B0:     210.99999999941215
EC:     365.000 137.000 137.000  0.000  0.000  0.000 
        137.000 365.000 137.000  0.000  0.000  0.000 
        137.000 137.000 365.000  0.000  0.000  0.000 
         0.000  0.000  0.000 186.000  0.000  0.000 
         0.000  0.000  0.000  0.000 186.000  0.000 
         0.000  0.000  0.000  0.000  0.000 186.000 

Calculated:
a0:     3.473781667781531
e0:     27.93726104865251
B0:     6449.988303241494
EC:     16325.928 1875.104 1875.104  0.000  0.000  0.000 
        1875.104 16325.928 1875.104  0.000  0.000  0.000 
        1875.104 1875.104 16325.928  0.000  0.000  0.000 
         0.000  0.000  0.000 1567.152  0.000  0.000 
         0.000  0.000  0.000  0.000 1567.152  0.000 
         0.000  0.000  0.000  0.000  0.000 1567.152 

Known:
a0:     2.86
e0:     -4.32
B0:     169.99999999952638
EC:     243.000 145.000 145.000  0.000  0.000  0.000 
        145.000 243.000 145.000  0.000  0.000  0.000 
        145.000 145.000 243.000  0.000  0.000  0.000 
         0.000  0.000  0.000 116.000  0.000  0.000 
         0.000  0.000  0.000  0.000 116.000  0.000 
         0.000  0.000  0.000  0.000  0.000 116.000 

Calculated:
a0:     2.877735922441723
e0:     14.091267068738942
B0:     11313.163594820347
EC:     34120.675 248.739 248.739  0.000  0.000  0.000 
        248.739 34120.675 248.739  0.000  0.000  0.000 
        248.739 248.739 34120.675  0.000  0.000  0.000 
         0.000  0.000  0.000  3.627  0.000  0.000 
         0.000  0.000  0.000  0.000  3.627  0.000 
         0.000  0.000  0.000  0.000  0.000  3.627 




RSS Details:  
===============================  
Total:      347101199.19241196
a0:         0.00320703073422
e0:         1376.28241933
b0:         6352.56618525
ec:         164809.304289
g:          0.0
e:          0.0
v:          0.0
a0 (w):     80.1757683555
e0 (w):     34407060.4833
b0 (w):     6352566.18525
ec (w):     164809304.289
g (w):      0.0
e (w):      0.0
v (w):      0.0


