---START---
00000001
PARAMETERS 
19
0.01
-0.5
-0.01
-0.015
-0.01
-0.001
0.0
0.0
0.0
0.0
0.0
0.0
0.0
11.68685941
-0.01471074
0.4719352708
0.0
0.0
0.0
RSS 2724525.779230457
BP MaxDensity 33.43753419043312
EFS MaxDensity 32.86227356108825
a0 3.510251415655686
e0 -0.1529319503305559
b0 1.1119419437424232
---END---
---START---
00000002
PARAMETERS 
19
-1.60004202411
-1.53760256902
-1.86486423023
-3.37035508538
-0.582874038059
0.694093035562
0.145804784101
0.240582585589
-0.592098097978
0.701515622425
-0.387172329771
-0.788718701494
0.303543379017
16.9463019085
-0.485481301703
0.0984417048011
4.19534757078
0.198469161338
-0.0150227763634
RSS 51262580.13528854
BP MaxDensity 33.43753419043312
EFS MaxDensity 32.86227356108825
a0 3.5788781614402185
e0 -20.801878391962667
b0 64.65842564982562
---END---
---START---
00000003
PARAMETERS 
19
0.438401678523
-1.35301687859
-1.13097436629
-2.23974680106
-3.55762357286
-0.737068477684
0.735827430028
0.984521248218
0.359099432745
0.291706664076
-0.377933129358
-0.469293116202
0.702101868347
7.66141994301
-0.717629988221
0.13491558169
-2.21158696307
0.404811622674
-0.0130680912069
RSS 55903874.91931337
BP MaxDensity 33.43753419043312
EFS MaxDensity 32.86227356108825
a0 3.5484045990007527
e0 -18.415986084948436
b0 73.00718856649972
---END---
---START---
00000004
PARAMETERS 
19
0.738384001039
0.233338140444
-1.22481603971
-2.86179323658
-1.35742686315
0.139430794402
-0.783537953384
0.604751912765
-0.233036361972
-0.320425692007
0.726208405717
0.449655925029
0.548397229478
14.7666773396
0.474273263615
-0.0164276484698
-4.34045547184
-0.420665778627
0.0809433181144
RSS 58030123.82546166
BP MaxDensity 33.43753419043312
EFS MaxDensity 32.86227356108825
a0 3.330682846430976
e0 -8.430711257089971
b0 64.89535900729082
---END---
---START---
00000005
PARAMETERS 
19
-0.387762072124
-1.28931872931
-0.150828475242
-2.23568294466
-4.69888235282
0.477393253195
-0.432049617458
-0.263257100312
-0.258044050151
0.510207322372
0.774524241719
-0.897744048089
0.691890557107
1.9476266625
-0.485266203687
0.0794300389513
2.61661189806
-0.49411270155
-0.0810899301728
RSS 77786767.03016962
BP MaxDensity 33.43753419043312
EFS MaxDensity 32.86227356108825
a0 3.502297196327583
e0 -14.845424255512262
b0 87.70924589102763
---END---
---START---
00000006
PARAMETERS 
19
0.812906944524
0.00908778991592
-0.726929808446
-0.350824027312
0.857599429424
0.827239258853
0.394742944679
-0.303213965588
-0.539576841248
0.00653309574311
0.475854140944
-0.480904520272
0.425887946056
5.02601236782
0.911219825472
-0.0371071414274
-4.7149688771
-0.456626109778
0.0412586171309
RSS 120026185.78292271
BP MaxDensity 33.43753419043312
EFS MaxDensity 32.86227356108825
a0 3.3838562242190875
e0 -8.136587094587252
b0 108.39576898243003
---END---
---START---
00000007
PARAMETERS 
19
0.503136050335
-1.1308430836
0.62323912589
-2.8268220469
-4.66429837168
-0.401796531664
0.193700224989
0.465405754541
0.26560320076
-0.649718115059
-0.217297002297
-0.925037004756
-0.738252830338
7.24847002679
0.0279099307362
0.0373282741211
3.05119926225
0.239213020422
0.0760097306321
RSS 123287575.13636091
BP MaxDensity 33.43753419043312
EFS MaxDensity 32.86227356108825
a0 3.565596089393429
e0 -32.77081793658177
b0 30.982798942566472
---END---
---START---
00000008
PARAMETERS 
19
-0.914762324404
-0.972121819067
-4.49028514095
-3.12060557419
-1.59532381743
-0.210905310197
-0.0294593517317
-0.251458577676
0.0545992234167
0.631664648022
0.952946884835
-0.928904646133
0.949135372467
17.29157508
0.120828227766
-0.002632346141
3.55296161321
-0.00987322483022
-0.0315793527818
RSS 130248376.86632366
BP MaxDensity 33.43753419043312
EFS MaxDensity 32.86227356108825
a0 3.3823527614424505
e0 -4.6599410260092
b0 88.38778801019825
---END---
---START---
00000009
PARAMETERS 
19
-1.37436144002
-1.93520335595
-0.327960461108
-3.53225291956
-4.88675477212
0.419014211246
0.606327677284
0.253942722373
0.333148000903
-0.848494620007
0.0815822090111
-0.108308227199
-0.404216994606
12.6755718851
0.545106764247
0.00317411990747
1.76941340991
0.416227355729
0.00934091591794
RSS 133122739.7347189
BP MaxDensity 33.43753419043312
EFS MaxDensity 32.86227356108825
a0 3.4805273734140463
e0 -25.04883191686
b0 72.64386647772187
---END---
---START---
00000010
PARAMETERS 
19
-0.543382604539
-0.0987807036375
-1.04505109477
-4.28309092828
-1.58708069108
-0.237758065965
0.881280193579
0.8043770665
0.432773787692
0.130739366876
-0.460107215486
-0.138830498927
-0.327661532913
6.02222330037
-0.252699680117
0.0952894271751
-2.2301167359
0.393880612839
0.0482511362799
RSS 147950014.25531274
BP MaxDensity 33.43753419043312
EFS MaxDensity 32.86227356108825
a0 3.6645981429163164
e0 -13.487070946853336
b0 88.86180160589551
---END---
---START---
00000011
PARAMETERS 
19
-0.160934813971
-1.49563314611
-2.39076431448
-0.946843795333
0.453997409449
0.972527973678
0.902501688559
-0.599782424025
-0.727126919882
-0.987430726518
0.160099551882
-0.934678415122
0.247637589236
10.7847176349
-0.853719877139
0.149114987319
0.954952388851
-0.282971743046
-0.00353951494625
RSS 252721416.9748398
BP MaxDensity 33.43753419043312
EFS MaxDensity 32.86227356108825
a0 3.311221730409762
e0 -33.41201377351696
b0 120.00349667582314
---END---
---START---
00000012
PARAMETERS 
19
-1.94984451975
-7.61289857269
-5.57239793285
-5.83710716875
-5.89333264607
-0.37976313281
1.53785135458
1.12473325989
-1.02477679844
-1.45792248735
0.222399867349
1.18691414915
1.8191372442
5.74489422355
-1.11913566751
0.159916130515
8.80920092618
-0.59019656629
0.0300377984161
RSS 256992263.05388156
BP MaxDensity 33.43753419043312
EFS MaxDensity 32.86227356108825
a0 3.3828484315451286
e0 17.44055648039898
b0 109.80867092858793
---END---
---START---
00000013
PARAMETERS 
19
-1.98827270798
0.233886469572
-3.63953405844
-2.96110928376
-1.45844639717
0.110529227283
0.363210399969
-0.645055671888
0.73917064134
0.0596146419524
0.460879343156
-0.66575307548
-0.271191423879
8.71242410464
0.814924326198
-0.0211219896696
0.638107956276
-0.0899553625964
0.0378882156696
RSS 268803892.98276854
BP MaxDensity 33.43753419043312
EFS MaxDensity 32.86227356108825
a0 3.406656239261324
e0 -22.729264120494378
b0 134.9989207203899
---END---
---START---
00000014
PARAMETERS 
19
0.299513604295
-4.05095431269
-0.977157540221
-2.83791062553
-1.15121298743
-0.564587363521
0.626813229117
-0.150450927338
-0.48759704713
0.441252267249
0.526390849364
-0.217626722798
0.333397948374
7.6684931534
-0.838436921515
0.131436750754
-0.405864547266
-0.247982353212
-0.0346858045933
RSS 283435390.506637
BP MaxDensity 33.43753419043312
EFS MaxDensity 32.86227356108825
a0 3.4863290627670294
e0 -31.946157171018566
b0 135.82936001321926
---END---
---START---
00000015
PARAMETERS 
19
0.704965070287
-2.00679194131
-0.103821588616
-1.52490024775
0.338059918557
0.583112673542
0.782865492491
0.39745519447
0.225626370661
0.651397778016
0.0332736121564
-0.955195273332
0.979626179566
11.0114255181
-0.252139925937
0.0672449288107
-4.39348727372
0.0548779516761
-0.0393086662311
RSS 298421201.63977116
BP MaxDensity 33.43753419043312
EFS MaxDensity 32.86227356108825
a0 3.460636282265082
e0 -16.54423107469562
b0 160.64709238585388
---END---
---START---
00000016
PARAMETERS 
19
-0.132185666433
-4.84686870232
-2.70718046363
-3.76994283025
-3.00071497264
0.579177023882
0.900816784489
0.470451267362
0.678882897337
-0.45786931161
0.478808721804
-0.537922871552
0.707971939069
9.49953414923
0.247545358673
-0.01283801112
3.98457843437
0.312156927211
-0.0965111320858
RSS 341249372.34545964
BP MaxDensity 33.43753419043312
EFS MaxDensity 32.86227356108825
a0 3.4016502251798255
e0 -16.79708362766818
b0 157.9371337792506
---END---
---START---
00000017
PARAMETERS 
19
0.279420192457
-4.31222294103
-0.265710784594
-1.39923792752
0.605576030369
0.643355788771
-0.615195704552
-0.970753001043
0.540578596732
-0.309166903071
-0.472645589338
-0.467868916792
0.506100146137
13.5388851659
-0.40741330324
0.0982702707008
-4.25161316979
0.405488615838
0.0875077484818
RSS 367955893.3974494
BP MaxDensity 33.43753419043312
EFS MaxDensity 32.86227356108825
a0 3.509319738109674
e0 17.6564869856279
b0 132.71672332236415
---END---
---START---
00000018
PARAMETERS 
19
-1.34216162745
-4.77488177684
-0.0945876324753
-4.03870819304
-2.20037034084
0.398811239038
0.974525253875
0.999063220426
0.873036680674
-0.908722520974
0.862758155756
-0.507083185778
-0.709051567497
18.487779522
0.711471737334
-0.0430350916515
1.9072612845
0.178757667296
0.0142075922757
RSS 373470225.2671494
BP MaxDensity 33.43753419043312
EFS MaxDensity 32.86227356108825
a0 3.3653222198761794
e0 -36.215342451173306
b0 145.67676307104628
---END---
---START---
00000019
PARAMETERS 
19
-0.864519227607
-4.51294830352
0.619958905263
-1.94273547135
-0.504420609425
-0.492355515733
-0.914823699858
0.250227199116
0.0620634220274
-0.735324302393
0.962577939713
0.0691826609152
0.303395863009
13.3316609992
0.0763430033343
0.0811835682551
3.85174607846
-0.397184826764
0.0198412063061
RSS 550244402.5498871
BP MaxDensity 33.43753419043312
EFS MaxDensity 32.86227356108825
a0 3.4626489564597467
e0 16.85853134682769
b0 199.3485087153146
---END---
---START---
00000020
PARAMETERS 
19
-1.17292690319
-3.25073433692
-1.88019011005
-4.66982378666
-3.26520464613
-0.466292349891
-0.536000920355
0.403633736691
-0.463049966262
0.515397904965
-0.410228031201
-0.197971826944
0.939479133283
16.6081787624
0.142880766161
0.0551335442152
1.30129307839
-0.117032723286
0.077082095682
RSS 723846322.5070026
BP MaxDensity 33.43753419043312
EFS MaxDensity 32.86227356108825
a0 3.575247768651538
e0 -6.356967467328679
b0 285.9634120850698
---END---
---START---
00000021
PARAMETERS 
19
0.361518330823
-4.37358230617
-4.70612249813
-0.878856242276
-0.340615982531
0.0883084813543
-0.640819705389
0.089688679055
0.0394761478325
0.852416550739
0.6147522456
-0.57031888211
0.454098696539
0.52147892109
0.865149762183
-0.019021611102
1.24760384328
0.267366681957
0.0885631875965
RSS 766373177.7141355
BP MaxDensity 33.43753419043312
EFS MaxDensity 32.86227356108825
a0 3.51392440453276
e0 18.676582207948172
b0 224.39353706924564
---END---
---START---
00000022
PARAMETERS 
19
0.50360461909
-1.62485557029
-3.60735982613
-3.20643473905
-0.777088083442
0.635606246923
-0.471022704681
-0.00500109703043
-0.572424604248
-0.902259138342
0.276787370995
0.51112468235
-0.435634119515
4.50346134106
0.428867578517
0.037710551512
1.8511689919
-0.1445563725
0.0680419958331
RSS 1021256857.417934
BP MaxDensity 33.43753419043312
EFS MaxDensity 32.86227356108825
a0 3.5369215461215324
e0 11.247707345801183
b0 263.7683881298683
---END---
---START---
00000023
PARAMETERS 
19
0.691798042013
-4.01135877921
-3.5314720482
-0.515623867444
-1.34539248157
-0.581573679485
-0.435333208071
-0.696779697414
-0.768761046508
-0.734199110292
-0.285993130099
-0.9862596137
0.698819224999
3.25495545854
0.00765918054321
0.239547367026
-1.58312410154
-0.128858059663
0.00115139577628
RSS 1093433629.5383918
BP MaxDensity 33.43753419043312
EFS MaxDensity 32.86227356108825
a0 3.5707506764471457
e0 15.370125478569975
b0 249.37187748010095
---END---
---START---
00000024
PARAMETERS 
19
0.336319800476
0.987418486623
-1.08479096958
-0.692495776796
-1.25338693912
-0.869791237065
-0.302173554154
0.72958715223
0.527588993734
-0.852550082558
0.782290622334
-0.11981539335
-0.170397054651
4.89240547526
0.886254007133
0.00865424026477
-2.31518997712
-0.309180694925
0.0378898232924
RSS 2147444135.8743005
BP MaxDensity 33.43753419043312
EFS MaxDensity 32.86227356108825
a0 3.487561729205623
e0 11.605928572996588
b0 420.0995038511597
---END---
---START---
00000025
PARAMETERS 
19
0.14052209621
-1.11807551485
-1.12475023959
-2.13679007813
-2.98979863475
-0.0154421454192
-0.903824793638
-0.0841609906866
-0.836618978028
-0.19316639408
0.349889700083
-0.494768100247
0.121152793034
15.7632609028
0.796866817591
0.00778188837585
-0.379135966496
0.140990699183
0.0746537795813
RSS 3934389234.6669292
BP MaxDensity 33.43753419043312
EFS MaxDensity 32.86227356108825
a0 3.535727657943762
e0 9.120871979050378
b0 533.4953828228482
---END---
---START---
00000026
PARAMETERS 
19
6.54122083541
-18.6136573281
-40.8612901847
-36.5053231706
-41.2828350415
3.80735290949
14.6875116605
3.45149968384
-0.82709154278
-2.90779445117
-11.1199347383
8.58863945199
9.90756278003
-29.1214321054
-4.2624874161
0.745660766051
37.7469648454
-6.61348875773
0.829100656374
RSS 4132724151.7952857
BP MaxDensity 33.43753419043312
EFS MaxDensity 32.86227356108825
a0 3.6330363741056093
e0 -191.98877749428067
b0 549.937443769509
---END---
---START---
00000027
PARAMETERS 
19
-5.29820727755
-3.94666352616
8.93134778218
-6.26378171471
6.56864388916
3.3826598079
-3.70494864701
0.40492585545
-0.818690635932
0.167419468758
0.696655691522
2.70927548831
-1.70397407223
-12.6187072031
2.46633179096
-0.185439473732
-17.0080213336
0.997911481678
0.30300926126
RSS 4976801561.978551
BP MaxDensity 33.43753419043312
EFS MaxDensity 32.86227356108825
a0 3.420096073918359
e0 -39.97784429490511
b0 676.3725026389416
---END---
---START---
00000028
PARAMETERS 
19
-1.56716717995
-0.304759363262
-2.97613196204
0.03140339497
-4.60364542774
0.4967033481
0.322773104213
-0.324299918048
-0.317461285548
-0.691667437129
-0.668561698624
-0.871115868001
0.849932908529
16.3346511653
0.570689892865
0.0560662873452
1.8342343047
-0.218809925158
0.039334356939
RSS 6069986635.086905
BP MaxDensity 33.43753419043312
EFS MaxDensity 32.86227356108825
a0 3.5654159425633316
e0 38.10528652049924
b0 601.075829130948
---END---
---START---
00000029
PARAMETERS 
19
-1.15168360704
-4.80046274376
-4.14201523789
-1.93487115657
-4.48868749609
0.502204697167
-0.230971205412
-0.138831821201
0.104537706652
-0.719584320537
0.639494289596
-0.913848887456
0.60375775091
17.3528611909
0.0422210007939
0.00760056808681
1.92523362978
0.285417508731
-0.0852675959049
RSS 23901996349.384285
BP MaxDensity 33.43753419043312
EFS MaxDensity 32.86227356108825
a0 2.6486792662770444
e0 -39.38504821876622
b0 7.804555567848225
---END---
---START---
00000030
PARAMETERS 
19
-1.89008045659
-4.10736902875
-1.12954918186
-3.54726458472
-0.403680656399
-0.34528381439
0.570273976308
0.0882626718697
-0.734067704499
-0.656132785997
0.340011277388
-0.389167505801
-0.313932232153
1.7639829773
0.105395054813
0.164678489834
0.069154666935
-0.0397678418244
0.0164799830852
RSS 32172183761.781548
BP MaxDensity 33.43753419043312
EFS MaxDensity 32.86227356108825
a0 3.6145119136385233
e0 148.77219866400458
b0 1105.0023649689233
---END---
---START---
00000031
PARAMETERS 
19
-0.665331339288
-3.73774552054
-0.466581923003
-3.51359692417
-1.71519911177
-0.361042018079
0.884576602377
-0.296021331587
-0.551995729906
0.948428316523
-0.0694639436614
0.864217268384
-0.0434017710264
9.73386373307
-0.33472354091
0.0781881688148
1.99304003481
-0.417217905031
0.0847458385757
RSS 38634287433.546265
BP MaxDensity 33.43753419043312
EFS MaxDensity 32.86227356108825
a0 3.7443960626578954
e0 -26.716924499747012
b0 85.872309064523
---END---
---START---
00000032
PARAMETERS 
19
-1.87276013431
3.16167255525
-5.80407350983
1.31282212506
1.74768552239
-1.49979018351
0.117927406181
1.3417258369
1.22338835753
-0.492383261408
-1.64772594051
-1.41388380843
0.32236083625
14.0098432818
-1.80679821769
0.260526734591
3.47214312112
0.778973455137
-0.147944015593
RSS 63656073993.898766
BP MaxDensity 33.43753419043312
EFS MaxDensity 32.86227356108825
a0 3.597573109132392
e0 -685.1062696443099
b0 947.9681476621076
---END---
---START---
00000033
PARAMETERS 
19
-0.462000504185
-4.54359289459
0.351572167191
-3.7081511893
-4.36890696874
-0.879015959796
-0.333520411918
-0.790606919343
0.150573654342
-0.842108902859
0.510588099272
-0.248407526826
-0.606488175088
2.13115958529
0.448918759044
0.563854618934
1.12056490819
0.180333962597
0.000114009071579
RSS 83549611702.2223
BP MaxDensity 33.43753419043312
EFS MaxDensity 32.86227356108825
a0 3.6559901592579602
e0 332.164229307187
b0 1303.435758819664
---END---
---START---
00000034
PARAMETERS 
19
-0.577509382773
-1.3107294798
-1.301547503
-2.04243627246
-4.64000808419
0.526187355418
-0.0227955766293
-0.855940397483
0.216517708426
-0.733267108086
-0.682808848651
0.874639232589
-0.877435223933
18.9067578498
0.536707567018
0.0761723158705
-1.34382628615
0.149414889594
0.0894818996549
RSS 96241263371.65826
BP MaxDensity 33.43753419043312
EFS MaxDensity 32.86227356108825
a0 3.5840574676783024
e0 172.18766079680915
b0 2273.7655553010595
---END---
---START---
00000035
PARAMETERS 
19
-1.1898827947
-3.79099941425
-1.03643865263
-1.11444086182
0.224096169448
0.624817336812
0.803381389118
0.136554854008
-0.0151084797624
-0.448656881741
-0.411088602279
0.821755629075
-0.422185376395
14.258409708
0.47730954614
0.0783148681096
0.208059288773
0.208162597996
0.0998129122741
RSS 99579233939.40164
BP MaxDensity 33.43753419043312
EFS MaxDensity 32.86227356108825
a0 3.5845814998904477
e0 207.40195980890348
b0 2255.9115532640053
---END---
---START---
00000036
PARAMETERS 
19
-0.900229178063
-1.64838216859
-0.16554241427
-0.0485457639175
0.512878888456
-0.998557210652
0.844457426139
0.251372105121
-0.460730610369
0.612524676028
0.553555025705
-0.271762404927
-0.15071932971
11.4075689637
0.945875252536
0.127390861664
-3.71661966032
-0.0558832833889
0.014776494451
RSS 200497191877.941
BP MaxDensity 33.43753419043312
EFS MaxDensity 32.86227356108825
a0 3.5763954309489203
e0 266.46397317513555
b0 3319.641665039491
---END---
---START---
00000037
PARAMETERS 
19
0.175869685662
0.830540001592
0.97073585508
-3.39819010268
-4.60172640743
0.446232979783
-0.948557485552
0.484724960792
0.405433511329
0.958558586318
-0.448298608814
-0.762894677848
0.531652641503
12.5275182168
0.539129141239
0.340240326269
4.57756601554
0.480524108792
0.00174086643799
RSS 375223191270.05725
BP MaxDensity 33.43753419043312
EFS MaxDensity 32.86227356108825
a0 3.638769538234011
e0 599.1800536086245
b0 3253.12259332407
---END---
---START---
00000038
PARAMETERS 
19
0.36023660444
0.950997748296
0.41384404635
-2.03255464762
-1.82818521249
-0.995882108669
-0.565621141195
0.940578907717
0.209981495651
0.267371786935
0.688079020359
-0.453591163919
-0.718862517635
12.0905127553
0.266513669456
0.328759610863
-4.85024708035
0.142389782796
0.00137207560193
RSS 423773081195.0952
BP MaxDensity 33.43753419043312
EFS MaxDensity 32.86227356108825
a0 3.639816916553026
e0 238.8753902875149
b0 1485.1950981740263
---END---
---START---
00000039
PARAMETERS 
19
-0.505902109363
-4.23625955567
-3.74180021765
-3.17653775153
0.468843560315
0.405142532128
0.431150145835
-0.537548134269
0.774855156081
0.08298743466
-0.378884864612
-0.386649686941
-0.894900038522
7.70869536092
0.179362881926
0.172690734687
-1.95398847381
0.096000254188
0.00223256826533
RSS 424911713818.7933
BP MaxDensity 33.43753419043312
EFS MaxDensity 32.86227356108825
a0 3.604505677519388
e0 5.604535350796722
b0 230.72737522355177
---END---
---START---
00000040
PARAMETERS 
19
-0.982220879526
-1.39990654931
-1.54657251153
0.982479364942
-1.72947279733
0.40864744509
0.658700453583
0.737539225112
-0.215808993852
0.0368266610342
-0.758101641692
0.0166792621396
0.669272080397
18.9540035887
0.764281955568
0.0993893535862
-2.36149824276
-0.320029871646
0.0555239450663
RSS 427608381628.53375
BP MaxDensity 33.43753419043312
EFS MaxDensity 32.86227356108825
a0 3.576285075553382
e0 388.158548510022
b0 4852.748350759146
---END---
---START---
00000041
PARAMETERS 
19
-0.584483296313
0.897103499045
-4.09099522858
-1.35127957701
-2.62820240174
-0.937440500479
0.945721902288
-0.245503380872
-0.282341276623
-0.805042849758
-0.659953832493
-0.592094093353
0.450765548672
10.0558700758
0.582603501816
0.107410986436
2.4409429435
0.311208056727
0.0752710570496
RSS 505842031556.78357
BP MaxDensity 33.43753419043312
EFS MaxDensity 32.86227356108825
a0 3.586160128946604
e0 497.3016603218817
b0 5017.633970584618
---END---
---START---
00000042
PARAMETERS 
19
0.808166095522
0.588134658836
-1.80039517787
-3.16609294473
-0.262746613595
-0.182072949646
-0.755385442792
0.678567872482
-0.704222729093
0.488615717346
0.73820754568
-0.290750410203
0.805528807717
19.2709307474
-0.466343035082
0.147212300262
-4.02690455738
0.229966573003
0.0570358274362
RSS 617685188984.7792
BP MaxDensity 33.43753419043312
EFS MaxDensity 32.86227356108825
a0 3.709945652845035
e0 103.78967242827508
b0 303.8880534275993
---END---
---START---
00000043
PARAMETERS 
19
-0.018723542427
-1.61929851023
0.0231193224283
-1.34161529221
0.182904516357
0.587594358557
0.357435092139
-0.261255717765
-0.134730834138
-0.0919888894747
-0.636254390397
-0.790700781217
-0.380884305476
0.963729110187
0.251086533824
0.137366926915
1.29507095541
0.166323730108
0.0966718938216
RSS 638912826865.4884
BP MaxDensity 33.43753419043312
EFS MaxDensity 32.86227356108825
a0 3.6147624104280753
e0 654.4985475328652
b0 4964.733102607226
---END---
---START---
00000044
PARAMETERS 
19
-1.54922688965
-2.52386160802
-3.43228899656
0.759834754373
-4.08964526785
0.53391339183
0.648321364238
-0.00440063334469
-0.203616998585
-0.33258356778
-0.161037328771
0.151241403415
-0.172156479127
2.63359032406
0.65855070493
0.0437302059928
-3.97495583594
0.392723616064
0.0918602047121
RSS 653163594932.5101
BP MaxDensity 33.43753419043312
EFS MaxDensity 32.86227356108825
a0 3.572082421924857
e0 87.60928128502516
b0 1268.56474108244
---END---
---START---
00000045
PARAMETERS 
19
0.63715961614
-2.31398054612
-2.92615739695
-4.96696863886
-0.518695856809
-0.331968032135
0.178503827488
-0.0737028283645
-0.829460251323
-0.270767418004
-0.650283006291
0.128868129729
0.246066234412
16.9892396693
0.41433778251
0.215695131784
-0.610221144868
0.122633726059
0.0187700924446
RSS 959782236678.9944
BP MaxDensity 33.43753419043312
EFS MaxDensity 32.86227356108825
a0 3.613172776262009
e0 798.4717871929838
b0 6128.984865317927
---END---
---START---
00000046
PARAMETERS 
19
-0.668977352412
-1.55829980093
-4.43387656837
-1.65548128536
-2.85225329247
0.810468506545
0.316900310036
-0.00778864889591
0.729578180076
-0.27394980451
-0.289490514888
-0.514491469084
0.376802665385
8.82505086244
-0.235035709734
0.0244010774768
3.22620851597
0.446116499525
-0.0752169586419
RSS 1236078111616.877
BP MaxDensity 33.43753419043312
EFS MaxDensity 32.86227356108825
a0 4.463246326916047
e0 15.981311475286372
b0 -4.151910306717807
---END---
---START---
00000047
PARAMETERS 
19
-0.457695163013
-1.59991780887
-0.595612000606
0.0342890522754
-0.703311309636
0.564066235991
0.933915956775
0.79462201227
-0.0164427679248
0.360140008859
0.574895655176
-0.438164551903
0.39991786541
13.2056884716
0.407022370619
0.0436210897334
4.08673316838
-0.096632976814
-0.00390585920878
RSS 1287929114586.899
BP MaxDensity 33.43753419043312
EFS MaxDensity 32.86227356108825
a0 3.6980175124066337
e0 15.443452736161559
b0 -8.129238992869142
---END---
---START---
00000048
PARAMETERS 
19
-1.08164392305
-3.77700804717
-0.180871724944
-3.89891179275
-1.20700054534
0.588223345261
-0.898806260394
0.503700785422
0.0475559485672
0.0285371153859
-0.955901478003
0.351472063904
-0.379792934444
19.6686763078
0.29501724661
0.18902826119
-2.99456703596
0.384977891503
0.0437779844356
RSS 1419272211690.7578
BP MaxDensity 33.43753419043312
EFS MaxDensity 32.86227356108825
a0 3.6209567970711496
e0 997.3388836321228
b0 7189.7724807543755
---END---
---START---
00000049
PARAMETERS 
19
0.24003400533
-4.78564552662
-0.217404937008
-3.81380752055
-3.61586075824
-0.373805973873
0.000271332499311
0.59063836612
-0.410847483992
-0.772745640151
0.522447692192
-0.706768543734
0.314590073203
14.0374946463
0.7199050901
0.121473448096
-3.57845554155
0.20395464135
0.0680986153328
RSS 1435590060262.1064
BP MaxDensity 33.43753419043312
EFS MaxDensity 32.86227356108825
a0 3.5818167138106616
e0 787.0876592653301
b0 8646.788211186169
---END---
---START---
00000050
PARAMETERS 
19
-0.636115423907
-1.60679146423
-4.37771327316
-4.66648347921
-0.749699840914
0.741785550567
0.67980829863
0.823163533914
-0.955835597956
0.200777024482
0.53149939763
-0.0725717494749
0.681696889331
1.24907695181
0.741571569238
0.103673062194
3.51750202707
0.440005437388
0.0964217777918
RSS 1529786818825.1548
BP MaxDensity 33.43753419043312
EFS MaxDensity 32.86227356108825
a0 3.5785074361222544
e0 810.1332785369315
b0 9008.694160175195
---END---
---START---
00000051
PARAMETERS 
19
0.111033243133
-1.55260225222
-4.9984510835
-4.63970511704
-3.6484513875
-0.434680932707
-0.674760626598
0.640646365466
0.86607928873
0.482844086947
0.091576210948
0.0154555838216
0.342672649027
13.3253620366
-0.669063356576
0.149590843041
4.80132700741
0.346538578455
0.0351661650485
RSS 1543276591449.3901
BP MaxDensity 33.43753419043312
EFS MaxDensity 32.86227356108825
a0 4.520295054557508
e0 -46.088321875261336
b0 39.87003808845354
---END---
---START---
00000052
PARAMETERS 
19
-1.2347202765
-0.986053531681
0.991069297993
0.0824891018109
0.688844150215
0.879523986494
-0.807094982193
0.637568494807
-0.945717496108
-0.786346655364
-0.951056470614
-0.585319270773
0.409572120898
14.8851805726
0.401733044607
0.283270580318
-4.0185644381
0.419302264042
0.00945051791876
RSS 1623490762841.722
BP MaxDensity 33.43753419043312
EFS MaxDensity 32.86227356108825
a0 3.6244577252354824
e0 1138.1433074391464
b0 7437.667288207776
---END---
---START---
00000053
PARAMETERS 
19
-0.241400527575
0.17722945543
-3.60358890108
-4.6319214485
-4.17670855322
0.593380738452
-0.927242378892
-0.447548660374
-0.51710304958
0.165907182245
-0.353979197979
0.619644514162
0.666684387578
8.84492933854
-0.719740369348
0.136012008261
-2.81605092337
0.329313236565
-0.0409701775558
RSS 1782624120637.7139
BP MaxDensity 33.43753419043312
EFS MaxDensity 32.86227356108825
a0 3.5427548693264255
e0 -51.35982925281389
b0 26.73044167147609
---END---
---START---
00000054
PARAMETERS 
19
-1.77230434976
-4.85217569604
-2.27018908116
-2.79721155274
-3.29547350448
-0.424982497362
0.598202930386
0.552435052856
0.581795787235
0.664268502508
0.438494808928
0.187252452321
-0.820165382654
18.1604191474
0.231635464014
0.157345810024
-1.11405810006
0.171320152037
0.0541223297847
RSS 2034313858262.8303
BP MaxDensity 33.43753419043312
EFS MaxDensity 32.86227356108825
a0 3.623297482350407
e0 561.0549783257868
b0 4036.6604021848357
---END---
---START---
00000055
PARAMETERS 
19
-1.73821481038
0.394832291044
-3.74274841311
-1.74807640287
-4.28845243189
0.376894853911
-0.822784804078
-0.706910985541
0.722032049942
0.410606399333
-0.143052388162
0.297661205698
-0.259775852643
4.44539207613
0.634005516652
0.0351126142516
3.98397356423
-0.0758515998128
0.0735024626055
RSS 2201441838907.7705
BP MaxDensity 33.43753419043312
EFS MaxDensity 32.86227356108825
a0 3.5727864878463094
e0 34.47368880599405
b0 635.978092614459
---END---
---START---
00000056
PARAMETERS 
19
-0.286883369844
-1.54796452256
-3.007458299
-0.612270976698
-1.30398393601
-0.326455957274
-0.149415713435
0.199979192532
-0.792098370542
0.0670439149046
-0.138546505186
0.504061482855
0.930720411021
7.03384237235
0.060878463827
0.0511952191824
2.96865322867
-0.456230658308
0.0613260397298
RSS 2296303153510.0186
BP MaxDensity 33.43753419043312
EFS MaxDensity 32.86227356108825
a0 3.811568867446085
e0 9.394617006757935
b0 37.73015200740663
---END---
---START---
00000057
PARAMETERS 
19
0.0334445574949
-2.08384337454
-3.1203657889
-1.63281732503
-4.38310558014
0.457341060698
-0.632532736315
-0.717625222553
0.695016449916
-0.534981507176
-0.192882317393
0.628659216216
0.469535376755
6.56099748574
-0.701398453385
0.166181970219
-0.143885322223
-0.0959531747039
7.1088250876e-05
RSS 2533004623037.805
BP MaxDensity 33.43753419043312
EFS MaxDensity 32.86227356108825
a0 3.7239095951770302
e0 -4.743206759301513
b0 -20.2291247517106
---END---
---START---
00000058
PARAMETERS 
19
-0.521706570463
-0.273645340201
-2.10123539003
-0.58570989193
0.503674065839
-0.0518824318762
-0.788444860004
-0.881834401875
0.834092394366
-0.904780456123
0.261881842638
0.0766756361695
0.437569346578
3.45700389375
-0.871941677694
0.225913491102
4.75108316753
-0.095098003454
0.0113673830053
RSS 2972584042379.8936
BP MaxDensity 33.43753419043312
EFS MaxDensity 32.86227356108825
a0 3.6760160158729565
e0 127.51346134654565
b0 124.16850440754877
---END---
---START---
00000059
PARAMETERS 
19
-0.0183090948852
-4.30738585943
-3.08008494725
-0.283818360961
-2.57691620156
0.0838343406528
-0.627321889291
0.559990315931
0.0808590704286
0.255857330448
-0.28093497013
-0.593208548511
-0.262981164042
3.08113311511
0.725347876062
0.1461924196
4.20787308237
-0.117499403316
0.0651159340193
RSS 3291958218078.671
BP MaxDensity 33.43753419043312
EFS MaxDensity 32.86227356108825
a0 3.589257677261068
e0 1263.3016285671379
b0 12703.9780057719
---END---
---START---
00000060
PARAMETERS 
19
0.746216864199
-0.84129595251
-0.0499626174294
0.0598649549236
-4.11761400036
0.335587122376
0.309860602372
-0.866857949679
0.832323242319
0.237592750597
0.44616774906
-0.429479986421
0.663793182773
14.5859862531
0.320803489635
-0.0253500783662
2.77786398952
-0.487356290754
-0.0629587478173
RSS 3338298903978.006
BP MaxDensity 33.43753419043312
EFS MaxDensity 32.86227356108825
a0 4.059173312274769
e0 -8.0191547408664
b0 5.364334666236674
---END---
---START---
00000061
PARAMETERS 
19
-1.84200406318
0.188254502154
-2.87153521431
-2.53590576116
-4.18319799558
-0.0646857447382
0.294162727802
0.798731399212
-0.532201994546
0.618228929085
0.17921540627
-0.475735537917
0.499572074014
6.37873699342
-0.614971357655
0.178558235866
1.40689571879
-0.155359933291
0.0080805947287
RSS 3517450870977.269
BP MaxDensity 33.43753419043312
EFS MaxDensity 32.86227356108825
a0 4.248434706140057
e0 -69.90686034573962
b0 56.294302698833924
---END---
---START---
00000062
PARAMETERS 
19
0.200897499166
0.418346200148
-0.571348607487
-4.70464808953
-0.519481640141
0.0932441673758
0.359643236512
-0.91221585576
0.841411235741
0.28822301982
-0.088795700627
-0.899611821719
0.521571404914
18.9093491477
-0.645129353452
0.181366739826
-1.92347036761
0.496075698376
-0.0459592552152
RSS 3713443629459.417
BP MaxDensity 33.43753419043312
EFS MaxDensity 32.86227356108825
a0 6.172889801483384
e0 1441.239308114906
b0 -67.03558116926197
---END---
---START---
00000063
PARAMETERS 
19
-1.16401857225
-0.847605533574
-3.8497998513
-0.19393799072
-0.145315452199
0.625030864635
-0.561887537122
0.0188464016872
-0.49044290468
0.203725595638
-0.146664563279
-0.4785266832
-0.704137956796
1.72199805945
0.768380207795
0.12794413891
0.33208720883
-0.0757097493016
0.0902943377424
RSS 3821365424939.759
BP MaxDensity 33.43753419043312
EFS MaxDensity 32.86227356108825
a0 3.583629734593812
e0 1293.6180489576632
b0 14026.573607937438
---END---
---START---
00000064
PARAMETERS 
19
0.979019367029
-3.66963634155
0.228487824828
0.933197437058
0.686131287979
0.275481831058
0.663513228815
-0.432835871889
-0.160818453192
-0.292216957988
-0.870557929463
0.197391014261
-0.667460137745
11.138405349
0.291763416923
0.185018139703
0.0746888693988
0.033889858589
0.079280759948
RSS 3844002069524.955
BP MaxDensity 33.43753419043312
EFS MaxDensity 32.86227356108825
a0 3.618722738747797
e0 1656.1777599110185
b0 11909.26803006178
---END---
---START---
00000065
PARAMETERS 
19
-1.8347432582
-2.41406347204
0.244928562977
-1.18263147219
-3.05288666874
0.414637562249
-0.0298657150741
-0.660905465554
-0.861723848982
-0.819541983485
0.955840733507
0.380316499691
-0.186426408712
16.1583602836
-0.611523161411
0.656801214559
-0.771731415351
-0.121381754098
0.000104961779352
RSS 3903967976644.9077
BP MaxDensity 33.43753419043312
EFS MaxDensity 32.86227356108825
a0 3.609638620178184
e0 20.528949143216998
b0 640.015423278994
---END---
---START---
00000066
PARAMETERS 
19
-1.84142227321
-0.748704856234
-0.842542089484
-4.91644861823
-4.44838145793
-0.405216075444
0.543063247281
-0.100173464985
0.614308574788
0.541227758434
-0.660730950209
-0.114258204471
-0.124936069074
5.72482456971
-0.930718765068
0.10305919779
4.57771982548
-0.0506802812898
-0.0913288585334
RSS 4160224929415.0337
BP MaxDensity 33.43753419043312
EFS MaxDensity 32.86227356108825
a0 3.4212798711744914
e0 -37.57353342891352
b0 64499.12393379805
---END---
---START---
00000067
PARAMETERS 
19
1.71370059603
-5.5229581812
-1.07441730478
2.02068479506
2.62793659953
-0.44497208011
-1.72048746078
1.00643371963
-1.0460484227
1.80302827148
-0.671818633709
-1.9347598821
-0.201682852553
26.7308127875
1.61485641876
-0.0945718200841
4.41121662568
0.298987431961
0.135818689533
RSS 4760104232402.823
BP MaxDensity 33.43753419043312
EFS MaxDensity 32.86227356108825
a0 3.557399766753895
e0 -0.3715629069244367
b0 213.27104514000925
---END---
---START---
00000068
PARAMETERS 
19
1.32609127268
1.14559041927
1.64259009861
-3.94416843407
-2.99206826971
-0.616094590605
-0.039656776567
1.65947407372
1.23954495846
-1.54070402651
-0.262426563986
-1.50028278328
1.02319344573
15.0080025632
0.889581831234
0.087913723424
-2.69132228592
0.446891868247
0.172903451681
RSS 4922013500831.359
BP MaxDensity 33.43753419043312
EFS MaxDensity 32.86227356108825
a0 3.5668082081627412
e0 1271.1312118631881
b0 16931.241534924877
---END---
---START---
00000069
PARAMETERS 
19
-0.90963128389
-4.84279124178
-3.34033874312
0.912456992869
-3.56498548203
-0.783705199119
0.948939540002
0.520521782402
0.289728291914
-0.447380333486
0.040037498812
0.0260307605086
0.777656076652
16.7929200135
0.961695642431
0.151014825803
1.26924088247
-0.390797498223
0.0505180108084
RSS 5405189926312.573
BP MaxDensity 33.43753419043312
EFS MaxDensity 32.86227356108825
a0 3.5798217697785035
e0 1509.3725125449953
b0 16906.523342023167
---END---
---START---
00000070
PARAMETERS 
19
-0.49569546036
-7.39143192687
-2.43973810598
-6.19767331665
0.728552408984
-0.716238361495
1.94330624226
1.86155613083
0.4708268532
-0.749626694157
1.59864214811
-0.46249931314
1.35049649208
8.08243335855
1.12860769318
0.0811837923328
-0.921470587495
-0.718385243276
0.128061044439
RSS 5757986741109.905
BP MaxDensity 33.43753419043312
EFS MaxDensity 32.86227356108825
a0 3.5562711058336456
e0 1211.7998687202858
b0 18971.828691982475
---END---
---START---
00000071
PARAMETERS 
19
0.681866765259
-0.0401949760103
-2.17018340514
-3.9177046439
-3.0686537543
-0.414589126568
0.159540305794
-0.912383939991
0.603670387229
-0.631783737443
0.34469450235
0.0463654074104
0.126218434787
18.3621712605
0.904983668862
0.12270529526
-2.97370912819
0.151775172012
0.092267813068
RSS 5842867804001.4
BP MaxDensity 33.43753419043312
EFS MaxDensity 32.86227356108825
a0 3.576043881647017
e0 1513.4481021720887
b0 17843.907581102416
---END---
---START---
00000072
PARAMETERS 
19
-1.94173723867
0.00289584238289
0.0438629101435
-0.200497146875
-4.58130025859
-0.0942001552028
-0.247980020603
0.644302194349
-0.308835210236
-0.541925525387
-0.229358909411
0.729349417387
-0.0188784228208
11.9253456589
0.0880348726787
0.0781508557154
-3.01986398218
0.409775858403
0.0894975596577
RSS 6036193090645.617
BP MaxDensity 33.43753419043312
EFS MaxDensity 32.86227356108825
a0 3.6982507928487074
e0 32.71948216882706
b0 265.52077284846195
---END---
---START---
00000073
PARAMETERS 
19
-1.16828634122
-4.88963285196
0.916373794948
-2.526512854
0.787240689968
-0.525961359752
-0.0423628556882
-0.631880723527
0.148766966182
0.2851553508
-0.990248023745
-0.344900147574
-0.767735610789
9.39012841608
0.993229402261
0.122561202152
0.669099076897
0.16109990845
0.080748936544
RSS 6220258432031.025
BP MaxDensity 33.43753419043312
EFS MaxDensity 32.86227356108825
a0 3.574753038296595
e0 1504.2543457898314
b0 18561.010803022265
---END---
---START---
00000074
PARAMETERS 
19
0.522461514799
-2.24962616748
-4.02158411674
0.342528048433
0.88012587816
0.553076963741
0.016714080677
0.0687493573269
-0.727981341689
0.195695614154
0.400639000149
0.413839901638
0.0128450287277
18.0180643428
0.639311886069
0.0039409219203
-3.75107690545
0.102202761194
0.0941461303942
RSS 6301445239071.636
BP MaxDensity 33.43753419043312
EFS MaxDensity 32.86227356108825
a0 3.554615448317377
e0 19.41482980180977
b0 148.73505643406907
---END---
---START---
00000075
PARAMETERS 
19
-1.42139241292
-0.656750565076
-0.745330347476
-2.72464111306
0.172879754274
0.550291013572
0.247687256473
0.216666846852
-0.916190869744
0.0890683519794
0.99915655111
0.455459110412
-0.800105587244
7.33007002622
0.359633519815
0.213735322383
-0.261337124599
0.439513732644
0.0552427266135
RSS 6587022065798.844
BP MaxDensity 33.43753419043312
EFS MaxDensity 32.86227356108825
a0 3.617964759573193
e0 2201.172330412739
b0 15567.664841389487
---END---
---START---
00000076
PARAMETERS 
19
-0.42012805546
0.218247429919
-2.4833219863
-1.64532698643
-2.31284798584
0.907234253723
0.273824147034
0.0516581099125
0.868813140983
-0.842764634336
-0.120640358989
-0.250088443398
-0.604587525664
4.36892560309
-0.505975106897
0.0573860044103
-4.84019191062
-0.240850439103
0.040305252625
RSS 6993643692560.386
BP MaxDensity 33.43753419043312
EFS MaxDensity 32.86227356108825
a0 3.753623097338126
e0 -15.953656232067708
b0 -41.76459633415822
---END---
---START---
00000077
PARAMETERS 
19
0.851788290164
0.581867457572
-1.72625996411
-1.31538369121
-2.60206672011
0.905413776102
-0.969472848196
-0.584714286688
-0.395172847027
-0.268979268835
-0.943569083081
-0.295819357661
0.668584422936
5.05182629209
-0.368090345257
0.0507167492061
3.65233140186
0.0152664723688
-0.00813041738473
RSS 7925600291355.2295
BP MaxDensity 33.43753419043312
EFS MaxDensity 32.86227356108825
a0 3.1716754194939702
e0 -5.081226493255318
b0 -18.364414371216427
---END---
---START---
00000078
PARAMETERS 
19
0.213696631731
0.115683857346
-1.02230409709
0.310580402248
-4.49714674892
0.489521769608
0.943538327888
0.967535333083
-0.138284553963
-0.908009683961
0.687259828201
-0.134518317792
0.465943370325
10.0271105303
0.24699829787
0.244138826316
2.61801880901
-0.0125406358337
0.0254432037835
RSS 8573822351149.067
BP MaxDensity 33.43753419043312
EFS MaxDensity 32.86227356108825
a0 3.6256549310669883
e0 1397.9826005376226
b0 9040.765587892007
---END---
---START---
00000079
PARAMETERS 
19
0.322358948422
-2.4151101443
1.4256574127
2.42844059759
-7.62664700012
-0.967159865239
1.56224339837
1.94647152919
-1.46971915659
0.540977046158
-1.23201894988
-0.790074774179
1.97991167822
-4.98134980908
0.72465792155
0.207950745889
0.384323725899
0.881432823354
0.0423789042094
RSS 10593242911498.348
BP MaxDensity 33.43753419043312
EFS MaxDensity 32.86227356108825
a0 3.602859327003979
e0 2554.6524665593456
b0 21318.247854037854
---END---
---START---
00000080
PARAMETERS 
19
-1.02422085384
-4.2101409389
-0.665111697214
-1.55591662336
-3.05684632876
0.974267615043
0.16883853157
0.150245476575
-0.673760711049
-0.406093768624
-0.397615430357
-0.0946846748347
-0.343211177069
16.9209102411
-0.158947869523
0.264954980053
0.458583657291
-0.209846702195
0.00345688707143
RSS 11853368173422.871
BP MaxDensity 33.43753419043312
EFS MaxDensity 32.86227356108825
a0 3.6644017965352007
e0 80.94491183338287
b0 670.928616419532
---END---
---START---
00000081
PARAMETERS 
19
-1.55415538744
0.67899681501
-0.967649121724
-2.01333595761
-3.6293269922
0.706930099116
0.906928335879
0.909922041295
-0.426130668334
0.360403368421
-0.816568145735
-0.857965863532
-0.951352088457
2.45668398136
0.0619695385336
0.0911824693171
-2.51928601384
0.392215811033
0.0381739715983
RSS 11868866213627.71
BP MaxDensity 33.43753419043312
EFS MaxDensity 32.86227356108825
a0 3.831541294150022
e0 -49.443309260755136
b0 128.51964227059415
---END---
---START---
00000082
PARAMETERS 
19
-0.967114721587
-0.126364751347
-3.18179230562
0.058518849241
-4.31293679086
0.951973878533
0.315337547594
0.51480203499
-0.362983041385
0.110695535924
0.252880946244
-0.910949085437
-0.813942708073
10.1276980754
0.996223004969
0.0152840389949
-0.318348132144
0.319153507368
0.03195083185
RSS 13318002521471.654
BP MaxDensity 33.43753419043312
EFS MaxDensity 32.86227356108825
a0 3.571839426181202
e0 17.646138792749845
b0 513.4013978921539
---END---
---START---
00000083
PARAMETERS 
19
0.547124713646
-1.66122789572
-4.76644023509
0.215901623298
-0.117418650103
0.577083442587
-0.701623905885
-0.614691461127
0.0885834920266
0.509825552335
-0.813656660548
0.92537847132
0.000295161766829
0.379276553439
0.536764213033
0.213832569312
2.45137798505
-0.49579013201
0.0640034222527
RSS 14786068988912.738
BP MaxDensity 33.43753419043312
EFS MaxDensity 32.86227356108825
a0 3.6068260562055197
e0 3033.565016773657
b0 24825.961038874535
---END---
---START---
00000084
PARAMETERS 
19
0.483935956605
0.970824430173
-0.712856089488
-1.41831989897
-3.9388335082
-0.829608745475
0.827180972853
-0.133545093964
-0.532216308566
-0.319216939401
0.257965301446
0.112645437371
-0.282840985509
6.41295842011
0.426941408195
0.227044492488
-4.01047232201
0.319974030728
0.0623740598217
RSS 15405663057104.922
BP MaxDensity 33.43753419043312
EFS MaxDensity 32.86227356108825
a0 3.614955350936322
e0 3284.9507914823043
b0 24248.920560135433
---END---
---START---
00000085
PARAMETERS 
19
-1.56951057932
-3.59171681563
-4.14588515178
-2.81327067205
-3.39536573371
0.00934703286724
-0.307709078572
-0.193498595419
-0.146860697855
0.732051817796
0.852583318776
0.710546432991
-0.676693642744
8.55655738992
0.607501778115
0.370499150291
0.591157641392
0.0145240544809
0.00969079510942
RSS 15536213614163.965
BP MaxDensity 33.43753419043312
EFS MaxDensity 32.86227356108825
a0 3.6178612453135863
e0 3334.7680742629987
b0 24016.432735120787
---END---
---START---
00000086
PARAMETERS 
19
-1.42842472432
-2.62155071222
-2.78536404756
-1.94296530167
-2.01541838874
0.316630079747
-0.905398400912
0.22051059165
-0.652099690396
-0.810860383824
0.754103902667
0.0878223634361
-0.436431069052
2.39665563889
0.343975689107
0.0156477930556
0.98534770137
-0.213512597393
0.0769947670092
RSS 16245523296022.918
BP MaxDensity 33.43753419043312
EFS MaxDensity 32.86227356108825
a0 3.7679496864089326
e0 4.1327183063678925
b0 -25.723927639669473
---END---
---START---
00000087
PARAMETERS 
19
-0.204265724172
-2.72996674197
-4.24296299441
-4.48710275267
-3.9095075606
-0.251279878606
0.126448075096
-0.212130710923
-0.704278381597
-0.263186309032
-0.897344202954
0.175103770182
0.0217681945716
9.87387265677
0.947709158845
0.332098412864
-2.13254009748
0.258169811534
0.0102739985653
RSS 17081524295573.305
BP MaxDensity 33.43753419043312
EFS MaxDensity 32.86227356108825
a0 3.605517020104628
e0 3273.7438031746788
b0 26777.450287086493
---END---
---START---
00000088
PARAMETERS 
19
-1.43422300074
-0.867166556299
-3.84423751497
-0.905023991306
-0.11831075744
-0.643872636033
-0.876167325694
0.24405535722
-0.201963080097
-0.375159119543
0.0547868904521
0.442761843646
0.367955254275
11.1004113125
0.259786627735
0.0206349856966
-1.72125402344
0.482786507775
0.0859409415221
RSS 17180535249214.01
BP MaxDensity 33.43753419043312
EFS MaxDensity 32.86227356108825
a0 3.226906165202858
e0 11.214163266548246
b0 8.343472047208385
---END---
---START---
00000089
PARAMETERS 
19
-1.0031532027
-1.01273548839
0.101897697781
-2.44214422399
-2.19682222232
0.243322709626
0.819327957096
-0.635147678671
-0.971348891716
0.988876726023
0.333065563541
0.343664417349
-0.0115626516406
13.87455736
0.755343488176
-0.0171381563445
-0.603673218218
-0.0325845429649
-0.0316426235139
RSS 21487095116712.117
BP MaxDensity 33.43753419043312
EFS MaxDensity 32.86227356108825
a0 3.2347180880085618
e0 -1.0594028987343267
b0 -75.30931628501277
---END---
---START---
00000090
PARAMETERS 
19
-1.9002657779
-3.14685122805
-3.57673573408
-3.15682219331
-0.231196952539
0.91009583918
0.416778442712
0.283440829322
-0.434012217521
-0.884354349143
-0.923488366521
-0.386703813929
-0.368771002351
10.2743305705
-0.943193408243
0.383599212167
3.86220504775
-0.319226399995
0.00177273268767
RSS 22025810914315.23
BP MaxDensity 33.43753419043312
EFS MaxDensity 32.86227356108825
a0 3.709987112148555
e0 62.15967235569969
b0 408.64769132438164
---END---
---START---
00000091
PARAMETERS 
19
-1.32185953684
0.835952499534
-1.21800779105
-0.663959239213
-3.04219294789
0.871717360585
0.515788784641
-0.886966254021
0.732538439606
-0.791822614771
0.594091739838
0.150651703574
-0.808191438229
0.759717126462
-0.626775060314
0.0672991382455
-3.79837534328
0.240453015038
0.0599978366066
RSS 22445278578026.266
BP MaxDensity 33.43753419043312
EFS MaxDensity 32.86227356108825
a0 3.7633867041893803
e0 1.337371391858934
b0 -44.29203726522038
---END---
---START---
00000092
PARAMETERS 
19
-1.15324924592
-1.65465749653
-1.35414956372
-0.205760916699
-0.735760822487
0.366447801674
0.893695292284
-0.325868509275
-0.505330725036
0.576311705303
0.107300689959
-0.340877008164
0.106094650601
4.99090081331
0.33801084899
0.0695826569459
-3.31959179578
0.456661206591
-0.0042959208046
RSS 22840385280125.11
BP MaxDensity 33.43753419043312
EFS MaxDensity 32.86227356108825
a0 3.307924195086618
e0 5.994314666434246
b0 -52.8213642394609
---END---
---START---
00000093
PARAMETERS 
19
0.857011053708
-4.71637898002
-4.62440167891
-1.51610247283
-2.80629868934
-0.599513855497
-0.794913091302
0.123688834538
0.904208344784
0.850683028173
-0.519435160444
0.866750032003
-0.773712131706
18.2692971462
0.230271197447
0.165195945435
-4.2843871918
0.0652070225804
0.0649734419421
RSS 23957115233333.637
BP MaxDensity 33.43753419043312
EFS MaxDensity 32.86227356108825
a0 3.626067035272596
e0 781.7388644910603
b0 5582.599157981775
---END---
---START---
00000094
PARAMETERS 
19
-0.960143497737
-1.80084036486
-2.75909324026
-4.39000370609
0.810407741195
0.852552255168
0.0767359368802
-0.269471134765
-0.0478494934699
-0.240350440722
-0.901575635578
0.142756039064
-0.457762601139
10.6000732997
-0.155617599409
0.143872764104
0.282765879338
0.256488150143
0.0964964823971
RSS 24498184562060.18
BP MaxDensity 33.43753419043312
EFS MaxDensity 32.86227356108825
a0 3.672843445147056
e0 289.9772218096314
b0 1388.9860011666526
---END---
---START---
00000095
PARAMETERS 
19
-1.16817757501
-4.79887314108
-2.82221763847
-4.41841364083
-2.56278961205
0.749753675954
-0.321328626057
0.560493571528
0.103507799506
-0.470833297944
-0.881517984431
-0.414992555866
-0.71800485356
12.2891708194
-0.713272118015
0.328450415503
-2.57274678299
-0.176544658809
0.0030052569161
RSS 24824676778522.36
BP MaxDensity 33.43753419043312
EFS MaxDensity 32.86227356108825
a0 3.7287227034643746
e0 64.22434951142675
b0 474.44974227827026
---END---
---START---
00000096
PARAMETERS 
19
0.428832726319
-0.374378378985
-3.814780908
-4.03949736016
-1.56488893773
0.0617273580602
0.932661595402
-0.887034898298
-0.947384699489
-0.974690255258
0.964528559284
-0.996671358001
-0.198104103691
12.3515890332
-0.351506717418
0.149433633886
2.92041762905
0.409502684726
0.0848385571643
RSS 25619431239802.035
BP MaxDensity 33.43753419043312
EFS MaxDensity 32.86227356108825
a0 3.6964643599579925
e0 229.37608378918088
b0 629.5346727573498
---END---
---START---
00000097
PARAMETERS 
19
0.966940606274
-3.42418995923
-4.86372480182
-4.17005525613
-0.748629633272
-0.0828146859925
0.0197130319454
0.44306298663
-0.425126335947
0.105560635871
0.127660969361
-0.25384944994
0.427105234482
11.8733380929
0.599312410187
0.243446852595
-0.78708452707
-0.465705953831
0.0510936005194
RSS 25892918186474.61
BP MaxDensity 33.43753419043312
EFS MaxDensity 32.86227356108825
a0 3.6061941785761435
e0 4013.898647012993
b0 32927.33166930309
---END---
---START---
00000098
PARAMETERS 
19
-1.00868050288
-4.90072652673
-2.08177928747
0.155368430159
-1.49427694526
0.194603708686
0.291885340613
-0.645958327731
0.567478613447
-0.296609285284
-0.815420738122
0.088422924358
-0.984937344996
17.5484544891
-0.387625251477
0.125817021071
-3.20907646261
0.0195106087515
0.0838909367903
RSS 25911704841143.34
BP MaxDensity 33.43753419043312
EFS MaxDensity 32.86227356108825
a0 4.2227739313189945
e0 -61.73086929567967
b0 52.949538942106784
---END---
---START---
00000099
PARAMETERS 
19
-1.12822983959
-0.652664359342
-0.424343314488
-4.46947454033
-4.21477120806
-0.898435466968
-0.825924704939
0.409781289748
-0.665380813743
-0.666112059929
0.775428054383
0.560985182515
-0.816127806531
9.93500975523
-0.333881920418
0.103674527285
1.86373051539
-0.333222350842
-0.00664516916435
RSS 26407632681921.285
BP MaxDensity 33.43753419043312
EFS MaxDensity 32.86227356108825
a0 3.5926145889709096
e0 -34.087868499897205
b0 -47.14001036958158
---END---
---START---
00000100
PARAMETERS 
19
-1.09505835797
-3.1996562248
-5.53982019448
-7.21989866208
-4.46943627787
1.53604415809
0.946917446719
1.43749765624
0.982178277766
-1.83946401847
0.730339214354
1.0904378795
1.20257175787
7.69215459858
-1.65347760616
0.642290735145
-5.91566585668
-0.486199051212
0.000629807569889
RSS 28015497786630.8
BP MaxDensity 33.43753419043312
EFS MaxDensity 32.86227356108825
a0 3.652862433209552
e0 77.27911894468662
b0 1169.6797395668266
---END---
