RSS:  
5512.914092418527

P:  
1.00370641269
0.997751703891
1.07097454978
-0.0330436990219
0.000473258817798
0.00899771979565
0.0036643439225
-0.0206400407468
-0.000208234519943
0.00351007290031
0.000930131279838
0.00560072673717
0.0322600697031
0.0288619710797
0.00387120102214
-0.00561745922915
-0.0117973258957
-0.000167592620796
-0.000192226165128
-1.94938564301
30.3556213379
24.3362083435
34.9576034546
16.2302913666
17.857875824
7.66438293457
1.23997938633
0.442521393299
0.109044238925
0.0200536046177
0.00229621282779
0.00255827326328
0.00108765787445
7.98819164629e-05
4.18824820372e-05
4.40689618699e-05
-9.11380396046
5.47461102384
0.983119868783
1.00417228342
0.884516766894
-0.013491009619
0.0173934925974
0.00852107695016
0.0105854521219
-0.0102988373266
0.0069459691857
0.0229590177378
0.000238336545558
-0.0119999599872
-0.0154941015724
-0.0108859413406
0.0177626680645
-0.00159269376656
-0.00604622822511
0.000518150780502
0.000572415028095
-1.94938564301
30.3556213379
24.3362083435
34.9576034546
16.2302913666
17.857875824
7.66438293457
1.23997938633
0.442521393299
0.109044238925
0.0200536046177
0.00229621282779
0.00255827326328
0.00108765787445
7.98819164629e-05
4.18824820372e-05
4.40689618699e-05
-9.11072574668
5.46420209675
0.990047504956
0.992193916643
1.0733633521
-0.010334138701
-0.01392527878
-0.000912431486062
0.00607215055352
0.0012800478094
0.0193612792596
0.00700629761745
0.00129481897618
0.00915032077819
0.0107962288923
0.00922499222216
0.00623660974629
0.009705513049
0.018601375932
-0.00025356905091
0.00096364948194

Known:
a0:     3.42
e0:     -4.27
B0:     221.99999999938152
EC:     365.600 141.600 141.600  0.000  0.000  0.000 
        141.600 365.600 141.600  0.000  0.000  0.000 
        141.600 141.600 365.600  0.000  0.000  0.000 
         0.000  0.000  0.000 186.000  0.000  0.000 
         0.000  0.000  0.000  0.000 186.000  0.000 
         0.000  0.000  0.000  0.000  0.000 186.000 

Known:
a0:     3.89
e0:     -3.91
B0:     179.99999999949853
EC:     234.000 176.000 176.000  0.000  0.000  0.000 
        176.000 234.000 176.000  0.000  0.000  0.000 
        176.000 176.000 234.000  0.000  0.000  0.000 
         0.000  0.000  0.000 71.200  0.000  0.000 
         0.000  0.000  0.000  0.000 71.200  0.000 
         0.000  0.000  0.000  0.000  0.000 71.200 

Calculated:
a0:     2.6729289202816573
e0:     -4.408104348714815
B0:     54.435870557520495
EC:     144.852 57.483 57.483  0.000  0.000  0.000 
        57.483 144.852 57.483  0.000  0.000  0.000 
        57.483 57.483 144.852  0.000  0.000  0.000 
         0.000  0.000  0.000 152.700  0.000  0.000 
         0.000  0.000  0.000  0.000 152.700  0.000 
         0.000  0.000  0.000  0.000  0.000 152.700 

Calculated:
a0:     2.848757987849926
e0:     -1.9534782699349438
B0:     9.360034337436899
EC:     150.455  9.079  9.079  0.000  0.000  0.000 
         9.079 150.455  9.079  0.000  0.000  0.000 
         9.079  9.079 150.455  0.000  0.000  0.000 
         0.000  0.000  0.000 78.989  0.000  0.000 
         0.000  0.000  0.000  0.000 78.989  0.000 
         0.000  0.000  0.000  0.000  0.000 78.989 



