---START---
00000001
PARAMETERS 
95
0.99632499478
0.992156691659
1.04689921912
0.00539610405498
0.0229880894507
0.00975400473714
-0.00373428014012
-0.0105953831569
0.000339000203084
0.00371771885671
-0.00289921707142
0.00868125335274
0.0175263197654
0.0184580182064
0.000816797105548
-0.00696713950268
-0.00988655414189
0.000433521542538
0.000352804683527
-1.94938564301
30.3556213379
24.3362083435
34.9576034546
16.2302913666
17.857875824
7.66438293457
1.23997938633
0.442521393299
0.109044238925
0.0200536046177
0.00229621282779
0.00255827326328
0.00108765787445
7.98819164629e-05
4.18824820372e-05
4.40689618699e-05
-9.12002006557
5.47643275839
0.993094503907
1.00626418518
0.836795674058
0.0248672218364
0.00789344852464
0.0105112375999
-0.00364375958415
-0.00890585092092
0.000317021742311
0.0140938342008
0.00142678034622
-0.00715575429881
-0.0160794294069
-0.0143042722204
0.00209359184788
-0.00233615590143
-0.000935456128923
0.000240147642515
0.000821529337579
-1.94938564301
30.3556213379
24.3362083435
34.9576034546
16.2302913666
17.857875824
7.66438293457
1.23997938633
0.442521393299
0.109044238925
0.0200536046177
0.00229621282779
0.00255827326328
0.00108765787445
7.98819164629e-05
4.18824820372e-05
4.40689618699e-05
-9.11475314589
5.46229323127
0.988945350251
0.996350859176
1.04325948529
-0.00674274422747
0.00261651227674
0.000822793033829
0.0075682419629
-0.0178269595472
0.00248308108037
0.00562837177627
-0.00102809481367
-0.00931439525688
0.00245041761721
0.00500623430104
0.00281103416175
0.0148361075585
0.0216540376992
-0.00022252454454
0.000886191466146
RSS 6643.034302903199
BP MaxDensity 0.03330645652275244
EFS MaxDensity 0.032551106268007376
a0 2.893785859663548
e0 -3.5629726973748372
b0 56.0457148904073
a0 3.080281619385158
e0 -1.585273135951595
b0 13.636651453858125
---END---
---START---
00000002
PARAMETERS 
95
0.99632499478
0.992156691659
1.04689921912
0.00539610405498
0.0229880894507
0.00975400473714
-0.00373428014012
-0.0105953831569
0.000339000203084
0.00371771885671
-0.00289921707142
0.00868125335274
0.0175263197654
0.0184580182064
0.000816797105548
-0.00696713950268
-0.00988655414189
0.000433521542538
0.000352804683527
-1.94938564301
30.3556213379
24.3362083435
34.9576034546
16.2302913666
17.857875824
7.66438293457
1.23997938633
0.442521393299
0.109044238925
0.0200536046177
0.00229621282779
0.00255827326328
0.00108765787445
7.98819164629e-05
4.18824820372e-05
4.40689618699e-05
-9.12002006557
5.47643275839
0.993094503907
1.00626418518
0.836795674058
0.0248672218364
0.00789344852464
0.0105112375999
-0.00364375958415
-0.00890585092092
0.000317021742311
0.0140938342008
0.00142678034622
-0.00715575429881
-0.0160794294069
-0.0143042722204
0.00209359184788
-0.00233615590143
-0.000935456128923
0.000240147642515
0.000821529337579
-1.94938564301
30.3556213379
24.3362083435
34.9576034546
16.2302913666
17.857875824
7.66438293457
1.23997938633
0.442521393299
0.109044238925
0.0200536046177
0.00229621282779
0.00255827326328
0.00108765787445
7.98819164629e-05
4.18824820372e-05
4.40689618699e-05
-9.11475314589
5.46229323127
0.988945350251
0.996350859176
1.04325948529
-0.00674274422747
0.00261651227674
0.000822793033829
0.0075682419629
-0.0178269595472
0.00248308108037
0.00562837177627
-0.00102809481367
-0.00931439525688
0.00245041761721
0.00500623430104
0.00281103416175
0.0148361075585
0.0216540376992
-0.00022252454454
0.000886191466146
RSS 6643.0344753702175
BP MaxDensity 0.03330645652275244
EFS MaxDensity 0.032551106268007376
a0 2.893785859663548
e0 -3.5629726973748372
b0 56.0457148904073
a0 3.080281619385158
e0 -1.585273135951595
b0 13.636651453858125
---END---
---START---
00000003
PARAMETERS 
95
0.996310609416
0.992168443822
1.04685023733
0.00533742727721
0.0229886309781
0.00975877100054
-0.00373874337595
-0.01059575338
0.000333123657987
0.0037158041013
-0.00290947477796
0.00868338100715
0.0175287369094
0.0184565810571
0.000828607076645
-0.00698121076834
-0.00987953754543
0.000434516178674
0.000353990275978
-1.94938564301
30.3556213379
24.3362083435
34.9576034546
16.2302913666
17.857875824
7.66438293457
1.23997938633
0.442521393299
0.109044238925
0.0200536046177
0.00229621282779
0.00255827326328
0.00108765787445
7.98819164629e-05
4.18824820372e-05
4.40689618699e-05
-9.12003157745
5.47643833221
0.993103083033
1.00625788294
0.836828557495
0.0249056297604
0.00791668935033
0.0105162927325
-0.00365159363473
-0.008920083489
0.000318214496602
0.014108798863
0.0014243063866
-0.00716892030109
-0.0160628789678
-0.0143023378044
0.00208560149617
-0.00235208690267
-0.000937186454741
0.000239730402015
0.000823116536701
-1.94938564301
30.3556213379
24.3362083435
34.9576034546
16.2302913666
17.857875824
7.66438293457
1.23997938633
0.442521393299
0.109044238925
0.0200536046177
0.00229621282779
0.00255827326328
0.00108765787445
7.98819164629e-05
4.18824820372e-05
4.40689618699e-05
-9.114756252
5.46230220767
0.988962105076
0.996352882618
1.0431960798
-0.00678334841136
0.00258712742546
0.00083840785094
0.00757203738721
-0.0178323942258
0.00247606150668
0.00562081551456
-0.00102103450672
-0.00932885186142
0.00244347257042
0.00499163058548
0.00279894045243
0.0148342834373
0.0216490154824
-0.00022088132308
0.000885276980997
RSS 6643.518304785438
BP MaxDensity 0.03330645652275244
EFS MaxDensity 0.032551106268007376
a0 2.894863070682105
e0 -3.560023496606041
b0 56.067243881943256
a0 3.079110320264703
e0 -1.5863320514500707
b0 13.611013941780142
---END---
---START---
00000004
PARAMETERS 
95
0.996294824021
0.992148705904
1.04668786844
0.00525438892094
0.0229943116517
0.00975872501781
-0.00374865218073
-0.0106129817711
0.000338654336665
0.00372371830602
-0.00291051319731
0.00870357784861
0.0175153201796
0.0184365981646
0.000837271113791
-0.00699464511283
-0.00987108787614
0.00043613998328
0.000351987908718
-1.94938564301
30.3556213379
24.3362083435
34.9576034546
16.2302913666
17.857875824
7.66438293457
1.23997938633
0.442521393299
0.109044238925
0.0200536046177
0.00229621282779
0.00255827326328
0.00108765787445
7.98819164629e-05
4.18824820372e-05
4.40689618699e-05
-9.12003694431
5.47644814107
0.99311279226
1.00627815961
0.836693139824
0.0249726281096
0.00790751787722
0.0105018584079
-0.00365551519834
-0.00892748994794
0.000337396147003
0.0141047060164
0.00142863036757
-0.00715215151687
-0.0160474614187
-0.014310628026
0.00207219135623
-0.00235064206515
-0.000918792177835
0.000238413228509
0.000822626133976
-1.94938564301
30.3556213379
24.3362083435
34.9576034546
16.2302913666
17.857875824
7.66438293457
1.23997938633
0.442521393299
0.109044238925
0.0200536046177
0.00229621282779
0.00255827326328
0.00108765787445
7.98819164629e-05
4.18824820372e-05
4.40689618699e-05
-9.11474019405
5.46230614906
0.988967533223
0.996347995666
1.04331878998
-0.00671952238406
0.00256575052633
0.00082724304295
0.00756105594467
-0.0178309031122
0.00246686940001
0.00563061750062
-0.00102254503234
-0.00932607714394
0.0024428962747
0.00499452381968
0.00281620154188
0.0148470959376
0.0216316179143
-0.00022199091234
0.000886882517633
RSS 6648.212361423219
BP MaxDensity 0.03330645652275244
EFS MaxDensity 0.032551106268007376
a0 2.894653031315967
e0 -3.5604702790110636
b0 56.06170333630317
a0 3.0815767947958297
e0 -1.5838497118132617
b0 13.666881781861301
---END---
---START---
00000005
PARAMETERS 
95
0.996290097868
0.992146468114
1.04670553379
0.00530579583884
0.0229463885413
0.00973891050628
-0.00372920106589
-0.0106075943423
0.000322070306576
0.00373791006114
-0.00289501304183
0.00871133302171
0.0175004920992
0.0184161345304
0.000842454698231
-0.00700608951833
-0.00985935511253
0.000433840427733
0.000352595981503
-1.94938564301
30.3556213379
24.3362083435
34.9576034546
16.2302913666
17.857875824
7.66438293457
1.23997938633
0.442521393299
0.109044238925
0.0200536046177
0.00229621282779
0.00255827326328
0.00108765787445
7.98819164629e-05
4.18824820372e-05
4.40689618699e-05
-9.12002894372
5.47645022138
0.99309876192
1.00630032923
0.836731620777
0.0249090377607
0.00790990400246
0.0105081759863
-0.00366057217409
-0.00893175918548
0.000349964811566
0.014086210066
0.00141075113355
-0.00716906438629
-0.0160464206972
-0.0142920003895
0.00205075030746
-0.00236814583257
-0.000893092653955
0.000237175839373
0.000820166263263
-1.94938564301
30.3556213379
24.3362083435
34.9576034546
16.2302913666
17.857875824
7.66438293457
1.23997938633
0.442521393299
0.109044238925
0.0200536046177
0.00229621282779
0.00255827326328
0.00108765787445
7.98819164629e-05
4.18824820372e-05
4.40689618699e-05
-9.11474683243
5.46229775448
0.988978549563
0.996351049274
1.04320368563
-0.00678158065008
0.0025350276414
0.000843203382192
0.00758181748236
-0.0178544496692
0.00249257114002
0.00565619788305
-0.00100533542099
-0.00932536786108
0.00243095511664
0.00498492720258
0.00283184539157
0.0148555797346
0.0216370076078
-0.000220054672684
0.00088930623195
RSS 6650.1059610795855
BP MaxDensity 0.03330645652275244
EFS MaxDensity 0.032551106268007376
a0 2.894898390736283
e0 -3.559637639990432
b0 56.06653259664915
a0 3.0822463569331227
e0 -1.5832245383548855
b0 13.682932460971312
---END---
---START---
00000006
PARAMETERS 
95
0.996290391646
0.992177857721
1.04699541118
0.00520911508528
0.0229889393374
0.00974835479812
-0.00371869854834
-0.0106152311447
0.000317314270735
0.00371540775847
-0.0029139660867
0.00868490478559
0.01750493347
0.0183874840286
0.000839133947656
-0.00702467723815
-0.00982742966501
0.000432790168272
0.000355434571048
-1.94938564301
30.3556213379
24.3362083435
34.9576034546
16.2302913666
17.857875824
7.66438293457
1.23997938633
0.442521393299
0.109044238925
0.0200536046177
0.00229621282779
0.00255827326328
0.00108765787445
7.98819164629e-05
4.18824820372e-05
4.40689618699e-05
-9.12005117463
5.47646622347
0.99310780914
1.00631272451
0.83667430886
0.0249692885731
0.00792217344216
0.0105131680791
-0.00368934088898
-0.00894053688833
0.000340925292281
0.014091784584
0.00141070254569
-0.0071367307044
-0.0160519653593
-0.0142730484504
0.00206347314498
-0.00235575330235
-0.000923490777979
0.000234672473628
0.000819667433392
-1.94938564301
30.3556213379
24.3362083435
34.9576034546
16.2302913666
17.857875824
7.66438293457
1.23997938633
0.442521393299
0.109044238925
0.0200536046177
0.00229621282779
0.00255827326328
0.00108765787445
7.98819164629e-05
4.18824820372e-05
4.40689618699e-05
-9.11477122714
5.46228721499
0.988962231743
0.996379015378
1.04307572773
-0.00671107275485
0.00248922744743
0.000873467472173
0.00756938631493
-0.0178267991936
0.0024811839701
0.00564371407993
-0.00103334506418
-0.00930038826494
0.00240436665801
0.00501357344257
0.00279999530331
0.0148393287274
0.0216089352047
-0.000217965546187
0.000889434353807
RSS 6707.629244136744
BP MaxDensity 0.03330645652275244
EFS MaxDensity 0.032551106268007376
a0 2.9863626696745706
e0 -3.5122746974333543
b0 76.96317054209813
a0 3.0764857694348637
e0 -1.5894155192036794
b0 13.554013343690315
---END---
---START---
00000007
PARAMETERS 
95
0.996288175175
0.992215078024
1.04713211367
0.00530657598094
0.0230497920247
0.00974538888113
-0.00372738973837
-0.0105758062635
0.000304373923783
0.00376561187743
-0.00296238029987
0.00864799269361
0.0175551357371
0.0183859799926
0.00086983906082
-0.00699847610847
-0.0097911442383
0.000436918967651
0.000360164820055
-1.94938564301
30.3556213379
24.3362083435
34.9576034546
16.2302913666
17.857875824
7.66438293457
1.23997938633
0.442521393299
0.109044238925
0.0200536046177
0.00229621282779
0.00255827326328
0.00108765787445
7.98819164629e-05
4.18824820372e-05
4.40689618699e-05
-9.12000649759
5.47644578122
0.993087051371
1.00636064673
0.837112674209
0.0251559601617
0.00795749341885
0.0104923241077
-0.00369507654828
-0.00897042561121
0.000356848247921
0.0141291918624
0.00137465692066
-0.00709660399409
-0.0160955216141
-0.0143038543767
0.00203838800338
-0.00235667649128
-0.000900527682457
0.000231991199815
0.00081783767534
-1.94938564301
30.3556213379
24.3362083435
34.9576034546
16.2302913666
17.857875824
7.66438293457
1.23997938633
0.442521393299
0.109044238925
0.0200536046177
0.00229621282779
0.00255827326328
0.00108765787445
7.98819164629e-05
4.18824820372e-05
4.40689618699e-05
-9.11478544163
5.4622705077
0.988939050571
0.996344605741
1.0428762337
-0.00683861384755
0.00239932448963
0.00083346143806
0.00760602738896
-0.0178279519017
0.0024356446084
0.00559787104048
-0.00101054487381
-0.00934334503807
0.00241639689159
0.00498179687724
0.00278599271778
0.0148076344834
0.0216396494745
-0.0002146688087
0.000889965673602
RSS 6727.606322253736
BP MaxDensity 0.03330645652275244
EFS MaxDensity 0.032551106268007376
a0 2.992553336478729
e0 -3.489300646315678
b0 76.77708085949185
a0 3.0763226346493715
e0 -1.589160383854426
b0 13.549831738152488
---END---
---START---
00000008
PARAMETERS 
95
0.996226302805
0.992194186872
1.04694149938
0.00466391085248
0.0230960107589
0.00963536708274
-0.00368684750382
-0.0105655634887
0.000302048084979
0.00381681274435
-0.00291213158354
0.00852406754408
0.0175850128984
0.018470132098
0.000832518203189
-0.00701000937043
-0.00971194944492
0.000436458764742
0.000355425152136
-1.94938564301
30.3556213379
24.3362083435
34.9576034546
16.2302913666
17.857875824
7.66438293457
1.23997938633
0.442521393299
0.109044238925
0.0200536046177
0.00229621282779
0.00255827326328
0.00108765787445
7.98819164629e-05
4.18824820372e-05
4.40689618699e-05
-9.12004310405
5.4764171853
0.992968379053
1.00648110007
0.838495613723
0.0249353099601
0.00810806655051
0.0105259552011
-0.00376262317046
-0.00894027930257
0.000495065193704
0.0141095763667
0.00137864673891
-0.0071036843328
-0.0160740764807
-0.0143053940995
0.00217078662501
-0.00229958965725
-0.00090987078653
0.000238680645322
0.000828706101579
-1.94938564301
30.3556213379
24.3362083435
34.9576034546
16.2302913666
17.857875824
7.66438293457
1.23997938633
0.442521393299
0.109044238925
0.0200536046177
0.00229621282779
0.00255827326328
0.00108765787445
7.98819164629e-05
4.18824820372e-05
4.40689618699e-05
-9.11487596978
5.46227259072
0.989047764617
0.996349812714
1.04240301237
-0.00673385149524
0.00249225091086
0.000769966234951
0.00763966460229
-0.0178245090911
0.00234186284256
0.00563862228425
-0.00102650887311
-0.00941677611301
0.00247353095947
0.00502001297323
0.00275592301853
0.0148206321702
0.0216300511968
-0.00022363475517
0.000894305614236
RSS 6783.927081003179
BP MaxDensity 0.03330645652275244
EFS MaxDensity 0.032551106268007376
a0 2.9968862805141634
e0 -3.4740251575415186
b0 76.66460862691879
a0 3.0982647603405686
e0 -1.567561405460922
b0 14.04643895359541
---END---
---START---
00000009
PARAMETERS 
95
0.996241115491
0.992102626455
1.0460958372
0.00451989328182
0.0232397503123
0.00965515018668
-0.00378656891371
-0.0106127013758
0.000205140191666
0.00384607099863
-0.00298775172881
0.00844647277486
0.0176125238181
0.0186691375284
0.00088736732824
-0.00708659930448
-0.00982100638256
0.000441381267631
0.000355098545251
-1.94938564301
30.3556213379
24.3362083435
34.9576034546
16.2302913666
17.857875824
7.66438293457
1.23997938633
0.442521393299
0.109044238925
0.0200536046177
0.00229621282779
0.00255827326328
0.00108765787445
7.98819164629e-05
4.18824820372e-05
4.40689618699e-05
-9.12001173805
5.47631523248
0.992996973622
1.00652290657
0.836975297324
0.0242733257978
0.00777004919185
0.0104892251665
-0.00363139531477
-0.00887639433176
0.00046907290629
0.0141107670404
0.00131183109452
-0.00709044227784
-0.0160545242201
-0.0143710673512
0.00206870421726
-0.00218840195226
-0.000765147549914
0.000233052581392
0.000846156083497
-1.94938564301
30.3556213379
24.3362083435
34.9576034546
16.2302913666
17.857875824
7.66438293457
1.23997938633
0.442521393299
0.109044238925
0.0200536046177
0.00229621282779
0.00255827326328
0.00108765787445
7.98819164629e-05
4.18824820372e-05
4.40689618699e-05
-9.11475172661
5.46235457936
0.988986558357
0.996329985179
1.04205681205
-0.00678567455078
0.00242122908103
0.000881699690394
0.00765109639754
-0.0179257727216
0.00219518278279
0.0055409686919
-0.000872990115536
-0.00939660873365
0.00253791430186
0.00511688505464
0.00272817949317
0.0146747918976
0.0216263573674
-0.000224243173364
0.000879353407405
RSS 6863.036816765274
BP MaxDensity 0.03330645652275244
EFS MaxDensity 0.032551106268007376
a0 2.9889750157549777
e0 -3.5037365707791963
b0 76.86185929063355
a0 3.141772195638857
e0 -1.5203388174085328
b0 15.092335953926218
---END---
---START---
00000010
PARAMETERS 
95
0.996251721912
0.99211420984
1.04610797439
0.00446911097544
0.0232468511497
0.00964869660192
-0.00379000793345
-0.0106180889486
0.000204314469078
0.00385880011591
-0.00299025526831
0.00845160602348
0.0176103574666
0.0186761602076
0.000885132663224
-0.00707263947794
-0.00980882349514
0.000442846956842
0.000356636751275
-1.94938564301
30.3556213379
24.3362083435
34.9576034546
16.2302913666
17.857875824
7.66438293457
1.23997938633
0.442521393299
0.109044238925
0.0200536046177
0.00229621282779
0.00255827326328
0.00108765787445
7.98819164629e-05
4.18824820372e-05
4.40689618699e-05
-9.11999063663
5.47631417835
0.993019413552
1.0065138851
0.83695015216
0.0242786222589
0.00777974887043
0.0104872443812
-0.00361671941183
-0.00888866245188
0.000460994768521
0.0141043727711
0.00131677840471
-0.00708085921923
-0.0160550920655
-0.01437448132
0.00208219228296
-0.00218857381511
-0.000756209605663
0.000232277001879
0.000844429947873
-1.94938564301
30.3556213379
24.3362083435
34.9576034546
16.2302913666
17.857875824
7.66438293457
1.23997938633
0.442521393299
0.109044238925
0.0200536046177
0.00229621282779
0.00255827326328
0.00108765787445
7.98819164629e-05
4.18824820372e-05
4.40689618699e-05
-9.11474505464
5.46235285861
0.988969877245
0.996309168793
1.04201605978
-0.00677189259869
0.00240711680673
0.000887129355936
0.00764324243506
-0.0179275364519
0.00220784808215
0.00552336187466
-0.000868926456458
-0.00941015663229
0.00253634523266
0.00510147818407
0.00273549793954
0.0146683065176
0.0216185669703
-0.000224423066766
0.000880622734645
RSS 6870.563341647956
BP MaxDensity 0.03330645652275244
EFS MaxDensity 0.032551106268007376
a0 2.9910636622197657
e0 -3.496019685133875
b0 76.8025364351662
a0 3.1425984841575434
e0 -1.5196776024571002
b0 15.113482164082576
---END---
---START---
00000011
PARAMETERS 
95
0.996248688627
0.992105541467
1.04628068118
0.00446895686316
0.0232508233335
0.00963167879594
-0.00377462677062
-0.0106288857913
0.000208131851791
0.00386135348815
-0.00301088710623
0.00843002781976
0.0176217403314
0.0186733257383
0.000909079931723
-0.00708335528727
-0.00979413562432
0.000443458617552
0.000357885914316
-1.94938564301
30.3556213379
24.3362083435
34.9576034546
16.2302913666
17.857875824
7.66438293457
1.23997938633
0.442521393299
0.109044238925
0.0200536046177
0.00229621282779
0.00255827326328
0.00108765787445
7.98819164629e-05
4.18824820372e-05
4.40689618699e-05
-9.1199989069
5.47632952106
0.993013649556
1.00652855704
0.836871310996
0.0243543979416
0.00780537899515
0.0105112074339
-0.00360076454713
-0.00887590695829
0.000460169448205
0.0140987803926
0.00129793313769
-0.00708473747392
-0.0160649114248
-0.0143869410911
0.00206283259569
-0.00218781039504
-0.000754223467158
0.000233452992513
0.000843432162682
-1.94938564301
30.3556213379
24.3362083435
34.9576034546
16.2302913666
17.857875824
7.66438293457
1.23997938633
0.442521393299
0.109044238925
0.0200536046177
0.00229621282779
0.00255827326328
0.00108765787445
7.98819164629e-05
4.18824820372e-05
4.40689618699e-05
-9.11474449385
5.46235190142
0.988969481305
0.996304209884
1.04191601538
-0.00666172690797
0.00235763489902
0.000873777858769
0.00765312896698
-0.0179241074183
0.00221778353684
0.00552376836489
-0.000879212501342
-0.00941935135279
0.00253488097242
0.00509613324003
0.00272916821848
0.01465375557
0.0216388362042
-0.000225944843166
0.00087865596784
RSS 6873.946216866751
BP MaxDensity 0.03330645652275244
EFS MaxDensity 0.032551106268007376
a0 2.9925665605527763
e0 -3.490287893588802
b0 76.75215678744111
a0 3.141540559670072
e0 -1.5205165697843346
b0 15.086255397167303
---END---
---START---
00000012
PARAMETERS 
95
0.996241793867
0.992078031415
1.04638772079
0.00445669548413
0.0233228899429
0.00960820737259
-0.00371902666793
-0.0106332005424
0.00020615110659
0.00385393923244
-0.00300691315778
0.00842122427785
0.0176283718314
0.0186648332957
0.000935566695908
-0.00708190375188
-0.00974555935627
0.000443314886226
0.000358194432968
-1.94938564301
30.3556213379
24.3362083435
34.9576034546
16.2302913666
17.857875824
7.66438293457
1.23997938633
0.442521393299
0.109044238925
0.0200536046177
0.00229621282779
0.00255827326328
0.00108765787445
7.98819164629e-05
4.18824820372e-05
4.40689618699e-05
-9.11996999442
5.47632527136
0.993031600766
1.00648574351
0.837341234496
0.0243462598638
0.00772368510764
0.0104621326729
-0.00359231672792
-0.00889841309505
0.000485385410306
0.0140822627183
0.0012796168632
-0.00707285419131
-0.0160870161317
-0.0144027104376
0.00208097558464
-0.0021533434252
-0.000754942650246
0.000234826988884
0.000839273974554
-1.94938564301
30.3556213379
24.3362083435
34.9576034546
16.2302913666
17.857875824
7.66438293457
1.23997938633
0.442521393299
0.109044238925
0.0200536046177
0.00229621282779
0.00255827326328
0.00108765787445
7.98819164629e-05
4.18824820372e-05
4.40689618699e-05
-9.11473318499
5.46234980565
0.988975004059
0.996281657542
1.042035787
-0.00668126430829
0.00235849857543
0.000892802674236
0.00764564619552
-0.0179492825327
0.00222713468854
0.00549560003515
-0.000875175321836
-0.00943939680657
0.00253379442181
0.00513054610772
0.00270795952662
0.0146663398123
0.0216466804969
-0.000227301944446
0.000877978341423
RSS 6888.44279279749
BP MaxDensity 0.03330645652275244
EFS MaxDensity 0.032551106268007376
a0 2.996747988351974
e0 -3.474960487790203
b0 76.63306183062161
a0 3.1425110120816235
e0 -1.5197145057275128
b0 15.108980133858003
---END---
---START---
00000013
PARAMETERS 
95
0.996266687271
0.992070792124
1.04661164604
0.00454310566599
0.023259705714
0.00959044271555
-0.00376908770875
-0.0106409428157
0.000235169650505
0.0038455441436
-0.00299338454121
0.00841413366944
0.0175975884147
0.0186479823391
0.000920901032065
-0.00704260102603
-0.00973099552703
0.000442973617076
0.000359241375844
-1.94938564301
30.3556213379
24.3362083435
34.9576034546
16.2302913666
17.857875824
7.66438293457
1.23997938633
0.442521393299
0.109044238925
0.0200536046177
0.00229621282779
0.00255827326328
0.00108765787445
7.98819164629e-05
4.18824820372e-05
4.40689618699e-05
-9.11997987257
5.47630777122
0.993024810941
1.00649898442
0.837004365648
0.0242699092223
0.00763287223211
0.0104429047562
-0.00359830787008
-0.00888037403365
0.000519684083105
0.0140918034723
0.0012970035156
-0.00706925045826
-0.0160875845383
-0.014430598411
0.00205203426057
-0.00215378984351
-0.000745305484625
0.000233406616877
0.000842951784942
-1.94938564301
30.3556213379
24.3362083435
34.9576034546
16.2302913666
17.857875824
7.66438293457
1.23997938633
0.442521393299
0.109044238925
0.0200536046177
0.00229621282779
0.00255827326328
0.00108765787445
7.98819164629e-05
4.18824820372e-05
4.40689618699e-05
-9.11473690489
5.46234378129
0.988945567517
0.996306553198
1.04184009183
-0.00679423674876
0.00237919911679
0.00091313324756
0.00766547389147
-0.0179435684291
0.00224643969384
0.00548338744273
-0.000871577005
-0.00944456729971
0.00251564757784
0.00511319923316
0.00271405948424
0.01466012147
0.0216121395003
-0.000222667632307
0.000880339910153
RSS 6901.898261080295
BP MaxDensity 0.03330645652275244
EFS MaxDensity 0.032551106268007376
a0 2.9989851650775385
e0 -3.4666440315695275
b0 76.57768600609106
a0 3.1443279128745347
e0 -1.51716484860574
b0 15.154262587566214
---END---
---START---
00000014
PARAMETERS 
95
0.996277941326
0.992047677281
1.04737449254
0.00448598211165
0.0232129982842
0.00962508100976
-0.00376218981396
-0.0106221862518
0.000225603641822
0.00385417476553
-0.00303988132844
0.00842166572103
0.0175611163679
0.0186100208342
0.000886804495114
-0.00703972569626
-0.00967116609143
0.000449438557093
0.000356473144846
-1.94938564301
30.3556213379
24.3362083435
34.9576034546
16.2302913666
17.857875824
7.66438293457
1.23997938633
0.442521393299
0.109044238925
0.0200536046177
0.00229621282779
0.00255827326328
0.00108765787445
7.98819164629e-05
4.18824820372e-05
4.40689618699e-05
-9.11996554518
5.47631420899
0.99295143318
1.0065076726
0.837266638105
0.0241824992687
0.00763249065447
0.0104961089786
-0.00366170378503
-0.00887077763859
0.000516535846818
0.0141379283638
0.00128595210156
-0.00709448604244
-0.0161567858452
-0.0144228194603
0.00209721977413
-0.00209348414338
-0.000776544709663
0.000229960733063
0.000840633594758
-1.94938564301
30.3556213379
24.3362083435
34.9576034546
16.2302913666
17.857875824
7.66438293457
1.23997938633
0.442521393299
0.109044238925
0.0200536046177
0.00229621282779
0.00255827326328
0.00108765787445
7.98819164629e-05
4.18824820372e-05
4.40689618699e-05
-9.11472600337
5.46238526741
0.988960766833
0.996289554138
1.04187141824
-0.00677584301278
0.00238477699829
0.000972807180358
0.00766433888626
-0.0178896851438
0.00224042076158
0.00544466616512
-0.00084246406432
-0.00943232741227
0.00245107790915
0.0051031499108
0.00270813906731
0.014652826512
0.0215870257058
-0.000221948783836
0.000874402840478
RSS 6908.473289922902
BP MaxDensity 0.03330645652275244
EFS MaxDensity 0.032551106268007376
a0 3.002880024458812
e0 -3.4517360686927074
b0 76.47609549471693
a0 3.142069054998463
e0 -1.5199892170345357
b0 15.093424063567651
---END---
---START---
00000015
PARAMETERS 
95
0.996220573018
0.992033092376
1.04752225036
0.00397702026733
0.0231018929363
0.00953547550359
-0.00378293406778
-0.0107039970477
0.000172332517677
0.00386161359979
-0.00309933830783
0.00841293179675
0.0175857785638
0.0186848642058
0.000900418878198
-0.00701804204905
-0.00967395156947
0.000449421959029
0.000360795326341
-1.94938564301
30.3556213379
24.3362083435
34.9576034546
16.2302913666
17.857875824
7.66438293457
1.23997938633
0.442521393299
0.109044238925
0.0200536046177
0.00229621282779
0.00255827326328
0.00108765787445
7.98819164629e-05
4.18824820372e-05
4.40689618699e-05
-9.12000436868
5.476276204
0.992919408214
1.00646176418
0.837043432903
0.0241424883192
0.00761529319177
0.0104284146352
-0.0036837059939
-0.00889029268418
0.000525352345734
0.0141092236605
0.00131051991686
-0.00703456963582
-0.0161813423983
-0.0144362423188
0.00207332819117
-0.0020273700837
-0.000739323632029
0.000232073151977
0.000835462481981
-1.94938564301
30.3556213379
24.3362083435
34.9576034546
16.2302913666
17.857875824
7.66438293457
1.23997938633
0.442521393299
0.109044238925
0.0200536046177
0.00229621282779
0.00255827326328
0.00108765787445
7.98819164629e-05
4.18824820372e-05
4.40689618699e-05
-9.11468420301
5.46241752204
0.988936729662
0.996239419894
1.0419255209
-0.00683457957695
0.00243066667923
0.000891818604856
0.0076951280845
-0.0179122031231
0.0022235201272
0.00536452739963
-0.000857899487375
-0.00936773694099
0.00240504494441
0.00513383129149
0.00269392121287
0.0147134479717
0.0215984791317
-0.000219122948155
0.000865091734302
RSS 6937.494057873173
BP MaxDensity 0.03330645652275244
EFS MaxDensity 0.032551106268007376
a0 3.0054294082805315
e0 -3.4428201286775004
b0 76.40660879149105
a0 3.151084579574413
e0 -1.5104588823315817
b0 15.320234099106981
---END---
---START---
00000016
PARAMETERS 
95
0.996140858985
0.992046290531
1.0466685675
0.00396477946248
0.0232968812986
0.00961848142376
-0.00376782948207
-0.0106511196556
0.000209510492464
0.00390323246685
-0.00305605890399
0.00847676638055
0.0174956025597
0.0187070183253
0.00088214914567
-0.00702208805183
-0.00960060575408
0.00045326398627
0.000353096316569
-1.94938564301
30.3556213379
24.3362083435
34.9576034546
16.2302913666
17.857875824
7.66438293457
1.23997938633
0.442521393299
0.109044238925
0.0200536046177
0.00229621282779
0.00255827326328
0.00108765787445
7.98819164629e-05
4.18824820372e-05
4.40689618699e-05
-9.1201301362
5.4762765678
0.992983039285
1.00655351809
0.837420088729
0.0242646408503
0.00751315586989
0.0103180856773
-0.00361448859661
-0.00884562430336
0.000508165700524
0.0141461598193
0.00137356349182
-0.00700243400718
-0.0161488459182
-0.0143893674484
0.00205933525445
-0.00201942849891
-0.000764971123137
0.000238740255103
0.000839127607408
-1.94938564301
30.3556213379
24.3362083435
34.9576034546
16.2302913666
17.857875824
7.66438293457
1.23997938633
0.442521393299
0.109044238925
0.0200536046177
0.00229621282779
0.00255827326328
0.00108765787445
7.98819164629e-05
4.18824820372e-05
4.40689618699e-05
-9.11473298006
5.46239192616
0.988916531713
0.99621554412
1.04157323867
-0.00667761851683
0.00242640980765
0.000877768898569
0.00763856385643
-0.0178752426823
0.00225790705545
0.00539916003227
-0.000879501175809
-0.00931839998566
0.0023843033109
0.00518141635905
0.00276027841885
0.0145804485941
0.0215967146386
-0.000217293514998
0.000872876024976
RSS 6952.8349323524235
BP MaxDensity 0.03330645652275244
EFS MaxDensity 0.032551106268007376
a0 3.0092749914422865
e0 -3.4295268151785554
b0 76.33287746347224
a0 3.152879210348048
e0 -1.5086757467079872
b0 15.36742336792684
---END---
---START---
00000017
PARAMETERS 
95
0.996183813127
0.992018010349
1.04663417138
0.00392082767925
0.0232285459707
0.00956412961354
-0.00375269913614
-0.0106695494639
0.000259869323039
0.00395107295521
-0.00302678999499
0.00852419552354
0.0174838014709
0.0187520743602
0.000849904883442
-0.00706461568397
-0.0096269722931
0.00045707588357
0.000358736405771
-1.94938564301
30.3556213379
24.3362083435
34.9576034546
16.2302913666
17.857875824
7.66438293457
1.23997938633
0.442521393299
0.109044238925
0.0200536046177
0.00229621282779
0.00255827326328
0.00108765787445
7.98819164629e-05
4.18824820372e-05
4.40689618699e-05
-9.12015781587
5.47626892959
0.993036611255
1.00657759772
0.836930849664
0.0244621790029
0.00763148304514
0.0103273083614
-0.00361010859175
-0.00882056724885
0.000505619917763
0.0141262168277
0.0013712558549
-0.00697429066698
-0.0161424753489
-0.0143392361464
0.00206320038348
-0.00195628905022
-0.000756402366139
0.0002334540087
0.000836082158125
-1.94938564301
30.3556213379
24.3362083435
34.9576034546
16.2302913666
17.857875824
7.66438293457
1.23997938633
0.442521393299
0.109044238925
0.0200536046177
0.00229621282779
0.00255827326328
0.00108765787445
7.98819164629e-05
4.18824820372e-05
4.40689618699e-05
-9.11471967425
5.46237639541
0.988945783308
0.996269221043
1.04199291118
-0.00661118575987
0.00231588122092
0.00090914240088
0.00766791300235
-0.0178936480798
0.00229571632615
0.00536175374
-0.000849052564719
-0.00930642429835
0.00234095720032
0.0052152685058
0.0027170210183
0.0145541124065
0.0215758582645
-0.000221715827253
0.000867226074485
RSS 6955.541623271594
BP MaxDensity 0.03330645652275244
EFS MaxDensity 0.032551106268007376
a0 3.007774542973769
e0 -3.434652106900286
b0 76.37457048430394
a0 3.1571935349378557
e0 -1.5049653829693892
b0 15.478137083101679
---END---
---START---
00000018
PARAMETERS 
95
0.9962097002
0.99204343179
1.04600256509
0.00394733056115
0.0233151085378
0.00963016700173
-0.00377204697244
-0.0107380684076
0.000235448260476
0.0039342363597
-0.00309664828732
0.00845449017534
0.0175073315964
0.0187079183787
0.000928485461566
-0.00713159583556
-0.00959183339294
0.000462881811609
0.000353467111062
-1.94938564301
30.3556213379
24.3362083435
34.9576034546
16.2302913666
17.857875824
7.66438293457
1.23997938633
0.442521393299
0.109044238925
0.0200536046177
0.00229621282779
0.00255827326328
0.00108765787445
7.98819164629e-05
4.18824820372e-05
4.40689618699e-05
-9.12016957924
5.47622922128
0.993075485965
1.00653472509
0.836870761986
0.0245104283348
0.0076812917117
0.0103483962947
-0.00362019053271
-0.00879349517099
0.000544469924217
0.0141462129176
0.00135692566937
-0.00705408889202
-0.0160719870477
-0.0142606922733
0.0020092346997
-0.00193580799781
-0.000758143079002
0.000237476113574
0.000838584767162
-1.94938564301
30.3556213379
24.3362083435
34.9576034546
16.2302913666
17.857875824
7.66438293457
1.23997938633
0.442521393299
0.109044238925
0.0200536046177
0.00229621282779
0.00255827326328
0.00108765787445
7.98819164629e-05
4.18824820372e-05
4.40689618699e-05
-9.11471119861
5.4623676515
0.988957804331
0.996322137408
1.0416987171
-0.00641774181088
0.00228172707731
0.000938132406003
0.00761226761919
-0.0178830552959
0.00235377273915
0.0053641361196
-0.000873009889482
-0.00925542035242
0.00236772739546
0.00523372722826
0.00272732485748
0.0145234913397
0.0215544377026
-0.000228264748681
0.000861187941373
RSS 6968.763929564729
BP MaxDensity 0.03330645652275244
EFS MaxDensity 0.032551106268007376
a0 3.0083673956603616
e0 -3.431803374669183
b0 76.33075758602273
a0 3.161529616862778
e0 -1.5003868450894402
b0 15.591272638907355
---END---
---START---
00000019
PARAMETERS 
95
0.996521094754
0.991933350854
1.04440877906
0.00360296634275
0.0229455740361
0.00974595526058
-0.00375334834648
-0.010777313214
0.000365014436758
0.0039314697651
-0.00321735385456
0.00835011930092
0.0172664165473
0.018579418501
0.00122127952921
-0.00708737206992
-0.00940519560543
0.000466131650981
0.000364842242103
-1.94938564301
30.3556213379
24.3362083435
34.9576034546
16.2302913666
17.857875824
7.66438293457
1.23997938633
0.442521393299
0.109044238925
0.0200536046177
0.00229621282779
0.00255827326328
0.00108765787445
7.98819164629e-05
4.18824820372e-05
4.40689618699e-05
-9.12015538793
5.47611361871
0.993242083419
1.00662792335
0.838476098025
0.0237767646708
0.00765581101871
0.010364456769
-0.00362445618202
-0.00872577803395
0.000596314680549
0.014060389977
0.0012186229757
-0.00698798407174
-0.0160848390736
-0.014268523285
0.00181119625673
-0.0018854805228
-0.000783894901757
0.00025526225817
0.00084013927407
-1.94938564301
30.3556213379
24.3362083435
34.9576034546
16.2302913666
17.857875824
7.66438293457
1.23997938633
0.442521393299
0.109044238925
0.0200536046177
0.00229621282779
0.00255827326328
0.00108765787445
7.98819164629e-05
4.18824820372e-05
4.40689618699e-05
-9.11477396075
5.46240839385
0.988877444113
0.996351772706
1.04227498044
-0.00629479982348
0.00277369617808
0.00106511417937
0.00771396671877
-0.0176751502065
0.00230137885121
0.00523796349882
-0.000974678855433
-0.00951198529628
0.00215607658852
0.00506360403102
0.00290875084422
0.0142904971677
0.0215411880354
-0.000246938196393
0.000868771533647
RSS 7051.077046973924
BP MaxDensity 0.03330645652275244
EFS MaxDensity 0.032551106268007376
a0 3.0304293402488978
e0 -3.3510054752150515
b0 75.82571700222937
a0 3.1598950918304105
e0 -1.5000908217224962
b0 15.545064498113735
---END---
---START---
00000020
PARAMETERS 
95
0.997717263851
0.992403150346
1.0424825024
0.0036805118859
0.0243449616906
0.00999890770406
-0.00355204350229
-0.010283473427
0.000663723102696
0.0034942875431
-0.00302609166276
0.00859995801543
0.0167230104677
0.0189912554557
0.00155666026121
-0.00706669042263
-0.0100939643815
0.00049143122418
0.000379939266624
-1.94938564301
30.3556213379
24.3362083435
34.9576034546
16.2302913666
17.857875824
7.66438293457
1.23997938633
0.442521393299
0.109044238925
0.0200536046177
0.00229621282779
0.00255827326328
0.00108765787445
7.98819164629e-05
4.18824820372e-05
4.40689618699e-05
-9.12016065852
5.47563828797
0.992535540648
1.00643229759
0.848237370733
0.0227203211995
0.00565179827095
0.00937446152659
-0.00411555205376
-0.00965698748437
0.000355146278358
0.0140726232503
0.00188457216427
-0.00721417112798
-0.0154333625505
-0.0137698148117
0.00223373522251
-0.00103711426665
-0.000790768529518
0.000205862092448
0.000847867277655
-1.94938564301
30.3556213379
24.3362083435
34.9576034546
16.2302913666
17.857875824
7.66438293457
1.23997938633
0.442521393299
0.109044238925
0.0200536046177
0.00229621282779
0.00255827326328
0.00108765787445
7.98819164629e-05
4.18824820372e-05
4.40689618699e-05
-9.11477369268
5.4626996007
0.988897255837
0.997230792776
1.0447428399
-0.00838909555484
0.00352111460836
0.000961529572603
0.0069023042522
-0.0179549293661
0.00301606411948
0.0056382083988
-0.00116111207685
-0.0102242007871
0.00182754218942
0.00595789226208
0.0025093097645
0.0135543867012
0.0203977900782
-0.000320264105937
0.000875495704495
RSS 7118.659444116404
BP MaxDensity 0.03330645652275244
EFS MaxDensity 0.032551106268007376
a0 2.994114145586902
e0 -3.4824253118007897
b0 76.59012584202617
a0 3.246549722191792
e0 -1.4151004004905952
b0 17.992604958283767
---END---
---START---
00000021
PARAMETERS 
95
0.997784101263
0.993028919558
1.04369347118
0.00302048501008
0.0252352056446
0.0103526992845
-0.00415110632427
-0.00964672519804
0.000514461200238
0.00393479973584
-0.00234057266698
0.00933154866261
0.0172579673444
0.0194734964269
0.00104239406514
-0.00718241592645
-0.00987930956269
0.000506561134627
0.000378441494359
-1.94938564301
30.3556213379
24.3362083435
34.9576034546
16.2302913666
17.857875824
7.66438293457
1.23997938633
0.442521393299
0.109044238925
0.0200536046177
0.00229621282779
0.00255827326328
0.00108765787445
7.98819164629e-05
4.18824820372e-05
4.40689618699e-05
-9.1199432967
5.4758182536
0.992420059336
1.00715042802
0.846066492858
0.0245173310608
0.00642948353867
0.00948353819229
-0.0039561356274
-0.00995913262179
-8.15667383418e-05
0.0137371471856
0.00141593693268
-0.00737189109876
-0.0159083539311
-0.013873035383
0.00252547433468
-0.00130319760965
-0.000882610839216
0.000229420993216
0.000889180781201
-1.94938564301
30.3556213379
24.3362083435
34.9576034546
16.2302913666
17.857875824
7.66438293457
1.23997938633
0.442521393299
0.109044238925
0.0200536046177
0.00229621282779
0.00255827326328
0.00108765787445
7.98819164629e-05
4.18824820372e-05
4.40689618699e-05
-9.11480248935
5.46282382881
0.989421865403
0.997611461107
1.04754288298
-0.00702611690318
0.00279626182614
0.00108642614417
0.00684927615699
-0.0178214822729
0.00351940285407
0.00544384028252
-0.00118908263569
-0.0106706765906
0.00184575769348
0.00634200007543
0.00260952990329
0.0140935158936
0.0206502166481
-0.000350807145082
0.000900668249018
RSS 7175.152457759596
BP MaxDensity 0.03330645652275244
EFS MaxDensity 0.032551106268007376
a0 3.0088300994717905
e0 -3.438498897279772
b0 76.46674714882931
a0 3.2493515389844894
e0 -1.4072508813585187
b0 18.067398850787
---END---
---START---
00000022
PARAMETERS 
95
1.00056422504
0.993814650771
1.04892752069
0.0119418289566
0.0275518939665
0.00801763864076
-0.00222877025679
-0.0107470780062
-0.00230354258413
0.00398813697589
-0.00469545912254
0.00801029223474
0.0163226184516
0.0222544123278
-0.00117523039594
-0.00641470347245
-0.00938256352296
0.000447096852212
0.000150553204969
-1.94938564301
30.3556213379
24.3362083435
34.9576034546
16.2302913666
17.857875824
7.66438293457
1.23997938633
0.442521393299
0.109044238925
0.0200536046177
0.00229621282779
0.00255827326328
0.00108765787445
7.98819164629e-05
4.18824820372e-05
4.40689618699e-05
-9.12041704608
5.47475272334
0.990589810895
1.00649729881
0.843765246582
0.024289685211
0.011020234667
0.00903568869193
-0.00269210543554
-0.00810940902818
0.00131060112531
0.0122908511847
-0.000251642602522
-0.0067560666362
-0.0159772125246
-0.0144261743063
0.00186689487291
-0.00110478038961
-0.000325205531739
0.000250008785884
0.000832281116247
-1.94938564301
30.3556213379
24.3362083435
34.9576034546
16.2302913666
17.857875824
7.66438293457
1.23997938633
0.442521393299
0.109044238925
0.0200536046177
0.00229621282779
0.00255827326328
0.00108765787445
7.98819164629e-05
4.18824820372e-05
4.40689618699e-05
-9.11611094157
5.46158660409
0.987097599127
0.995291850686
1.03569553126
-0.00293102069988
0.00258083531257
-0.00056044702752
0.00861303316205
-0.0184599297885
0.00455099896179
0.00390100476013
-0.00255121390223
-0.00850829505371
0.000259729852793
0.00441750021234
0.00391125326043
0.0141037122097
0.0181145300518
-0.000368184466982
0.000613929077035
RSS 7223.160083947436
BP MaxDensity 0.03330645652275244
EFS MaxDensity 0.032551106268007376
a0 2.9806756311622458
e0 -3.5553569604855624
b0 77.2763903296434
a0 3.2924141707253898
e0 -1.3490673119650982
b0 19.452296714745994
---END---
---START---
00000023
PARAMETERS 
95
0.997094929042
0.995868918669
1.07876059969
0.0137400683654
0.032208358707
0.00713118162785
-0.00333142141261
-0.0125268792135
7.71419774027e-05
0.00423901276665
-0.0065718159152
0.0073836073764
0.0151990880674
0.0176337883173
-0.00018926343922
-0.00507874007005
-0.0105884630727
0.000813406131022
8.08787582103e-05
-1.94938564301
30.3556213379
24.3362083435
34.9576034546
16.2302913666
17.857875824
7.66438293457
1.23997938633
0.442521393299
0.109044238925
0.0200536046177
0.00229621282779
0.00255827326328
0.00108765787445
7.98819164629e-05
4.18824820372e-05
4.40689618699e-05
-9.11709540024
5.47290148647
0.989379852262
1.00707918635
0.876920069831
0.0260209113692
0.00996408169927
0.0102436575306
0.000280484058475
-0.00798258787767
0.000409967682544
0.0134532580319
-0.0014962097502
-0.00799790177981
-0.0152252271284
-0.016098006727
0.0031903878027
-0.00116825231772
0.000924504657235
0.00012098200781
0.000635091118521
-1.94938564301
30.3556213379
24.3362083435
34.9576034546
16.2302913666
17.857875824
7.66438293457
1.23997938633
0.442521393299
0.109044238925
0.0200536046177
0.00229621282779
0.00255827326328
0.00108765787445
7.98819164629e-05
4.18824820372e-05
4.40689618699e-05
-9.1157553736
5.45960784601
0.986513612298
0.999103579598
1.04280559023
-0.00100498323046
0.00488335508096
-0.0014185549546
0.00812711102509
-0.0177967269451
0.00682066158294
0.00179855432516
-0.00636633610846
-0.00617651605309
0.000795324531662
0.00360978315966
0.00375234440781
0.0110953518275
0.0171781585645
-0.000503791764056
0.000392533479549
RSS 7334.835247898581
BP MaxDensity 0.03330645652275244
EFS MaxDensity 0.032551106268007376
a0 2.949111003810609
e0 -3.637239248550403
b0 78.11960546264855
a0 3.3503998978469296
e0 -1.2877559937078746
b0 21.544232087673862
---END---
---START---
00000024
PARAMETERS 
95
1.0
1.0
1.0
0.0
0.0
0.0
0.0
0.0
0.0
0.0
0.0
0.0
0.0
0.0
0.0
0.0
0.0
0.0
0.0
-1.94938564301
30.3556213379
24.3362083435
34.9576034546
16.2302913666
17.857875824
7.66438293457
1.23997938633
0.442521393299
0.109044238925
0.0200536046177
0.00229621282779
0.00255827326328
0.00108765787445
7.98819164629e-05
4.18824820372e-05
4.40689618699e-05
-9.12917616
5.46528415
1.0
1.0
1.0
0.0
0.0
0.0
0.0
0.0
0.0
0.0
0.0
0.0
0.0
0.0
0.0
0.0
0.0
0.0
0.0
-1.94938564301
30.3556213379
24.3362083435
34.9576034546
16.2302913666
17.857875824
7.66438293457
1.23997938633
0.442521393299
0.109044238925
0.0200536046177
0.00229621282779
0.00255827326328
0.00108765787445
7.98819164629e-05
4.18824820372e-05
4.40689618699e-05
-9.12917616
5.46528415
1.0
1.0
1.0
0.0
0.0
0.0
0.0
0.0
0.0
0.0
0.0
0.0
0.0
0.0
0.0
0.0
0.0
0.0
0.0
RSS 9974.584901372582
BP MaxDensity 0.03330645652275244
EFS MaxDensity 0.032551106268007376
a0 3.466647771839662
e0 -1.6601519076975577
b0 85.09529222867512
a0 3.1892619284804273
e0 -1.706326800937051
b0 17.09959232700364
---END---
