RSS:  
6643.0344753702175

P:  
0.99632499478
0.992156691659
1.04689921912
0.00539610405498
0.0229880894507
0.00975400473714
-0.00373428014012
-0.0105953831569
0.000339000203084
0.00371771885671
-0.00289921707142
0.00868125335274
0.0175263197654
0.0184580182064
0.000816797105548
-0.00696713950268
-0.00988655414189
0.000433521542538
0.000352804683527
-1.94938564301
30.3556213379
24.3362083435
34.9576034546
16.2302913666
17.857875824
7.66438293457
1.23997938633
0.442521393299
0.109044238925
0.0200536046177
0.00229621282779
0.00255827326328
0.00108765787445
7.98819164629e-05
4.18824820372e-05
4.40689618699e-05
-9.12002006557
5.47643275839
0.993094503907
1.00626418518
0.836795674058
0.0248672218364
0.00789344852464
0.0105112375999
-0.00364375958415
-0.00890585092092
0.000317021742311
0.0140938342008
0.00142678034622
-0.00715575429881
-0.0160794294069
-0.0143042722204
0.00209359184788
-0.00233615590143
-0.000935456128923
0.000240147642515
0.000821529337579
-1.94938564301
30.3556213379
24.3362083435
34.9576034546
16.2302913666
17.857875824
7.66438293457
1.23997938633
0.442521393299
0.109044238925
0.0200536046177
0.00229621282779
0.00255827326328
0.00108765787445
7.98819164629e-05
4.18824820372e-05
4.40689618699e-05
-9.11475314589
5.46229323127
0.988945350251
0.996350859176
1.04325948529
-0.00674274422747
0.00261651227674
0.000822793033829
0.0075682419629
-0.0178269595472
0.00248308108037
0.00562837177627
-0.00102809481367
-0.00931439525688
0.00245041761721
0.00500623430104
0.00281103416175
0.0148361075585
0.0216540376992
-0.00022252454454
0.000886191466146

Known:
a0:     3.42
e0:     -4.27
B0:     221.99999999938152
EC:     365.600 141.600 141.600  0.000  0.000  0.000 
        141.600 365.600 141.600  0.000  0.000  0.000 
        141.600 141.600 365.600  0.000  0.000  0.000 
         0.000  0.000  0.000 186.000  0.000  0.000 
         0.000  0.000  0.000  0.000 186.000  0.000 
         0.000  0.000  0.000  0.000  0.000 186.000 

Known:
a0:     3.89
e0:     -3.91
B0:     179.99999999949853
EC:     234.000 176.000 176.000  0.000  0.000  0.000 
        176.000 234.000 176.000  0.000  0.000  0.000 
        176.000 176.000 234.000  0.000  0.000  0.000 
         0.000  0.000  0.000 71.200  0.000  0.000 
         0.000  0.000  0.000  0.000 71.200  0.000 
         0.000  0.000  0.000  0.000  0.000 71.200 

Calculated:
a0:     2.893785859663548
e0:     -3.5629726973748372
B0:     56.0457148904073
EC:     133.627 64.274 64.274  0.000  0.000  0.000 
        64.274 133.627 64.274  0.000  0.000  0.000 
        64.274 64.274 133.627  0.000  0.000  0.000 
         0.000  0.000  0.000 118.012  0.000  0.000 
         0.000  0.000  0.000  0.000 118.012  0.000 
         0.000  0.000  0.000  0.000  0.000 118.012 

Calculated:
a0:     3.080281619385158
e0:     -1.585273135951595
B0:     13.636651453858125
EC:     127.531 12.179 12.179  0.000  0.000  0.000 
        12.179 127.531 12.179  0.000  0.000  0.000 
        12.179 12.179 127.531  0.000  0.000  0.000 
         0.000  0.000  0.000 61.800  0.000  0.000 
         0.000  0.000  0.000  0.000 61.800  0.000 
         0.000  0.000  0.000  0.000  0.000 61.800 



