########################
# 00000001
########################
RSS 525.5479913977068
BP 0:
a0:   3.3412e+00   e0:  -4.3463e+00   b0:   3.0343e+02   
P: 
  3.4003e+00   5.8649e-01  -9.4609e-01  -4.5152e-01  -6.7542e-01 
 -7.9347e-01  -7.7048e-01  -8.9543e-01  -6.2987e-01  -1.1962e-01 
  4.9450e-02   4.8902e-02   4.6710e-02  -1.2486e-02   8.7961e-04 
 -1.9494e+00   3.0356e+01   2.4336e+01   3.4958e+01   1.6230e+01 
  1.7858e+01   7.6644e+00   1.2400e+00   4.4280e-01   1.0904e-01 
  2.0121e-02   2.2956e-03   2.5585e-03   1.0864e-03   7.9856e-05 
  4.1930e-05   4.4166e-05   2.6388e-06   1.1033e-06   6.3463e-07 
  3.8696e-07   2.2823e-07   1.2724e-07   6.7938e-08   3.4747e-08 
 -1.7256e-03  -6.7851e-05   1.9581e-03 

########################
# 00000002
########################
RSS 525.9725154349735
BP 0:
a0:   3.3407e+00   e0:  -4.3468e+00   b0:   3.0380e+02   
P: 
  3.4003e+00   5.8649e-01  -9.4609e-01  -4.5188e-01  -6.7542e-01 
 -7.9347e-01  -7.7055e-01  -8.9617e-01  -6.3012e-01  -1.1957e-01 
  4.9441e-02   4.8886e-02   4.6668e-02  -1.2489e-02   8.7909e-04 
 -1.9494e+00   3.0356e+01   2.4336e+01   3.4958e+01   1.6230e+01 
  1.7858e+01   7.6644e+00   1.2400e+00   4.4278e-01   1.0904e-01 
  2.0124e-02   2.2935e-03   2.5586e-03   1.0869e-03   7.9858e-05 
  4.1916e-05   4.4123e-05   2.6405e-06   1.1037e-06   6.3424e-07 
  3.8734e-07   2.2843e-07   1.2728e-07   6.7985e-08   3.4721e-08 
 -1.7271e-03  -6.8531e-05   1.9801e-03 

########################
# 00000003
########################
RSS 525.9932015143667
BP 0:
a0:   3.3400e+00   e0:  -4.3473e+00   b0:   3.0296e+02   
P: 
  3.4003e+00   5.8649e-01  -9.4609e-01  -4.5202e-01  -6.7542e-01 
 -7.9347e-01  -7.7031e-01  -8.9539e-01  -6.2989e-01  -1.1949e-01 
  4.9446e-02   4.8866e-02   4.6651e-02  -1.2484e-02   8.7853e-04 
 -1.9494e+00   3.0356e+01   2.4336e+01   3.4958e+01   1.6230e+01 
  1.7858e+01   7.6644e+00   1.2400e+00   4.4304e-01   1.0904e-01 
  2.0114e-02   2.2916e-03   2.5575e-03   1.0867e-03   7.9915e-05 
  4.1953e-05   4.4137e-05   2.6420e-06   1.1032e-06   6.3395e-07 
  3.8736e-07   2.2823e-07   1.2721e-07   6.8045e-08   3.4725e-08 
 -1.7282e-03  -6.6427e-05   2.0494e-03 

########################
# 00000004
########################
RSS 526.1711338534932
BP 0:
a0:   3.3407e+00   e0:  -4.3469e+00   b0:   3.0461e+02   
P: 
  3.4003e+00   5.8649e-01  -9.4609e-01  -4.5161e-01  -6.7542e-01 
 -7.9347e-01  -7.7053e-01  -8.9622e-01  -6.3005e-01  -1.1969e-01 
  4.9463e-02   4.8903e-02   4.6703e-02  -1.2486e-02   8.7948e-04 
 -1.9494e+00   3.0356e+01   2.4336e+01   3.4958e+01   1.6230e+01 
  1.7858e+01   7.6644e+00   1.2400e+00   4.4260e-01   1.0904e-01 
  2.0111e-02   2.2970e-03   2.5598e-03   1.0875e-03   7.9788e-05 
  4.1889e-05   4.4209e-05   2.6405e-06   1.1033e-06   6.3525e-07 
  3.8676e-07   2.2834e-07   1.2731e-07   6.7922e-08   3.4766e-08 
 -1.7251e-03  -7.0755e-05   1.9261e-03 

########################
# 00000005
########################
RSS 526.4944786317855
BP 0:
a0:   3.3418e+00   e0:  -4.3454e+00   b0:   3.0128e+02   
P: 
  3.4003e+00   5.8649e-01  -9.4609e-01  -4.5156e-01  -6.7542e-01 
 -7.9347e-01  -7.7062e-01  -8.9541e-01  -6.3047e-01  -1.1972e-01 
  4.9485e-02   4.8929e-02   4.6712e-02  -1.2481e-02   8.7993e-04 
 -1.9494e+00   3.0356e+01   2.4336e+01   3.4958e+01   1.6230e+01 
  1.7858e+01   7.6644e+00   1.2400e+00   4.4267e-01   1.0904e-01 
  2.0134e-02   2.2960e-03   2.5562e-03   1.0854e-03   7.9901e-05 
  4.1972e-05   4.4160e-05   2.6392e-06   1.1043e-06   6.3425e-07 
  3.8703e-07   2.2801e-07   1.2723e-07   6.7977e-08   3.4778e-08 
 -1.7249e-03  -6.7706e-05   1.9164e-03 

########################
# 00000006
########################
RSS 527.326434433367
BP 0:
a0:   3.3388e+00   e0:  -4.3485e+00   b0:   3.0401e+02   
P: 
  3.4003e+00   5.8649e-01  -9.4609e-01  -4.5144e-01  -6.7542e-01 
 -7.9347e-01  -7.7012e-01  -8.9531e-01  -6.2964e-01  -1.1965e-01 
  4.9442e-02   4.8890e-02   4.6640e-02  -1.2491e-02   8.7822e-04 
 -1.9494e+00   3.0356e+01   2.4336e+01   3.4958e+01   1.6230e+01 
  1.7858e+01   7.6644e+00   1.2400e+00   4.4310e-01   1.0904e-01 
  2.0115e-02   2.2956e-03   2.5580e-03   1.0859e-03   7.9838e-05 
  4.1950e-05   4.4119e-05   2.6427e-06   1.1028e-06   6.3487e-07 
  3.8721e-07   2.2852e-07   1.2720e-07   6.8027e-08   3.4700e-08 
 -1.7257e-03  -6.9137e-05   2.0267e-03 

########################
# 00000007
########################
RSS 527.3635417192879
BP 0:
a0:   3.3417e+00   e0:  -4.3458e+00   b0:   2.9968e+02   
P: 
  3.4003e+00   5.8649e-01  -9.4609e-01  -4.5204e-01  -6.7542e-01 
 -7.9347e-01  -7.7059e-01  -8.9443e-01  -6.3002e-01  -1.1963e-01 
  4.9481e-02   4.8926e-02   4.6565e-02  -1.2512e-02   8.7662e-04 
 -1.9494e+00   3.0356e+01   2.4336e+01   3.4958e+01   1.6230e+01 
  1.7858e+01   7.6644e+00   1.2400e+00   4.4291e-01   1.0904e-01 
  2.0114e-02   2.2914e-03   2.5541e-03   1.0858e-03   7.9951e-05 
  4.2018e-05   4.4206e-05   2.6386e-06   1.1038e-06   6.3507e-07 
  3.8706e-07   2.2857e-07   1.2736e-07   6.8052e-08   3.4760e-08 
 -1.7285e-03  -7.3033e-05   1.8662e-03 

########################
# 00000008
########################
RSS 527.522257239455
BP 0:
a0:   3.3409e+00   e0:  -4.3477e+00   b0:   3.0376e+02   
P: 
  3.4003e+00   5.8649e-01  -9.4609e-01  -4.5105e-01  -6.7542e-01 
 -7.9347e-01  -7.7062e-01  -8.9620e-01  -6.3027e-01  -1.1977e-01 
  4.9489e-02   4.8843e-02   4.6635e-02  -1.2493e-02   8.7825e-04 
 -1.9494e+00   3.0356e+01   2.4336e+01   3.4958e+01   1.6230e+01 
  1.7858e+01   7.6644e+00   1.2400e+00   4.4316e-01   1.0904e-01 
  2.0117e-02   2.2957e-03   2.5559e-03   1.0867e-03   7.9876e-05 
  4.1933e-05   4.4092e-05   2.6401e-06   1.1022e-06   6.3531e-07 
  3.8714e-07   2.2873e-07   1.2713e-07   6.8078e-08   3.4717e-08 
 -1.7262e-03  -6.9739e-05   1.9903e-03 

########################
# 00000009
########################
RSS 527.6803028356601
BP 0:
a0:   3.3420e+00   e0:  -4.3460e+00   b0:   3.0528e+02   
P: 
  3.4003e+00   5.8649e-01  -9.4609e-01  -4.5120e-01  -6.7542e-01 
 -7.9347e-01  -7.7063e-01  -8.9531e-01  -6.2908e-01  -1.1955e-01 
  4.9479e-02   4.8864e-02   4.6657e-02  -1.2486e-02   8.7854e-04 
 -1.9494e+00   3.0356e+01   2.4336e+01   3.4958e+01   1.6230e+01 
  1.7858e+01   7.6644e+00   1.2400e+00   4.4270e-01   1.0904e-01 
  2.0106e-02   2.2938e-03   2.5561e-03   1.0868e-03   7.9843e-05 
  4.1947e-05   4.4150e-05   2.6410e-06   1.1024e-06   6.3462e-07 
  3.8718e-07   2.2851e-07   1.2711e-07   6.8070e-08   3.4711e-08 
 -1.7263e-03  -7.2784e-05   1.9864e-03 

########################
# 00000010
########################
RSS 527.698665586268
BP 0:
a0:   3.3388e+00   e0:  -4.3478e+00   b0:   3.0460e+02   
P: 
  3.4003e+00   5.8649e-01  -9.4609e-01  -4.5196e-01  -6.7542e-01 
 -7.9347e-01  -7.7015e-01  -8.9590e-01  -6.2988e-01  -1.1954e-01 
  4.9429e-02   4.8923e-02   4.6700e-02  -1.2494e-02   8.7981e-04 
 -1.9494e+00   3.0356e+01   2.4336e+01   3.4958e+01   1.6230e+01 
  1.7858e+01   7.6644e+00   1.2400e+00   4.4263e-01   1.0904e-01 
  2.0106e-02   2.2937e-03   2.5562e-03   1.0857e-03   7.9792e-05 
  4.1906e-05   4.4129e-05   2.6400e-06   1.1028e-06   6.3409e-07 
  3.8703e-07   2.2813e-07   1.2727e-07   6.7974e-08   3.4749e-08 
 -1.7262e-03  -6.7300e-05   2.0290e-03 

########################
# 00000011
########################
RSS 528.1505936977871
BP 0:
a0:   3.3393e+00   e0:  -4.3491e+00   b0:   3.0421e+02   
P: 
  3.4003e+00   5.8649e-01  -9.4609e-01  -4.5184e-01  -6.7542e-01 
 -7.9347e-01  -7.7038e-01  -8.9614e-01  -6.3002e-01  -1.1969e-01 
  4.9407e-02   4.8853e-02   4.6597e-02  -1.2500e-02   8.7841e-04 
 -1.9494e+00   3.0356e+01   2.4336e+01   3.4958e+01   1.6230e+01 
  1.7858e+01   7.6644e+00   1.2400e+00   4.4303e-01   1.0904e-01 
  2.0126e-02   2.2964e-03   2.5567e-03   1.0851e-03   7.9806e-05 
  4.1950e-05   4.4079e-05   2.6414e-06   1.1030e-06   6.3424e-07 
  3.8714e-07   2.2849e-07   1.2708e-07   6.7979e-08   3.4726e-08 
 -1.7262e-03  -7.2577e-05   2.0418e-03 

########################
# 00000012
########################
RSS 528.4996649688821
BP 0:
a0:   3.3410e+00   e0:  -4.3476e+00   b0:   3.0536e+02   
P: 
  3.4003e+00   5.8649e-01  -9.4609e-01  -4.5083e-01  -6.7542e-01 
 -7.9347e-01  -7.7074e-01  -8.9652e-01  -6.2991e-01  -1.1989e-01 
  4.9534e-02   4.8874e-02   4.6593e-02  -1.2504e-02   8.7815e-04 
 -1.9494e+00   3.0356e+01   2.4336e+01   3.4958e+01   1.6230e+01 
  1.7858e+01   7.6644e+00   1.2400e+00   4.4360e-01   1.0904e-01 
  2.0114e-02   2.2970e-03   2.5572e-03   1.0877e-03   7.9860e-05 
  4.1955e-05   4.4053e-05   2.6396e-06   1.1015e-06   6.3480e-07 
  3.8746e-07   2.2886e-07   1.2710e-07   6.8056e-08   3.4717e-08 
 -1.7270e-03  -6.8743e-05   1.9126e-03 

########################
# 00000013
########################
RSS 528.610639810897
BP 0:
a0:   3.3399e+00   e0:  -4.3461e+00   b0:   3.0028e+02   
P: 
  3.4003e+00   5.8649e-01  -9.4609e-01  -4.5184e-01  -6.7542e-01 
 -7.9347e-01  -7.7019e-01  -8.9483e-01  -6.3045e-01  -1.1952e-01 
  4.9441e-02   4.8943e-02   4.6730e-02  -1.2478e-02   8.7995e-04 
 -1.9494e+00   3.0356e+01   2.4336e+01   3.4958e+01   1.6230e+01 
  1.7858e+01   7.6644e+00   1.2400e+00   4.4250e-01   1.0904e-01 
  2.0133e-02   2.2975e-03   2.5598e-03   1.0859e-03   7.9809e-05 
  4.1966e-05   4.4127e-05   2.6397e-06   1.1034e-06   6.3477e-07 
  3.8728e-07   2.2805e-07   1.2731e-07   6.7949e-08   3.4780e-08 
 -1.7240e-03  -6.8213e-05   1.9105e-03 

########################
# 00000014
########################
RSS 528.8472430421041
BP 0:
a0:   3.3396e+00   e0:  -4.3483e+00   b0:   3.0109e+02   
P: 
  3.4003e+00   5.8649e-01  -9.4609e-01  -4.5110e-01  -6.7542e-01 
 -7.9347e-01  -7.7021e-01  -8.9544e-01  -6.3080e-01  -1.1967e-01 
  4.9484e-02   4.8832e-02   4.6674e-02  -1.2495e-02   8.7787e-04 
 -1.9494e+00   3.0356e+01   2.4336e+01   3.4958e+01   1.6230e+01 
  1.7858e+01   7.6644e+00   1.2400e+00   4.4286e-01   1.0904e-01 
  2.0097e-02   2.2942e-03   2.5561e-03   1.0867e-03   7.9799e-05 
  4.1933e-05   4.4076e-05   2.6417e-06   1.1029e-06   6.3501e-07 
  3.8717e-07   2.2850e-07   1.2721e-07   6.8017e-08   3.4700e-08 
 -1.7257e-03  -7.3179e-05   2.0494e-03 

########################
# 00000015
########################
RSS 528.9065404116776
BP 0:
a0:   3.3419e+00   e0:  -4.3465e+00   b0:   3.0206e+02   
P: 
  3.4003e+00   5.8649e-01  -9.4609e-01  -4.5074e-01  -6.7542e-01 
 -7.9347e-01  -7.7059e-01  -8.9566e-01  -6.3058e-01  -1.1964e-01 
  4.9514e-02   4.8816e-02   4.6711e-02  -1.2487e-02   8.7752e-04 
 -1.9494e+00   3.0356e+01   2.4336e+01   3.4958e+01   1.6230e+01 
  1.7858e+01   7.6644e+00   1.2400e+00   4.4326e-01   1.0904e-01 
  2.0110e-02   2.2960e-03   2.5571e-03   1.0875e-03   7.9795e-05 
  4.1932e-05   4.4058e-05   2.6404e-06   1.1025e-06   6.3525e-07 
  3.8742e-07   2.2845e-07   1.2728e-07   6.8051e-08   3.4683e-08 
 -1.7268e-03  -7.5883e-05   2.0979e-03 

########################
# 00000016
########################
RSS 528.9298169248707
BP 0:
a0:   3.3383e+00   e0:  -4.3500e+00   b0:   3.0467e+02   
P: 
  3.4003e+00   5.8649e-01  -9.4609e-01  -4.5068e-01  -6.7542e-01 
 -7.9347e-01  -7.7005e-01  -8.9505e-01  -6.2932e-01  -1.1980e-01 
  4.9504e-02   4.8839e-02   4.6548e-02  -1.2509e-02   8.7686e-04 
 -1.9494e+00   3.0356e+01   2.4336e+01   3.4958e+01   1.6230e+01 
  1.7858e+01   7.6644e+00   1.2400e+00   4.4266e-01   1.0904e-01 
  2.0116e-02   2.2918e-03   2.5512e-03   1.0861e-03   7.9777e-05 
  4.1983e-05   4.4018e-05   2.6404e-06   1.1016e-06   6.3551e-07 
  3.8752e-07   2.2894e-07   1.2707e-07   6.8174e-08   3.4732e-08 
 -1.7251e-03  -6.2974e-05   1.9917e-03 

########################
# 00000017
########################
RSS 529.0529501930864
BP 0:
a0:   3.3383e+00   e0:  -4.3490e+00   b0:   3.0421e+02   
P: 
  3.4003e+00   5.8649e-01  -9.4609e-01  -4.5138e-01  -6.7542e-01 
 -7.9347e-01  -7.7016e-01  -8.9581e-01  -6.2981e-01  -1.1964e-01 
  4.9399e-02   4.8900e-02   4.6623e-02  -1.2488e-02   8.7896e-04 
 -1.9494e+00   3.0356e+01   2.4336e+01   3.4958e+01   1.6230e+01 
  1.7858e+01   7.6644e+00   1.2400e+00   4.4334e-01   1.0904e-01 
  2.0108e-02   2.2943e-03   2.5565e-03   1.0856e-03   7.9891e-05 
  4.1947e-05   4.4121e-05   2.6401e-06   1.1032e-06   6.3507e-07 
  3.8752e-07   2.2832e-07   1.2711e-07   6.7977e-08   3.4705e-08 
 -1.7240e-03  -6.9937e-05   1.9358e-03 

########################
# 00000018
########################
RSS 529.0661448199887
BP 0:
a0:   3.3403e+00   e0:  -4.3472e+00   b0:   3.0042e+02   
P: 
  3.4003e+00   5.8649e-01  -9.4609e-01  -4.5121e-01  -6.7542e-01 
 -7.9347e-01  -7.7041e-01  -8.9562e-01  -6.3092e-01  -1.1960e-01 
  4.9526e-02   4.8827e-02   4.6642e-02  -1.2483e-02   8.7796e-04 
 -1.9494e+00   3.0356e+01   2.4336e+01   3.4958e+01   1.6230e+01 
  1.7858e+01   7.6644e+00   1.2400e+00   4.4253e-01   1.0904e-01 
  2.0091e-02   2.2947e-03   2.5571e-03   1.0875e-03   7.9741e-05 
  4.1904e-05   4.4097e-05   2.6414e-06   1.1022e-06   6.3518e-07 
  3.8712e-07   2.2836e-07   1.2729e-07   6.7979e-08   3.4729e-08 
 -1.7254e-03  -7.4425e-05   1.9867e-03 

########################
# 00000019
########################
RSS 529.0979441044841
BP 0:
a0:   3.3410e+00   e0:  -4.3469e+00   b0:   3.0149e+02   
P: 
  3.4003e+00   5.8649e-01  -9.4609e-01  -4.5098e-01  -6.7542e-01 
 -7.9347e-01  -7.7054e-01  -8.9631e-01  -6.3116e-01  -1.1956e-01 
  4.9558e-02   4.8801e-02   4.6681e-02  -1.2493e-02   8.7819e-04 
 -1.9494e+00   3.0356e+01   2.4336e+01   3.4958e+01   1.6230e+01 
  1.7858e+01   7.6644e+00   1.2400e+00   4.4249e-01   1.0904e-01 
  2.0090e-02   2.2960e-03   2.5565e-03   1.0881e-03   7.9799e-05 
  4.1875e-05   4.4107e-05   2.6415e-06   1.1033e-06   6.3465e-07 
  3.8728e-07   2.2825e-07   1.2741e-07   6.7959e-08   3.4700e-08 
 -1.7271e-03  -7.4268e-05   1.9834e-03 

########################
# 00000020
########################
RSS 529.1806089091458
BP 0:
a0:   3.3385e+00   e0:  -4.3480e+00   b0:   3.0339e+02   
P: 
  3.4003e+00   5.8649e-01  -9.4609e-01  -4.5174e-01  -6.7542e-01 
 -7.9347e-01  -7.6989e-01  -8.9507e-01  -6.2995e-01  -1.1953e-01 
  4.9451e-02   4.8884e-02   4.6756e-02  -1.2480e-02   8.7955e-04 
 -1.9494e+00   3.0356e+01   2.4336e+01   3.4958e+01   1.6230e+01 
  1.7858e+01   7.6644e+00   1.2400e+00   4.4237e-01   1.0904e-01 
  2.0105e-02   2.2951e-03   2.5586e-03   1.0866e-03   7.9836e-05 
  4.1954e-05   4.4189e-05   2.6367e-06   1.1031e-06   6.3513e-07 
  3.8734e-07   2.2811e-07   1.2721e-07   6.7962e-08   3.4781e-08 
 -1.7239e-03  -6.9586e-05   1.9832e-03 

########################
# 00000021
########################
RSS 529.8470028646566
BP 0:
a0:   3.3420e+00   e0:  -4.3461e+00   b0:   2.9999e+02   
P: 
  3.4003e+00   5.8649e-01  -9.4609e-01  -4.5116e-01  -6.7542e-01 
 -7.9347e-01  -7.7066e-01  -8.9552e-01  -6.3090e-01  -1.1958e-01 
  4.9512e-02   4.8827e-02   4.6656e-02  -1.2485e-02   8.7742e-04 
 -1.9494e+00   3.0356e+01   2.4336e+01   3.4958e+01   1.6230e+01 
  1.7858e+01   7.6644e+00   1.2400e+00   4.4280e-01   1.0904e-01 
  2.0083e-02   2.2969e-03   2.5593e-03   1.0876e-03   7.9724e-05 
  4.1890e-05   4.4067e-05   2.6428e-06   1.1027e-06   6.3575e-07 
  3.8685e-07   2.2847e-07   1.2739e-07   6.7922e-08   3.4731e-08 
 -1.7269e-03  -7.5460e-05   1.9718e-03 

########################
# 00000022
########################
RSS 529.8986917940315
BP 0:
a0:   3.3435e+00   e0:  -4.3438e+00   b0:   3.0225e+02   
P: 
  3.4003e+00   5.8649e-01  -9.4609e-01  -4.5145e-01  -6.7542e-01 
 -7.9347e-01  -7.7081e-01  -8.9469e-01  -6.2946e-01  -1.1954e-01 
  4.9451e-02   4.8942e-02   4.6699e-02  -1.2479e-02   8.7958e-04 
 -1.9494e+00   3.0356e+01   2.4336e+01   3.4958e+01   1.6230e+01 
  1.7858e+01   7.6644e+00   1.2400e+00   4.4247e-01   1.0904e-01 
  2.0114e-02   2.2974e-03   2.5562e-03   1.0857e-03   7.9925e-05 
  4.1931e-05   4.4198e-05   2.6386e-06   1.1032e-06   6.3517e-07 
  3.8670e-07   2.2810e-07   1.2728e-07   6.7874e-08   3.4728e-08 
 -1.7272e-03  -7.0193e-05   2.0280e-03 

########################
# 00000023
########################
RSS 529.8990464450347
BP 0:
a0:   3.3386e+00   e0:  -4.3477e+00   b0:   3.0126e+02   
P: 
  3.4003e+00   5.8649e-01  -9.4609e-01  -4.5195e-01  -6.7542e-01 
 -7.9347e-01  -7.6995e-01  -8.9473e-01  -6.3021e-01  -1.1955e-01 
  4.9426e-02   4.8908e-02   4.6711e-02  -1.2480e-02   8.8000e-04 
 -1.9494e+00   3.0356e+01   2.4336e+01   3.4958e+01   1.6230e+01 
  1.7858e+01   7.6644e+00   1.2400e+00   4.4270e-01   1.0904e-01 
  2.0124e-02   2.2942e-03   2.5602e-03   1.0869e-03   7.9871e-05 
  4.1938e-05   4.4140e-05   2.6379e-06   1.1033e-06   6.3483e-07 
  3.8660e-07   2.2801e-07   1.2719e-07   6.7974e-08   3.4741e-08 
 -1.7264e-03  -6.9727e-05   1.8714e-03 

########################
# 00000024
########################
RSS 530.0640267802798
BP 0:
a0:   3.3412e+00   e0:  -4.3461e+00   b0:   2.9955e+02   
P: 
  3.4003e+00   5.8649e-01  -9.4609e-01  -4.5134e-01  -6.7542e-01 
 -7.9347e-01  -7.7065e-01  -8.9615e-01  -6.3141e-01  -1.1955e-01 
  4.9573e-02   4.8829e-02   4.6640e-02  -1.2481e-02   8.7715e-04 
 -1.9494e+00   3.0356e+01   2.4336e+01   3.4958e+01   1.6230e+01 
  1.7858e+01   7.6644e+00   1.2400e+00   4.4223e-01   1.0904e-01 
  2.0078e-02   2.2957e-03   2.5565e-03   1.0880e-03   7.9691e-05 
  4.1907e-05   4.4117e-05   2.6433e-06   1.1030e-06   6.3557e-07 
  3.8712e-07   2.2849e-07   1.2722e-07   6.8012e-08   3.4746e-08 
 -1.7250e-03  -7.0666e-05   1.9788e-03 

########################
# 00000025
########################
RSS 530.5243618881098
BP 0:
a0:   3.3386e+00   e0:  -4.3492e+00   b0:   3.0626e+02   
P: 
  3.4003e+00   5.8649e-01  -9.4609e-01  -4.5162e-01  -6.7542e-01 
 -7.9347e-01  -7.7016e-01  -8.9607e-01  -6.2956e-01  -1.1968e-01 
  4.9461e-02   4.8848e-02   4.6665e-02  -1.2481e-02   8.7762e-04 
 -1.9494e+00   3.0356e+01   2.4336e+01   3.4958e+01   1.6230e+01 
  1.7858e+01   7.6644e+00   1.2400e+00   4.4328e-01   1.0904e-01 
  2.0132e-02   2.2936e-03   2.5589e-03   1.0850e-03   7.9882e-05 
  4.1915e-05   4.4153e-05   2.6421e-06   1.1019e-06   6.3448e-07 
  3.8684e-07   2.2846e-07   1.2728e-07   6.8035e-08   3.4701e-08 
 -1.7261e-03  -7.1110e-05   1.9570e-03 

########################
# 00000026
########################
RSS 530.916613259143
BP 0:
a0:   3.3425e+00   e0:  -4.3464e+00   b0:   3.0056e+02   
P: 
  3.4003e+00   5.8649e-01  -9.4609e-01  -4.5149e-01  -6.7542e-01 
 -7.9347e-01  -7.7082e-01  -8.9571e-01  -6.3082e-01  -1.1969e-01 
  4.9508e-02   4.8805e-02   4.6626e-02  -1.2486e-02   8.7805e-04 
 -1.9494e+00   3.0356e+01   2.4336e+01   3.4958e+01   1.6230e+01 
  1.7858e+01   7.6644e+00   1.2400e+00   4.4341e-01   1.0904e-01 
  2.0124e-02   2.2962e-03   2.5565e-03   1.0857e-03   7.9915e-05 
  4.1908e-05   4.4068e-05   2.6411e-06   1.1031e-06   6.3515e-07 
  3.8682e-07   2.2883e-07   1.2720e-07   6.8081e-08   3.4724e-08 
 -1.7279e-03  -6.9463e-05   2.0569e-03 

########################
# 00000027
########################
RSS 531.0111001699062
BP 0:
a0:   3.3388e+00   e0:  -4.3483e+00   b0:   3.0732e+02   
P: 
  3.4003e+00   5.8649e-01  -9.4609e-01  -4.5129e-01  -6.7542e-01 
 -7.9347e-01  -7.7012e-01  -8.9620e-01  -6.2937e-01  -1.1952e-01 
  4.9463e-02   4.8855e-02   4.6726e-02  -1.2476e-02   8.7917e-04 
 -1.9494e+00   3.0356e+01   2.4336e+01   3.4958e+01   1.6230e+01 
  1.7858e+01   7.6644e+00   1.2400e+00   4.4321e-01   1.0904e-01 
  2.0121e-02   2.2970e-03   2.5571e-03   1.0857e-03   7.9887e-05 
  4.1958e-05   4.4179e-05   2.6395e-06   1.1023e-06   6.3496e-07 
  3.8696e-07   2.2811e-07   1.2717e-07   6.7940e-08   3.4749e-08 
 -1.7265e-03  -6.7745e-05   1.9502e-03 

########################
# 00000028
########################
RSS 531.0824672965209
BP 0:
a0:   3.3391e+00   e0:  -4.3486e+00   b0:   3.0706e+02   
P: 
  3.4003e+00   5.8649e-01  -9.4609e-01  -4.5114e-01  -6.7542e-01 
 -7.9347e-01  -7.7037e-01  -8.9678e-01  -6.2970e-01  -1.1970e-01 
  4.9460e-02   4.8889e-02   4.6651e-02  -1.2505e-02   8.7888e-04 
 -1.9494e+00   3.0356e+01   2.4336e+01   3.4958e+01   1.6230e+01 
  1.7858e+01   7.6644e+00   1.2400e+00   4.4290e-01   1.0904e-01 
  2.0126e-02   2.2960e-03   2.5544e-03   1.0865e-03   7.9946e-05 
  4.1917e-05   4.4127e-05   2.6413e-06   1.1032e-06   6.3471e-07 
  3.8704e-07   2.2874e-07   1.2722e-07   6.8131e-08   3.4710e-08 
 -1.7273e-03  -7.2012e-05   2.0570e-03 

########################
# 00000029
########################
RSS 531.1065588154181
BP 0:
a0:   3.3390e+00   e0:  -4.3488e+00   b0:   3.0256e+02   
P: 
  3.4003e+00   5.8649e-01  -9.4609e-01  -4.5137e-01  -6.7542e-01 
 -7.9347e-01  -7.7027e-01  -8.9637e-01  -6.3090e-01  -1.1964e-01 
  4.9544e-02   4.8795e-02   4.6639e-02  -1.2486e-02   8.7804e-04 
 -1.9494e+00   3.0356e+01   2.4336e+01   3.4958e+01   1.6230e+01 
  1.7858e+01   7.6644e+00   1.2400e+00   4.4215e-01   1.0904e-01 
  2.0089e-02   2.2942e-03   2.5562e-03   1.0888e-03   7.9770e-05 
  4.1916e-05   4.4118e-05   2.6399e-06   1.1031e-06   6.3509e-07 
  3.8742e-07   2.2805e-07   1.2753e-07   6.7921e-08   3.4723e-08 
 -1.7281e-03  -7.3109e-05   2.0490e-03 

########################
# 00000030
########################
RSS 531.2912345751646
BP 0:
a0:   3.3423e+00   e0:  -4.3459e+00   b0:   3.0016e+02   
P: 
  3.4003e+00   5.8649e-01  -9.4609e-01  -4.5096e-01  -6.7542e-01 
 -7.9347e-01  -7.7085e-01  -8.9665e-01  -6.3166e-01  -1.1961e-01 
  4.9535e-02   4.8817e-02   4.6701e-02  -1.2482e-02   8.7731e-04 
 -1.9494e+00   3.0356e+01   2.4336e+01   3.4958e+01   1.6230e+01 
  1.7858e+01   7.6644e+00   1.2400e+00   4.4289e-01   1.0904e-01 
  2.0072e-02   2.2951e-03   2.5570e-03   1.0887e-03   7.9726e-05 
  4.1883e-05   4.4088e-05   2.6406e-06   1.1025e-06   6.3409e-07 
  3.8731e-07   2.2843e-07   1.2739e-07   6.7893e-08   3.4705e-08 
 -1.7260e-03  -7.4744e-05   1.9261e-03 

########################
# 00000031
########################
RSS 531.597831167765
BP 0:
a0:   3.3386e+00   e0:  -4.3491e+00   b0:   3.0171e+02   
P: 
  3.4003e+00   5.8649e-01  -9.4609e-01  -4.5124e-01  -6.7542e-01 
 -7.9347e-01  -7.6990e-01  -8.9480e-01  -6.3040e-01  -1.1969e-01 
  4.9565e-02   4.8778e-02   4.6685e-02  -1.2474e-02   8.7802e-04 
 -1.9494e+00   3.0356e+01   2.4336e+01   3.4958e+01   1.6230e+01 
  1.7858e+01   7.6644e+00   1.2400e+00   4.4264e-01   1.0904e-01 
  2.0082e-02   2.2931e-03   2.5557e-03   1.0884e-03   7.9771e-05 
  4.1942e-05   4.4053e-05   2.6431e-06   1.1025e-06   6.3536e-07 
  3.8732e-07   2.2850e-07   1.2723e-07   6.7911e-08   3.4718e-08 
 -1.7265e-03  -7.2178e-05   1.9621e-03 

########################
# 00000032
########################
RSS 531.6024906302872
BP 0:
a0:   3.3405e+00   e0:  -4.3466e+00   b0:   2.9838e+02   
P: 
  3.4003e+00   5.8649e-01  -9.4609e-01  -4.5114e-01  -6.7542e-01 
 -7.9347e-01  -7.7046e-01  -8.9519e-01  -6.3114e-01  -1.1968e-01 
  4.9571e-02   4.8851e-02   4.6602e-02  -1.2478e-02   8.7828e-04 
 -1.9494e+00   3.0356e+01   2.4336e+01   3.4958e+01   1.6230e+01 
  1.7858e+01   7.6644e+00   1.2400e+00   4.4284e-01   1.0904e-01 
  2.0074e-02   2.2948e-03   2.5567e-03   1.0874e-03   7.9682e-05 
  4.1945e-05   4.4140e-05   2.6395e-06   1.1020e-06   6.3508e-07 
  3.8748e-07   2.2815e-07   1.2727e-07   6.7926e-08   3.4711e-08 
 -1.7250e-03  -7.0741e-05   2.0437e-03 

########################
# 00000033
########################
RSS 531.6240867967671
BP 0:
a0:   3.3435e+00   e0:  -4.3453e+00   b0:   3.0154e+02   
P: 
  3.4003e+00   5.8649e-01  -9.4609e-01  -4.5128e-01  -6.7542e-01 
 -7.9347e-01  -7.7088e-01  -8.9459e-01  -6.2952e-01  -1.1958e-01 
  4.9421e-02   4.8868e-02   4.6597e-02  -1.2499e-02   8.7767e-04 
 -1.9494e+00   3.0356e+01   2.4336e+01   3.4958e+01   1.6230e+01 
  1.7858e+01   7.6644e+00   1.2400e+00   4.4291e-01   1.0904e-01 
  2.0125e-02   2.2972e-03   2.5565e-03   1.0862e-03   7.9777e-05 
  4.1915e-05   4.4083e-05   2.6405e-06   1.1037e-06   6.3511e-07 
  3.8748e-07   2.2834e-07   1.2718e-07   6.8078e-08   3.4733e-08 
 -1.7272e-03  -6.8134e-05   1.9907e-03 

########################
# 00000034
########################
RSS 531.6617043089594
BP 0:
a0:   3.3433e+00   e0:  -4.3456e+00   b0:   3.0274e+02   
P: 
  3.4003e+00   5.8649e-01  -9.4609e-01  -4.5095e-01  -6.7542e-01 
 -7.9347e-01  -7.7109e-01  -8.9659e-01  -6.3060e-01  -1.1967e-01 
  4.9457e-02   4.8863e-02   4.6655e-02  -1.2494e-02   8.7752e-04 
 -1.9494e+00   3.0356e+01   2.4336e+01   3.4958e+01   1.6230e+01 
  1.7858e+01   7.6644e+00   1.2400e+00   4.4298e-01   1.0904e-01 
  2.0120e-02   2.2966e-03   2.5535e-03   1.0877e-03   7.9917e-05 
  4.1923e-05   4.4090e-05   2.6394e-06   1.1025e-06   6.3547e-07 
  3.8735e-07   2.2851e-07   1.2722e-07   6.8086e-08   3.4704e-08 
 -1.7260e-03  -7.0132e-05   1.9184e-03 

########################
# 00000035
########################
RSS 531.7249162137964
BP 0:
a0:   3.3436e+00   e0:  -4.3446e+00   b0:   3.0485e+02   
P: 
  3.4003e+00   5.8649e-01  -9.4609e-01  -4.5168e-01  -6.7542e-01 
 -7.9347e-01  -7.7099e-01  -8.9612e-01  -6.2973e-01  -1.1963e-01 
  4.9467e-02   4.8905e-02   4.6723e-02  -1.2483e-02   8.7955e-04 
 -1.9494e+00   3.0356e+01   2.4336e+01   3.4958e+01   1.6230e+01 
  1.7858e+01   7.6644e+00   1.2400e+00   4.4293e-01   1.0904e-01 
  2.0118e-02   2.2965e-03   2.5575e-03   1.0862e-03   7.9847e-05 
  4.1916e-05   4.4202e-05   2.6407e-06   1.1038e-06   6.3470e-07 
  3.8725e-07   2.2841e-07   1.2721e-07   6.7952e-08   3.4776e-08 
 -1.7251e-03  -7.0813e-05   1.9778e-03 

########################
# 00000036
########################
RSS 531.8082631348681
BP 0:
a0:   3.3431e+00   e0:  -4.3458e+00   b0:   3.0162e+02   
P: 
  3.4003e+00   5.8649e-01  -9.4609e-01  -4.5102e-01  -6.7542e-01 
 -7.9347e-01  -7.7094e-01  -8.9597e-01  -6.3058e-01  -1.1958e-01 
  4.9480e-02   4.8808e-02   4.6643e-02  -1.2485e-02   8.7716e-04 
 -1.9494e+00   3.0356e+01   2.4336e+01   3.4958e+01   1.6230e+01 
  1.7858e+01   7.6644e+00   1.2400e+00   4.4290e-01   1.0904e-01 
  2.0102e-02   2.2960e-03   2.5592e-03   1.0874e-03   7.9774e-05 
  4.1901e-05   4.4097e-05   2.6417e-06   1.1024e-06   6.3548e-07 
  3.8744e-07   2.2822e-07   1.2737e-07   6.7922e-08   3.4733e-08 
 -1.7256e-03  -7.7600e-05   1.9504e-03 

########################
# 00000037
########################
RSS 532.0220219091977
BP 0:
a0:   3.3384e+00   e0:  -4.3493e+00   b0:   3.0461e+02   
P: 
  3.4003e+00   5.8649e-01  -9.4609e-01  -4.5114e-01  -6.7542e-01 
 -7.9347e-01  -7.7024e-01  -8.9673e-01  -6.3061e-01  -1.1984e-01 
  4.9523e-02   4.8856e-02   4.6669e-02  -1.2491e-02   8.7746e-04 
 -1.9494e+00   3.0356e+01   2.4336e+01   3.4958e+01   1.6230e+01 
  1.7858e+01   7.6644e+00   1.2400e+00   4.4288e-01   1.0904e-01 
  2.0101e-02   2.2970e-03   2.5572e-03   1.0870e-03   7.9884e-05 
  4.1915e-05   4.4125e-05   2.6416e-06   1.1020e-06   6.3582e-07 
  3.8682e-07   2.2867e-07   1.2718e-07   6.8075e-08   3.4732e-08 
 -1.7258e-03  -7.2955e-05   1.9262e-03 

########################
# 00000038
########################
RSS 532.0621124487428
BP 0:
a0:   3.3394e+00   e0:  -4.3482e+00   b0:   3.0015e+02   
P: 
  3.4003e+00   5.8649e-01  -9.4609e-01  -4.5157e-01  -6.7542e-01 
 -7.9347e-01  -7.7018e-01  -8.9558e-01  -6.3123e-01  -1.1965e-01 
  4.9570e-02   4.8782e-02   4.6674e-02  -1.2475e-02   8.7811e-04 
 -1.9494e+00   3.0356e+01   2.4336e+01   3.4958e+01   1.6230e+01 
  1.7858e+01   7.6644e+00   1.2400e+00   4.4267e-01   1.0904e-01 
  2.0104e-02   2.2946e-03   2.5557e-03   1.0870e-03   7.9683e-05 
  4.1882e-05   4.4066e-05   2.6426e-06   1.1017e-06   6.3494e-07 
  3.8723e-07   2.2830e-07   1.2731e-07   6.7977e-08   3.4743e-08 
 -1.7244e-03  -7.7402e-05   1.9410e-03 

########################
# 00000039
########################
RSS 532.1198270472382
BP 0:
a0:   3.3392e+00   e0:  -4.3491e+00   b0:   3.0313e+02   
P: 
  3.4003e+00   5.8649e-01  -9.4609e-01  -4.5115e-01  -6.7542e-01 
 -7.9347e-01  -7.7033e-01  -8.9692e-01  -6.3110e-01  -1.1952e-01 
  4.9518e-02   4.8758e-02   4.6643e-02  -1.2498e-02   8.7850e-04 
 -1.9494e+00   3.0356e+01   2.4336e+01   3.4958e+01   1.6230e+01 
  1.7858e+01   7.6644e+00   1.2400e+00   4.4281e-01   1.0904e-01 
  2.0073e-02   2.2973e-03   2.5568e-03   1.0887e-03   7.9866e-05 
  4.1874e-05   4.4104e-05   2.6420e-06   1.1035e-06   6.3466e-07 
  3.8713e-07   2.2827e-07   1.2752e-07   6.8023e-08   3.4693e-08 
 -1.7282e-03  -7.5293e-05   1.9335e-03 

########################
# 00000040
########################
RSS 532.2655003457236
BP 0:
a0:   3.3425e+00   e0:  -4.3467e+00   b0:   3.0620e+02   
P: 
  3.4003e+00   5.8649e-01  -9.4609e-01  -4.5227e-01  -6.7542e-01 
 -7.9347e-01  -7.7078e-01  -8.9599e-01  -6.2927e-01  -1.1952e-01 
  4.9344e-02   4.8856e-02   4.6683e-02  -1.2511e-02   8.7838e-04 
 -1.9494e+00   3.0356e+01   2.4336e+01   3.4958e+01   1.6230e+01 
  1.7858e+01   7.6644e+00   1.2400e+00   4.4295e-01   1.0904e-01 
  2.0155e-02   2.2970e-03   2.5569e-03   1.0852e-03   7.9725e-05 
  4.1915e-05   4.4065e-05   2.6415e-06   1.1043e-06   6.3452e-07 
  3.8737e-07   2.2839e-07   1.2700e-07   6.8056e-08   3.4697e-08 
 -1.7289e-03  -6.7333e-05   1.9553e-03 

########################
# 00000041
########################
RSS 532.284689510315
BP 0:
a0:   3.3427e+00   e0:  -4.3466e+00   b0:   3.0409e+02   
P: 
  3.4003e+00   5.8649e-01  -9.4609e-01  -4.5120e-01  -6.7542e-01 
 -7.9347e-01  -7.7104e-01  -8.9671e-01  -6.3032e-01  -1.1978e-01 
  4.9531e-02   4.8812e-02   4.6599e-02  -1.2490e-02   8.7865e-04 
 -1.9494e+00   3.0356e+01   2.4336e+01   3.4958e+01   1.6230e+01 
  1.7858e+01   7.6644e+00   1.2400e+00   4.4321e-01   1.0904e-01 
  2.0127e-02   2.2980e-03   2.5536e-03   1.0874e-03   7.9842e-05 
  4.1917e-05   4.4079e-05   2.6413e-06   1.1020e-06   6.3529e-07 
  3.8717e-07   2.2859e-07   1.2722e-07   6.8030e-08   3.4721e-08 
 -1.7278e-03  -6.6454e-05   2.0263e-03 

########################
# 00000042
########################
RSS 532.3571233186041
BP 0:
a0:   3.3430e+00   e0:  -4.3452e+00   b0:   2.9960e+02   
P: 
  3.4003e+00   5.8649e-01  -9.4609e-01  -4.5117e-01  -6.7542e-01 
 -7.9347e-01  -7.7105e-01  -8.9651e-01  -6.3148e-01  -1.1961e-01 
  4.9513e-02   4.8830e-02   4.6651e-02  -1.2470e-02   8.7845e-04 
 -1.9494e+00   3.0356e+01   2.4336e+01   3.4958e+01   1.6230e+01 
  1.7858e+01   7.6644e+00   1.2400e+00   4.4295e-01   1.0904e-01 
  2.0085e-02   2.2935e-03   2.5554e-03   1.0885e-03   7.9696e-05 
  4.1875e-05   4.4115e-05   2.6390e-06   1.1013e-06   6.3542e-07 
  3.8720e-07   2.2851e-07   1.2730e-07   6.7938e-08   3.4697e-08 
 -1.7257e-03  -7.5495e-05   1.9482e-03 

########################
# 00000043
########################
RSS 532.374357412288
BP 0:
a0:   3.3435e+00   e0:  -4.3452e+00   b0:   3.0283e+02   
P: 
  3.4003e+00   5.8649e-01  -9.4609e-01  -4.5133e-01  -6.7542e-01 
 -7.9347e-01  -7.7118e-01  -8.9684e-01  -6.3068e-01  -1.1966e-01 
  4.9510e-02   4.8860e-02   4.6628e-02  -1.2497e-02   8.7891e-04 
 -1.9494e+00   3.0356e+01   2.4336e+01   3.4958e+01   1.6230e+01 
  1.7858e+01   7.6644e+00   1.2400e+00   4.4350e-01   1.0904e-01 
  2.0097e-02   2.2939e-03   2.5554e-03   1.0866e-03   7.9942e-05 
  4.1934e-05   4.4051e-05   2.6379e-06   1.1014e-06   6.3535e-07 
  3.8740e-07   2.2874e-07   1.2706e-07   6.8054e-08   3.4751e-08 
 -1.7276e-03  -6.9449e-05   2.0172e-03 

########################
# 00000044
########################
RSS 532.7111223631588
BP 0:
a0:   3.3374e+00   e0:  -4.3489e+00   b0:   3.0430e+02   
P: 
  3.4003e+00   5.8649e-01  -9.4609e-01  -4.5174e-01  -6.7542e-01 
 -7.9347e-01  -7.6984e-01  -8.9529e-01  -6.2972e-01  -1.1968e-01 
  4.9477e-02   4.8914e-02   4.6694e-02  -1.2476e-02   8.8010e-04 
 -1.9494e+00   3.0356e+01   2.4336e+01   3.4958e+01   1.6230e+01 
  1.7858e+01   7.6644e+00   1.2400e+00   4.4236e-01   1.0904e-01 
  2.0140e-02   2.2957e-03   2.5606e-03   1.0859e-03   7.9883e-05 
  4.1906e-05   4.4143e-05   2.6391e-06   1.1036e-06   6.3417e-07 
  3.8658e-07   2.2832e-07   1.2727e-07   6.7969e-08   3.4731e-08 
 -1.7266e-03  -6.7916e-05   2.0146e-03 

########################
# 00000045
########################
RSS 533.3032772272338
BP 0:
a0:   3.3398e+00   e0:  -4.3494e+00   b0:   3.0580e+02   
P: 
  3.4003e+00   5.8649e-01  -9.4609e-01  -4.5088e-01  -6.7542e-01 
 -7.9347e-01  -7.7035e-01  -8.9694e-01  -6.3051e-01  -1.1959e-01 
  4.9527e-02   4.8711e-02   4.6687e-02  -1.2493e-02   8.7934e-04 
 -1.9494e+00   3.0356e+01   2.4336e+01   3.4958e+01   1.6230e+01 
  1.7858e+01   7.6644e+00   1.2400e+00   4.4304e-01   1.0904e-01 
  2.0065e-02   2.2957e-03   2.5565e-03   1.0883e-03   7.9849e-05 
  4.1869e-05   4.4072e-05   2.6398e-06   1.1027e-06   6.3497e-07 
  3.8684e-07   2.2830e-07   1.2746e-07   6.8035e-08   3.4715e-08 
 -1.7274e-03  -7.7262e-05   1.8687e-03 

########################
# 00000046
########################
RSS 533.3278572108956
BP 0:
a0:   3.3376e+00   e0:  -4.3495e+00   b0:   3.0567e+02   
P: 
  3.4003e+00   5.8649e-01  -9.4609e-01  -4.5113e-01  -6.7542e-01 
 -7.9347e-01  -7.6997e-01  -8.9611e-01  -6.2981e-01  -1.1958e-01 
  4.9444e-02   4.8856e-02   4.6680e-02  -1.2481e-02   8.7878e-04 
 -1.9494e+00   3.0356e+01   2.4336e+01   3.4958e+01   1.6230e+01 
  1.7858e+01   7.6644e+00   1.2400e+00   4.4236e-01   1.0904e-01 
  2.0119e-02   2.2971e-03   2.5574e-03   1.0857e-03   7.9900e-05 
  4.1943e-05   4.4139e-05   2.6414e-06   1.1024e-06   6.3452e-07 
  3.8705e-07   2.2810e-07   1.2716e-07   6.7960e-08   3.4718e-08 
 -1.7259e-03  -7.0206e-05   1.9489e-03 

########################
# 00000047
########################
RSS 533.4055758334557
BP 0:
a0:   3.3374e+00   e0:  -4.3502e+00   b0:   3.0287e+02   
P: 
  3.4003e+00   5.8649e-01  -9.4609e-01  -4.5090e-01  -6.7542e-01 
 -7.9347e-01  -7.6971e-01  -8.9506e-01  -6.3028e-01  -1.1960e-01 
  4.9512e-02   4.8798e-02   4.6672e-02  -1.2506e-02   8.7850e-04 
 -1.9494e+00   3.0356e+01   2.4336e+01   3.4958e+01   1.6230e+01 
  1.7858e+01   7.6644e+00   1.2400e+00   4.4280e-01   1.0904e-01 
  2.0096e-02   2.2945e-03   2.5571e-03   1.0860e-03   7.9833e-05 
  4.1899e-05   4.4055e-05   2.6433e-06   1.1033e-06   6.3463e-07 
  3.8740e-07   2.2872e-07   1.2720e-07   6.8006e-08   3.4724e-08 
 -1.7265e-03  -7.6697e-05   2.1322e-03 

########################
# 00000048
########################
RSS 533.517815012223
BP 0:
a0:   3.3435e+00   e0:  -4.3456e+00   b0:   3.0084e+02   
P: 
  3.4003e+00   5.8649e-01  -9.4609e-01  -4.5149e-01  -6.7542e-01 
 -7.9347e-01  -7.7107e-01  -8.9615e-01  -6.3091e-01  -1.1969e-01 
  4.9483e-02   4.8817e-02   4.6646e-02  -1.2475e-02   8.7761e-04 
 -1.9494e+00   3.0356e+01   2.4336e+01   3.4958e+01   1.6230e+01 
  1.7858e+01   7.6644e+00   1.2400e+00   4.4217e-01   1.0904e-01 
  2.0097e-02   2.2940e-03   2.5581e-03   1.0883e-03   7.9815e-05 
  4.1896e-05   4.4139e-05   2.6420e-06   1.1012e-06   6.3553e-07 
  3.8727e-07   2.2821e-07   1.2727e-07   6.8043e-08   3.4698e-08 
 -1.7261e-03  -7.6823e-05   2.0759e-03 

########################
# 00000049
########################
RSS 533.607312447806
BP 0:
a0:   3.3438e+00   e0:  -4.3451e+00   b0:   3.0413e+02   
P: 
  3.4003e+00   5.8649e-01  -9.4609e-01  -4.5158e-01  -6.7542e-01 
 -7.9347e-01  -7.7095e-01  -8.9558e-01  -6.2968e-01  -1.1971e-01 
  4.9423e-02   4.8881e-02   4.6734e-02  -1.2479e-02   8.7952e-04 
 -1.9494e+00   3.0356e+01   2.4336e+01   3.4958e+01   1.6230e+01 
  1.7858e+01   7.6644e+00   1.2400e+00   4.4307e-01   1.0904e-01 
  2.0108e-02   2.2969e-03   2.5584e-03   1.0854e-03   7.9809e-05 
  4.1927e-05   4.4203e-05   2.6409e-06   1.1027e-06   6.3427e-07 
  3.8715e-07   2.2839e-07   1.2722e-07   6.7896e-08   3.4739e-08 
 -1.7239e-03  -6.5450e-05   1.8684e-03 

########################
# 00000050
########################
RSS 533.8418318139502
BP 0:
a0:   3.3428e+00   e0:  -4.3456e+00   b0:   2.9850e+02   
P: 
  3.4003e+00   5.8649e-01  -9.4609e-01  -4.5158e-01  -6.7542e-01 
 -7.9347e-01  -7.7086e-01  -8.9564e-01  -6.3128e-01  -1.1953e-01 
  4.9515e-02   4.8794e-02   4.6623e-02  -1.2476e-02   8.7794e-04 
 -1.9494e+00   3.0356e+01   2.4336e+01   3.4958e+01   1.6230e+01 
  1.7858e+01   7.6644e+00   1.2400e+00   4.4274e-01   1.0904e-01 
  2.0075e-02   2.2933e-03   2.5564e-03   1.0873e-03   7.9725e-05 
  4.1906e-05   4.4134e-05   2.6395e-06   1.1018e-06   6.3511e-07 
  3.8737e-07   2.2851e-07   1.2734e-07   6.7958e-08   3.4737e-08 
 -1.7256e-03  -7.7332e-05   1.9275e-03 

########################
# 00000051
########################
RSS 533.8779905652774
BP 0:
a0:   3.3392e+00   e0:  -4.3480e+00   b0:   2.9859e+02   
P: 
  3.4003e+00   5.8649e-01  -9.4609e-01  -4.5127e-01  -6.7542e-01 
 -7.9347e-01  -7.7014e-01  -8.9506e-01  -6.3130e-01  -1.1970e-01 
  4.9556e-02   4.8840e-02   4.6641e-02  -1.2492e-02   8.7875e-04 
 -1.9494e+00   3.0356e+01   2.4336e+01   3.4958e+01   1.6230e+01 
  1.7858e+01   7.6644e+00   1.2400e+00   4.4249e-01   1.0904e-01 
  2.0088e-02   2.2965e-03   2.5585e-03   1.0874e-03   7.9720e-05 
  4.1932e-05   4.4094e-05   2.6411e-06   1.1026e-06   6.3477e-07 
  3.8677e-07   2.2846e-07   1.2737e-07   6.8020e-08   3.4736e-08 
 -1.7251e-03  -7.4432e-05   1.9572e-03 

########################
# 00000052
########################
RSS 533.8959253639582
BP 0:
a0:   3.3380e+00   e0:  -4.3489e+00   b0:   3.0144e+02   
P: 
  3.4003e+00   5.8649e-01  -9.4609e-01  -4.5136e-01  -6.7542e-01 
 -7.9347e-01  -7.7006e-01  -8.9582e-01  -6.3086e-01  -1.1961e-01 
  4.9538e-02   4.8826e-02   4.6636e-02  -1.2478e-02   8.7807e-04 
 -1.9494e+00   3.0356e+01   2.4336e+01   3.4958e+01   1.6230e+01 
  1.7858e+01   7.6644e+00   1.2400e+00   4.4279e-01   1.0904e-01 
  2.0078e-02   2.2969e-03   2.5581e-03   1.0866e-03   7.9756e-05 
  4.1874e-05   4.4138e-05   2.6436e-06   1.1028e-06   6.3554e-07 
  3.8714e-07   2.2833e-07   1.2739e-07   6.7921e-08   3.4742e-08 
 -1.7244e-03  -7.6975e-05   2.0228e-03 

########################
# 00000053
########################
RSS 533.9047124677872
BP 0:
a0:   3.3423e+00   e0:  -4.3475e+00   b0:   3.0071e+02   
P: 
  3.4003e+00   5.8649e-01  -9.4609e-01  -4.5070e-01  -6.7542e-01 
 -7.9347e-01  -7.7084e-01  -8.9626e-01  -6.3120e-01  -1.1961e-01 
  4.9489e-02   4.8728e-02   4.6607e-02  -1.2491e-02   8.7934e-04 
 -1.9494e+00   3.0356e+01   2.4336e+01   3.4958e+01   1.6230e+01 
  1.7858e+01   7.6644e+00   1.2400e+00   4.4252e-01   1.0904e-01 
  2.0054e-02   2.2962e-03   2.5583e-03   1.0877e-03   7.9882e-05 
  4.1882e-05   4.4069e-05   2.6414e-06   1.1025e-06   6.3515e-07 
  3.8751e-07   2.2807e-07   1.2762e-07   6.8033e-08   3.4710e-08 
 -1.7286e-03  -7.5914e-05   1.8451e-03 

########################
# 00000054
########################
RSS 534.386275407603
BP 0:
a0:   3.3415e+00   e0:  -4.3481e+00   b0:   3.0533e+02   
P: 
  3.4003e+00   5.8649e-01  -9.4609e-01  -4.5096e-01  -6.7542e-01 
 -7.9347e-01  -7.7072e-01  -8.9727e-01  -6.3065e-01  -1.1953e-01 
  4.9502e-02   4.8729e-02   4.6666e-02  -1.2508e-02   8.7809e-04 
 -1.9494e+00   3.0356e+01   2.4336e+01   3.4958e+01   1.6230e+01 
  1.7858e+01   7.6644e+00   1.2400e+00   4.4288e-01   1.0904e-01 
  2.0076e-02   2.2957e-03   2.5550e-03   1.0896e-03   7.9898e-05 
  4.1834e-05   4.4145e-05   2.6421e-06   1.1025e-06   6.3426e-07 
  3.8729e-07   2.2823e-07   1.2754e-07   6.8010e-08   3.4666e-08 
 -1.7280e-03  -7.5347e-05   1.9669e-03 

########################
# 00000055
########################
RSS 534.426787677899
BP 0:
a0:   3.3431e+00   e0:  -4.3472e+00   b0:   3.0473e+02   
P: 
  3.4003e+00   5.8649e-01  -9.4609e-01  -4.5093e-01  -6.7542e-01 
 -7.9347e-01  -7.7091e-01  -8.9584e-01  -6.2976e-01  -1.1986e-01 
  4.9442e-02   4.8802e-02   4.6658e-02  -1.2491e-02   8.7788e-04 
 -1.9494e+00   3.0356e+01   2.4336e+01   3.4958e+01   1.6230e+01 
  1.7858e+01   7.6644e+00   1.2400e+00   4.4315e-01   1.0904e-01 
  2.0131e-02   2.2967e-03   2.5578e-03   1.0872e-03   7.9874e-05 
  4.1933e-05   4.4128e-05   2.6393e-06   1.1026e-06   6.3479e-07 
  3.8680e-07   2.2875e-07   1.2716e-07   6.8065e-08   3.4700e-08 
 -1.7248e-03  -6.8822e-05   2.0265e-03 

########################
# 00000056
########################
RSS 534.4703560540003
BP 0:
a0:   3.3441e+00   e0:  -4.3450e+00   b0:   3.0305e+02   
P: 
  3.4003e+00   5.8649e-01  -9.4609e-01  -4.5177e-01  -6.7542e-01 
 -7.9347e-01  -7.7096e-01  -8.9505e-01  -6.2952e-01  -1.1962e-01 
  4.9429e-02   4.8860e-02   4.6665e-02  -1.2489e-02   8.7915e-04 
 -1.9494e+00   3.0356e+01   2.4336e+01   3.4958e+01   1.6230e+01 
  1.7858e+01   7.6644e+00   1.2400e+00   4.4297e-01   1.0904e-01 
  2.0128e-02   2.2934e-03   2.5605e-03   1.0875e-03   7.9864e-05 
  4.1933e-05   4.4166e-05   2.6412e-06   1.1039e-06   6.3497e-07 
  3.8672e-07   2.2805e-07   1.2720e-07   6.7901e-08   3.4742e-08 
 -1.7271e-03  -7.1363e-05   1.8886e-03 

########################
# 00000057
########################
RSS 534.5121047006515
BP 0:
a0:   3.3422e+00   e0:  -4.3463e+00   b0:   2.9765e+02   
P: 
  3.4003e+00   5.8649e-01  -9.4609e-01  -4.5078e-01  -6.7542e-01 
 -7.9347e-01  -7.7066e-01  -8.9497e-01  -6.3119e-01  -1.1960e-01 
  4.9521e-02   4.8796e-02   4.6609e-02  -1.2483e-02   8.7715e-04 
 -1.9494e+00   3.0356e+01   2.4336e+01   3.4958e+01   1.6230e+01 
  1.7858e+01   7.6644e+00   1.2400e+00   4.4221e-01   1.0904e-01 
  2.0073e-02   2.2949e-03   2.5567e-03   1.0883e-03   7.9806e-05 
  4.1864e-05   4.4058e-05   2.6392e-06   1.1011e-06   6.3479e-07 
  3.8742e-07   2.2834e-07   1.2724e-07   6.7981e-08   3.4763e-08 
 -1.7242e-03  -7.6445e-05   1.9661e-03 

########################
# 00000058
########################
RSS 534.7623874244986
BP 0:
a0:   3.3385e+00   e0:  -4.3480e+00   b0:   2.9973e+02   
P: 
  3.4003e+00   5.8649e-01  -9.4609e-01  -4.5085e-01  -6.7542e-01 
 -7.9347e-01  -7.7015e-01  -8.9594e-01  -6.3144e-01  -1.1959e-01 
  4.9554e-02   4.8840e-02   4.6661e-02  -1.2474e-02   8.7870e-04 
 -1.9494e+00   3.0356e+01   2.4336e+01   3.4958e+01   1.6230e+01 
  1.7858e+01   7.6644e+00   1.2400e+00   4.4230e-01   1.0904e-01 
  2.0095e-02   2.2931e-03   2.5563e-03   1.0874e-03   7.9694e-05 
  4.1921e-05   4.4117e-05   2.6411e-06   1.1031e-06   6.3518e-07 
  3.8721e-07   2.2824e-07   1.2734e-07   6.8040e-08   3.4739e-08 
 -1.7255e-03  -7.3932e-05   1.9124e-03 

########################
# 00000059
########################
RSS 534.812274859747
BP 0:
a0:   3.3378e+00   e0:  -4.3495e+00   b0:   3.0568e+02   
P: 
  3.4003e+00   5.8649e-01  -9.4609e-01  -4.5099e-01  -6.7542e-01 
 -7.9347e-01  -7.7007e-01  -8.9694e-01  -6.3054e-01  -1.1967e-01 
  4.9509e-02   4.8838e-02   4.6722e-02  -1.2488e-02   8.7737e-04 
 -1.9494e+00   3.0356e+01   2.4336e+01   3.4958e+01   1.6230e+01 
  1.7858e+01   7.6644e+00   1.2400e+00   4.4254e-01   1.0904e-01 
  2.0091e-02   2.2977e-03   2.5583e-03   1.0874e-03   7.9845e-05 
  4.1910e-05   4.4117e-05   2.6394e-06   1.1034e-06   6.3431e-07 
  3.8690e-07   2.2847e-07   1.2751e-07   6.7932e-08   3.4673e-08 
 -1.7271e-03  -7.7530e-05   2.0593e-03 

########################
# 00000060
########################
RSS 535.2026493831015
BP 0:
a0:   3.3442e+00   e0:  -4.3443e+00   b0:   3.0360e+02   
P: 
  3.4003e+00   5.8649e-01  -9.4609e-01  -4.5147e-01  -6.7542e-01 
 -7.9347e-01  -7.7094e-01  -8.9556e-01  -6.2989e-01  -1.1958e-01 
  4.9486e-02   4.8874e-02   4.6747e-02  -1.2491e-02   8.7998e-04 
 -1.9494e+00   3.0356e+01   2.4336e+01   3.4958e+01   1.6230e+01 
  1.7858e+01   7.6644e+00   1.2400e+00   4.4237e-01   1.0904e-01 
  2.0121e-02   2.2968e-03   2.5561e-03   1.0869e-03   7.9924e-05 
  4.1889e-05   4.4199e-05   2.6371e-06   1.1027e-06   6.3483e-07 
  3.8662e-07   2.2805e-07   1.2725e-07   6.8004e-08   3.4746e-08 
 -1.7256e-03  -6.9275e-05   1.9140e-03 

########################
# 00000061
########################
RSS 535.9767039980521
BP 0:
a0:   3.3439e+00   e0:  -4.3451e+00   b0:   2.9893e+02   
P: 
  3.4003e+00   5.8649e-01  -9.4609e-01  -4.5088e-01  -6.7542e-01 
 -7.9347e-01  -7.7092e-01  -8.9494e-01  -6.3089e-01  -1.1986e-01 
  4.9497e-02   4.8885e-02   4.6671e-02  -1.2500e-02   8.7826e-04 
 -1.9494e+00   3.0356e+01   2.4336e+01   3.4958e+01   1.6230e+01 
  1.7858e+01   7.6644e+00   1.2400e+00   4.4331e-01   1.0904e-01 
  2.0155e-02   2.2917e-03   2.5527e-03   1.0883e-03   7.9905e-05 
  4.1898e-05   4.4079e-05   2.6362e-06   1.1032e-06   6.3633e-07 
  3.8690e-07   2.2918e-07   1.2731e-07   6.8099e-08   3.4725e-08 
 -1.7291e-03  -7.6550e-05   1.9994e-03 

########################
# 00000062
########################
RSS 536.3010111576509
BP 0:
a0:   3.3444e+00   e0:  -4.3441e+00   b0:   3.0269e+02   
P: 
  3.4003e+00   5.8649e-01  -9.4609e-01  -4.5111e-01  -6.7542e-01 
 -7.9347e-01  -7.7093e-01  -8.9511e-01  -6.2986e-01  -1.1961e-01 
  4.9474e-02   4.8877e-02   4.6752e-02  -1.2484e-02   8.7934e-04 
 -1.9494e+00   3.0356e+01   2.4336e+01   3.4958e+01   1.6230e+01 
  1.7858e+01   7.6644e+00   1.2400e+00   4.4256e-01   1.0904e-01 
  2.0122e-02   2.2964e-03   2.5595e-03   1.0871e-03   7.9873e-05 
  4.1957e-05   4.4131e-05   2.6414e-06   1.1042e-06   6.3492e-07 
  3.8664e-07   2.2826e-07   1.2716e-07   6.7929e-08   3.4745e-08 
 -1.7261e-03  -7.1434e-05   1.9299e-03 

########################
# 00000063
########################
RSS 536.3057169035064
BP 0:
a0:   3.3436e+00   e0:  -4.3464e+00   b0:   3.0508e+02   
P: 
  3.4003e+00   5.8649e-01  -9.4609e-01  -4.5109e-01  -6.7542e-01 
 -7.9347e-01  -7.7106e-01  -8.9615e-01  -6.2979e-01  -1.1986e-01 
  4.9485e-02   4.8818e-02   4.6657e-02  -1.2489e-02   8.7876e-04 
 -1.9494e+00   3.0356e+01   2.4336e+01   3.4958e+01   1.6230e+01 
  1.7858e+01   7.6644e+00   1.2400e+00   4.4284e-01   1.0904e-01 
  2.0098e-02   2.2954e-03   2.5565e-03   1.0871e-03   7.9895e-05 
  4.1936e-05   4.4106e-05   2.6387e-06   1.1029e-06   6.3476e-07 
  3.8735e-07   2.2864e-07   1.2700e-07   6.8109e-08   3.4700e-08 
 -1.7272e-03  -7.1786e-05   1.9710e-03 

########################
# 00000064
########################
RSS 536.4920428407179
BP 0:
a0:   3.3439e+00   e0:  -4.3461e+00   b0:   3.0400e+02   
P: 
  3.4003e+00   5.8649e-01  -9.4609e-01  -4.5062e-01  -6.7542e-01 
 -7.9347e-01  -7.7106e-01  -8.9609e-01  -6.3015e-01  -1.1987e-01 
  4.9512e-02   4.8817e-02   4.6673e-02  -1.2494e-02   8.7821e-04 
 -1.9494e+00   3.0356e+01   2.4336e+01   3.4958e+01   1.6230e+01 
  1.7858e+01   7.6644e+00   1.2400e+00   4.4325e-01   1.0904e-01 
  2.0102e-02   2.2974e-03   2.5551e-03   1.0858e-03   7.9913e-05 
  4.1904e-05   4.4062e-05   2.6382e-06   1.1018e-06   6.3536e-07 
  3.8735e-07   2.2866e-07   1.2722e-07   6.8088e-08   3.4750e-08 
 -1.7266e-03  -6.7773e-05   2.0375e-03 

########################
# 00000065
########################
RSS 536.5718208346062
BP 0:
a0:   3.3400e+00   e0:  -4.3468e+00   b0:   2.9639e+02   
P: 
  3.4003e+00   5.8649e-01  -9.4609e-01  -4.5133e-01  -6.7542e-01 
 -7.9347e-01  -7.7028e-01  -8.9396e-01  -6.3090e-01  -1.1982e-01 
  4.9558e-02   4.8916e-02   4.6562e-02  -1.2486e-02   8.7750e-04 
 -1.9494e+00   3.0356e+01   2.4336e+01   3.4958e+01   1.6230e+01 
  1.7858e+01   7.6644e+00   1.2400e+00   4.4210e-01   1.0904e-01 
  2.0052e-02   2.2976e-03   2.5588e-03   1.0868e-03   7.9740e-05 
  4.1934e-05   4.4081e-05   2.6462e-06   1.1008e-06   6.3465e-07 
  3.8727e-07   2.2818e-07   1.2705e-07   6.7995e-08   3.4768e-08 
 -1.7242e-03  -7.8947e-05   1.8549e-03 

########################
# 00000066
########################
RSS 536.6505681584119
BP 0:
a0:   3.3441e+00   e0:  -4.3446e+00   b0:   2.9915e+02   
P: 
  3.4003e+00   5.8649e-01  -9.4609e-01  -4.5081e-01  -6.7542e-01 
 -7.9347e-01  -7.7102e-01  -8.9515e-01  -6.3065e-01  -1.1950e-01 
  4.9526e-02   4.8806e-02   4.6607e-02  -1.2484e-02   8.7798e-04 
 -1.9494e+00   3.0356e+01   2.4336e+01   3.4958e+01   1.6230e+01 
  1.7858e+01   7.6644e+00   1.2400e+00   4.4232e-01   1.0904e-01 
  2.0080e-02   2.2928e-03   2.5580e-03   1.0871e-03   7.9794e-05 
  4.1887e-05   4.4098e-05   2.6417e-06   1.1019e-06   6.3521e-07 
  3.8690e-07   2.2833e-07   1.2720e-07   6.8001e-08   3.4716e-08 
 -1.7261e-03  -7.3204e-05   2.0135e-03 

########################
# 00000067
########################
RSS 536.6825066679744
BP 0:
a0:   3.3451e+00   e0:  -4.3428e+00   b0:   3.0189e+02   
P: 
  3.4003e+00   5.8649e-01  -9.4609e-01  -4.5172e-01  -6.7542e-01 
 -7.9347e-01  -7.7123e-01  -8.9584e-01  -6.3024e-01  -1.1948e-01 
  4.9489e-02   4.8901e-02   4.6710e-02  -1.2479e-02   8.7843e-04 
 -1.9494e+00   3.0356e+01   2.4336e+01   3.4958e+01   1.6230e+01 
  1.7858e+01   7.6644e+00   1.2400e+00   4.4308e-01   1.0904e-01 
  2.0118e-02   2.2940e-03   2.5562e-03   1.0871e-03   7.9800e-05 
  4.1924e-05   4.4137e-05   2.6427e-06   1.1041e-06   6.3484e-07 
  3.8728e-07   2.2854e-07   1.2718e-07   6.8034e-08   3.4756e-08 
 -1.7260e-03  -6.4919e-05   1.9357e-03 

########################
# 00000068
########################
RSS 537.5430488333391
BP 0:
a0:   3.3439e+00   e0:  -4.3463e+00   b0:   3.0221e+02   
P: 
  3.4003e+00   5.8649e-01  -9.4609e-01  -4.5061e-01  -6.7542e-01 
 -7.9347e-01  -7.7121e-01  -8.9660e-01  -6.3089e-01  -1.1985e-01 
  4.9494e-02   4.8809e-02   4.6621e-02  -1.2505e-02   8.7792e-04 
 -1.9494e+00   3.0356e+01   2.4336e+01   3.4958e+01   1.6230e+01 
  1.7858e+01   7.6644e+00   1.2400e+00   4.4293e-01   1.0904e-01 
  2.0134e-02   2.2971e-03   2.5545e-03   1.0873e-03   7.9858e-05 
  4.1940e-05   4.4057e-05   2.6427e-06   1.1032e-06   6.3479e-07 
  3.8691e-07   2.2866e-07   1.2717e-07   6.8035e-08   3.4740e-08 
 -1.7255e-03  -7.0330e-05   1.9873e-03 

########################
# 00000069
########################
RSS 537.9917580661756
BP 0:
a0:   3.3381e+00   e0:  -4.3489e+00   b0:   2.9804e+02   
P: 
  3.4003e+00   5.8649e-01  -9.4609e-01  -4.5106e-01  -6.7542e-01 
 -7.9347e-01  -7.7004e-01  -8.9514e-01  -6.3139e-01  -1.1971e-01 
  4.9488e-02   4.8855e-02   4.6617e-02  -1.2479e-02   8.7758e-04 
 -1.9494e+00   3.0356e+01   2.4336e+01   3.4958e+01   1.6230e+01 
  1.7858e+01   7.6644e+00   1.2400e+00   4.4287e-01   1.0904e-01 
  2.0097e-02   2.2934e-03   2.5548e-03   1.0866e-03   7.9773e-05 
  4.1883e-05   4.4089e-05   2.6410e-06   1.1032e-06   6.3516e-07 
  3.8734e-07   2.2815e-07   1.2730e-07   6.7963e-08   3.4724e-08 
 -1.7256e-03  -7.3377e-05   2.0618e-03 

########################
# 00000070
########################
RSS 538.7054954943299
BP 0:
a0:   3.3446e+00   e0:  -4.3444e+00   b0:   3.0494e+02   
P: 
  3.4003e+00   5.8649e-01  -9.4609e-01  -4.5230e-01  -6.7542e-01 
 -7.9347e-01  -7.7123e-01  -8.9662e-01  -6.2998e-01  -1.1957e-01 
  4.9464e-02   4.8866e-02   4.6707e-02  -1.2496e-02   8.7837e-04 
 -1.9494e+00   3.0356e+01   2.4336e+01   3.4958e+01   1.6230e+01 
  1.7858e+01   7.6644e+00   1.2400e+00   4.4265e-01   1.0904e-01 
  2.0142e-02   2.2947e-03   2.5580e-03   1.0859e-03   7.9840e-05 
  4.1949e-05   4.4080e-05   2.6385e-06   1.1035e-06   6.3431e-07 
  3.8726e-07   2.2830e-07   1.2740e-07   6.7966e-08   3.4694e-08 
 -1.7265e-03  -7.0994e-05   2.0159e-03 

########################
# 00000071
########################
RSS 539.1530324328468
BP 0:
a0:   3.3462e+00   e0:  -4.3416e+00   b0:   3.0063e+02   
P: 
  3.4003e+00   5.8649e-01  -9.4609e-01  -4.5079e-01  -6.7542e-01 
 -7.9347e-01  -7.7165e-01  -8.9686e-01  -6.3133e-01  -1.1996e-01 
  4.9551e-02   4.9071e-02   4.6727e-02  -1.2520e-02   8.7716e-04 
 -1.9494e+00   3.0356e+01   2.4336e+01   3.4958e+01   1.6230e+01 
  1.7858e+01   7.6644e+00   1.2400e+00   4.4471e-01   1.0904e-01 
  2.0133e-02   2.2989e-03   2.5492e-03   1.0879e-03   7.9659e-05 
  4.1877e-05   4.4025e-05   2.6364e-06   1.1027e-06   6.3614e-07 
  3.8699e-07   2.2809e-07   1.2697e-07   6.8269e-08   3.4683e-08 
 -1.7243e-03  -7.8219e-05   1.8864e-03 

########################
# 00000072
########################
RSS 539.3204653036539
BP 0:
a0:   3.3447e+00   e0:  -4.3447e+00   b0:   3.0446e+02   
P: 
  3.4003e+00   5.8649e-01  -9.4609e-01  -4.5137e-01  -6.7542e-01 
 -7.9347e-01  -7.7115e-01  -8.9618e-01  -6.3002e-01  -1.1973e-01 
  4.9448e-02   4.8861e-02   4.6755e-02  -1.2482e-02   8.7906e-04 
 -1.9494e+00   3.0356e+01   2.4336e+01   3.4958e+01   1.6230e+01 
  1.7858e+01   7.6644e+00   1.2400e+00   4.4267e-01   1.0904e-01 
  2.0105e-02   2.2971e-03   2.5570e-03   1.0874e-03   7.9933e-05 
  4.1949e-05   4.4122e-05   2.6395e-06   1.1034e-06   6.3412e-07 
  3.8731e-07   2.2803e-07   1.2730e-07   6.7897e-08   3.4739e-08 
 -1.7268e-03  -6.5533e-05   1.9542e-03 

########################
# 00000073
########################
RSS 540.62346210873
BP 0:
a0:   3.3447e+00   e0:  -4.3439e+00   b0:   2.9894e+02   
P: 
  3.4003e+00   5.8649e-01  -9.4609e-01  -4.5142e-01  -6.7542e-01 
 -7.9347e-01  -7.7110e-01  -8.9600e-01  -6.3161e-01  -1.1956e-01 
  4.9571e-02   4.8826e-02   4.6715e-02  -1.2503e-02   8.7897e-04 
 -1.9494e+00   3.0356e+01   2.4336e+01   3.4958e+01   1.6230e+01 
  1.7858e+01   7.6644e+00   1.2400e+00   4.4213e-01   1.0904e-01 
  2.0084e-02   2.2967e-03   2.5552e-03   1.0871e-03   7.9843e-05 
  4.1912e-05   4.4095e-05   2.6437e-06   1.1029e-06   6.3451e-07 
  3.8766e-07   2.2830e-07   1.2742e-07   6.8024e-08   3.4709e-08 
 -1.7269e-03  -7.7996e-05   2.0456e-03 

########################
# 00000074
########################
RSS 540.6259412132787
BP 0:
a0:   3.3410e+00   e0:  -4.3547e+00   b0:   3.0384e+02   
P: 
  3.4003e+00   5.8649e-01  -9.4609e-01  -4.5225e-01  -6.7542e-01 
 -7.9347e-01  -7.6980e-01  -8.9279e-01  -6.2957e-01  -1.2059e-01 
  4.9178e-02   4.8553e-02   4.6892e-02  -1.2459e-02   8.7339e-04 
 -1.9494e+00   3.0356e+01   2.4336e+01   3.4958e+01   1.6230e+01 
  1.7858e+01   7.6644e+00   1.2400e+00   4.4572e-01   1.0904e-01 
  2.0205e-02   2.2906e-03   2.5638e-03   1.0861e-03   7.9842e-05 
  4.1666e-05   4.4275e-05   2.6531e-06   1.0986e-06   6.3335e-07 
  3.8681e-07   2.2940e-07   1.2811e-07   6.8367e-08   3.4620e-08 
 -1.7151e-03  -6.9355e-05   1.3232e-03 

########################
# 00000075
########################
RSS 540.928177958043
BP 0:
a0:   3.3372e+00   e0:  -4.3513e+00   b0:   3.0504e+02   
P: 
  3.4003e+00   5.8649e-01  -9.4609e-01  -4.5150e-01  -6.7542e-01 
 -7.9347e-01  -7.7009e-01  -8.9736e-01  -6.3092e-01  -1.1959e-01 
  4.9502e-02   4.8731e-02   4.6617e-02  -1.2495e-02   8.7884e-04 
 -1.9494e+00   3.0356e+01   2.4336e+01   3.4958e+01   1.6230e+01 
  1.7858e+01   7.6644e+00   1.2400e+00   4.4243e-01   1.0904e-01 
  2.0085e-02   2.2980e-03   2.5565e-03   1.0892e-03   7.9872e-05 
  4.1857e-05   4.4104e-05   2.6409e-06   1.1034e-06   6.3529e-07 
  3.8722e-07   2.2828e-07   1.2755e-07   6.8043e-08   3.4693e-08 
 -1.7283e-03  -7.8402e-05   1.9753e-03 

########################
# 00000076
########################
RSS 543.0107884725821
BP 0:
a0:   3.3356e+00   e0:  -4.3509e+00   b0:   3.0219e+02   
P: 
  3.4003e+00   5.8649e-01  -9.4609e-01  -4.5148e-01  -6.7542e-01 
 -7.9347e-01  -7.6948e-01  -8.9464e-01  -6.2998e-01  -1.1958e-01 
  4.9489e-02   4.8853e-02   4.6596e-02  -1.2501e-02   8.7746e-04 
 -1.9494e+00   3.0356e+01   2.4336e+01   3.4958e+01   1.6230e+01 
  1.7858e+01   7.6644e+00   1.2400e+00   4.4337e-01   1.0904e-01 
  2.0132e-02   2.2975e-03   2.5561e-03   1.0856e-03   7.9849e-05 
  4.1955e-05   4.4155e-05   2.6446e-06   1.1026e-06   6.3500e-07 
  3.8692e-07   2.2845e-07   1.2712e-07   6.8052e-08   3.4732e-08 
 -1.7274e-03  -7.1110e-05   1.9612e-03 

########################
# 00000077
########################
RSS 544.5201428942161
BP 0:
a0:   3.3364e+00   e0:  -4.3507e+00   b0:   3.0607e+02   
P: 
  3.4003e+00   5.8649e-01  -9.4609e-01  -4.5147e-01  -6.7542e-01 
 -7.9347e-01  -7.6990e-01  -8.9738e-01  -6.3064e-01  -1.1945e-01 
  4.9561e-02   4.8785e-02   4.6635e-02  -1.2507e-02   8.7819e-04 
 -1.9494e+00   3.0356e+01   2.4336e+01   3.4958e+01   1.6230e+01 
  1.7858e+01   7.6644e+00   1.2400e+00   4.4243e-01   1.0904e-01 
  2.0093e-02   2.2988e-03   2.5566e-03   1.0887e-03   7.9818e-05 
  4.1844e-05   4.4129e-05   2.6423e-06   1.1036e-06   6.3522e-07 
  3.8751e-07   2.2814e-07   1.2758e-07   6.7993e-08   3.4699e-08 
 -1.7294e-03  -7.7627e-05   1.9679e-03 

########################
# 00000078
########################
RSS 544.6299619615365
BP 0:
a0:   3.3359e+00   e0:  -4.3510e+00   b0:   3.0763e+02   
P: 
  3.4003e+00   5.8649e-01  -9.4609e-01  -4.5104e-01  -6.7542e-01 
 -7.9347e-01  -7.6960e-01  -8.9646e-01  -6.2971e-01  -1.1938e-01 
  4.9482e-02   4.8783e-02   4.6726e-02  -1.2478e-02   8.7719e-04 
 -1.9494e+00   3.0356e+01   2.4336e+01   3.4958e+01   1.6230e+01 
  1.7858e+01   7.6644e+00   1.2400e+00   4.4313e-01   1.0904e-01 
  2.0054e-02   2.2939e-03   2.5560e-03   1.0859e-03   7.9602e-05 
  4.1964e-05   4.4136e-05   2.6454e-06   1.1005e-06   6.3435e-07 
  3.8635e-07   2.2807e-07   1.2748e-07   6.7861e-08   3.4798e-08 
 -1.7252e-03  -7.0136e-05   1.8432e-03 

########################
# 00000079
########################
RSS 544.6358540778052
BP 0:
a0:   3.3362e+00   e0:  -4.3513e+00   b0:   3.0694e+02   
P: 
  3.4003e+00   5.8649e-01  -9.4609e-01  -4.5138e-01  -6.7542e-01 
 -7.9347e-01  -7.6996e-01  -8.9699e-01  -6.2993e-01  -1.1970e-01 
  4.9460e-02   4.8843e-02   4.6603e-02  -1.2486e-02   8.7790e-04 
 -1.9494e+00   3.0356e+01   2.4336e+01   3.4958e+01   1.6230e+01 
  1.7858e+01   7.6644e+00   1.2400e+00   4.4352e-01   1.0904e-01 
  2.0122e-02   2.2953e-03   2.5580e-03   1.0865e-03   7.9842e-05 
  4.1948e-05   4.4076e-05   2.6417e-06   1.1031e-06   6.3534e-07 
  3.8738e-07   2.2895e-07   1.2707e-07   6.8057e-08   3.4720e-08 
 -1.7260e-03  -7.3259e-05   1.9997e-03 

########################
# 00000080
########################
RSS 544.6672192015105
BP 0:
a0:   3.3445e+00   e0:  -4.3420e+00   b0:   3.0079e+02   
P: 
  3.4003e+00   5.8649e-01  -9.4609e-01  -4.5317e-01  -6.7542e-01 
 -7.9347e-01  -7.7050e-01  -8.9264e-01  -6.2864e-01  -1.1915e-01 
  4.9377e-02   4.8933e-02   4.6816e-02  -1.2463e-02   8.7794e-04 
 -1.9494e+00   3.0356e+01   2.4336e+01   3.4958e+01   1.6230e+01 
  1.7858e+01   7.6644e+00   1.2400e+00   4.4250e-01   1.0904e-01 
  2.0142e-02   2.2892e-03   2.5681e-03   1.0836e-03   7.9688e-05 
  4.1913e-05   4.4244e-05   2.6381e-06   1.1059e-06   6.3702e-07 
  3.8816e-07   2.2868e-07   1.2718e-07   6.8172e-08   3.4610e-08 
 -1.7221e-03  -6.2126e-05   2.0396e-03 

########################
# 00000081
########################
RSS 545.0402777139976
BP 0:
a0:   3.3440e+00   e0:  -4.3455e+00   b0:   2.9644e+02   
P: 
  3.4003e+00   5.8649e-01  -9.4609e-01  -4.5231e-01  -6.7542e-01 
 -7.9347e-01  -7.7065e-01  -8.9295e-01  -6.3054e-01  -1.2003e-01 
  4.9497e-02   4.8889e-02   4.6653e-02  -1.2515e-02   8.8155e-04 
 -1.9494e+00   3.0356e+01   2.4336e+01   3.4958e+01   1.6230e+01 
  1.7858e+01   7.6644e+00   1.2400e+00   4.4014e-01   1.0904e-01 
  1.9964e-02   2.3119e-03   2.5757e-03   1.0834e-03   8.0288e-05 
  4.1700e-05   4.4319e-05   2.6199e-06   1.1061e-06   6.3037e-07 
  3.8403e-07   2.2775e-07   1.2676e-07   6.8124e-08   3.5023e-08 
 -1.7164e-03  -3.8935e-05   1.7452e-03 

########################
# 00000082
########################
RSS 545.5550429833115
BP 0:
a0:   3.3356e+00   e0:  -4.3506e+00   b0:   3.0107e+02   
P: 
  3.4003e+00   5.8649e-01  -9.4609e-01  -4.5137e-01  -6.7542e-01 
 -7.9347e-01  -7.6945e-01  -8.9492e-01  -6.3071e-01  -1.1964e-01 
  4.9486e-02   4.8867e-02   4.6690e-02  -1.2488e-02   8.7764e-04 
 -1.9494e+00   3.0356e+01   2.4336e+01   3.4958e+01   1.6230e+01 
  1.7858e+01   7.6644e+00   1.2400e+00   4.4268e-01   1.0904e-01 
  2.0117e-02   2.2959e-03   2.5549e-03   1.0861e-03   7.9849e-05 
  4.1892e-05   4.4036e-05   2.6412e-06   1.1020e-06   6.3474e-07 
  3.8695e-07   2.2857e-07   1.2727e-07   6.7972e-08   3.4715e-08 
 -1.7261e-03  -7.4931e-05   2.1369e-03 

########################
# 00000083
########################
RSS 548.1247011236624
BP 0:
a0:   3.3464e+00   e0:  -4.3415e+00   b0:   3.0645e+02   
P: 
  3.4003e+00   5.8649e-01  -9.4609e-01  -4.5212e-01  -6.7542e-01 
 -7.9347e-01  -7.7146e-01  -8.9598e-01  -6.2892e-01  -1.1958e-01 
  4.9471e-02   4.8982e-02   4.6768e-02  -1.2478e-02   8.8101e-04 
 -1.9494e+00   3.0356e+01   2.4336e+01   3.4958e+01   1.6230e+01 
  1.7858e+01   7.6644e+00   1.2400e+00   4.4367e-01   1.0904e-01 
  2.0121e-02   2.2912e-03   2.5621e-03   1.0853e-03   7.9895e-05 
  4.1985e-05   4.4154e-05   2.6339e-06   1.1030e-06   6.3489e-07 
  3.8676e-07   2.2808e-07   1.2717e-07   6.7823e-08   3.4796e-08 
 -1.7222e-03  -6.3188e-05   1.9294e-03 

########################
# 00000084
########################
RSS 550.2261156642622
BP 0:
a0:   3.3457e+00   e0:  -4.3436e+00   b0:   2.9662e+02   
P: 
  3.4003e+00   5.8649e-01  -9.4609e-01  -4.5118e-01  -6.7542e-01 
 -7.9347e-01  -7.7117e-01  -8.9479e-01  -6.3134e-01  -1.1961e-01 
  4.9540e-02   4.8810e-02   4.6658e-02  -1.2487e-02   8.7843e-04 
 -1.9494e+00   3.0356e+01   2.4336e+01   3.4958e+01   1.6230e+01 
  1.7858e+01   7.6644e+00   1.2400e+00   4.4226e-01   1.0904e-01 
  2.0071e-02   2.2957e-03   2.5556e-03   1.0866e-03   7.9742e-05 
  4.1874e-05   4.4111e-05   2.6405e-06   1.1028e-06   6.3495e-07 
  3.8691e-07   2.2838e-07   1.2738e-07   6.8037e-08   3.4715e-08 
 -1.7254e-03  -7.7349e-05   2.0343e-03 

########################
# 00000085
########################
RSS 551.7615229960498
BP 0:
a0:   3.3341e+00   e0:  -4.3540e+00   b0:   3.0680e+02   
P: 
  3.4003e+00   5.8649e-01  -9.4609e-01  -4.5143e-01  -6.7542e-01 
 -7.9347e-01  -7.6923e-01  -8.9551e-01  -6.2961e-01  -1.1979e-01 
  4.9413e-02   4.8806e-02   4.6673e-02  -1.2500e-02   8.7905e-04 
 -1.9494e+00   3.0356e+01   2.4336e+01   3.4958e+01   1.6230e+01 
  1.7858e+01   7.6644e+00   1.2400e+00   4.4365e-01   1.0904e-01 
  2.0106e-02   2.2923e-03   2.5571e-03   1.0885e-03   7.9728e-05 
  4.1950e-05   4.4117e-05   2.6381e-06   1.1043e-06   6.3367e-07 
  3.8715e-07   2.2861e-07   1.2721e-07   6.7933e-08   3.4776e-08 
 -1.7237e-03  -6.5650e-05   1.8077e-03 

########################
# 00000086
########################
RSS 559.5354488017392
BP 0:
a0:   3.3346e+00   e0:  -4.3530e+00   b0:   3.0667e+02   
P: 
  3.4003e+00   5.8649e-01  -9.4609e-01  -4.5107e-01  -6.7542e-01 
 -7.9347e-01  -7.6957e-01  -8.9761e-01  -6.3089e-01  -1.1952e-01 
  4.9550e-02   4.8715e-02   4.6667e-02  -1.2485e-02   8.7836e-04 
 -1.9494e+00   3.0356e+01   2.4336e+01   3.4958e+01   1.6230e+01 
  1.7858e+01   7.6644e+00   1.2400e+00   4.4274e-01   1.0904e-01 
  2.0079e-02   2.2982e-03   2.5583e-03   1.0888e-03   7.9867e-05 
  4.1840e-05   4.4084e-05   2.6406e-06   1.1038e-06   6.3485e-07 
  3.8701e-07   2.2818e-07   1.2762e-07   6.8073e-08   3.4696e-08 
 -1.7293e-03  -7.1789e-05   1.8713e-03 

########################
# 00000087
########################
RSS 559.6857174241104
BP 0:
a0:   3.3374e+00   e0:  -4.3493e+00   b0:   2.9408e+02   
P: 
  3.4003e+00   5.8649e-01  -9.4609e-01  -4.5229e-01  -6.7542e-01 
 -7.9347e-01  -7.6939e-01  -8.9375e-01  -6.3252e-01  -1.1955e-01 
  4.9620e-02   4.8739e-02   4.6762e-02  -1.2493e-02   8.7957e-04 
 -1.9494e+00   3.0356e+01   2.4336e+01   3.4958e+01   1.6230e+01 
  1.7858e+01   7.6644e+00   1.2400e+00   4.4229e-01   1.0904e-01 
  2.0088e-02   2.2994e-03   2.5494e-03   1.0885e-03   8.0055e-05 
  4.1741e-05   4.3982e-05   2.6460e-06   1.1054e-06   6.3685e-07 
  3.8785e-07   2.2907e-07   1.2696e-07   6.7841e-08   3.4686e-08 
 -1.7291e-03  -8.4617e-05   2.0328e-03 

########################
# 00000088
########################
RSS 563.619921861801
BP 0:
a0:   3.3366e+00   e0:  -4.3494e+00   b0:   2.9424e+02   
P: 
  3.4003e+00   5.8649e-01  -9.4609e-01  -4.5221e-01  -6.7542e-01 
 -7.9347e-01  -7.6927e-01  -8.9212e-01  -6.3109e-01  -1.1987e-01 
  4.9622e-02   4.8858e-02   4.6645e-02  -1.2482e-02   8.7832e-04 
 -1.9494e+00   3.0356e+01   2.4336e+01   3.4958e+01   1.6230e+01 
  1.7858e+01   7.6644e+00   1.2400e+00   4.4299e-01   1.0904e-01 
  2.0186e-02   2.2931e-03   2.5603e-03   1.0842e-03   7.9848e-05 
  4.1865e-05   4.4316e-05   2.6415e-06   1.1046e-06   6.3339e-07 
  3.8768e-07   2.2784e-07   1.2764e-07   6.8088e-08   3.4665e-08 
 -1.7315e-03  -7.2304e-05   1.8736e-03 

########################
# 00000089
########################
RSS 572.6974264821225
BP 0:
a0:   3.3325e+00   e0:  -4.3543e+00   b0:   3.0791e+02   
P: 
  3.4003e+00   5.8649e-01  -9.4609e-01  -4.5078e-01  -6.7542e-01 
 -7.9347e-01  -7.6893e-01  -8.9611e-01  -6.2986e-01  -1.1958e-01 
  4.9556e-02   4.8755e-02   4.6711e-02  -1.2484e-02   8.7838e-04 
 -1.9494e+00   3.0356e+01   2.4336e+01   3.4958e+01   1.6230e+01 
  1.7858e+01   7.6644e+00   1.2400e+00   4.4245e-01   1.0904e-01 
  2.0095e-02   2.2918e-03   2.5589e-03   1.0874e-03   7.9845e-05 
  4.1868e-05   4.4088e-05   2.6459e-06   1.1038e-06   6.3548e-07 
  3.8765e-07   2.2810e-07   1.2753e-07   6.8040e-08   3.4748e-08 
 -1.7237e-03  -7.5210e-05   2.1182e-03 

########################
# 00000090
########################
RSS 575.9460911314736
BP 0:
a0:   3.3326e+00   e0:  -4.3538e+00   b0:   3.0189e+02   
P: 
  3.4003e+00   5.8649e-01  -9.4609e-01  -4.5049e-01  -6.7542e-01 
 -7.9347e-01  -7.6932e-01  -8.9735e-01  -6.3226e-01  -1.1969e-01 
  4.9503e-02   4.8825e-02   4.6666e-02  -1.2506e-02   8.7840e-04 
 -1.9494e+00   3.0356e+01   2.4336e+01   3.4958e+01   1.6230e+01 
  1.7858e+01   7.6644e+00   1.2400e+00   4.4183e-01   1.0904e-01 
  2.0105e-02   2.2947e-03   2.5544e-03   1.0870e-03   7.9766e-05 
  4.1815e-05   4.4081e-05   2.6439e-06   1.1017e-06   6.3546e-07 
  3.8722e-07   2.2836e-07   1.2735e-07   6.7946e-08   3.4706e-08 
 -1.7249e-03  -7.5771e-05   1.9393e-03 

########################
# 00000091
########################
RSS 577.1577462780886
BP 0:
a0:   3.3324e+00   e0:  -4.3541e+00   b0:   3.0716e+02   
P: 
  3.4003e+00   5.8649e-01  -9.4609e-01  -4.5153e-01  -6.7542e-01 
 -7.9347e-01  -7.6915e-01  -8.9742e-01  -6.3085e-01  -1.1959e-01 
  4.9549e-02   4.8821e-02   4.6692e-02  -1.2520e-02   8.7848e-04 
 -1.9494e+00   3.0356e+01   2.4336e+01   3.4958e+01   1.6230e+01 
  1.7858e+01   7.6644e+00   1.2400e+00   4.4305e-01   1.0904e-01 
  2.0091e-02   2.2997e-03   2.5601e-03   1.0867e-03   7.9720e-05 
  4.1857e-05   4.4063e-05   2.6437e-06   1.1053e-06   6.3475e-07 
  3.8712e-07   2.2865e-07   1.2751e-07   6.7889e-08   3.4708e-08 
 -1.7293e-03  -7.0655e-05   1.8397e-03 

########################
# 00000092
########################
RSS 580.6619502112718
BP 0:
a0:   3.3497e+00   e0:  -4.3399e+00   b0:   2.9834e+02   
P: 
  3.4003e+00   5.8649e-01  -9.4609e-01  -4.5086e-01  -6.7542e-01 
 -7.9347e-01  -7.7173e-01  -8.9421e-01  -6.3027e-01  -1.1960e-01 
  4.9578e-02   4.8883e-02   4.6724e-02  -1.2478e-02   8.7947e-04 
 -1.9494e+00   3.0356e+01   2.4336e+01   3.4958e+01   1.6230e+01 
  1.7858e+01   7.6644e+00   1.2400e+00   4.4211e-01   1.0904e-01 
  2.0108e-02   2.2949e-03   2.5572e-03   1.0894e-03   7.9838e-05 
  4.1877e-05   4.4074e-05   2.6370e-06   1.1018e-06   6.3618e-07 
  3.8723e-07   2.2840e-07   1.2724e-07   6.7923e-08   3.4740e-08 
 -1.7236e-03  -8.0720e-05   2.1558e-03 

########################
# 00000093
########################
RSS 584.4651989628969
BP 0:
a0:   3.3493e+00   e0:  -4.3427e+00   b0:   3.0445e+02   
P: 
  3.4003e+00   5.8649e-01  -9.4609e-01  -4.5153e-01  -6.7542e-01 
 -7.9347e-01  -7.7185e-01  -8.9545e-01  -6.2936e-01  -1.1980e-01 
  4.9495e-02   4.8814e-02   4.6691e-02  -1.2506e-02   8.7888e-04 
 -1.9494e+00   3.0356e+01   2.4336e+01   3.4958e+01   1.6230e+01 
  1.7858e+01   7.6644e+00   1.2400e+00   4.4267e-01   1.0904e-01 
  2.0140e-02   2.2899e-03   2.5637e-03   1.0877e-03   7.9869e-05 
  4.1878e-05   4.4163e-05   2.6384e-06   1.1040e-06   6.3427e-07 
  3.8756e-07   2.2814e-07   1.2720e-07   6.7906e-08   3.4700e-08 
 -1.7264e-03  -6.2069e-05   1.8756e-03 

########################
# 00000094
########################
RSS 592.9500168415144
BP 0:
a0:   3.3306e+00   e0:  -4.3554e+00   b0:   3.0475e+02   
P: 
  3.4003e+00   5.8649e-01  -9.4609e-01  -4.5229e-01  -6.7542e-01 
 -7.9347e-01  -7.6888e-01  -8.9535e-01  -6.2975e-01  -1.1975e-01 
  4.9393e-02   4.8893e-02   4.6555e-02  -1.2471e-02   8.7965e-04 
 -1.9494e+00   3.0356e+01   2.4336e+01   3.4958e+01   1.6230e+01 
  1.7858e+01   7.6644e+00   1.2400e+00   4.4341e-01   1.0904e-01 
  2.0084e-02   2.2920e-03   2.5574e-03   1.0867e-03   7.9933e-05 
  4.1939e-05   4.4128e-05   2.6478e-06   1.1049e-06   6.3360e-07 
  3.8728e-07   2.2816e-07   1.2704e-07   6.8134e-08   3.4642e-08 
 -1.7263e-03  -6.8198e-05   2.1012e-03 

########################
# 00000095
########################
RSS 596.0186586501022
BP 0:
a0:   3.3309e+00   e0:  -4.3555e+00   b0:   3.0504e+02   
P: 
  3.4003e+00   5.8649e-01  -9.4609e-01  -4.5058e-01  -6.7542e-01 
 -7.9347e-01  -7.6905e-01  -8.9713e-01  -6.3104e-01  -1.1963e-01 
  4.9497e-02   4.8821e-02   4.6580e-02  -1.2503e-02   8.7939e-04 
 -1.9494e+00   3.0356e+01   2.4336e+01   3.4958e+01   1.6230e+01 
  1.7858e+01   7.6644e+00   1.2400e+00   4.4335e-01   1.0904e-01 
  2.0090e-02   2.2954e-03   2.5528e-03   1.0878e-03   7.9642e-05 
  4.1978e-05   4.4170e-05   2.6429e-06   1.1037e-06   6.3469e-07 
  3.8668e-07   2.2843e-07   1.2738e-07   6.7865e-08   3.4682e-08 
 -1.7248e-03  -7.0685e-05   1.9385e-03 

########################
# 00000096
########################
RSS 625.1328931049683
BP 0:
a0:   3.3361e+00   e0:  -4.3534e+00   b0:   3.1973e+02   
P: 
  3.4003e+00   5.8649e-01  -9.4609e-01  -4.4861e-01  -6.7542e-01 
 -7.9347e-01  -7.7048e-01  -9.0149e-01  -6.2835e-01  -1.1876e-01 
  4.9207e-02   4.8642e-02   4.6537e-02  -1.2484e-02   8.8003e-04 
 -1.9494e+00   3.0356e+01   2.4336e+01   3.4958e+01   1.6230e+01 
  1.7858e+01   7.6644e+00   1.2400e+00   4.4472e-01   1.0904e-01 
  2.0203e-02   2.3133e-03   2.5385e-03   1.0908e-03   8.0298e-05 
  4.1957e-05   4.4189e-05   2.6345e-06   1.1078e-06   6.3301e-07 
  3.8977e-07   2.2796e-07   1.2821e-07   6.7906e-08   3.4690e-08 
 -1.7328e-03  -7.6956e-05   2.6643e-03 

########################
# 00000097
########################
RSS 789.246530946472
BP 0:
a0:   3.3230e+00   e0:  -4.3603e+00   b0:   2.8637e+02   
P: 
  3.4003e+00   5.8649e-01  -9.4609e-01  -4.5356e-01  -6.7542e-01 
 -7.9347e-01  -7.6638e-01  -8.9198e-01  -6.3558e-01  -1.1903e-01 
  4.9405e-02   4.8745e-02   4.7014e-02  -1.2580e-02   8.8292e-04 
 -1.9494e+00   3.0356e+01   2.4336e+01   3.4958e+01   1.6230e+01 
  1.7858e+01   7.6644e+00   1.2400e+00   4.4542e-01   1.0904e-01 
  2.0090e-02   2.2916e-03   2.5626e-03   1.0866e-03   7.9341e-05 
  4.2146e-05   4.4261e-05   2.6313e-06   1.1062e-06   6.3420e-07 
  3.8812e-07   2.2992e-07   1.2729e-07   6.7745e-08   3.4457e-08 
 -1.7308e-03  -7.8566e-05   1.9155e-03 

########################
# 00000098
########################
RSS 821.2211723218758
BP 0:
a0:   3.3593e+00   e0:  -4.3345e+00   b0:   3.1581e+02   
P: 
  3.4003e+00   5.8649e-01  -9.4609e-01  -4.5067e-01  -6.7542e-01 
 -7.9347e-01  -7.7407e-01  -8.9776e-01  -6.2627e-01  -1.1924e-01 
  4.9552e-02   4.8829e-02   4.6735e-02  -1.2440e-02   8.7700e-04 
 -1.9494e+00   3.0356e+01   2.4336e+01   3.4958e+01   1.6230e+01 
  1.7858e+01   7.6644e+00   1.2400e+00   4.4125e-01   1.0904e-01 
  2.0045e-02   2.3117e-03   2.5780e-03   1.0788e-03   7.9909e-05 
  4.2207e-05   4.4060e-05   2.6351e-06   1.1049e-06   6.3938e-07 
  3.8830e-07   2.2703e-07   1.2672e-07   6.8410e-08   3.4796e-08 
 -1.7123e-03  -8.0643e-05   2.1871e-03 

########################
# 00000099
########################
RSS 900.975261290854
BP 0:
a0:   3.3626e+00   e0:  -4.3371e+00   b0:   3.0755e+02   
P: 
  3.4003e+00   5.8649e-01  -9.4609e-01  -4.5035e-01  -6.7542e-01 
 -7.9347e-01  -7.7585e-01  -9.0211e-01  -6.3080e-01  -1.1998e-01 
  4.9648e-02   4.8711e-02   4.6307e-02  -1.2479e-02   8.7495e-04 
 -1.9494e+00   3.0356e+01   2.4336e+01   3.4958e+01   1.6230e+01 
  1.7858e+01   7.6644e+00   1.2400e+00   4.4414e-01   1.0904e-01 
  2.0045e-02   2.2966e-03   2.5404e-03   1.0827e-03   7.9947e-05 
  4.1768e-05   4.4281e-05   2.6539e-06   1.0989e-06   6.3603e-07 
  3.8901e-07   2.2876e-07   1.2811e-07   6.8172e-08   3.4513e-08 
 -1.7132e-03  -6.4862e-05   2.4359e-03 

########################
# 00000100
########################
RSS 955.7336460305908
BP 0:
a0:   3.3622e+00   e0:  -4.3355e+00   b0:   2.8015e+02   
P: 
  3.4003e+00   5.8649e-01  -9.4609e-01  -4.4811e-01  -6.7542e-01 
 -7.9347e-01  -7.7237e-01  -8.8820e-01  -6.3401e-01  -1.2137e-01 
  4.9937e-02   4.9071e-02   4.7080e-02  -1.2628e-02   8.7529e-04 
 -1.9494e+00   3.0356e+01   2.4336e+01   3.4958e+01   1.6230e+01 
  1.7858e+01   7.6644e+00   1.2400e+00   4.3837e-01   1.0904e-01 
  2.0309e-02   2.2611e-03   2.5293e-03   1.0757e-03   8.0756e-05 
  4.1656e-05   4.4664e-05   2.6461e-06   1.0858e-06   6.3364e-07 
  3.8767e-07   2.2886e-07   1.2767e-07   6.7007e-08   3.5093e-08 
 -1.7366e-03  -1.2584e-04   1.5841e-03 

