RSS:  
318.8761228129897

P:  
73626.343021
929.639731874
282.420546545
230.649582342
81.9562320747
67.8112634275
53.3422328693
32.9800352449
21.84563264
13.7196536401
21.0377523874
20.2066104288
17.6873066222
9.91930336797
2.47748897367
1.20772137841
1.16201391396
0.670239997247
0.356330854661
0.14599704722
0.040335162912
-0.00158881790892
-0.0378215162555
-0.0748693673615
-0.0833745426001
-0.0637244135856
-0.0856585487231
-0.0422905156772
-0.0365642727493
-0.0345692131763
-0.0172342861423
-0.0135438548655
-0.0120480623339
-0.00802724969004
-0.0082802643172
-0.0050173698302
-0.00258281536425
0.000570170224782
0.00189853962503
0.00275962701526
0.00161355831975
0.000780609347337
-0.000594556430771
-0.00067733007267
-0.00129866678363
-0.000796671294168
-0.000186539228983
-2.80498043419e-08
0.0
0.0
0.896228189236
1.04643319027
0.386528041902
0.192050458222
0.0605546251062
0.0240792200521
0.0144333149455
0.00977989912027
0.00496458474721
0.0026376391845
0.0021170291997
0.00261197860708
0.00197423245024
0.000708234808584
0.000737938550382
0.000375611262312
0.000126944244783
1.57918606491e-05
8.49058799504e-07
0.0
-11.102602156
4.78824238603

Known:
a0:     3.42
e0:     -4.27
B0:     221.99999999938152
EC:     365.600 141.600 141.600  0.000  0.000  0.000 
        141.600 365.600 141.600  0.000  0.000  0.000 
        141.600 141.600 365.600  0.000  0.000  0.000 
         0.000  0.000  0.000 186.000  0.000  0.000 
         0.000  0.000  0.000  0.000 186.000  0.000 
         0.000  0.000  0.000  0.000  0.000 186.000 

Calculated:
a0:     3.7386832071621408
e0:     -4.32732701399324
B0:     321.52138823512644
EC:     309.556 173.788 173.788  0.000  0.000  0.000 
        173.788 309.556 173.788  0.000  0.000  0.000 
        173.788 173.788 309.556  0.000  0.000  0.000 
         0.000  0.000  0.000 223.780  0.000  0.000 
         0.000  0.000  0.000  0.000 223.780  0.000 
         0.000  0.000  0.000  0.000  0.000 223.780 



