RSS:  
1.1642201679560285

P:  
6.86972511772
12.9330472158
-0.812667660133
0.114659130549
0.138536802882
2.01194530799
1.9351074147
-4.09546632824
3.22805221588

Known:
a0:     3.89
e0:     -3.91
B0:     179.99999999949853
EC:     234.000 176.000 176.000  0.000  0.000  0.000 
        176.000 234.000 176.000  0.000  0.000  0.000 
        176.000 176.000 234.000  0.000  0.000  0.000 
         0.000  0.000  0.000 71.200  0.000  0.000 
         0.000  0.000  0.000  0.000 71.200  0.000 
         0.000  0.000  0.000  0.000  0.000 71.200 

Calculated:
a0:     3.872834920663063
e0:     -3.9112560165026142
B0:     166.54140982249572
EC:     233.431 178.362 178.362  0.000  0.000  0.000 
        178.362 233.431 178.362  0.000  0.000  0.000 
        178.362 178.362 233.431  0.000  0.000  0.000 
         0.000  0.000  0.000 68.429  0.000  0.000 
         0.000  0.000  0.000  0.000 68.040  0.000 
         0.000  0.000  0.000  0.000  0.000 68.040 



