RSS:  
4989.855631432732

P:  
0.179529435456
0.21109975966
0.228366180263
0.034838257546
0.0509299037658
0.00438771836485
-0.0234398021952
-0.0013841174271
-0.0110902365382
-0.00333598086982
-0.0323540504442
-0.0260963948942
-0.0210959432268
0.0223037476035
-0.0077834001305
0.0181934957517
-0.0116033043432
0.0
-1.94938564301
30.3556213379
24.3362083435
34.9576034546
16.2302913666
17.857875824
7.66438293457
1.23997938633
0.442521393299
0.109044238925
0.0200536046177
0.00229621282779
0.00255827326328
0.00108765787445
7.98819164629e-05
4.18824820372e-05
4.40689618699e-05
-9.11984425868
5.47221375727
-0.186214737181
-0.348770411665
-0.0770282700278
0.125367781704
0.0245588952852
-0.0206338954051
0.016002067632
-0.0115084430879
0.000737211385745
-0.0126436135105
-0.00999198166899
-0.0129508711616
-0.00853381758578
0.0262148399288
0.00370785513191
0.00752034270583
-0.00714860234475
0.0
-1.94938564301
30.3556213379
24.3362083435
34.9576034546
16.2302913666
17.857875824
7.66438293457
1.23997938633
0.442521393299
0.109044238925
0.0200536046177
0.00229621282779
0.00255827326328
0.00108765787445
7.98819164629e-05
4.18824820372e-05
4.40689618699e-05
-9.13902031645
5.45629326005
-0.123212311092
0.0922109630001
-0.0904549450083
0.0526947359918
-0.0396126610092
0.0171955130353
0.00848843913837
-0.00684565588143
-0.00389162002418
0.0166341677697
-0.0144315597555
0.0123798658588
-0.0114032276668
-0.0205168317513
-0.0214639625849
0.0222782904096
-0.0196544461434
0.0

Known:
a0:     3.42
e0:     -4.27
B0:     221.99999999938152
EC:     365.600 141.600 141.600  0.000  0.000  0.000 
        141.600 365.600 141.600  0.000  0.000  0.000 
        141.600 141.600 365.600  0.000  0.000  0.000 
         0.000  0.000  0.000 186.000  0.000  0.000 
         0.000  0.000  0.000  0.000 186.000  0.000 
         0.000  0.000  0.000  0.000  0.000 186.000 

Known:
a0:     3.89
e0:     -3.91
B0:     179.99999999949853
EC:     234.000 176.000 176.000  0.000  0.000  0.000 
        176.000 234.000 176.000  0.000  0.000  0.000 
        176.000 176.000 234.000  0.000  0.000  0.000 
         0.000  0.000  0.000 71.200  0.000  0.000 
         0.000  0.000  0.000  0.000 71.200  0.000 
         0.000  0.000  0.000  0.000  0.000 71.200 

Calculated:
a0:     2.53224914465582
e0:     -4.117673854103418
B0:     48.329461920302975
EC:     122.110 66.897 66.897  0.000  0.000  0.000 
        66.897 122.110 66.897  0.000  0.000  0.000 
        66.897 66.897 122.110  0.000  0.000  0.000 
         0.000  0.000  0.000 163.995  0.000  0.000 
         0.000  0.000  0.000  0.000 163.995  0.000 
         0.000  0.000  0.000  0.000  0.000 163.995 

Calculated:
a0:     2.83526213325732
e0:     -2.3005058103330693
B0:     9.423936288334437
EC:     162.614  2.923  2.923  0.000  0.000  0.000 
         2.923 162.614  2.923  0.000  0.000  0.000 
         2.923  2.923 162.614  0.000  0.000  0.000 
         0.000  0.000  0.000 79.477  0.000  0.000 
         0.000  0.000  0.000  0.000 79.477  0.000 
         0.000  0.000  0.000  0.000  0.000 79.477 



