RSS:  
103.83552500511087

P:  
-28.1022425015
24.4221896991
-1.40387714568
3.32131057328
8.71934006107
2.78678493711
7.56960941397
-0.652004036947
-3.30788012153
1.27233800367
0.38576377458
0.0372400511281
-0.00318946700051
-0.0559931284998
0.0508617098143
-0.0219979171452
0.000722650797492
0.0
-1.94938564301
30.3556213379
24.3362083435
34.9576034546
16.2302913666
17.857875824
7.66438293457
1.23997938633
0.442521393299
0.109044238925
0.0200536046177
0.00229621282779
0.00255827326328
0.00108765787445
7.98819164629e-05
4.18824820372e-05
4.40689618699e-05
-17.753861205
0.4379590551
1.0
-160.115033224
-3.19409265417
78.4256638842
-1.54767295417
-59.03784391
11.9799281499
-1.20468121288
0.0979949557767
-0.741660465907
-2.15393133345
-0.4764857634
1.70908682791
0.466544513537
-0.910633418264
0.706078594256
-0.218586713288
0.0115775875044
0.0
-1.94938564301
30.3556213379
24.3362083435
34.9576034546
16.2302913666
17.857875824
7.66438293457
1.23997938633
0.442521393299
0.109044238925
0.0200536046177
0.00229621282779
0.00255827326328
0.00108765787445
7.98819164629e-05
4.18824820372e-05
4.40689618699e-05
-18.2131953437
-0.487783951913
1.0
-168.18642847
-3.28479652384
73.5295980941
-1.21380120805
-44.6516273157
9.85582932588
-0.892103023773
0.0670295878001
-1.00715228888
-2.21723267225
-0.454650234295
1.47863987329
0.429875712194
-0.679697589095
0.650103094409
-0.23036998721
0.0131366052044
0.0

Known:
a0:     3.42
e0:     -4.27
B0:     221.99999999938152
EC:     365.600 141.600 141.600  0.000  0.000  0.000 
        141.600 365.600 141.600  0.000  0.000  0.000 
        141.600 141.600 365.600  0.000  0.000  0.000 
         0.000  0.000  0.000 186.000  0.000  0.000 
         0.000  0.000  0.000  0.000 186.000  0.000 
         0.000  0.000  0.000  0.000  0.000 186.000 

Known:
a0:     3.89
e0:     -3.91
B0:     179.99999999949853
EC:     234.000 176.000 176.000  0.000  0.000  0.000 
        176.000 234.000 176.000  0.000  0.000  0.000 
        176.000 176.000 234.000  0.000  0.000  0.000 
         0.000  0.000  0.000 71.200  0.000  0.000 
         0.000  0.000  0.000  0.000 71.200  0.000 
         0.000  0.000  0.000  0.000  0.000 71.200 

Calculated:
a0:     3.423255840974022
e0:     -4.310927003962161
B0:     278.0254581499217
EC:     305.371 168.776 168.776  0.000  0.000  0.000 
        168.776 305.371 168.776  0.000  0.000  0.000 
        168.776 168.776 305.371  0.000  0.000  0.000 
         0.000  0.000  0.000 227.121  0.000  0.000 
         0.000  0.000  0.000  0.000 227.121  0.000 
         0.000  0.000  0.000  0.000  0.000 227.121 

Calculated:
a0:     3.94041222317037
e0:     -3.9433337910059554
B0:     160.8369128548983
EC:     252.858 170.642 170.642  0.000  0.000  0.000 
        170.642 252.858 170.642  0.000  0.000  0.000 
        170.642 170.642 252.858  0.000  0.000  0.000 
         0.000  0.000  0.000 63.891  0.000  0.000 
         0.000  0.000  0.000  0.000 63.891  0.000 
         0.000  0.000  0.000  0.000  0.000 63.891 



