RSS:  
679095.2171641459

P:  
1507459.4741
-228.261952575
219.8477327
-328.61379964
-79.7880813017
207.535891807
-30.4267711594
19.5934610042
-32.3226121441
6.80443485905
17.1643475169
-7.08757287184
-16.851081526
3.02188802411
-2.0450023004
0.412397601943
0.00303241220283
0.0
0.0576225361237
0.0348280342422
0.0174826866169
0.0102339213114
0.00573026721945
0.0029693365332
0.0021019645008
0.00197297942901
0.00158268319743
0.00107860671116
0.000563478180452
0.000318091535948
0.000110889758967
2.23611156482e-05
6.94464721792e-07
0.0
-9.42335718935
7.85062532768

Known:
a0:     3.89
e0:     -3.91
B0:     179.99999999949853
EC:     234.000 176.000 176.000  0.000  0.000  0.000 
        176.000 234.000 176.000  0.000  0.000  0.000 
        176.000 176.000 234.000  0.000  0.000  0.000 
         0.000  0.000  0.000 71.200  0.000  0.000 
         0.000  0.000  0.000  0.000 71.200  0.000 
         0.000  0.000  0.000  0.000  0.000 71.200 

Calculated:
a0:     4.589884550365396
e0:     2.884340558792471
B0:     1995.3515315545385
EC:     2922.070 3006.375 3006.375  0.000  0.000  0.000 
        3006.375 2922.070 3006.375  0.000  0.000  0.000 
        3006.375 3006.375 2922.070  0.000  0.000  0.000 
         0.000  0.000  0.000 647.528  0.000  0.000 
         0.000  0.000  0.000  0.000 647.528  0.000 
         0.000  0.000  0.000  0.000  0.000 647.528 



