#L_UNITS ang
#E_UNITS eV
#S_UNITS GPA
#F_UNITS EV/ANG
#ALAT 15.56
#X 1.0 0.0 0.0
#Y 0.0 1.0 0.0
#Z 0.0 0.0 1.177
#C 1 1 1
#RCUT 6.5
#EPA -3.91
PD 0.0 0.0 0.0 
PD 0.0 0.125 0.106202209006 
PD 0.125 0.0 0.106202209006 
PD 0.125 0.125 0.0 
PD 0.0 0.0 0.212404418012 
PD 0.0 0.125 0.318606627018 
PD 0.125 0.0 0.318606627018 
PD 0.125 0.125 0.212404418012 
PD 0.0 0.0 0.424808836024 
PD 0.0 0.125 0.53101104503 
PD 0.125 0.0 0.53101104503 
PD 0.125 0.125 0.424808836024 
PD 0.0 0.0 0.637213254036 
PD 0.0 0.125 0.743415463042 
PD 0.125 0.0 0.743415463042 
PD 0.125 0.125 0.637213254036 
PD 0.0 0.25 0.0 
PD 0.0 0.375 0.106202209006 
PD 0.125 0.25 0.106202209006 
PD 0.125 0.375 0.0 
PD 0.0 0.25 0.212404418012 
PD 0.0 0.375 0.318606627018 
PD 0.125 0.25 0.318606627018 
PD 0.125 0.375 0.212404418012 
PD 0.0 0.25 0.424808836024 
PD 0.0 0.375 0.53101104503 
PD 0.125 0.25 0.53101104503 
PD 0.125 0.375 0.424808836024 
PD 0.0 0.25 0.637213254036 
PD 0.0 0.375 0.743415463042 
PD 0.125 0.25 0.743415463042 
PD 0.125 0.375 0.637213254036 
PD 0.0 0.5 0.0 
PD 0.0 0.625 0.106202209006 
PD 0.125 0.5 0.106202209006 
PD 0.125 0.625 0.0 
PD 0.0 0.5 0.212404418012 
PD 0.0 0.625 0.318606627018 
PD 0.125 0.5 0.318606627018 
PD 0.125 0.625 0.212404418012 
PD 0.0 0.5 0.424808836024 
PD 0.0 0.625 0.53101104503 
PD 0.125 0.5 0.53101104503 
PD 0.125 0.625 0.424808836024 
PD 0.0 0.5 0.637213254036 
PD 0.0 0.625 0.743415463042 
PD 0.125 0.5 0.743415463042 
PD 0.125 0.625 0.637213254036 
PD 0.0 0.75 0.0 
PD 0.0 0.875 0.106202209006 
PD 0.125 0.75 0.106202209006 
PD 0.125 0.875 0.0 
PD 0.0 0.75 0.212404418012 
PD 0.0 0.875 0.318606627018 
PD 0.125 0.75 0.318606627018 
PD 0.125 0.875 0.212404418012 
PD 0.0 0.75 0.424808836024 
PD 0.0 0.875 0.53101104503 
PD 0.125 0.75 0.53101104503 
PD 0.125 0.875 0.424808836024 
PD 0.0 0.75 0.637213254036 
PD 0.0 0.875 0.743415463042 
PD 0.125 0.75 0.743415463042 
PD 0.125 0.875 0.637213254036 
PD 0.25 0.0 0.0 
PD 0.25 0.125 0.106202209006 
PD 0.375 0.0 0.106202209006 
PD 0.375 0.125 0.0 
PD 0.25 0.0 0.212404418012 
PD 0.25 0.125 0.318606627018 
PD 0.375 0.0 0.318606627018 
PD 0.375 0.125 0.212404418012 
PD 0.25 0.0 0.424808836024 
PD 0.25 0.125 0.53101104503 
PD 0.375 0.0 0.53101104503 
PD 0.375 0.125 0.424808836024 
PD 0.25 0.0 0.637213254036 
PD 0.25 0.125 0.743415463042 
PD 0.375 0.0 0.743415463042 
PD 0.375 0.125 0.637213254036 
PD 0.25 0.25 0.0 
PD 0.25 0.375 0.106202209006 
PD 0.375 0.25 0.106202209006 
PD 0.375 0.375 0.0 
PD 0.25 0.25 0.212404418012 
PD 0.25 0.375 0.318606627018 
PD 0.375 0.25 0.318606627018 
PD 0.375 0.375 0.212404418012 
PD 0.25 0.25 0.424808836024 
PD 0.25 0.375 0.53101104503 
PD 0.375 0.25 0.53101104503 
PD 0.375 0.375 0.424808836024 
PD 0.25 0.25 0.637213254036 
PD 0.25 0.375 0.743415463042 
PD 0.375 0.25 0.743415463042 
PD 0.375 0.375 0.637213254036 
PD 0.25 0.5 0.0 
PD 0.25 0.625 0.106202209006 
PD 0.375 0.5 0.106202209006 
PD 0.375 0.625 0.0 
PD 0.25 0.5 0.212404418012 
PD 0.25 0.625 0.318606627018 
PD 0.375 0.5 0.318606627018 
PD 0.375 0.625 0.212404418012 
PD 0.25 0.5 0.424808836024 
PD 0.25 0.625 0.53101104503 
PD 0.375 0.5 0.53101104503 
PD 0.375 0.625 0.424808836024 
PD 0.25 0.5 0.637213254036 
PD 0.25 0.625 0.743415463042 
PD 0.375 0.5 0.743415463042 
PD 0.375 0.625 0.637213254036 
PD 0.25 0.75 0.0 
PD 0.25 0.875 0.106202209006 
PD 0.375 0.75 0.106202209006 
PD 0.375 0.875 0.0 
PD 0.25 0.75 0.212404418012 
PD 0.25 0.875 0.318606627018 
PD 0.375 0.75 0.318606627018 
PD 0.375 0.875 0.212404418012 
PD 0.25 0.75 0.424808836024 
PD 0.25 0.875 0.53101104503 
PD 0.375 0.75 0.53101104503 
PD 0.375 0.875 0.424808836024 
PD 0.25 0.75 0.637213254036 
PD 0.25 0.875 0.743415463042 
PD 0.375 0.75 0.743415463042 
PD 0.375 0.875 0.637213254036 
PD 0.5 0.0 0.0 
PD 0.5 0.125 0.106202209006 
PD 0.625 0.0 0.106202209006 
PD 0.625 0.125 0.0 
PD 0.5 0.0 0.212404418012 
PD 0.5 0.125 0.318606627018 
PD 0.625 0.0 0.318606627018 
PD 0.625 0.125 0.212404418012 
PD 0.5 0.0 0.424808836024 
PD 0.5 0.125 0.53101104503 
PD 0.625 0.0 0.53101104503 
PD 0.625 0.125 0.424808836024 
PD 0.5 0.0 0.637213254036 
PD 0.5 0.125 0.743415463042 
PD 0.625 0.0 0.743415463042 
PD 0.625 0.125 0.637213254036 
PD 0.5 0.25 0.0 
PD 0.5 0.375 0.106202209006 
PD 0.625 0.25 0.106202209006 
PD 0.625 0.375 0.0 
PD 0.5 0.25 0.212404418012 
PD 0.5 0.375 0.318606627018 
PD 0.625 0.25 0.318606627018 
PD 0.625 0.375 0.212404418012 
PD 0.5 0.25 0.424808836024 
PD 0.5 0.375 0.53101104503 
PD 0.625 0.25 0.53101104503 
PD 0.625 0.375 0.424808836024 
PD 0.5 0.25 0.637213254036 
PD 0.5 0.375 0.743415463042 
PD 0.625 0.25 0.743415463042 
PD 0.625 0.375 0.637213254036 
PD 0.5 0.5 0.0 
PD 0.5 0.625 0.106202209006 
PD 0.625 0.5 0.106202209006 
PD 0.625 0.625 0.0 
PD 0.5 0.5 0.212404418012 
PD 0.5 0.625 0.318606627018 
PD 0.625 0.5 0.318606627018 
PD 0.625 0.625 0.212404418012 
PD 0.5 0.5 0.424808836024 
PD 0.5 0.625 0.53101104503 
PD 0.625 0.5 0.53101104503 
PD 0.625 0.625 0.424808836024 
PD 0.5 0.5 0.637213254036 
PD 0.5 0.625 0.743415463042 
PD 0.625 0.5 0.743415463042 
PD 0.625 0.625 0.637213254036 
PD 0.5 0.75 0.0 
PD 0.5 0.875 0.106202209006 
PD 0.625 0.75 0.106202209006 
PD 0.625 0.875 0.0 
PD 0.5 0.75 0.212404418012 
PD 0.5 0.875 0.318606627018 
PD 0.625 0.75 0.318606627018 
PD 0.625 0.875 0.212404418012 
PD 0.5 0.75 0.424808836024 
PD 0.5 0.875 0.53101104503 
PD 0.625 0.75 0.53101104503 
PD 0.625 0.875 0.424808836024 
PD 0.5 0.75 0.637213254036 
PD 0.5 0.875 0.743415463042 
PD 0.625 0.75 0.743415463042 
PD 0.625 0.875 0.637213254036 
PD 0.75 0.0 0.0 
PD 0.75 0.125 0.106202209006 
PD 0.875 0.0 0.106202209006 
PD 0.875 0.125 0.0 
PD 0.75 0.0 0.212404418012 
PD 0.75 0.125 0.318606627018 
PD 0.875 0.0 0.318606627018 
PD 0.875 0.125 0.212404418012 
PD 0.75 0.0 0.424808836024 
PD 0.75 0.125 0.53101104503 
PD 0.875 0.0 0.53101104503 
PD 0.875 0.125 0.424808836024 
PD 0.75 0.0 0.637213254036 
PD 0.75 0.125 0.743415463042 
PD 0.875 0.0 0.743415463042 
PD 0.875 0.125 0.637213254036 
PD 0.75 0.25 0.0 
PD 0.75 0.375 0.106202209006 
PD 0.875 0.25 0.106202209006 
PD 0.875 0.375 0.0 
PD 0.75 0.25 0.212404418012 
PD 0.75 0.375 0.318606627018 
PD 0.875 0.25 0.318606627018 
PD 0.875 0.375 0.212404418012 
PD 0.75 0.25 0.424808836024 
PD 0.75 0.375 0.53101104503 
PD 0.875 0.25 0.53101104503 
PD 0.875 0.375 0.424808836024 
PD 0.75 0.25 0.637213254036 
PD 0.75 0.375 0.743415463042 
PD 0.875 0.25 0.743415463042 
PD 0.875 0.375 0.637213254036 
PD 0.75 0.5 0.0 
PD 0.75 0.625 0.106202209006 
PD 0.875 0.5 0.106202209006 
PD 0.875 0.625 0.0 
PD 0.75 0.5 0.212404418012 
PD 0.75 0.625 0.318606627018 
PD 0.875 0.5 0.318606627018 
PD 0.875 0.625 0.212404418012 
PD 0.75 0.5 0.424808836024 
PD 0.75 0.625 0.53101104503 
PD 0.875 0.5 0.53101104503 
PD 0.875 0.625 0.424808836024 
PD 0.75 0.5 0.637213254036 
PD 0.75 0.625 0.743415463042 
PD 0.875 0.5 0.743415463042 
PD 0.875 0.625 0.637213254036 
PD 0.75 0.75 0.0 
PD 0.75 0.875 0.106202209006 
PD 0.875 0.75 0.106202209006 
PD 0.875 0.875 0.0 
PD 0.75 0.75 0.212404418012 
PD 0.75 0.875 0.318606627018 
PD 0.875 0.75 0.318606627018 
PD 0.875 0.875 0.212404418012 
PD 0.75 0.75 0.424808836024 
PD 0.75 0.875 0.53101104503 
PD 0.875 0.75 0.53101104503 
PD 0.875 0.875 0.424808836024 
PD 0.75 0.75 0.637213254036 
PD 0.75 0.875 0.743415463042 
PD 0.875 0.75 0.743415463042 
PD 0.875 0.875 0.637213254036 
