#L_UNITS ang
#E_UNITS eV
#S_UNITS GPA
#F_UNITS EV/ANG
#ALAT 15.56
#X 1.0 0.0 0.0
#Y 0.0 1.0 0.0
#Z 0.0 0.0 1.546
#C 1 1 1
#RCUT 6.5
#EPA -3.91
PD 0.0 0.0 0.0 
PD 0.0 0.125 0.0808538163001 
PD 0.125 0.0 0.0808538163001 
PD 0.125 0.125 0.0 
PD 0.0 0.0 0.1617076326 
PD 0.0 0.125 0.2425614489 
PD 0.125 0.0 0.2425614489 
PD 0.125 0.125 0.1617076326 
PD 0.0 0.0 0.323415265201 
PD 0.0 0.125 0.404269081501 
PD 0.125 0.0 0.404269081501 
PD 0.125 0.125 0.323415265201 
PD 0.0 0.0 0.485122897801 
PD 0.0 0.125 0.565976714101 
PD 0.125 0.0 0.565976714101 
PD 0.125 0.125 0.485122897801 
PD 0.0 0.25 0.0 
PD 0.0 0.375 0.0808538163001 
PD 0.125 0.25 0.0808538163001 
PD 0.125 0.375 0.0 
PD 0.0 0.25 0.1617076326 
PD 0.0 0.375 0.2425614489 
PD 0.125 0.25 0.2425614489 
PD 0.125 0.375 0.1617076326 
PD 0.0 0.25 0.323415265201 
PD 0.0 0.375 0.404269081501 
PD 0.125 0.25 0.404269081501 
PD 0.125 0.375 0.323415265201 
PD 0.0 0.25 0.485122897801 
PD 0.0 0.375 0.565976714101 
PD 0.125 0.25 0.565976714101 
PD 0.125 0.375 0.485122897801 
PD 0.0 0.5 0.0 
PD 0.0 0.625 0.0808538163001 
PD 0.125 0.5 0.0808538163001 
PD 0.125 0.625 0.0 
PD 0.0 0.5 0.1617076326 
PD 0.0 0.625 0.2425614489 
PD 0.125 0.5 0.2425614489 
PD 0.125 0.625 0.1617076326 
PD 0.0 0.5 0.323415265201 
PD 0.0 0.625 0.404269081501 
PD 0.125 0.5 0.404269081501 
PD 0.125 0.625 0.323415265201 
PD 0.0 0.5 0.485122897801 
PD 0.0 0.625 0.565976714101 
PD 0.125 0.5 0.565976714101 
PD 0.125 0.625 0.485122897801 
PD 0.0 0.75 0.0 
PD 0.0 0.875 0.0808538163001 
PD 0.125 0.75 0.0808538163001 
PD 0.125 0.875 0.0 
PD 0.0 0.75 0.1617076326 
PD 0.0 0.875 0.2425614489 
PD 0.125 0.75 0.2425614489 
PD 0.125 0.875 0.1617076326 
PD 0.0 0.75 0.323415265201 
PD 0.0 0.875 0.404269081501 
PD 0.125 0.75 0.404269081501 
PD 0.125 0.875 0.323415265201 
PD 0.0 0.75 0.485122897801 
PD 0.0 0.875 0.565976714101 
PD 0.125 0.75 0.565976714101 
PD 0.125 0.875 0.485122897801 
PD 0.25 0.0 0.0 
PD 0.25 0.125 0.0808538163001 
PD 0.375 0.0 0.0808538163001 
PD 0.375 0.125 0.0 
PD 0.25 0.0 0.1617076326 
PD 0.25 0.125 0.2425614489 
PD 0.375 0.0 0.2425614489 
PD 0.375 0.125 0.1617076326 
PD 0.25 0.0 0.323415265201 
PD 0.25 0.125 0.404269081501 
PD 0.375 0.0 0.404269081501 
PD 0.375 0.125 0.323415265201 
PD 0.25 0.0 0.485122897801 
PD 0.25 0.125 0.565976714101 
PD 0.375 0.0 0.565976714101 
PD 0.375 0.125 0.485122897801 
PD 0.25 0.25 0.0 
PD 0.25 0.375 0.0808538163001 
PD 0.375 0.25 0.0808538163001 
PD 0.375 0.375 0.0 
PD 0.25 0.25 0.1617076326 
PD 0.25 0.375 0.2425614489 
PD 0.375 0.25 0.2425614489 
PD 0.375 0.375 0.1617076326 
PD 0.25 0.25 0.323415265201 
PD 0.25 0.375 0.404269081501 
PD 0.375 0.25 0.404269081501 
PD 0.375 0.375 0.323415265201 
PD 0.25 0.25 0.485122897801 
PD 0.25 0.375 0.565976714101 
PD 0.375 0.25 0.565976714101 
PD 0.375 0.375 0.485122897801 
PD 0.25 0.5 0.0 
PD 0.25 0.625 0.0808538163001 
PD 0.375 0.5 0.0808538163001 
PD 0.375 0.625 0.0 
PD 0.25 0.5 0.1617076326 
PD 0.25 0.625 0.2425614489 
PD 0.375 0.5 0.2425614489 
PD 0.375 0.625 0.1617076326 
PD 0.25 0.5 0.323415265201 
PD 0.25 0.625 0.404269081501 
PD 0.375 0.5 0.404269081501 
PD 0.375 0.625 0.323415265201 
PD 0.25 0.5 0.485122897801 
PD 0.25 0.625 0.565976714101 
PD 0.375 0.5 0.565976714101 
PD 0.375 0.625 0.485122897801 
PD 0.25 0.75 0.0 
PD 0.25 0.875 0.0808538163001 
PD 0.375 0.75 0.0808538163001 
PD 0.375 0.875 0.0 
PD 0.25 0.75 0.1617076326 
PD 0.25 0.875 0.2425614489 
PD 0.375 0.75 0.2425614489 
PD 0.375 0.875 0.1617076326 
PD 0.25 0.75 0.323415265201 
PD 0.25 0.875 0.404269081501 
PD 0.375 0.75 0.404269081501 
PD 0.375 0.875 0.323415265201 
PD 0.25 0.75 0.485122897801 
PD 0.25 0.875 0.565976714101 
PD 0.375 0.75 0.565976714101 
PD 0.375 0.875 0.485122897801 
PD 0.5 0.0 0.0 
PD 0.5 0.125 0.0808538163001 
PD 0.625 0.0 0.0808538163001 
PD 0.625 0.125 0.0 
PD 0.5 0.0 0.1617076326 
PD 0.5 0.125 0.2425614489 
PD 0.625 0.0 0.2425614489 
PD 0.625 0.125 0.1617076326 
PD 0.5 0.0 0.323415265201 
PD 0.5 0.125 0.404269081501 
PD 0.625 0.0 0.404269081501 
PD 0.625 0.125 0.323415265201 
PD 0.5 0.0 0.485122897801 
PD 0.5 0.125 0.565976714101 
PD 0.625 0.0 0.565976714101 
PD 0.625 0.125 0.485122897801 
PD 0.5 0.25 0.0 
PD 0.5 0.375 0.0808538163001 
PD 0.625 0.25 0.0808538163001 
PD 0.625 0.375 0.0 
PD 0.5 0.25 0.1617076326 
PD 0.5 0.375 0.2425614489 
PD 0.625 0.25 0.2425614489 
PD 0.625 0.375 0.1617076326 
PD 0.5 0.25 0.323415265201 
PD 0.5 0.375 0.404269081501 
PD 0.625 0.25 0.404269081501 
PD 0.625 0.375 0.323415265201 
PD 0.5 0.25 0.485122897801 
PD 0.5 0.375 0.565976714101 
PD 0.625 0.25 0.565976714101 
PD 0.625 0.375 0.485122897801 
PD 0.5 0.5 0.0 
PD 0.5 0.625 0.0808538163001 
PD 0.625 0.5 0.0808538163001 
PD 0.625 0.625 0.0 
PD 0.5 0.5 0.1617076326 
PD 0.5 0.625 0.2425614489 
PD 0.625 0.5 0.2425614489 
PD 0.625 0.625 0.1617076326 
PD 0.5 0.5 0.323415265201 
PD 0.5 0.625 0.404269081501 
PD 0.625 0.5 0.404269081501 
PD 0.625 0.625 0.323415265201 
PD 0.5 0.5 0.485122897801 
PD 0.5 0.625 0.565976714101 
PD 0.625 0.5 0.565976714101 
PD 0.625 0.625 0.485122897801 
PD 0.5 0.75 0.0 
PD 0.5 0.875 0.0808538163001 
PD 0.625 0.75 0.0808538163001 
PD 0.625 0.875 0.0 
PD 0.5 0.75 0.1617076326 
PD 0.5 0.875 0.2425614489 
PD 0.625 0.75 0.2425614489 
PD 0.625 0.875 0.1617076326 
PD 0.5 0.75 0.323415265201 
PD 0.5 0.875 0.404269081501 
PD 0.625 0.75 0.404269081501 
PD 0.625 0.875 0.323415265201 
PD 0.5 0.75 0.485122897801 
PD 0.5 0.875 0.565976714101 
PD 0.625 0.75 0.565976714101 
PD 0.625 0.875 0.485122897801 
PD 0.75 0.0 0.0 
PD 0.75 0.125 0.0808538163001 
PD 0.875 0.0 0.0808538163001 
PD 0.875 0.125 0.0 
PD 0.75 0.0 0.1617076326 
PD 0.75 0.125 0.2425614489 
PD 0.875 0.0 0.2425614489 
PD 0.875 0.125 0.1617076326 
PD 0.75 0.0 0.323415265201 
PD 0.75 0.125 0.404269081501 
PD 0.875 0.0 0.404269081501 
PD 0.875 0.125 0.323415265201 
PD 0.75 0.0 0.485122897801 
PD 0.75 0.125 0.565976714101 
PD 0.875 0.0 0.565976714101 
PD 0.875 0.125 0.485122897801 
PD 0.75 0.25 0.0 
PD 0.75 0.375 0.0808538163001 
PD 0.875 0.25 0.0808538163001 
PD 0.875 0.375 0.0 
PD 0.75 0.25 0.1617076326 
PD 0.75 0.375 0.2425614489 
PD 0.875 0.25 0.2425614489 
PD 0.875 0.375 0.1617076326 
PD 0.75 0.25 0.323415265201 
PD 0.75 0.375 0.404269081501 
PD 0.875 0.25 0.404269081501 
PD 0.875 0.375 0.323415265201 
PD 0.75 0.25 0.485122897801 
PD 0.75 0.375 0.565976714101 
PD 0.875 0.25 0.565976714101 
PD 0.875 0.375 0.485122897801 
PD 0.75 0.5 0.0 
PD 0.75 0.625 0.0808538163001 
PD 0.875 0.5 0.0808538163001 
PD 0.875 0.625 0.0 
PD 0.75 0.5 0.1617076326 
PD 0.75 0.625 0.2425614489 
PD 0.875 0.5 0.2425614489 
PD 0.875 0.625 0.1617076326 
PD 0.75 0.5 0.323415265201 
PD 0.75 0.625 0.404269081501 
PD 0.875 0.5 0.404269081501 
PD 0.875 0.625 0.323415265201 
PD 0.75 0.5 0.485122897801 
PD 0.75 0.625 0.565976714101 
PD 0.875 0.5 0.565976714101 
PD 0.875 0.625 0.485122897801 
PD 0.75 0.75 0.0 
PD 0.75 0.875 0.0808538163001 
PD 0.875 0.75 0.0808538163001 
PD 0.875 0.875 0.0 
PD 0.75 0.75 0.1617076326 
PD 0.75 0.875 0.2425614489 
PD 0.875 0.75 0.2425614489 
PD 0.875 0.875 0.1617076326 
PD 0.75 0.75 0.323415265201 
PD 0.75 0.875 0.404269081501 
PD 0.875 0.75 0.404269081501 
PD 0.875 0.875 0.323415265201 
PD 0.75 0.75 0.485122897801 
PD 0.75 0.875 0.565976714101 
PD 0.875 0.75 0.565976714101 
PD 0.875 0.875 0.485122897801 
