########################
# 00000001
########################
RSS 29502.945669687255
BP 0:
a0:   4.1453e+00   e0:  -2.1586e+00   b0:   1.4363e+03   
P: 
  1.1182e+02   1.3507e+01  -1.8509e+02   8.7691e+01  -6.8803e+01 
  4.5683e+01  -2.4237e+01   1.9282e+01  -7.2464e+00   1.0122e+00 
 -6.1327e-03  -1.9494e+00   3.0356e+01   2.4336e+01   3.4958e+01 
  1.6230e+01   1.7858e+01   7.6644e+00   1.2400e+00   4.4252e-01 
  1.0904e-01   2.0054e-02   2.2962e-03   2.5583e-03   1.0877e-03 
  7.9882e-05   4.1882e-05   4.4069e-05  -7.1286e+00   5.2429e+00 


########################
# 00000002
########################
RSS 42148.2574523825
BP 0:
a0:   4.1034e+00   e0:  -3.2443e+00   b0:   1.9672e+03   
P: 
  1.1041e+02   1.3237e+01  -1.6720e+02   9.4972e+01  -6.5448e+01 
  5.8060e+01  -2.9561e+01   2.2790e+01  -8.5769e+00   1.2044e+00 
 -6.2898e-03  -1.9494e+00   3.0356e+01   2.4336e+01   3.4958e+01 
  1.6230e+01   1.7858e+01   7.6644e+00   1.2400e+00   4.4252e-01 
  1.0904e-01   2.0054e-02   2.2962e-03   2.5583e-03   1.0877e-03 
  7.9882e-05   4.1882e-05   4.4069e-05  -8.6288e+00   4.8840e+00 


########################
# 00000003
########################
RSS 48917.77173257963
BP 0:
a0:   4.1238e+00   e0:  -4.7635e+00   b0:   2.1186e+03   
P: 
  1.0175e+02   1.4185e+01  -1.8154e+02   9.9910e+01  -7.0913e+01 
  6.2846e+01  -3.2017e+01   2.4925e+01  -8.9744e+00   1.1067e+00 
 -6.0322e-03  -1.9494e+00   3.0356e+01   2.4336e+01   3.4958e+01 
  1.6230e+01   1.7858e+01   7.6644e+00   1.2400e+00   4.4252e-01 
  1.0904e-01   2.0054e-02   2.2962e-03   2.5583e-03   1.0877e-03 
  7.9882e-05   4.1882e-05   4.4069e-05  -7.7991e+00   4.7239e+00 


########################
# 00000004
########################
RSS 53592.1770576765
BP 0:
a0:   4.0830e+00   e0:  -3.1983e+00   b0:   2.1821e+03   
P: 
  1.0141e+02   1.4039e+01  -1.9050e+02   9.8048e+01  -6.8484e+01 
  6.3955e+01  -3.0860e+01   2.2883e+01  -8.5252e+00   1.1998e+00 
 -6.2397e-03  -1.9494e+00   3.0356e+01   2.4336e+01   3.4958e+01 
  1.6230e+01   1.7858e+01   7.6644e+00   1.2400e+00   4.4252e-01 
  1.0904e-01   2.0054e-02   2.2962e-03   2.5583e-03   1.0877e-03 
  7.9882e-05   4.1882e-05   4.4069e-05  -8.4587e+00   5.1366e+00 


########################
# 00000005
########################
RSS 53822.392947643566
BP 0:
a0:   4.1420e+00   e0:  -3.5897e+00   b0:   2.1799e+03   
P: 
  1.0932e+02   1.4746e+01  -1.9745e+02   1.0511e+02  -7.3423e+01 
  6.1405e+01  -3.0435e+01   2.4557e+01  -9.1647e+00   1.2253e+00 
 -5.8372e-03  -1.9494e+00   3.0356e+01   2.4336e+01   3.4958e+01 
  1.6230e+01   1.7858e+01   7.6644e+00   1.2400e+00   4.4252e-01 
  1.0904e-01   2.0054e-02   2.2962e-03   2.5583e-03   1.0877e-03 
  7.9882e-05   4.1882e-05   4.4069e-05  -8.3582e+00   5.2248e+00 


########################
# 00000006
########################
RSS 58062.65679807067
BP 0:
a0:   4.0872e+00   e0:  -5.3849e+00   b0:   2.1553e+03   
P: 
  1.0162e+02   1.3380e+01  -1.9492e+02   1.0400e+02  -7.4294e+01 
  6.0115e+01  -2.7845e+01   2.1967e+01  -8.5964e+00   1.2496e+00 
 -6.2941e-03  -1.9494e+00   3.0356e+01   2.4336e+01   3.4958e+01 
  1.6230e+01   1.7858e+01   7.6644e+00   1.2400e+00   4.4252e-01 
  1.0904e-01   2.0054e-02   2.2962e-03   2.5583e-03   1.0877e-03 
  7.9882e-05   4.1882e-05   4.4069e-05  -8.0016e+00   5.4066e+00 


########################
# 00000007
########################
RSS 60098.809103901294
BP 0:
a0:   4.1064e+00   e0:  -3.0324e+00   b0:   2.2497e+03   
P: 
  1.0207e+02   1.5231e+01  -1.9454e+02   1.0428e+02  -7.0100e+01 
  6.4063e+01  -3.0221e+01   2.2870e+01  -8.4058e+00   1.1386e+00 
 -5.9363e-03  -1.9494e+00   3.0356e+01   2.4336e+01   3.4958e+01 
  1.6230e+01   1.7858e+01   7.6644e+00   1.2400e+00   4.4252e-01 
  1.0904e-01   2.0054e-02   2.2962e-03   2.5583e-03   1.0877e-03 
  7.9882e-05   4.1882e-05   4.4069e-05  -9.3391e+00   4.8515e+00 


########################
# 00000008
########################
RSS 60425.26784414548
BP 0:
a0:   4.1300e+00   e0:  -3.3907e+00   b0:   2.2307e+03   
P: 
  1.1057e+02   1.3377e+01  -1.7919e+02   1.0165e+02  -6.6401e+01 
  5.8808e+01  -2.7584e+01   2.2637e+01  -8.8110e+00   1.2796e+00 
 -6.1641e-03  -1.9494e+00   3.0356e+01   2.4336e+01   3.4958e+01 
  1.6230e+01   1.7858e+01   7.6644e+00   1.2400e+00   4.4252e-01 
  1.0904e-01   2.0054e-02   2.2962e-03   2.5583e-03   1.0877e-03 
  7.9882e-05   4.1882e-05   4.4069e-05  -8.3967e+00   5.2290e+00 


########################
# 00000009
########################
RSS 63170.84481334007
BP 0:
a0:   4.1874e+00   e0:  -3.6908e+00   b0:   2.2810e+03   
P: 
  1.0022e+02   1.5067e+01  -1.7228e+02   1.0798e+02  -6.1773e+01 
  5.8117e+01  -2.9683e+01   2.5817e+01  -9.6560e+00   1.2592e+00 
 -6.9079e-03  -1.9494e+00   3.0356e+01   2.4336e+01   3.4958e+01 
  1.6230e+01   1.7858e+01   7.6644e+00   1.2400e+00   4.4252e-01 
  1.0904e-01   2.0054e-02   2.2962e-03   2.5583e-03   1.0877e-03 
  7.9882e-05   4.1882e-05   4.4069e-05  -8.7954e+00   4.4611e+00 


########################
# 00000010
########################
RSS 66054.86495197327
BP 0:
a0:   4.1541e+00   e0:  -2.8755e+00   b0:   2.3682e+03   
P: 
  9.9211e+01   1.3499e+01  -1.8052e+02   9.2070e+01  -6.6760e+01 
  6.8202e+01  -3.4672e+01   2.6901e+01  -9.3204e+00   1.0794e+00 
 -6.1620e-03  -1.9494e+00   3.0356e+01   2.4336e+01   3.4958e+01 
  1.6230e+01   1.7858e+01   7.6644e+00   1.2400e+00   4.4252e-01 
  1.0904e-01   2.0054e-02   2.2962e-03   2.5583e-03   1.0877e-03 
  7.9882e-05   4.1882e-05   4.4069e-05  -7.5321e+00   5.1046e+00 


########################
# 00000011
########################
RSS 66293.63666820033
BP 0:
a0:   4.0794e+00   e0:  -5.2484e+00   b0:   2.3628e+03   
P: 
  9.2759e+01   1.4643e+01  -1.8570e+02   9.0130e+01  -7.4890e+01 
  6.8745e+01  -3.2668e+01   2.4490e+01  -9.1001e+00   1.2275e+00 
 -6.1986e-03  -1.9494e+00   3.0356e+01   2.4336e+01   3.4958e+01 
  1.6230e+01   1.7858e+01   7.6644e+00   1.2400e+00   4.4252e-01 
  1.0904e-01   2.0054e-02   2.2962e-03   2.5583e-03   1.0877e-03 
  7.9882e-05   4.1882e-05   4.4069e-05  -7.3662e+00   4.8101e+00 


########################
# 00000012
########################
RSS 66809.49759318895
BP 0:
a0:   4.1045e+00   e0:  -2.1841e+00   b0:   2.2839e+03   
P: 
  1.0987e+02   1.3537e+01  -1.9115e+02   8.9985e+01  -6.7965e+01 
  6.6703e+01  -3.2121e+01   2.3696e+01  -8.5173e+00   1.1281e+00 
 -5.7708e-03  -1.9494e+00   3.0356e+01   2.4336e+01   3.4958e+01 
  1.6230e+01   1.7858e+01   7.6644e+00   1.2400e+00   4.4252e-01 
  1.0904e-01   2.0054e-02   2.2962e-03   2.5583e-03   1.0877e-03 
  7.9882e-05   4.1882e-05   4.4069e-05  -8.7388e+00   5.5548e+00 


########################
# 00000013
########################
RSS 67312.56081560664
BP 0:
a0:   4.1020e+00   e0:  -3.0651e+00   b0:   2.3685e+03   
P: 
  9.0161e+01   1.5068e+01  -1.5810e+02   8.5632e+01  -7.7728e+01 
  6.9367e+01  -3.2089e+01   2.3741e+01  -8.5995e+00   1.1419e+00 
 -6.8133e-03  -1.9494e+00   3.0356e+01   2.4336e+01   3.4958e+01 
  1.6230e+01   1.7858e+01   7.6644e+00   1.2400e+00   4.4252e-01 
  1.0904e-01   2.0054e-02   2.2962e-03   2.5583e-03   1.0877e-03 
  7.9882e-05   4.1882e-05   4.4069e-05  -6.0358e+00   4.2529e+00 


########################
# 00000014
########################
RSS 69367.01822729998
BP 0:
a0:   4.1427e+00   e0:  -5.3682e+00   b0:   2.2850e+03   
P: 
  1.0017e+02   1.4303e+01  -1.8847e+02   1.0651e+02  -7.1200e+01 
  5.8233e+01  -2.7290e+01   2.3616e+01  -9.3122e+00   1.3213e+00 
 -6.2175e-03  -1.9494e+00   3.0356e+01   2.4336e+01   3.4958e+01 
  1.6230e+01   1.7858e+01   7.6644e+00   1.2400e+00   4.4252e-01 
  1.0904e-01   2.0054e-02   2.2962e-03   2.5583e-03   1.0877e-03 
  7.9882e-05   4.1882e-05   4.4069e-05  -9.1294e+00   5.5246e+00 


########################
# 00000015
########################
RSS 70630.7211744608
BP 0:
a0:   4.1241e+00   e0:  -1.1415e+00   b0:   2.0680e+03   
P: 
  9.7535e+01   1.2908e+01  -1.7804e+02   9.8995e+01  -6.9018e+01 
  5.9070e+01  -2.8187e+01   2.1612e+01  -8.0825e+00   1.1631e+00 
 -6.4359e-03  -1.9494e+00   3.0356e+01   2.4336e+01   3.4958e+01 
  1.6230e+01   1.7858e+01   7.6644e+00   1.2400e+00   4.4252e-01 
  1.0904e-01   2.0054e-02   2.2962e-03   2.5583e-03   1.0877e-03 
  7.9882e-05   4.1882e-05   4.4069e-05  -8.9873e+00   5.2422e+00 


########################
# 00000016
########################
RSS 71606.74052135351
BP 0:
a0:   4.1887e+00   e0:  -1.0615e+00   b0:   1.9043e+03   
P: 
  8.3654e+01   1.2031e+01  -1.8937e+02   9.7823e+01  -7.9630e+01 
  5.3294e+01  -2.5342e+01   2.1022e+01  -7.7981e+00   1.0596e+00 
 -5.7228e-03  -1.9494e+00   3.0356e+01   2.4336e+01   3.4958e+01 
  1.6230e+01   1.7858e+01   7.6644e+00   1.2400e+00   4.4252e-01 
  1.0904e-01   2.0054e-02   2.2962e-03   2.5583e-03   1.0877e-03 
  7.9882e-05   4.1882e-05   4.4069e-05  -8.0901e+00   6.1578e+00 


########################
# 00000017
########################
RSS 73765.43399000487
BP 0:
a0:   4.0842e+00   e0:  -6.4143e+00   b0:   2.2880e+03   
P: 
  1.0656e+02   1.2840e+01  -1.8249e+02   1.0778e+02  -7.2729e+01 
  6.5615e+01  -3.1180e+01   2.3838e+01  -8.8200e+00   1.1445e+00 
 -6.1583e-03  -1.9494e+00   3.0356e+01   2.4336e+01   3.4958e+01 
  1.6230e+01   1.7858e+01   7.6644e+00   1.2400e+00   4.4252e-01 
  1.0904e-01   2.0054e-02   2.2962e-03   2.5583e-03   1.0877e-03 
  7.9882e-05   4.1882e-05   4.4069e-05  -8.1552e+00   4.9396e+00 


########################
# 00000018
########################
RSS 74070.68698054877
BP 0:
a0:   4.1268e+00   e0:  -7.2726e-01   b0:   2.0454e+03   
P: 
  9.4568e+01   1.3119e+01  -1.9617e+02   1.0305e+02  -6.9840e+01 
  6.2139e+01  -3.1094e+01   2.3101e+01  -8.2382e+00   1.0934e+00 
 -5.9436e-03  -1.9494e+00   3.0356e+01   2.4336e+01   3.4958e+01 
  1.6230e+01   1.7858e+01   7.6644e+00   1.2400e+00   4.4252e-01 
  1.0904e-01   2.0054e-02   2.2962e-03   2.5583e-03   1.0877e-03 
  7.9882e-05   4.1882e-05   4.4069e-05  -8.6803e+00   5.5702e+00 


########################
# 00000019
########################
RSS 74194.14326903099
BP 0:
a0:   4.1180e+00   e0:  -1.0817e+00   b0:   2.1635e+03   
P: 
  1.0253e+02   1.2972e+01  -1.7697e+02   9.4623e+01  -6.9130e+01 
  6.4114e+01  -3.1615e+01   2.3554e+01  -8.5227e+00   1.1604e+00 
 -6.1157e-03  -1.9494e+00   3.0356e+01   2.4336e+01   3.4958e+01 
  1.6230e+01   1.7858e+01   7.6644e+00   1.2400e+00   4.4252e-01 
  1.0904e-01   2.0054e-02   2.2962e-03   2.5583e-03   1.0877e-03 
  7.9882e-05   4.1882e-05   4.4069e-05  -9.0732e+00   4.8514e+00 


########################
# 00000020
########################
RSS 74929.98567407868
BP 0:
a0:   4.1670e+00   e0:  -4.0896e+00   b0:   2.3996e+03   
P: 
  9.6229e+01   1.5506e+01  -1.6765e+02   1.0656e+02  -6.8599e+01 
  6.1293e+01  -2.8744e+01   2.4407e+01  -9.0836e+00   1.1681e+00 
 -5.5866e-03  -1.9494e+00   3.0356e+01   2.4336e+01   3.4958e+01 
  1.6230e+01   1.7858e+01   7.6644e+00   1.2400e+00   4.4252e-01 
  1.0904e-01   2.0054e-02   2.2962e-03   2.5583e-03   1.0877e-03 
  7.9882e-05   4.1882e-05   4.4069e-05  -8.6530e+00   4.9172e+00 


########################
# 00000021
########################
RSS 76671.03938040721
BP 0:
a0:   4.0651e+00   e0:  -6.3442e+00   b0:   2.3454e+03   
P: 
  9.6496e+01   1.4490e+01  -1.9732e+02   9.3177e+01  -6.5837e+01 
  6.5402e+01  -3.0467e+01   2.3031e+01  -8.7190e+00   1.1986e+00 
 -6.1635e-03  -1.9494e+00   3.0356e+01   2.4336e+01   3.4958e+01 
  1.6230e+01   1.7858e+01   7.6644e+00   1.2400e+00   4.4252e-01 
  1.0904e-01   2.0054e-02   2.2962e-03   2.5583e-03   1.0877e-03 
  7.9882e-05   4.1882e-05   4.4069e-05  -7.7973e+00   5.6377e+00 


########################
# 00000022
########################
RSS 78721.63327866043
BP 0:
a0:   4.1489e+00   e0:  -5.3433e+00   b0:   2.4655e+03   
P: 
  1.0854e+02   1.4488e+01  -1.8870e+02   9.9326e+01  -7.3129e+01 
  6.6598e+01  -3.1445e+01   2.5537e+01  -9.1822e+00   1.0900e+00 
 -5.8404e-03  -1.9494e+00   3.0356e+01   2.4336e+01   3.4958e+01 
  1.6230e+01   1.7858e+01   7.6644e+00   1.2400e+00   4.4252e-01 
  1.0904e-01   2.0054e-02   2.2962e-03   2.5583e-03   1.0877e-03 
  7.9882e-05   4.1882e-05   4.4069e-05  -7.4575e+00   4.3660e+00 


########################
# 00000023
########################
RSS 80955.03330505325
BP 0:
a0:   4.2006e+00   e0:  -1.1352e+00   b0:   2.1552e+03   
P: 
  9.8841e+01   1.3076e+01  -1.9161e+02   9.4112e+01  -7.4104e+01 
  6.0405e+01  -3.0641e+01   2.5053e+01  -8.8463e+00   1.0826e+00 
 -6.7128e-03  -1.9494e+00   3.0356e+01   2.4336e+01   3.4958e+01 
  1.6230e+01   1.7858e+01   7.6644e+00   1.2400e+00   4.4252e-01 
  1.0904e-01   2.0054e-02   2.2962e-03   2.5583e-03   1.0877e-03 
  7.9882e-05   4.1882e-05   4.4069e-05  -8.3969e+00   4.6725e+00 


########################
# 00000024
########################
RSS 82916.70302461312
BP 0:
a0:   4.1411e+00   e0:  -6.4462e+00   b0:   2.3518e+03   
P: 
  9.4380e+01   1.3694e+01  -1.7855e+02   9.8692e+01  -7.2718e+01 
  6.1863e+01  -2.9022e+01   2.4384e+01  -9.1590e+00   1.1713e+00 
 -6.6923e-03  -1.9494e+00   3.0356e+01   2.4336e+01   3.4958e+01 
  1.6230e+01   1.7858e+01   7.6644e+00   1.2400e+00   4.4252e-01 
  1.0904e-01   2.0054e-02   2.2962e-03   2.5583e-03   1.0877e-03 
  7.9882e-05   4.1882e-05   4.4069e-05  -8.3747e+00   5.1886e+00 


########################
# 00000025
########################
RSS 82924.94597851021
BP 0:
a0:   4.1959e+00   e0:  -6.4808e-01   b0:   2.0941e+03   
P: 
  1.1135e+02   1.1958e+01  -2.0014e+02   1.0679e+02  -6.5692e+01 
  5.7918e+01  -3.0526e+01   2.5343e+01  -9.3139e+00   1.2387e+00 
 -5.7167e-03  -1.9494e+00   3.0356e+01   2.4336e+01   3.4958e+01 
  1.6230e+01   1.7858e+01   7.6644e+00   1.2400e+00   4.4252e-01 
  1.0904e-01   2.0054e-02   2.2962e-03   2.5583e-03   1.0877e-03 
  7.9882e-05   4.1882e-05   4.4069e-05  -6.8252e+00   4.3720e+00 


########################
# 00000026
########################
RSS 83562.69233314926
BP 0:
a0:   4.0874e+00   e0:  -4.7515e+00   b0:   2.5122e+03   
P: 
  9.7087e+01   1.3050e+01  -1.9755e+02   1.0540e+02  -6.5190e+01 
  6.5793e+01  -2.7669e+01   2.0954e+01  -7.8651e+00   1.0881e+00 
 -6.7192e-03  -1.9494e+00   3.0356e+01   2.4336e+01   3.4958e+01 
  1.6230e+01   1.7858e+01   7.6644e+00   1.2400e+00   4.4252e-01 
  1.0904e-01   2.0054e-02   2.2962e-03   2.5583e-03   1.0877e-03 
  7.9882e-05   4.1882e-05   4.4069e-05  -8.4519e+00   4.6467e+00 


########################
# 00000027
########################
RSS 86136.27181792972
BP 0:
a0:   4.1447e+00   e0:  -1.9295e+00   b0:   2.4920e+03   
P: 
  9.3604e+01   1.4201e+01  -1.6855e+02   1.0644e+02  -7.0457e+01 
  6.9172e+01  -3.3180e+01   2.5816e+01  -9.2799e+00   1.1920e+00 
 -5.7619e-03  -1.9494e+00   3.0356e+01   2.4336e+01   3.4958e+01 
  1.6230e+01   1.7858e+01   7.6644e+00   1.2400e+00   4.4252e-01 
  1.0904e-01   2.0054e-02   2.2962e-03   2.5583e-03   1.0877e-03 
  7.9882e-05   4.1882e-05   4.4069e-05  -7.7501e+00   4.4115e+00 


########################
# 00000028
########################
RSS 86712.48156800306
BP 0:
a0:   4.0568e+00   e0:  -6.3808e+00   b0:   2.5058e+03   
P: 
  9.6573e+01   1.3258e+01  -1.8790e+02   1.0481e+02  -6.3204e+01 
  6.9367e+01  -3.2012e+01   2.3643e+01  -8.8258e+00   1.1981e+00 
 -6.2483e-03  -1.9494e+00   3.0356e+01   2.4336e+01   3.4958e+01 
  1.6230e+01   1.7858e+01   7.6644e+00   1.2400e+00   4.4252e-01 
  1.0904e-01   2.0054e-02   2.2962e-03   2.5583e-03   1.0877e-03 
  7.9882e-05   4.1882e-05   4.4069e-05  -8.7206e+00   5.4312e+00 


########################
# 00000029
########################
RSS 87881.26488881522
BP 0:
a0:   4.1190e+00   e0:  -4.3279e+00   b0:   2.5729e+03   
P: 
  1.0086e+02   1.5347e+01  -1.9121e+02   9.6376e+01  -7.3619e+01 
  6.6919e+01  -2.9097e+01   2.3273e+01  -8.8638e+00   1.2347e+00 
 -6.4237e-03  -1.9494e+00   3.0356e+01   2.4336e+01   3.4958e+01 
  1.6230e+01   1.7858e+01   7.6644e+00   1.2400e+00   4.4252e-01 
  1.0904e-01   2.0054e-02   2.2962e-03   2.5583e-03   1.0877e-03 
  7.9882e-05   4.1882e-05   4.4069e-05  -8.6379e+00   5.3893e+00 


########################
# 00000030
########################
RSS 87906.9891724017
BP 0:
a0:   4.1367e+00   e0:  -1.1035e+00   b0:   2.3249e+03   
P: 
  9.1463e+01   1.4170e+01  -1.8804e+02   1.0335e+02  -7.1522e+01 
  6.5083e+01  -3.0621e+01   2.3534e+01  -8.5856e+00   1.1699e+00 
 -6.2842e-03  -1.9494e+00   3.0356e+01   2.4336e+01   3.4958e+01 
  1.6230e+01   1.7858e+01   7.6644e+00   1.2400e+00   4.4252e-01 
  1.0904e-01   2.0054e-02   2.2962e-03   2.5583e-03   1.0877e-03 
  7.9882e-05   4.1882e-05   4.4069e-05  -8.9313e+00   5.3596e+00 


########################
# 00000031
########################
RSS 88348.52719790317
BP 0:
a0:   4.0414e+00   e0:  -5.8334e+00   b0:   2.5388e+03   
P: 
  1.0698e+02   1.4206e+01  -2.0161e+02   9.8329e+01  -7.2720e+01 
  6.8420e+01  -2.9060e+01   2.1351e+01  -8.4328e+00   1.2945e+00 
 -6.6896e-03  -1.9494e+00   3.0356e+01   2.4336e+01   3.4958e+01 
  1.6230e+01   1.7858e+01   7.6644e+00   1.2400e+00   4.4252e-01 
  1.0904e-01   2.0054e-02   2.2962e-03   2.5583e-03   1.0877e-03 
  7.9882e-05   4.1882e-05   4.4069e-05  -9.3550e+00   5.2964e+00 


########################
# 00000032
########################
RSS 90009.30973020036
BP 0:
a0:   4.2169e+00   e0:  -8.4015e-01   b0:   2.1393e+03   
P: 
  1.0927e+02   1.4331e+01  -1.7554e+02   9.0404e+01  -6.6377e+01 
  5.6476e+01  -2.8306e+01   2.3930e+01  -8.5028e+00   1.0402e+00 
 -5.7571e-03  -1.9494e+00   3.0356e+01   2.4336e+01   3.4958e+01 
  1.6230e+01   1.7858e+01   7.6644e+00   1.2400e+00   4.4252e-01 
  1.0904e-01   2.0054e-02   2.2962e-03   2.5583e-03   1.0877e-03 
  7.9882e-05   4.1882e-05   4.4069e-05  -7.9147e+00   5.1102e+00 


########################
# 00000033
########################
RSS 90119.12761767498
BP 0:
a0:   4.0944e+00   e0:  -6.5701e+00   b0:   2.3915e+03   
P: 
  9.2953e+01   1.4100e+01  -1.8143e+02   1.0603e+02  -6.7408e+01 
  6.2216e+01  -2.6878e+01   2.1404e+01  -8.1865e+00   1.1114e+00 
 -6.4218e-03  -1.9494e+00   3.0356e+01   2.4336e+01   3.4958e+01 
  1.6230e+01   1.7858e+01   7.6644e+00   1.2400e+00   4.4252e-01 
  1.0904e-01   2.0054e-02   2.2962e-03   2.5583e-03   1.0877e-03 
  7.9882e-05   4.1882e-05   4.4069e-05  -8.2956e+00   5.0452e+00 


########################
# 00000034
########################
RSS 92738.4092232687
BP 0:
a0:   4.0700e+00   e0:  -7.4874e+00   b0:   2.3428e+03   
P: 
  9.2404e+01   1.3289e+01  -1.7438e+02   9.1151e+01  -7.1687e+01 
  6.8173e+01  -3.3113e+01   2.4988e+01  -9.1562e+00   1.1551e+00 
 -5.8697e-03  -1.9494e+00   3.0356e+01   2.4336e+01   3.4958e+01 
  1.6230e+01   1.7858e+01   7.6644e+00   1.2400e+00   4.4252e-01 
  1.0904e-01   2.0054e-02   2.2962e-03   2.5583e-03   1.0877e-03 
  7.9882e-05   4.1882e-05   4.4069e-05  -8.7059e+00   5.2169e+00 


########################
# 00000035
########################
RSS 92858.38597565895
BP 0:
a0:   4.1582e+00   e0:  -4.9544e+00   b0:   2.6652e+03   
P: 
  9.7702e+01   1.3146e+01  -1.7018e+02   9.3496e+01  -6.5717e+01 
  6.8510e+01  -3.2121e+01   2.6483e+01  -9.5062e+00   1.1253e+00 
 -5.8323e-03  -1.9494e+00   3.0356e+01   2.4336e+01   3.4958e+01 
  1.6230e+01   1.7858e+01   7.6644e+00   1.2400e+00   4.4252e-01 
  1.0904e-01   2.0054e-02   2.2962e-03   2.5583e-03   1.0877e-03 
  7.9882e-05   4.1882e-05   4.4069e-05  -8.5534e+00   4.7896e+00 


########################
# 00000036
########################
RSS 95684.79620011954
BP 0:
a0:   4.0792e+00   e0:  -6.9666e+00   b0:   2.4260e+03   
P: 
  9.9119e+01   1.4159e+01  -1.9009e+02   1.0272e+02  -6.4743e+01 
  6.3389e+01  -2.7660e+01   2.1731e+01  -8.3803e+00   1.1566e+00 
 -5.9454e-03  -1.9494e+00   3.0356e+01   2.4336e+01   3.4958e+01 
  1.6230e+01   1.7858e+01   7.6644e+00   1.2400e+00   4.4252e-01 
  1.0904e-01   2.0054e-02   2.2962e-03   2.5583e-03   1.0877e-03 
  7.9882e-05   4.1882e-05   4.4069e-05  -7.7237e+00   5.0289e+00 


########################
# 00000037
########################
RSS 96210.3847988398
BP 0:
a0:   4.1408e+00   e0:  -6.9335e+00   b0:   2.4089e+03   
P: 
  1.0953e+02   1.4571e+01  -1.8833e+02   1.0780e+02  -6.8344e+01 
  6.1242e+01  -2.7937e+01   2.3754e+01  -8.9367e+00   1.1295e+00 
 -6.6240e-03  -1.9494e+00   3.0356e+01   2.4336e+01   3.4958e+01 
  1.6230e+01   1.7858e+01   7.6644e+00   1.2400e+00   4.4252e-01 
  1.0904e-01   2.0054e-02   2.2962e-03   2.5583e-03   1.0877e-03 
  7.9882e-05   4.1882e-05   4.4069e-05  -8.1537e+00   5.4650e+00 


########################
# 00000038
########################
RSS 97045.32371991454
BP 0:
a0:   4.1220e+00   e0:  -4.4432e+00   b0:   2.6360e+03   
P: 
  9.6589e+01   1.2833e+01  -1.8808e+02   1.0191e+02  -6.7211e+01 
  6.5751e+01  -2.7767e+01   2.2537e+01  -8.6215e+00   1.2015e+00 
 -6.3702e-03  -1.9494e+00   3.0356e+01   2.4336e+01   3.4958e+01 
  1.6230e+01   1.7858e+01   7.6644e+00   1.2400e+00   4.4252e-01 
  1.0904e-01   2.0054e-02   2.2962e-03   2.5583e-03   1.0877e-03 
  7.9882e-05   4.1882e-05   4.4069e-05  -9.0484e+00   5.2204e+00 


########################
# 00000039
########################
RSS 98068.91295045955
BP 0:
a0:   4.1535e+00   e0:  -1.9249e-01   b0:   2.1572e+03   
P: 
  1.0970e+02   1.2016e+01  -1.5284e+02   8.4857e+01  -6.9980e+01 
  5.9368e+01  -2.7597e+01   2.1677e+01  -8.0214e+00   1.1350e+00 
 -6.8035e-03  -1.9494e+00   3.0356e+01   2.4336e+01   3.4958e+01 
  1.6230e+01   1.7858e+01   7.6644e+00   1.2400e+00   4.4252e-01 
  1.0904e-01   2.0054e-02   2.2962e-03   2.5583e-03   1.0877e-03 
  7.9882e-05   4.1882e-05   4.4069e-05  -8.3272e+00   5.3804e+00 


########################
# 00000040
########################
RSS 98461.35225633433
BP 0:
a0:   4.1381e+00   e0:  -1.2444e+00   b0:   2.4391e+03   
P: 
  1.0368e+02   1.2539e+01  -1.6874e+02   8.9498e+01  -5.9985e+01 
  6.1102e+01  -2.7453e+01   2.2441e+01  -8.7787e+00   1.3278e+00 
 -5.7974e-03  -1.9494e+00   3.0356e+01   2.4336e+01   3.4958e+01 
  1.6230e+01   1.7858e+01   7.6644e+00   1.2400e+00   4.4252e-01 
  1.0904e-01   2.0054e-02   2.2962e-03   2.5583e-03   1.0877e-03 
  7.9882e-05   4.1882e-05   4.4069e-05  -8.7740e+00   5.1415e+00 


########################
# 00000041
########################
RSS 98916.00582232937
BP 0:
a0:   4.0960e+00   e0:  -7.4546e+00   b0:   2.4362e+03   
P: 
  1.0481e+02   1.2773e+01  -2.0361e+02   1.0056e+02  -6.4307e+01 
  6.5475e+01  -3.1066e+01   2.4738e+01  -9.2858e+00   1.1980e+00 
 -5.7007e-03  -1.9494e+00   3.0356e+01   2.4336e+01   3.4958e+01 
  1.6230e+01   1.7858e+01   7.6644e+00   1.2400e+00   4.4252e-01 
  1.0904e-01   2.0054e-02   2.2962e-03   2.5583e-03   1.0877e-03 
  7.9882e-05   4.1882e-05   4.4069e-05  -8.5089e+00   4.8588e+00 


########################
# 00000042
########################
RSS 100593.79951179221
BP 0:
a0:   4.1587e+00   e0:   3.6633e-01   b0:   2.1076e+03   
P: 
  9.7323e+01   1.4327e+01  -2.0358e+02   1.0773e+02  -6.4661e+01 
  6.2976e+01  -3.3003e+01   2.5085e+01  -8.8215e+00   1.1407e+00 
 -6.7056e-03  -1.9494e+00   3.0356e+01   2.4336e+01   3.4958e+01 
  1.6230e+01   1.7858e+01   7.6644e+00   1.2400e+00   4.4252e-01 
  1.0904e-01   2.0054e-02   2.2962e-03   2.5583e-03   1.0877e-03 
  7.9882e-05   4.1882e-05   4.4069e-05  -8.9720e+00   4.6110e+00 


########################
# 00000043
########################
RSS 102875.47149199687
BP 0:
a0:   4.1047e+00   e0:  -6.8650e+00   b0:   2.6181e+03   
P: 
  9.8127e+01   1.4906e+01  -1.7761e+02   9.1532e+01  -6.5068e+01 
  7.0334e+01  -3.2352e+01   2.5172e+01  -9.1000e+00   1.0998e+00 
 -6.2620e-03  -1.9494e+00   3.0356e+01   2.4336e+01   3.4958e+01 
  1.6230e+01   1.7858e+01   7.6644e+00   1.2400e+00   4.4252e-01 
  1.0904e-01   2.0054e-02   2.2962e-03   2.5583e-03   1.0877e-03 
  7.9882e-05   4.1882e-05   4.4069e-05  -7.6061e+00   5.0005e+00 


########################
# 00000044
########################
RSS 102987.89544162636
BP 0:
a0:   4.1033e+00   e0:   8.4330e-02   b0:   2.2648e+03   
P: 
  1.0668e+02   1.4884e+01  -1.7639e+02   8.8398e+01  -7.0442e+01 
  6.7572e+01  -3.1693e+01   2.2516e+01  -8.0079e+00   1.1021e+00 
 -6.0926e-03  -1.9494e+00   3.0356e+01   2.4336e+01   3.4958e+01 
  1.6230e+01   1.7858e+01   7.6644e+00   1.2400e+00   4.4252e-01 
  1.0904e-01   2.0054e-02   2.2962e-03   2.5583e-03   1.0877e-03 
  7.9882e-05   4.1882e-05   4.4069e-05  -7.7999e+00   5.2089e+00 


########################
# 00000045
########################
RSS 104291.27865013819
BP 0:
a0:   4.1076e+00   e0:  -5.7422e+00   b0:   2.6656e+03   
P: 
  1.0643e+02   1.2975e+01  -2.0419e+02   9.6515e+01  -7.1795e+01 
  6.8483e+01  -2.8845e+01   2.2899e+01  -8.6565e+00   1.1624e+00 
 -6.0190e-03  -1.9494e+00   3.0356e+01   2.4336e+01   3.4958e+01 
  1.6230e+01   1.7858e+01   7.6644e+00   1.2400e+00   4.4252e-01 
  1.0904e-01   2.0054e-02   2.2962e-03   2.5583e-03   1.0877e-03 
  7.9882e-05   4.1882e-05   4.4069e-05  -7.6551e+00   5.3445e+00 


########################
# 00000046
########################
RSS 104710.2819388535
BP 0:
a0:   4.2282e+00   e0:  -4.9227e-01   b0:   2.2699e+03   
P: 
  9.2324e+01   1.3623e+01  -1.6219e+02   8.6054e+01  -6.6868e+01 
  6.0463e+01  -3.1212e+01   2.6197e+01  -9.0782e+00   1.0521e+00 
 -5.9450e-03  -1.9494e+00   3.0356e+01   2.4336e+01   3.4958e+01 
  1.6230e+01   1.7858e+01   7.6644e+00   1.2400e+00   4.4252e-01 
  1.0904e-01   2.0054e-02   2.2962e-03   2.5583e-03   1.0877e-03 
  7.9882e-05   4.1882e-05   4.4069e-05  -8.1095e+00   4.2455e+00 


########################
# 00000047
########################
RSS 105051.5897100937
BP 0:
a0:   4.1911e+00   e0:  -5.8240e+00   b0:   2.6032e+03   
P: 
  1.0567e+02   1.2953e+01  -1.9356e+02   1.0666e+02  -7.0744e+01 
  6.2467e+01  -2.8836e+01   2.6088e+01  -9.7327e+00   1.1904e+00 
 -5.5708e-03  -1.9494e+00   3.0356e+01   2.4336e+01   3.4958e+01 
  1.6230e+01   1.7858e+01   7.6644e+00   1.2400e+00   4.4252e-01 
  1.0904e-01   2.0054e-02   2.2962e-03   2.5583e-03   1.0877e-03 
  7.9882e-05   4.1882e-05   4.4069e-05  -7.5443e+00   4.5929e+00 


########################
# 00000048
########################
RSS 105069.28589361043
BP 0:
a0:   4.0678e+00   e0:  -8.0542e+00   b0:   2.3173e+03   
P: 
  1.1073e+02   1.3846e+01  -1.9958e+02   9.6841e+01  -6.8597e+01 
  6.2936e+01  -2.9197e+01   2.3086e+01  -9.0079e+00   1.2566e+00 
 -6.2436e-03  -1.9494e+00   3.0356e+01   2.4336e+01   3.4958e+01 
  1.6230e+01   1.7858e+01   7.6644e+00   1.2400e+00   4.4252e-01 
  1.0904e-01   2.0054e-02   2.2962e-03   2.5583e-03   1.0877e-03 
  7.9882e-05   4.1882e-05   4.4069e-05  -7.7738e+00   5.1482e+00 


########################
# 00000049
########################
RSS 105695.15785186063
BP 0:
a0:   4.1183e+00   e0:  -6.7133e+00   b0:   2.6414e+03   
P: 
  1.0087e+02   1.5253e+01  -1.7499e+02   8.9956e+01  -6.5721e+01 
  6.9511e+01  -3.1390e+01   2.4878e+01  -8.9715e+00   1.0617e+00 
 -5.5545e-03  -1.9494e+00   3.0356e+01   2.4336e+01   3.4958e+01 
  1.6230e+01   1.7858e+01   7.6644e+00   1.2400e+00   4.4252e-01 
  1.0904e-01   2.0054e-02   2.2962e-03   2.5583e-03   1.0877e-03 
  7.9882e-05   4.1882e-05   4.4069e-05  -7.2450e+00   5.2400e+00 


########################
# 00000050
########################
RSS 106314.12406654161
BP 0:
a0:   4.1514e+00   e0:  -7.2465e+00   b0:   2.4763e+03   
P: 
  9.3824e+01   1.3867e+01  -1.9484e+02   9.4263e+01  -7.5605e+01 
  6.3714e+01  -2.9320e+01   2.5099e+01  -9.3529e+00   1.1484e+00 
 -6.5052e-03  -1.9494e+00   3.0356e+01   2.4336e+01   3.4958e+01 
  1.6230e+01   1.7858e+01   7.6644e+00   1.2400e+00   4.4252e-01 
  1.0904e-01   2.0054e-02   2.2962e-03   2.5583e-03   1.0877e-03 
  7.9882e-05   4.1882e-05   4.4069e-05  -8.1913e+00   5.1470e+00 


########################
# 00000051
########################
RSS 107959.68725336454
BP 0:
a0:   4.1849e+00   e0:  -2.7682e+00   b0:   2.5839e+03   
P: 
  1.1104e+02   1.2817e+01  -1.7820e+02   9.9402e+01  -6.7563e+01 
  6.2533e+01  -2.7254e+01   2.3428e+01  -8.5435e+00   1.0682e+00 
 -5.9512e-03  -1.9494e+00   3.0356e+01   2.4336e+01   3.4958e+01 
  1.6230e+01   1.7858e+01   7.6644e+00   1.2400e+00   4.4252e-01 
  1.0904e-01   2.0054e-02   2.2962e-03   2.5583e-03   1.0877e-03 
  7.9882e-05   4.1882e-05   4.4069e-05  -8.7000e+00   4.6997e+00 


########################
# 00000052
########################
RSS 108430.5760336872
BP 0:
a0:   4.1676e+00   e0:   8.6818e-02   b0:   2.2415e+03   
P: 
  1.0193e+02   1.3107e+01  -1.8153e+02   1.0059e+02  -6.8469e+01 
  6.1476e+01  -2.9616e+01   2.3489e+01  -8.5631e+00   1.1688e+00 
 -6.4735e-03  -1.9494e+00   3.0356e+01   2.4336e+01   3.4958e+01 
  1.6230e+01   1.7858e+01   7.6644e+00   1.2400e+00   4.4252e-01 
  1.0904e-01   2.0054e-02   2.2962e-03   2.5583e-03   1.0877e-03 
  7.9882e-05   4.1882e-05   4.4069e-05  -8.7229e+00   5.1672e+00 


########################
# 00000053
########################
RSS 110029.3178555503
BP 0:
a0:   4.1387e+00   e0:   9.5410e-01   b0:   2.0086e+03   
P: 
  9.4828e+01   1.3129e+01  -1.9085e+02   1.0662e+02  -6.7070e+01 
  6.0371e+01  -3.0694e+01   2.3097e+01  -8.4521e+00   1.2046e+00 
 -5.8183e-03  -1.9494e+00   3.0356e+01   2.4336e+01   3.4958e+01 
  1.6230e+01   1.7858e+01   7.6644e+00   1.2400e+00   4.4252e-01 
  1.0904e-01   2.0054e-02   2.2962e-03   2.5583e-03   1.0877e-03 
  7.9882e-05   4.1882e-05   4.4069e-05  -7.9242e+00   5.3022e+00 


########################
# 00000054
########################
RSS 110349.6747526518
BP 0:
a0:   4.1160e+00   e0:  -3.3519e+00   b0:   2.8190e+03   
P: 
  1.0673e+02   1.3185e+01  -1.7782e+02   1.0715e+02  -6.2854e+01 
  7.0336e+01  -2.9681e+01   2.3416e+01  -8.9017e+00   1.2630e+00 
 -6.6006e-03  -1.9494e+00   3.0356e+01   2.4336e+01   3.4958e+01 
  1.6230e+01   1.7858e+01   7.6644e+00   1.2400e+00   4.4252e-01 
  1.0904e-01   2.0054e-02   2.2962e-03   2.5583e-03   1.0877e-03 
  7.9882e-05   4.1882e-05   4.4069e-05  -8.1901e+00   4.9087e+00 


########################
# 00000055
########################
RSS 110651.9826940494
BP 0:
a0:   4.1279e+00   e0:  -2.8719e+00   b0:   2.7665e+03   
P: 
  9.3169e+01   1.3445e+01  -2.0067e+02   9.3817e+01  -6.5417e+01 
  7.0430e+01  -2.9840e+01   2.3233e+01  -8.4756e+00   1.1174e+00 
 -6.3780e-03  -1.9494e+00   3.0356e+01   2.4336e+01   3.4958e+01 
  1.6230e+01   1.7858e+01   7.6644e+00   1.2400e+00   4.4252e-01 
  1.0904e-01   2.0054e-02   2.2962e-03   2.5583e-03   1.0877e-03 
  7.9882e-05   4.1882e-05   4.4069e-05  -8.7065e+00   5.1775e+00 


########################
# 00000056
########################
RSS 111471.09205233696
BP 0:
a0:   4.1375e+00   e0:  -5.9432e+00   b0:   2.7032e+03   
P: 
  1.0487e+02   1.4673e+01  -1.9485e+02   1.0367e+02  -6.9910e+01 
  6.6984e+01  -2.8916e+01   2.4212e+01  -9.1164e+00   1.1812e+00 
 -6.1155e-03  -1.9494e+00   3.0356e+01   2.4336e+01   3.4958e+01 
  1.6230e+01   1.7858e+01   7.6644e+00   1.2400e+00   4.4252e-01 
  1.0904e-01   2.0054e-02   2.2962e-03   2.5583e-03   1.0877e-03 
  7.9882e-05   4.1882e-05   4.4069e-05  -8.5968e+00   4.7998e+00 


########################
# 00000057
########################
RSS 111873.12906350724
BP 0:
a0:   4.1858e+00   e0:  -2.2968e-01   b0:   2.4279e+03   
P: 
  1.0590e+02   1.2915e+01  -1.8685e+02   9.1011e+01  -7.0621e+01 
  6.8354e+01  -3.4477e+01   2.7123e+01  -9.3510e+00   1.1115e+00 
 -6.1286e-03  -1.9494e+00   3.0356e+01   2.4336e+01   3.4958e+01 
  1.6230e+01   1.7858e+01   7.6644e+00   1.2400e+00   4.4252e-01 
  1.0904e-01   2.0054e-02   2.2962e-03   2.5583e-03   1.0877e-03 
  7.9882e-05   4.1882e-05   4.4069e-05  -8.6507e+00   4.9683e+00 


########################
# 00000058
########################
RSS 113358.83840906671
BP 0:
a0:   4.2074e+00   e0:  -9.8829e-01   b0:   2.4832e+03   
P: 
  9.5301e+01   1.3965e+01  -2.1603e+02   8.6518e+01  -6.2805e+01 
  5.9873e+01  -2.9242e+01   2.5920e+01  -9.8117e+00   1.3586e+00 
 -7.2645e-03  -1.9494e+00   3.0356e+01   2.4336e+01   3.4958e+01 
  1.6230e+01   1.7858e+01   7.6644e+00   1.2400e+00   4.4252e-01 
  1.0904e-01   2.0054e-02   2.2962e-03   2.5583e-03   1.0877e-03 
  7.9882e-05   4.1882e-05   4.4069e-05  -9.0560e+00   5.7972e+00 


########################
# 00000059
########################
RSS 114768.54036718399
BP 0:
a0:   4.1903e+00   e0:  -5.5065e-02   b0:   2.2471e+03   
P: 
  1.1034e+02   1.2237e+01  -2.1045e+02   8.0057e+01  -5.8931e+01 
  5.2638e+01  -2.4753e+01   2.2410e+01  -9.1203e+00   1.4512e+00 
 -6.8482e-03  -1.9494e+00   3.0356e+01   2.4336e+01   3.4958e+01 
  1.6230e+01   1.7858e+01   7.6644e+00   1.2400e+00   4.4252e-01 
  1.0904e-01   2.0054e-02   2.2962e-03   2.5583e-03   1.0877e-03 
  7.9882e-05   4.1882e-05   4.4069e-05  -8.2283e+00   5.3635e+00 


########################
# 00000060
########################
RSS 117064.26697901539
BP 0:
a0:   4.0719e+00   e0:   1.0665e+00   b0:   2.0710e+03   
P: 
  1.1726e+02   1.3608e+01  -1.7509e+02   8.8152e+01  -5.9221e+01 
  5.6747e+01  -2.5214e+01   1.8444e+01  -7.5892e+00   1.3539e+00 
 -5.8873e-03  -1.9494e+00   3.0356e+01   2.4336e+01   3.4958e+01 
  1.6230e+01   1.7858e+01   7.6644e+00   1.2400e+00   4.4252e-01 
  1.0904e-01   2.0054e-02   2.2962e-03   2.5583e-03   1.0877e-03 
  7.9882e-05   4.1882e-05   4.4069e-05  -7.1471e+00   5.9678e+00 


########################
# 00000061
########################
RSS 118015.59424876187
BP 0:
a0:   4.1867e+00   e0:  -1.9238e+00   b0:   2.5985e+03   
P: 
  9.5074e+01   1.4693e+01  -1.9826e+02   1.0814e+02  -7.0240e+01 
  6.2320e+01  -2.7185e+01   2.3784e+01  -9.0075e+00   1.2288e+00 
 -5.7977e-03  -1.9494e+00   3.0356e+01   2.4336e+01   3.4958e+01 
  1.6230e+01   1.7858e+01   7.6644e+00   1.2400e+00   4.4252e-01 
  1.0904e-01   2.0054e-02   2.2962e-03   2.5583e-03   1.0877e-03 
  7.9882e-05   4.1882e-05   4.4069e-05  -7.6560e+00   5.5032e+00 


########################
# 00000062
########################
RSS 118270.45199679749
BP 0:
a0:   4.1582e+00   e0:   7.8882e-01   b0:   2.1819e+03   
P: 
  1.1543e+02   1.2989e+01  -1.7093e+02   9.1705e+01  -6.0186e+01 
  6.1048e+01  -3.0165e+01   2.3178e+01  -8.2840e+00   1.1148e+00 
 -6.1817e-03  -1.9494e+00   3.0356e+01   2.4336e+01   3.4958e+01 
  1.6230e+01   1.7858e+01   7.6644e+00   1.2400e+00   4.4252e-01 
  1.0904e-01   2.0054e-02   2.2962e-03   2.5583e-03   1.0877e-03 
  7.9882e-05   4.1882e-05   4.4069e-05  -9.3653e+00   5.4167e+00 


########################
# 00000063
########################
RSS 120270.45486169696
BP 0:
a0:   4.0854e+00   e0:  -1.7271e-01   b0:   2.5264e+03   
P: 
  1.0673e+02   1.5148e+01  -1.7977e+02   1.0513e+02  -6.5259e+01 
  6.8078e+01  -2.8955e+01   2.0806e+01  -7.9095e+00   1.2328e+00 
 -5.9141e-03  -1.9494e+00   3.0356e+01   2.4336e+01   3.4958e+01 
  1.6230e+01   1.7858e+01   7.6644e+00   1.2400e+00   4.4252e-01 
  1.0904e-01   2.0054e-02   2.2962e-03   2.5583e-03   1.0877e-03 
  7.9882e-05   4.1882e-05   4.4069e-05  -9.1096e+00   5.3773e+00 


########################
# 00000064
########################
RSS 121753.69801497662
BP 0:
a0:   4.1161e+00   e0:  -1.1454e+00   b0:   2.6462e+03   
P: 
  9.9458e+01   1.4532e+01  -1.9324e+02   9.3519e+01  -7.0688e+01 
  6.8848e+01  -2.8265e+01   2.1395e+01  -8.0305e+00   1.1716e+00 
 -6.4515e-03  -1.9494e+00   3.0356e+01   2.4336e+01   3.4958e+01 
  1.6230e+01   1.7858e+01   7.6644e+00   1.2400e+00   4.4252e-01 
  1.0904e-01   2.0054e-02   2.2962e-03   2.5583e-03   1.0877e-03 
  7.9882e-05   4.1882e-05   4.4069e-05  -7.5972e+00   5.1350e+00 


########################
# 00000065
########################
RSS 123925.54846005746
BP 0:
a0:   4.1106e+00   e0:  -5.4560e+00   b0:   2.8045e+03   
P: 
  1.0852e+02   1.5079e+01  -1.8752e+02   1.0482e+02  -7.1973e+01 
  6.8777e+01  -2.7173e+01   2.1948e+01  -8.4717e+00   1.1851e+00 
 -6.1153e-03  -1.9494e+00   3.0356e+01   2.4336e+01   3.4958e+01 
  1.6230e+01   1.7858e+01   7.6644e+00   1.2400e+00   4.4252e-01 
  1.0904e-01   2.0054e-02   2.2962e-03   2.5583e-03   1.0877e-03 
  7.9882e-05   4.1882e-05   4.4069e-05  -8.6583e+00   5.0275e+00 


########################
# 00000066
########################
RSS 125149.98530030661
BP 0:
a0:   4.0872e+00   e0:  -3.0398e-01   b0:   2.6257e+03   
P: 
  1.0719e+02   1.3390e+01  -1.8126e+02   8.7855e+01  -6.4327e+01 
  7.0080e+01  -2.9681e+01   2.1388e+01  -8.1079e+00   1.2515e+00 
 -6.0008e-03  -1.9494e+00   3.0356e+01   2.4336e+01   3.4958e+01 
  1.6230e+01   1.7858e+01   7.6644e+00   1.2400e+00   4.4252e-01 
  1.0904e-01   2.0054e-02   2.2962e-03   2.5583e-03   1.0877e-03 
  7.9882e-05   4.1882e-05   4.4069e-05  -8.5743e+00   5.4849e+00 


########################
# 00000067
########################
RSS 128040.139987252
BP 0:
a0:   4.2027e+00   e0:   1.5881e+00   b0:   1.9321e+03   
P: 
  9.8560e+01   1.4937e+01  -1.8392e+02   9.0406e+01  -7.1006e+01 
  6.0279e+01  -3.3677e+01   2.6254e+01  -9.1661e+00   1.1624e+00 
 -5.7775e-03  -1.9494e+00   3.0356e+01   2.4336e+01   3.4958e+01 
  1.6230e+01   1.7858e+01   7.6644e+00   1.2400e+00   4.4252e-01 
  1.0904e-01   2.0054e-02   2.2962e-03   2.5583e-03   1.0877e-03 
  7.9882e-05   4.1882e-05   4.4069e-05  -8.2244e+00   4.5098e+00 


########################
# 00000068
########################
RSS 130117.6673589827
BP 0:
a0:   4.2814e+00   e0:   3.0527e-01   b0:   2.0805e+03   
P: 
  9.6126e+01   1.2379e+01  -2.0962e+02   9.2922e+01  -7.9852e+01 
  5.1845e+01  -2.6166e+01   2.4219e+01  -8.8186e+00   1.1214e+00 
 -5.0768e-03  -1.9494e+00   3.0356e+01   2.4336e+01   3.4958e+01 
  1.6230e+01   1.7858e+01   7.6644e+00   1.2400e+00   4.4252e-01 
  1.0904e-01   2.0054e-02   2.2962e-03   2.5583e-03   1.0877e-03 
  7.9882e-05   4.1882e-05   4.4069e-05  -6.2653e+00   4.0285e+00 


########################
# 00000069
########################
RSS 130606.69799483832
BP 0:
a0:   4.1322e+00   e0:  -8.5139e+00   b0:   2.4298e+03   
P: 
  1.0530e+02   1.4729e+01  -1.7869e+02   1.0413e+02  -7.0571e+01 
  6.0258e+01  -2.6919e+01   2.3529e+01  -9.0965e+00   1.1766e+00 
 -6.2337e-03  -1.9494e+00   3.0356e+01   2.4336e+01   3.4958e+01 
  1.6230e+01   1.7858e+01   7.6644e+00   1.2400e+00   4.4252e-01 
  1.0904e-01   2.0054e-02   2.2962e-03   2.5583e-03   1.0877e-03 
  7.9882e-05   4.1882e-05   4.4069e-05  -8.7878e+00   4.6537e+00 


########################
# 00000070
########################
RSS 132378.03375601684
BP 0:
a0:   4.0350e+00   e0:  -9.1092e+00   b0:   2.3298e+03   
P: 
  1.0385e+02   1.4920e+01  -1.8857e+02   8.8490e+01  -6.7643e+01 
  6.5307e+01  -2.9737e+01   2.2098e+01  -8.2954e+00   1.0873e+00 
 -6.6285e-03  -1.9494e+00   3.0356e+01   2.4336e+01   3.4958e+01 
  1.6230e+01   1.7858e+01   7.6644e+00   1.2400e+00   4.4252e-01 
  1.0904e-01   2.0054e-02   2.2962e-03   2.5583e-03   1.0877e-03 
  7.9882e-05   4.1882e-05   4.4069e-05  -8.0415e+00   4.8778e+00 


########################
# 00000071
########################
RSS 133882.39866784145
BP 0:
a0:   4.1167e+00   e0:   1.3086e+00   b0:   2.2808e+03   
P: 
  1.0068e+02   1.4392e+01  -1.8462e+02   9.7034e+01  -6.5771e+01 
  6.7248e+01  -3.2747e+01   2.3777e+01  -8.6320e+00   1.2442e+00 
 -6.5354e-03  -1.9494e+00   3.0356e+01   2.4336e+01   3.4958e+01 
  1.6230e+01   1.7858e+01   7.6644e+00   1.2400e+00   4.4252e-01 
  1.0904e-01   2.0054e-02   2.2962e-03   2.5583e-03   1.0877e-03 
  7.9882e-05   4.1882e-05   4.4069e-05  -7.6608e+00   5.1429e+00 


########################
# 00000072
########################
RSS 134227.54523401154
BP 0:
a0:   4.1688e+00   e0:   1.2049e+00   b0:   2.2107e+03   
P: 
  9.3440e+01   1.4571e+01  -1.7956e+02   9.1278e+01  -7.2802e+01 
  6.2901e+01  -3.0559e+01   2.3659e+01  -8.4977e+00   1.1549e+00 
 -5.8943e-03  -1.9494e+00   3.0356e+01   2.4336e+01   3.4958e+01 
  1.6230e+01   1.7858e+01   7.6644e+00   1.2400e+00   4.4252e-01 
  1.0904e-01   2.0054e-02   2.2962e-03   2.5583e-03   1.0877e-03 
  7.9882e-05   4.1882e-05   4.4069e-05  -9.0098e+00   5.2147e+00 


########################
# 00000073
########################
RSS 134866.14267492783
BP 0:
a0:   4.1638e+00   e0:   7.4150e-01   b0:   2.3906e+03   
P: 
  1.0707e+02   1.4894e+01  -1.7804e+02   8.7871e+01  -7.2024e+01 
  6.5184e+01  -3.0786e+01   2.4299e+01  -8.9610e+00   1.2644e+00 
 -6.5387e-03  -1.9494e+00   3.0356e+01   2.4336e+01   3.4958e+01 
  1.6230e+01   1.7858e+01   7.6644e+00   1.2400e+00   4.4252e-01 
  1.0904e-01   2.0054e-02   2.2962e-03   2.5583e-03   1.0877e-03 
  7.9882e-05   4.1882e-05   4.4069e-05  -7.8440e+00   4.9200e+00 


########################
# 00000074
########################
RSS 136706.24416591602
BP 0:
a0:   4.0999e+00   e0:   1.0249e+00   b0:   2.3778e+03   
P: 
  1.1002e+02   1.4381e+01  -2.0245e+02   8.7792e+01  -6.6417e+01 
  6.6205e+01  -2.9338e+01   2.1119e+01  -7.9105e+00   1.2195e+00 
 -6.1192e-03  -1.9494e+00   3.0356e+01   2.4336e+01   3.4958e+01 
  1.6230e+01   1.7858e+01   7.6644e+00   1.2400e+00   4.4252e-01 
  1.0904e-01   2.0054e-02   2.2962e-03   2.5583e-03   1.0877e-03 
  7.9882e-05   4.1882e-05   4.4069e-05  -8.7962e+00   5.3185e+00 


########################
# 00000075
########################
RSS 137217.3638672978
BP 0:
a0:   4.1198e+00   e0:  -6.6691e+00   b0:   2.8593e+03   
P: 
  9.1642e+01   1.2833e+01  -1.8477e+02   9.1877e+01  -6.8589e+01 
  7.0460e+01  -2.8873e+01   2.3428e+01  -8.6995e+00   1.1002e+00 
 -6.7925e-03  -1.9494e+00   3.0356e+01   2.4336e+01   3.4958e+01 
  1.6230e+01   1.7858e+01   7.6644e+00   1.2400e+00   4.4252e-01 
  1.0904e-01   2.0054e-02   2.2962e-03   2.5583e-03   1.0877e-03 
  7.9882e-05   4.1882e-05   4.4069e-05  -8.4537e+00   5.1281e+00 


########################
# 00000076
########################
RSS 138794.27732606773
BP 0:
a0:   4.1439e+00   e0:   1.7429e+00   b0:   2.1122e+03   
P: 
  1.0718e+02   1.3892e+01  -1.8117e+02   9.6686e+01  -6.7456e+01 
  6.4193e+01  -3.2192e+01   2.3495e+01  -8.1941e+00   1.0916e+00 
 -6.2941e-03  -1.9494e+00   3.0356e+01   2.4336e+01   3.4958e+01 
  1.6230e+01   1.7858e+01   7.6644e+00   1.2400e+00   4.4252e-01 
  1.0904e-01   2.0054e-02   2.2962e-03   2.5583e-03   1.0877e-03 
  7.9882e-05   4.1882e-05   4.4069e-05  -8.6215e+00   5.0697e+00 


########################
# 00000077
########################
RSS 140406.29541482445
BP 0:
a0:   4.1542e+00   e0:  -8.6708e+00   b0:   2.4755e+03   
P: 
  1.2035e+02   1.2361e+01  -1.5556e+02   9.4912e+01  -6.3813e+01 
  5.7368e+01  -2.5781e+01   2.3902e+01  -9.3846e+00   1.2241e+00 
 -6.1524e-03  -1.9494e+00   3.0356e+01   2.4336e+01   3.4958e+01 
  1.6230e+01   1.7858e+01   7.6644e+00   1.2400e+00   4.4252e-01 
  1.0904e-01   2.0054e-02   2.2962e-03   2.5583e-03   1.0877e-03 
  7.9882e-05   4.1882e-05   4.4069e-05  -9.4774e+00   4.9590e+00 


########################
# 00000078
########################
RSS 140858.8395039125
BP 0:
a0:   4.1526e+00   e0:   2.0983e+00   b0:   1.9342e+03   
P: 
  1.0888e+02   1.3814e+01  -1.8301e+02   9.0437e+01  -6.9243e+01 
  6.0777e+01  -3.2049e+01   2.3855e+01  -8.5571e+00   1.2020e+00 
 -6.7253e-03  -1.9494e+00   3.0356e+01   2.4336e+01   3.4958e+01 
  1.6230e+01   1.7858e+01   7.6644e+00   1.2400e+00   4.4252e-01 
  1.0904e-01   2.0054e-02   2.2962e-03   2.5583e-03   1.0877e-03 
  7.9882e-05   4.1882e-05   4.4069e-05  -7.9561e+00   5.5866e+00 


########################
# 00000079
########################
RSS 141989.25704874925
BP 0:
a0:   4.1881e+00   e0:  -8.3555e-01   b0:   2.7254e+03   
P: 
  1.0432e+02   1.2997e+01  -1.9025e+02   1.0191e+02  -7.0670e+01 
  6.8487e+01  -3.0349e+01   2.5009e+01  -8.8655e+00   1.0958e+00 
 -6.7085e-03  -1.9494e+00   3.0356e+01   2.4336e+01   3.4958e+01 
  1.6230e+01   1.7858e+01   7.6644e+00   1.2400e+00   4.4252e-01 
  1.0904e-01   2.0054e-02   2.2962e-03   2.5583e-03   1.0877e-03 
  7.9882e-05   4.1882e-05   4.4069e-05  -7.5573e+00   5.1531e+00 


########################
# 00000080
########################
RSS 142032.48981483866
BP 0:
a0:   4.1888e+00   e0:  -3.9801e+00   b0:   2.9064e+03   
P: 
  9.9790e+01   1.4923e+01  -1.8238e+02   9.7854e+01  -6.3042e+01 
  6.4673e+01  -2.6932e+01   2.4627e+01  -9.3065e+00   1.2063e+00 
 -6.3717e-03  -1.9494e+00   3.0356e+01   2.4336e+01   3.4958e+01 
  1.6230e+01   1.7858e+01   7.6644e+00   1.2400e+00   4.4252e-01 
  1.0904e-01   2.0054e-02   2.2962e-03   2.5583e-03   1.0877e-03 
  7.9882e-05   4.1882e-05   4.4069e-05  -7.8284e+00   4.6337e+00 


########################
# 00000081
########################
RSS 142052.8361505627
BP 0:
a0:   4.2100e+00   e0:   1.3305e+00   b0:   2.2089e+03   
P: 
  9.4708e+01   1.2962e+01  -1.7695e+02   1.0346e+02  -6.3465e+01 
  6.0415e+01  -3.0863e+01   2.4915e+01  -8.7117e+00   1.0897e+00 
 -5.9471e-03  -1.9494e+00   3.0356e+01   2.4336e+01   3.4958e+01 
  1.6230e+01   1.7858e+01   7.6644e+00   1.2400e+00   4.4252e-01 
  1.0904e-01   2.0054e-02   2.2962e-03   2.5583e-03   1.0877e-03 
  7.9882e-05   4.1882e-05   4.4069e-05  -7.9373e+00   4.8723e+00 


########################
# 00000082
########################
RSS 145633.7333611971
BP 0:
a0:   4.1641e+00   e0:   1.7935e+00   b0:   2.1226e+03   
P: 
  9.2995e+01   1.3240e+01  -2.0312e+02   1.0519e+02  -6.4849e+01 
  5.8980e+01  -2.8840e+01   2.2547e+01  -8.3670e+00   1.2236e+00 
 -6.0450e-03  -1.9494e+00   3.0356e+01   2.4336e+01   3.4958e+01 
  1.6230e+01   1.7858e+01   7.6644e+00   1.2400e+00   4.4252e-01 
  1.0904e-01   2.0054e-02   2.2962e-03   2.5583e-03   1.0877e-03 
  7.9882e-05   4.1882e-05   4.4069e-05  -8.8038e+00   5.4028e+00 


########################
# 00000083
########################
RSS 145742.5135944463
BP 0:
a0:   4.0599e+00   e0:  -8.3919e+00   b0:   2.6595e+03   
P: 
  1.0266e+02   1.3260e+01  -1.9331e+02   1.0728e+02  -7.0556e+01 
  6.6847e+01  -2.7234e+01   2.1575e+01  -8.7132e+00   1.2896e+00 
 -5.9136e-03  -1.9494e+00   3.0356e+01   2.4336e+01   3.4958e+01 
  1.6230e+01   1.7858e+01   7.6644e+00   1.2400e+00   4.4252e-01 
  1.0904e-01   2.0054e-02   2.2962e-03   2.5583e-03   1.0877e-03 
  7.9882e-05   4.1882e-05   4.4069e-05  -8.2515e+00   5.2395e+00 


########################
# 00000084
########################
RSS 148351.5200856409
BP 0:
a0:   4.1850e+00   e0:  -5.2049e-01   b0:   2.6375e+03   
P: 
  9.2220e+01   1.3178e+01  -1.7654e+02   9.6600e+01  -7.0005e+01 
  6.3336e+01  -2.6726e+01   2.2763e+01  -8.4877e+00   1.1691e+00 
 -6.7090e-03  -1.9494e+00   3.0356e+01   2.4336e+01   3.4958e+01 
  1.6230e+01   1.7858e+01   7.6644e+00   1.2400e+00   4.4252e-01 
  1.0904e-01   2.0054e-02   2.2962e-03   2.5583e-03   1.0877e-03 
  7.9882e-05   4.1882e-05   4.4069e-05  -8.9550e+00   4.6297e+00 


########################
# 00000085
########################
RSS 148374.38595507367
BP 0:
a0:   4.1851e+00   e0:  -9.9682e+00   b0:   2.1901e+03   
P: 
  1.0851e+02   1.3866e+01  -1.7110e+02   1.0983e+02  -7.6350e+01 
  5.7376e+01  -2.8966e+01   2.6099e+01  -9.4502e+00   9.9783e-01 
 -5.9943e-03  -1.9494e+00   3.0356e+01   2.4336e+01   3.4958e+01 
  1.6230e+01   1.7858e+01   7.6644e+00   1.2400e+00   4.4252e-01 
  1.0904e-01   2.0054e-02   2.2962e-03   2.5583e-03   1.0877e-03 
  7.9882e-05   4.1882e-05   4.4069e-05  -8.4834e+00   5.2425e+00 


########################
# 00000086
########################
RSS 148726.10046147945
BP 0:
a0:   4.1527e+00   e0:   2.0945e+00   b0:   2.0926e+03   
P: 
  1.0138e+02   1.2914e+01  -1.6117e+02   9.8333e+01  -6.0086e+01 
  6.1356e+01  -3.2222e+01   2.4546e+01  -9.0067e+00   1.3057e+00 
 -6.7154e-03  -1.9494e+00   3.0356e+01   2.4336e+01   3.4958e+01 
  1.6230e+01   1.7858e+01   7.6644e+00   1.2400e+00   4.4252e-01 
  1.0904e-01   2.0054e-02   2.2962e-03   2.5583e-03   1.0877e-03 
  7.9882e-05   4.1882e-05   4.4069e-05  -8.4263e+00   4.7773e+00 


########################
# 00000087
########################
RSS 150938.34126842913
BP 0:
a0:   4.1515e+00   e0:  -2.9474e-01   b0:   2.7081e+03   
P: 
  9.8181e+01   1.3209e+01  -1.9583e+02   1.0751e+02  -7.4185e+01 
  6.7422e+01  -2.7884e+01   2.2665e+01  -8.7147e+00   1.3009e+00 
 -6.6160e-03  -1.9494e+00   3.0356e+01   2.4336e+01   3.4958e+01 
  1.6230e+01   1.7858e+01   7.6644e+00   1.2400e+00   4.4252e-01 
  1.0904e-01   2.0054e-02   2.2962e-03   2.5583e-03   1.0877e-03 
  7.9882e-05   4.1882e-05   4.4069e-05  -7.7344e+00   4.9514e+00 


########################
# 00000088
########################
RSS 151387.66981040934
BP 0:
a0:   4.2150e+00   e0:  -1.1127e+00   b0:   2.7220e+03   
P: 
  9.6140e+01   1.4443e+01  -1.8322e+02   8.8165e+01  -6.6796e+01 
  6.2744e+01  -2.7475e+01   2.4590e+01  -8.9815e+00   1.1428e+00 
 -6.3732e-03  -1.9494e+00   3.0356e+01   2.4336e+01   3.4958e+01 
  1.6230e+01   1.7858e+01   7.6644e+00   1.2400e+00   4.4252e-01 
  1.0904e-01   2.0054e-02   2.2962e-03   2.5583e-03   1.0877e-03 
  7.9882e-05   4.1882e-05   4.4069e-05  -9.0020e+00   5.4243e+00 


########################
# 00000089
########################
RSS 152306.59086111592
BP 0:
a0:   4.1453e+00   e0:   9.0402e-01   b0:   2.5109e+03   
P: 
  1.0168e+02   1.4768e+01  -1.9517e+02   9.3229e+01  -6.9842e+01 
  6.5428e+01  -2.8782e+01   2.2583e+01  -8.5719e+00   1.2890e+00 
 -5.8907e-03  -1.9494e+00   3.0356e+01   2.4336e+01   3.4958e+01 
  1.6230e+01   1.7858e+01   7.6644e+00   1.2400e+00   4.4252e-01 
  1.0904e-01   2.0054e-02   2.2962e-03   2.5583e-03   1.0877e-03 
  7.9882e-05   4.1882e-05   4.4069e-05  -9.2447e+00   5.6792e+00 


########################
# 00000090
########################
RSS 152550.83286333398
BP 0:
a0:   4.2059e+00   e0:   1.1584e+00   b0:   2.3338e+03   
P: 
  1.0685e+02   1.3208e+01  -1.9875e+02   1.0523e+02  -6.2699e+01 
  5.7413e+01  -2.7616e+01   2.3857e+01  -9.0668e+00   1.3193e+00 
 -6.6786e-03  -1.9494e+00   3.0356e+01   2.4336e+01   3.4958e+01 
  1.6230e+01   1.7858e+01   7.6644e+00   1.2400e+00   4.4252e-01 
  1.0904e-01   2.0054e-02   2.2962e-03   2.5583e-03   1.0877e-03 
  7.9882e-05   4.1882e-05   4.4069e-05  -9.2294e+00   4.7521e+00 


########################
# 00000091
########################
RSS 152782.16643078616
BP 0:
a0:   4.1294e+00   e0:   1.8652e+00   b0:   2.3088e+03   
P: 
  1.0417e+02   1.3196e+01  -1.7954e+02   9.5679e+01  -7.2672e+01 
  6.9272e+01  -3.4144e+01   2.4923e+01  -8.9766e+00   1.2776e+00 
 -6.6669e-03  -1.9494e+00   3.0356e+01   2.4336e+01   3.4958e+01 
  1.6230e+01   1.7858e+01   7.6644e+00   1.2400e+00   4.4252e-01 
  1.0904e-01   2.0054e-02   2.2962e-03   2.5583e-03   1.0877e-03 
  7.9882e-05   4.1882e-05   4.4069e-05  -8.3319e+00   5.0186e+00 


########################
# 00000092
########################
RSS 153758.33706729062
BP 0:
a0:   3.9928e+00   e0:  -9.5816e+00   b0:   2.4202e+03   
P: 
  9.2401e+01   1.3837e+01  -1.9440e+02   1.0189e+02  -7.2375e+01 
  6.5504e+01  -2.8251e+01   2.0734e+01  -8.4317e+00   1.3024e+00 
 -6.7844e-03  -1.9494e+00   3.0356e+01   2.4336e+01   3.4958e+01 
  1.6230e+01   1.7858e+01   7.6644e+00   1.2400e+00   4.4252e-01 
  1.0904e-01   2.0054e-02   2.2962e-03   2.5583e-03   1.0877e-03 
  7.9882e-05   4.1882e-05   4.4069e-05  -8.6349e+00   5.5812e+00 


########################
# 00000093
########################
RSS 154849.1751320486
BP 0:
a0:   4.0725e+00   e0:  -7.8610e+00   b0:   2.8029e+03   
P: 
  1.1037e+02   1.3971e+01  -1.9835e+02   9.9412e+01  -7.2818e+01 
  7.0361e+01  -2.7102e+01   2.0850e+01  -7.9890e+00   1.0844e+00 
 -5.7795e-03  -1.9494e+00   3.0356e+01   2.4336e+01   3.4958e+01 
  1.6230e+01   1.7858e+01   7.6644e+00   1.2400e+00   4.4252e-01 
  1.0904e-01   2.0054e-02   2.2962e-03   2.5583e-03   1.0877e-03 
  7.9882e-05   4.1882e-05   4.4069e-05  -8.6085e+00   4.9233e+00 


########################
# 00000094
########################
RSS 155608.97580080866
BP 0:
a0:   4.1288e+00   e0:  -7.6391e+00   b0:   2.8667e+03   
P: 
  1.0676e+02   1.2735e+01  -2.0092e+02   1.0249e+02  -6.8072e+01 
  6.8646e+01  -2.8191e+01   2.3912e+01  -9.0720e+00   1.1563e+00 
 -6.1605e-03  -1.9494e+00   3.0356e+01   2.4336e+01   3.4958e+01 
  1.6230e+01   1.7858e+01   7.6644e+00   1.2400e+00   4.4252e-01 
  1.0904e-01   2.0054e-02   2.2962e-03   2.5583e-03   1.0877e-03 
  7.9882e-05   4.1882e-05   4.4069e-05  -7.7876e+00   5.1675e+00 


########################
# 00000095
########################
RSS 156434.851458801
BP 0:
a0:   4.2044e+00   e0:  -1.6527e+00   b0:   2.8619e+03   
P: 
  9.8630e+01   1.3216e+01  -2.0404e+02   9.2782e+01  -6.4310e+01 
  6.5646e+01  -2.7988e+01   2.4775e+01  -8.9954e+00   1.1182e+00 
 -5.9753e-03  -1.9494e+00   3.0356e+01   2.4336e+01   3.4958e+01 
  1.6230e+01   1.7858e+01   7.6644e+00   1.2400e+00   4.4252e-01 
  1.0904e-01   2.0054e-02   2.2962e-03   2.5583e-03   1.0877e-03 
  7.9882e-05   4.1882e-05   4.4069e-05  -7.6867e+00   4.7020e+00 


########################
# 00000096
########################
RSS 158408.38234709387
BP 0:
a0:   4.1507e+00   e0:   8.1224e-01   b0:   2.6069e+03   
P: 
  1.0458e+02   1.4634e+01  -1.7745e+02   1.0534e+02  -7.2985e+01 
  6.7947e+01  -2.9853e+01   2.3579e+01  -8.9254e+00   1.3293e+00 
 -6.7698e-03  -1.9494e+00   3.0356e+01   2.4336e+01   3.4958e+01 
  1.6230e+01   1.7858e+01   7.6644e+00   1.2400e+00   4.4252e-01 
  1.0904e-01   2.0054e-02   2.2962e-03   2.5583e-03   1.0877e-03 
  7.9882e-05   4.1882e-05   4.4069e-05  -7.7916e+00   5.3776e+00 


########################
# 00000097
########################
RSS 159427.34788392874
BP 0:
a0:   4.2150e+00   e0:   2.4941e+00   b0:   1.8489e+03   
P: 
  1.1427e+02   1.1738e+01  -1.6254e+02   1.0105e+02  -7.9616e+01 
  5.6782e+01  -2.8809e+01   2.2295e+01  -7.6607e+00   9.7021e-01 
 -6.0233e-03  -1.9494e+00   3.0356e+01   2.4336e+01   3.4958e+01 
  1.6230e+01   1.7858e+01   7.6644e+00   1.2400e+00   4.4252e-01 
  1.0904e-01   2.0054e-02   2.2962e-03   2.5583e-03   1.0877e-03 
  7.9882e-05   4.1882e-05   4.4069e-05  -7.2477e+00   3.9871e+00 


########################
# 00000098
########################
RSS 159559.1745286753
BP 0:
a0:   4.1581e+00   e0:  -8.4148e+00   b0:   2.7330e+03   
P: 
  9.5251e+01   1.4099e+01  -1.9468e+02   1.0240e+02  -6.6213e+01 
  6.5092e+01  -2.7937e+01   2.4526e+01  -8.9545e+00   1.0078e+00 
 -6.5821e-03  -1.9494e+00   3.0356e+01   2.4336e+01   3.4958e+01 
  1.6230e+01   1.7858e+01   7.6644e+00   1.2400e+00   4.4252e-01 
  1.0904e-01   2.0054e-02   2.2962e-03   2.5583e-03   1.0877e-03 
  7.9882e-05   4.1882e-05   4.4069e-05  -7.9040e+00   4.2212e+00 


########################
# 00000099
########################
RSS 162741.09518201931
BP 0:
a0:   4.1684e+00   e0:  -1.3326e+00   b0:   2.8762e+03   
P: 
  9.2362e+01   1.3614e+01  -1.9243e+02   9.4274e+01  -7.0456e+01 
  6.8116e+01  -2.6900e+01   2.2481e+01  -8.3196e+00   1.1221e+00 
 -6.7060e-03  -1.9494e+00   3.0356e+01   2.4336e+01   3.4958e+01 
  1.6230e+01   1.7858e+01   7.6644e+00   1.2400e+00   4.4252e-01 
  1.0904e-01   2.0054e-02   2.2962e-03   2.5583e-03   1.0877e-03 
  7.9882e-05   4.1882e-05   4.4069e-05  -8.3018e+00   4.7645e+00 


########################
# 00000100
########################
RSS 162889.79696527406
BP 0:
a0:   4.1135e+00   e0:   6.5311e-01   b0:   2.7122e+03   
P: 
  9.7719e+01   1.3808e+01  -1.9763e+02   1.0187e+02  -6.3487e+01 
  6.9024e+01  -2.8274e+01   2.1150e+01  -8.0730e+00   1.2607e+00 
 -6.7413e-03  -1.9494e+00   3.0356e+01   2.4336e+01   3.4958e+01 
  1.6230e+01   1.7858e+01   7.6644e+00   1.2400e+00   4.4252e-01 
  1.0904e-01   2.0054e-02   2.2962e-03   2.5583e-03   1.0877e-03 
  7.9882e-05   4.1882e-05   4.4069e-05  -9.1219e+00   5.6248e+00 


