RSS:  
37.420005022175225

P:  
101.188528432
5.6262059645
-0.606562200247
-0.0167928882062
-0.00693910154071
-0.052071387922
0.00853424076726
0.979877834452
5.87461425613
-75.0212762421

Known:
a0:     3.42
e0:     -4.27
B0:     221.99999999938152
EC:     365.600 141.600 233.800  0.000  0.000  0.000 
        141.600 298.700 130.400  0.000  0.000  0.000 
        233.800 130.400 364.600  0.000  0.000  0.000 
         0.000  0.000  0.000 186.300  0.000  0.000 
         0.000  0.000  0.000  0.000 266.800  0.000 
         0.000  0.000  0.000  0.000  0.000 186.300 

Calculated:
a0:     3.4996669556709397
e0:     -4.270468935910609
B0:     247.5290272284865
EC:     329.861 155.190 240.368  0.000  0.000  0.000 
        155.190 254.044 115.059  0.000  0.000  0.000 
        240.368 115.059 329.861  0.000  0.000  0.000 
         0.000  0.000  0.000 168.457  0.000  0.000 
         0.000  0.000  0.000  0.000 240.183  0.000 
         0.000  0.000  0.000  0.000  0.000 168.457 



