RSS:  
171802.97493589498

P:  
-1.70359163027
-3.07379369169
0.747491078926
0.887041943643
0.14907392883
0.590239929388
0.77802057971
-0.453162529329
-0.605151262398
0.629350170514
0.906395926598
-0.81633500854
-0.51054029216
10.2814985292
0.0901591426707
0.0536376622084
2.40106281803
-0.108083489688
-0.0248212813751

EFS Density:
2.08074506814771

BP Density:
2.0673874165016137


Known:
a0:     3.89
e0:     -3.91
B0:     179.99999999949853
EC:     234.000 176.000 176.000  0.000  0.000  0.000 
        176.000 234.000 176.000  0.000  0.000  0.000 
        176.000 176.000 234.000  0.000  0.000  0.000 
         0.000  0.000  0.000 71.200  0.000  0.000 
         0.000  0.000  0.000  0.000 71.200  0.000 
         0.000  0.000  0.000  0.000  0.000 71.200 

Calculated:
a0:     4.1500536613084655
e0:     -4.622369961048243
B0:     384.1108957708748
EC:      0.005 665.391 665.391  0.000  0.000  0.000 
        665.391  0.005 665.391  0.000  0.000  0.000 
        665.391 665.391  0.005  0.000  0.000  0.000 
         0.000  0.000  0.000 954.991  0.000  0.000 
         0.000  0.000  0.000  0.000 954.991  0.000 
         0.000  0.000  0.000  0.000  0.000 954.991 




RSS Details:  
===============================  
Total:      171802.97493589498
a0:         0.0676279067599
e0:         0.507470961404
b0:         1.62270936481
ec:         153.640281794
g:          0.0
e:          0.0
v:          0.0
a0 (w):     1690.697669
e0 (w):     12686.7740351
b0 (w):     1622.70936481
ec (w):     153640.281794
g (w):      0.0
e (w):      0.0
v (w):      0.0


