########################
# 00000001
########################
RSS 1235.6793735438353
BP 0:
a0:   3.8749e+00   e0:  -3.9236e+00   b0:   3.3209e+02   
P: 
  8.1356e-02  -1.5167e-02  -5.4026e-02  -1.3412e-01  -6.3265e-02 
 -3.3944e-02  -1.4768e-02  -1.4348e-02  -2.6632e-02  -1.6739e-03 
  5.4471e-03   4.7345e-03  -8.9402e-05  -1.0381e-03  -5.6844e-04 
 -3.6440e-08   0.0000e+00  -1.5092e+00   2.6493e+00  -8.6293e+00 
  5.3679e+00   3.8361e-01 

########################
# 00000002
########################
RSS 1236.3620355995922
BP 0:
a0:   3.8748e+00   e0:  -3.9230e+00   b0:   3.3187e+02   
P: 
  8.1365e-02  -1.5166e-02  -5.4012e-02  -1.3410e-01  -6.3255e-02 
 -3.3947e-02  -1.4768e-02  -1.4347e-02  -2.6629e-02  -1.6741e-03 
  5.4465e-03   4.7344e-03  -8.9383e-05  -1.0380e-03  -5.6851e-04 
 -3.6438e-08   0.0000e+00  -1.5093e+00   2.6494e+00  -8.6294e+00 
  5.3680e+00   3.8362e-01 

########################
# 00000003
########################
RSS 1240.7975320130283
BP 0:
a0:   3.8740e+00   e0:  -3.9258e+00   b0:   3.3959e+02   
P: 
  7.9702e-02  -1.5110e-02  -5.4382e-02  -1.3465e-01  -6.2683e-02 
 -3.3789e-02  -1.4552e-02  -1.4326e-02  -2.6785e-02  -1.7055e-03 
  5.4537e-03   4.7212e-03  -9.0189e-05  -1.0245e-03  -5.7591e-04 
 -3.6435e-08   0.0000e+00  -1.5081e+00   2.6487e+00  -8.6033e+00 
  5.3832e+00   3.8390e-01 

########################
# 00000004
########################
RSS 1419.6041463011925
BP 0:
a0:   3.8479e+00   e0:  -3.9553e+00   b0:   3.5058e+02   
P: 
  7.6810e-02  -1.5028e-02  -6.2243e-02  -1.3271e-01  -6.5722e-02 
 -3.3709e-02  -1.4335e-02  -1.4198e-02  -2.6274e-02  -1.6664e-03 
  5.7208e-03   4.9571e-03  -9.3463e-05  -1.0123e-03  -5.7271e-04 
 -3.6856e-08   0.0000e+00  -1.5136e+00   2.6488e+00  -8.5368e+00 
  5.4425e+00   3.8703e-01 

########################
# 00000005
########################
RSS 2070.1710875606655
BP 0:
a0:   3.7926e+00   e0:  -4.0476e+00   b0:   3.7324e+02   
P: 
  7.5970e-02  -1.5137e-02  -7.3994e-02  -1.1737e-01  -6.7450e-02 
 -3.1676e-02  -1.5400e-02  -1.3417e-02  -2.5584e-02  -1.7875e-03 
  5.7459e-03   5.0250e-03  -9.0306e-05  -1.0006e-03  -5.9517e-04 
 -3.5894e-08   0.0000e+00  -1.5319e+00   2.6574e+00  -8.5262e+00 
  5.4004e+00   3.8401e-01 

########################
# 00000006
########################
RSS 6003.5635420937315
BP 0:
a0:   3.7644e+00   e0:  -4.1996e+00   b0:   5.0311e+02   
P: 
  6.7988e-02  -1.4246e-02  -9.0349e-02  -1.0738e-01  -8.4608e-02 
 -2.9368e-02  -1.7117e-02  -1.4474e-02  -2.7855e-02  -1.9330e-03 
  5.6286e-03   4.7736e-03  -1.0192e-04  -1.0159e-03  -5.4131e-04 
 -3.2356e-08   0.0000e+00  -1.6073e+00   2.6670e+00  -8.1823e+00 
  5.5135e+00   3.6907e-01 

########################
# 00000007
########################
RSS 6529.85113881003
BP 0:
a0:   3.7489e+00   e0:  -4.1332e+00   b0:   3.9480e+02   
P: 
  6.7547e-02  -1.4969e-02  -8.8812e-02  -1.3969e-01  -1.0372e-01 
 -3.1276e-02  -1.5382e-02  -1.1258e-02  -3.0603e-02  -2.7185e-03 
  7.4260e-03   6.6882e-03  -9.5335e-05  -8.2540e-04  -4.7938e-04 
 -1.9666e-08   0.0000e+00  -1.5974e+00   2.6827e+00  -8.3008e+00 
  5.2744e+00   3.8678e-01 

########################
# 00000008
########################
RSS 26042.60077966461
BP 0:
a0:   3.7253e+00   e0:  -4.6194e+00   b0:   6.6859e+02   
P: 
  5.3405e-02  -7.2567e-03  -1.0786e-01  -1.1470e-01  -8.0531e-02 
 -2.6658e-02  -2.3828e-02  -1.1264e-02  -3.3765e-02  -1.5267e-03 
  6.9518e-03   5.5885e-03  -1.3719e-04  -1.2132e-03  -3.9646e-04 
 -2.9967e-08   0.0000e+00  -1.5457e+00   2.6716e+00  -8.3149e+00 
  5.0141e+00   3.9533e-01 

########################
# 00000009
########################
RSS 27430.95013865731
BP 0:
a0:   3.9766e+00   e0:  -4.1468e+00   b0:   8.8065e+02   
P: 
  5.3268e-02  -1.7861e-02  -6.7399e-02  -1.0154e-01  -5.0906e-02 
 -2.9247e-02  -1.2044e-02  -1.9030e-02  -2.7850e-02  -2.6703e-03 
  6.7835e-03   3.9865e-03  -1.3362e-04  -9.9902e-04  -3.7629e-04 
 -4.1140e-08   0.0000e+00  -1.4587e+00   2.5086e+00  -8.1202e+00 
  5.9806e+00   3.9843e-01 

########################
# 00000010
########################
RSS 27657.586130409014
BP 0:
a0:   3.8062e+00   e0:  -3.8554e+00   b0:   6.0750e+02   
P: 
  7.6114e-02  -7.1670e-03  -8.2989e-02  -1.0128e-01  -4.4351e-02 
 -1.8990e-02  -2.3373e-02  -1.6368e-02  -4.0477e-02  -2.0910e-03 
  7.6893e-03   6.2299e-03  -1.1737e-04  -1.3308e-03  -7.9625e-04 
 -3.0654e-08   0.0000e+00  -1.4783e+00   2.6730e+00  -8.2512e+00 
  5.7412e+00   3.5069e-01 

########################
# 00000011
########################
RSS 49065.92280113535
BP 0:
a0:   3.7647e+00   e0:  -3.7724e+00   b0:   5.6674e+02   
P: 
  9.7749e-02  -9.9184e-03  -9.8299e-02  -5.5137e-02  -7.8657e-02 
 -3.7909e-02  -2.4684e-02  -1.1635e-02  -2.7322e-02  -1.4965e-03 
  4.5967e-03   3.6058e-03  -6.8684e-05  -5.7158e-04  -5.7241e-04 
 -3.4061e-08   0.0000e+00  -1.7060e+00   2.7110e+00  -7.9374e+00 
  5.9473e+00   3.4914e-01 

########################
# 00000012
########################
RSS 52918.95220807388
BP 0:
a0:   3.8100e+00   e0:  -4.5603e+00   b0:   7.8798e+02   
P: 
  3.9428e-02  -1.7754e-02  -8.1071e-02  -8.4376e-02  -1.2023e-01 
 -3.6823e-02  -1.1712e-02  -9.6782e-03  -3.1459e-02  -1.6418e-03 
  4.9325e-03   3.4775e-03  -1.0124e-04  -1.2320e-03  -7.3782e-04 
 -3.8913e-08   0.0000e+00  -1.6861e+00   2.6593e+00  -8.1867e+00 
  5.9681e+00   3.5717e-01 

########################
# 00000013
########################
RSS 64894.83970164256
BP 0:
a0:   3.7293e+00   e0:  -4.1329e+00   b0:   3.3488e+02   
P: 
  6.0326e-02  -1.1761e-02  -8.7200e-02  -8.7670e-02  -8.9242e-02 
 -1.8110e-02  -1.0722e-02  -1.4699e-02  -2.7839e-02  -2.5320e-03 
  4.1912e-03   4.2836e-03  -1.0763e-04  -5.8857e-04  -7.6112e-04 
 -2.7933e-08   0.0000e+00  -1.5254e+00   2.6604e+00  -7.8635e+00 
  5.9829e+00   3.7848e-01 

########################
# 00000014
########################
RSS 68756.04350568034
BP 0:
a0:   3.9445e+00   e0:  -4.1597e+00   b0:   8.3139e+02   
P: 
  8.2520e-02  -8.8380e-03  -1.0143e-01  -1.5216e-01  -7.8482e-02 
 -2.8836e-02  -2.0690e-02  -1.0591e-02  -2.3817e-02  -1.1452e-03 
  6.4947e-03   5.0581e-03  -1.3345e-04  -1.5137e-03  -2.9450e-04 
 -1.9933e-08   0.0000e+00  -1.7003e+00   2.5714e+00  -8.1673e+00 
  5.4759e+00   3.8711e-01 

########################
# 00000015
########################
RSS 70070.33001781163
BP 0:
a0:   3.9661e+00   e0:  -3.6590e+00   b0:   1.1774e+03   
P: 
  4.5158e-02  -1.4756e-02  -1.2100e-01  -1.0823e-01  -6.1391e-02 
 -2.4142e-02  -2.5411e-02  -2.0522e-02  -2.6791e-02  -2.2151e-03 
  7.6503e-03   4.0952e-03  -6.4343e-05  -5.9385e-04  -4.3053e-04 
 -2.9780e-08   0.0000e+00  -1.5480e+00   2.4960e+00  -7.5674e+00 
  5.5732e+00   3.7455e-01 

########################
# 00000016
########################
RSS 74388.76196473587
BP 0:
a0:   3.7311e+00   e0:  -3.9389e+00   b0:   6.7975e+02   
P: 
  6.1178e-02  -1.9834e-02  -1.3373e-01  -7.7780e-02  -7.2215e-02 
 -3.4583e-02  -2.5534e-02  -7.5876e-03  -3.4223e-02  -2.1959e-03 
  7.5456e-03   6.4574e-03  -7.8629e-05  -6.7739e-04  -7.1937e-04 
 -2.2337e-08   0.0000e+00  -1.7097e+00   2.7492e+00  -7.5677e+00 
  5.4262e+00   3.7717e-01 

########################
# 00000017
########################
RSS 82246.19359765624
BP 0:
a0:   3.7661e+00   e0:  -4.9197e+00   b0:   9.0872e+02   
P: 
  3.8723e-02  -7.3444e-03  -1.0198e-01  -7.9209e-02  -7.7948e-02 
 -2.1129e-02  -1.5901e-02  -2.1641e-02  -4.1087e-02  -1.0502e-03 
  7.7269e-03   5.9864e-03  -1.2162e-04  -8.8886e-04  -6.4284e-04 
 -1.6329e-08   0.0000e+00  -1.7675e+00   2.6937e+00  -8.2232e+00 
  5.5243e+00   4.0343e-01 

########################
# 00000018
########################
RSS 91540.83010150457
BP 0:
a0:   3.9224e+00   e0:  -4.5099e+00   b0:   8.3974e+02   
P: 
  4.8831e-02  -1.6438e-02  -5.0299e-02  -6.5442e-02  -8.5596e-02 
 -4.3593e-02  -1.6758e-02  -1.4706e-02  -3.3081e-02  -1.4706e-03 
  8.1321e-03   5.8516e-03  -9.0538e-05  -5.8743e-04  -6.0043e-04 
 -2.4743e-08   0.0000e+00  -1.6118e+00   2.5750e+00  -8.2907e+00 
  5.7515e+00   3.7352e-01 

########################
# 00000019
########################
RSS 104219.94891041832
BP 0:
a0:   3.6746e+00   e0:  -3.8291e+00   b0:   4.9563e+02   
P: 
  9.5310e-02  -1.5571e-02  -1.3477e-01  -1.0007e-01  -7.8126e-02 
 -4.0024e-02  -1.4169e-02  -1.9643e-02  -2.7598e-02  -2.1867e-03 
  7.0408e-03   6.5098e-03  -1.4072e-04  -1.4706e-03  -5.7655e-04 
 -2.3597e-08   0.0000e+00  -1.5684e+00   2.7311e+00  -7.8879e+00 
  5.7188e+00   3.5234e-01 

########################
# 00000020
########################
RSS 121648.96722020466
BP 0:
a0:   3.9842e+00   e0:  -3.7313e+00   b0:   1.1754e+03   
P: 
  9.9592e-02  -1.7559e-02  -1.1675e-01  -9.1140e-02  -1.1881e-01 
 -1.9354e-02  -1.5549e-02  -2.0396e-02  -2.7676e-02  -1.5539e-03 
  8.1219e-03   5.2299e-03  -1.4811e-04  -6.4616e-04  -6.0241e-04 
 -3.8237e-08   0.0000e+00  -1.6790e+00   2.5174e+00  -7.8258e+00 
  5.2205e+00   3.4710e-01 

########################
# 00000021
########################
RSS 126362.49041409622
BP 0:
a0:   3.9711e+00   e0:  -4.1779e+00   b0:   7.4581e+02   
P: 
  7.3426e-02  -1.8275e-02  -6.9667e-02  -8.1911e-02  -6.9895e-02 
 -2.8551e-02  -1.4559e-02  -1.8572e-02  -2.2390e-02  -2.4129e-03 
  5.7521e-03   5.0799e-03  -9.3288e-05  -5.6350e-04  -6.1288e-04 
 -2.1106e-08   0.0000e+00  -1.5014e+00   2.5267e+00  -8.0952e+00 
  5.7574e+00   3.6662e-01 

########################
# 00000022
########################
RSS 176557.7529267826
BP 0:
a0:   3.7893e+00   e0:  -3.7137e+00   b0:   4.3917e+02   
P: 
  9.8145e-02  -7.5812e-03  -7.9080e-02  -1.0973e-01  -1.1452e-01 
 -4.0724e-02  -1.5345e-02  -1.9240e-02  -3.6194e-02  -2.6317e-03 
  3.1507e-03   3.8057e-03  -9.8543e-05  -9.6014e-04  -4.8049e-04 
 -2.4019e-08   0.0000e+00  -1.7058e+00   2.7841e+00  -8.6128e+00 
  5.0504e+00   3.4506e-01 

########################
# 00000023
########################
RSS 184795.81969309648
BP 0:
a0:   4.0063e+00   e0:  -4.9125e+00   b0:   1.1477e+03   
P: 
  7.7678e-02  -9.0883e-03  -4.5306e-02  -1.2842e-01  -9.2724e-02 
 -3.6194e-02  -1.3162e-02  -1.8629e-02  -2.8093e-02  -2.5249e-03 
  5.5391e-03   2.6541e-03  -1.0329e-04  -5.5471e-04  -7.2856e-04 
 -4.1610e-08   0.0000e+00  -1.5463e+00   2.4891e+00  -8.9356e+00 
  5.0668e+00   3.6290e-01 

########################
# 00000024
########################
RSS 202055.75670946378
BP 0:
a0:   3.9605e+00   e0:  -3.7217e+00   b0:   1.2523e+03   
P: 
  9.4886e-02  -1.4591e-02  -1.1874e-01  -1.5952e-01  -6.5531e-02 
 -2.4727e-02  -1.7840e-02  -1.3925e-02  -4.0769e-02  -2.0311e-03 
  6.7135e-03   4.5840e-03  -1.1570e-04  -1.1760e-03  -4.6751e-04 
 -2.1510e-08   0.0000e+00  -1.6682e+00   2.5599e+00  -7.5268e+00 
  5.9155e+00   3.3393e-01 

########################
# 00000025
########################
RSS 204553.85538967728
BP 0:
a0:   3.9508e+00   e0:  -4.5326e+00   b0:   8.2640e+02   
P: 
  7.9000e-02  -1.4580e-02  -4.6841e-02  -1.5285e-01  -1.1458e-01 
 -3.3393e-02  -1.1745e-02  -1.6523e-02  -4.0381e-02  -1.1643e-03 
  7.4673e-03   6.6380e-03  -1.2255e-04  -1.4048e-03  -5.2715e-04 
 -3.1884e-08   0.0000e+00  -1.5262e+00   2.5746e+00  -8.4918e+00 
  5.8688e+00   3.6067e-01 

########################
# 00000026
########################
RSS 227320.5224391971
BP 0:
a0:   3.9061e+00   e0:  -3.8274e+00   b0:   8.3080e+02   
P: 
  9.3721e-02  -1.7467e-02  -5.2926e-02  -1.1443e-01  -5.6629e-02 
 -2.7609e-02  -1.6713e-02  -1.6474e-02  -4.1003e-02  -1.6376e-03 
  2.8661e-03   3.2889e-03  -1.2593e-04  -1.2482e-03  -5.0553e-04 
 -3.0236e-08   0.0000e+00  -1.7038e+00   2.7070e+00  -8.2026e+00 
  5.3477e+00   3.9590e-01 

########################
# 00000027
########################
RSS 228860.64267092125
BP 0:
a0:   3.7580e+00   e0:  -3.8536e+00   b0:   3.7991e+02   
P: 
  3.5305e-02  -1.6708e-02  -5.5639e-02  -8.0533e-02  -1.0961e-01 
 -3.3982e-02  -1.3428e-02  -7.2772e-03  -3.0308e-02  -2.6139e-03 
  2.9148e-03   4.0274e-03  -1.4906e-04  -7.7312e-04  -5.4963e-04 
 -4.1824e-08   0.0000e+00  -1.4908e+00   2.7705e+00  -8.7276e+00 
  5.6851e+00   3.7933e-01 

########################
# 00000028
########################
RSS 238043.17982011038
BP 0:
a0:   3.7976e+00   e0:  -5.2212e+00   b0:   1.0100e+03   
P: 
  5.4260e-02  -2.0305e-02  -1.1648e-01  -6.3510e-02  -7.2493e-02 
 -2.2752e-02  -1.2660e-02  -9.7051e-03  -3.9640e-02  -1.5797e-03 
  5.6812e-03   4.4191e-03  -8.7161e-05  -5.7623e-04  -7.8669e-04 
 -4.0873e-08   0.0000e+00  -1.4635e+00   2.6047e+00  -8.8336e+00 
  4.9852e+00   3.4168e-01 

########################
# 00000029
########################
RSS 239333.5426549456
BP 0:
a0:   3.7415e+00   e0:  -5.1625e+00   b0:   4.7477e+02   
P: 
  4.2268e-02  -7.6575e-03  -1.2162e-01  -1.1880e-01  -1.2282e-01 
 -1.7214e-02  -2.0403e-02  -1.0877e-02  -2.2852e-02  -2.5900e-03 
  3.6977e-03   4.0762e-03  -9.3146e-05  -1.4889e-03  -6.8603e-04 
 -3.8490e-08   0.0000e+00  -1.4904e+00   2.5616e+00  -8.1706e+00 
  5.0134e+00   3.5105e-01 

########################
# 00000030
########################
RSS 257020.30358198966
BP 0:
a0:   3.8652e+00   e0:  -3.0921e+00   b0:   4.8242e+02   
P: 
  7.6170e-02  -1.1758e-02  -5.3585e-02  -1.3712e-01  -9.2769e-02 
 -2.4837e-02  -1.8526e-02  -2.0403e-02  -3.6922e-02  -2.0449e-03 
  3.1658e-03   3.9730e-03  -5.2122e-05  -1.4269e-03  -7.9978e-04 
 -3.2581e-08   0.0000e+00  -1.5247e+00   2.7577e+00  -7.7043e+00 
  5.2305e+00   3.7381e-01 

########################
# 00000031
########################
RSS 260531.34310079552
BP 0:
a0:   3.9365e+00   e0:  -4.4203e+00   b0:   1.1105e+03   
P: 
  5.5636e-02  -8.7957e-03  -8.2518e-02  -1.1973e-01  -6.7831e-02 
 -3.9427e-02  -1.8035e-02  -1.3597e-02  -3.2001e-02  -2.7547e-03 
  4.7863e-03   3.6945e-03  -1.4205e-04  -8.3143e-04  -6.8310e-04 
 -2.8022e-08   0.0000e+00  -1.5043e+00   2.5251e+00  -7.9806e+00 
  5.4926e+00   3.5748e-01 

########################
# 00000032
########################
RSS 301300.48686392955
BP 0:
a0:   3.8960e+00   e0:  -4.7115e+00   b0:   7.6625e+02   
P: 
  5.5233e-02  -2.1220e-02  -6.8577e-02  -1.0342e-01  -1.0187e-01 
 -3.6239e-02  -1.5902e-02  -9.7508e-03  -2.2985e-02  -1.1824e-03 
  3.8770e-03   4.3139e-03  -5.3170e-05  -1.4573e-03  -3.2788e-04 
 -2.8395e-08   0.0000e+00  -1.6319e+00   2.5989e+00  -8.6449e+00 
  5.8074e+00   3.3991e-01 

########################
# 00000033
########################
RSS 302316.8926304211
BP 0:
a0:   3.9660e+00   e0:  -4.9597e+00   b0:   1.2112e+03   
P: 
  9.6697e-02  -1.7342e-02  -6.3452e-02  -1.2814e-01  -1.2217e-01 
 -4.1285e-02  -1.5934e-02  -1.4967e-02  -3.9097e-02  -1.1990e-03 
  5.8204e-03   3.5243e-03  -6.7746e-05  -1.5137e-03  -7.0422e-04 
 -4.5400e-08   0.0000e+00  -1.5329e+00   2.5113e+00  -8.8799e+00 
  5.0312e+00   3.8193e-01 

########################
# 00000034
########################
RSS 302588.6099377741
BP 0:
a0:   3.9413e+00   e0:  -4.4688e+00   b0:   9.9145e+02   
P: 
  1.0076e-01  -1.5075e-02  -8.3440e-02  -1.0561e-01  -9.4253e-02 
 -3.7096e-02  -2.1616e-02  -1.5783e-02  -3.3088e-02  -1.3968e-03 
  4.8000e-03   4.3203e-03  -9.5692e-05  -7.7655e-04  -5.1689e-04 
 -3.1115e-08   0.0000e+00  -1.4944e+00   2.5393e+00  -8.5190e+00 
  5.8536e+00   4.0467e-01 

########################
# 00000035
########################
RSS 304168.3651056627
BP 0:
a0:   3.8353e+00   e0:  -4.0302e+00   b0:   5.3834e+02   
P: 
  8.8092e-02  -2.0950e-02  -1.2533e-01  -1.3380e-01  -7.9285e-02 
 -4.2028e-02  -8.6948e-03  -1.0881e-02  -2.2604e-02  -2.1465e-03 
  3.1736e-03   4.4777e-03  -1.3818e-04  -7.6709e-04  -6.7125e-04 
 -3.1416e-08   0.0000e+00  -1.4741e+00   2.6240e+00  -7.9863e+00 
  5.7681e+00   3.8921e-01 

########################
# 00000036
########################
RSS 320727.5608369143
BP 0:
a0:   3.6042e+00   e0:  -3.3407e+00   b0:   3.6065e+02   
P: 
  6.4631e-02  -1.7497e-02  -9.3908e-02  -8.6313e-02  -8.4578e-02 
 -2.3022e-02  -1.6673e-02  -2.1691e-02  -3.0788e-02  -1.9482e-03 
  6.1752e-03   5.4691e-03  -1.0186e-04  -1.0716e-03  -7.6301e-04 
 -3.9683e-08   0.0000e+00  -1.7595e+00   2.9124e+00  -8.5372e+00 
  5.4227e+00   3.3284e-01 

########################
# 00000037
########################
RSS 324937.40548011084
BP 0:
a0:   3.8461e+00   e0:  -3.8227e+00   b0:   6.2662e+02   
P: 
  4.1550e-02  -1.7019e-02  -7.7277e-02  -1.4765e-01  -7.5421e-02 
 -3.8486e-02  -1.8160e-02  -7.6653e-03  -3.9886e-02  -2.5029e-03 
  5.5860e-03   6.4897e-03  -5.7713e-05  -9.0763e-04  -5.6213e-04 
 -2.2601e-08   0.0000e+00  -1.5287e+00   2.7603e+00  -8.7085e+00 
  6.0490e+00   3.9808e-01 

########################
# 00000038
########################
RSS 327847.5371752684
BP 0:
a0:   3.7677e+00   e0:  -2.7504e+00   b0:   3.4653e+02   
P: 
  6.7620e-02  -2.0707e-02  -1.0464e-01  -1.5643e-01  -4.8493e-02 
 -3.1433e-02  -1.4875e-02  -2.0326e-02  -3.3225e-02  -2.6143e-03 
  6.3979e-03   5.4272e-03  -1.2504e-04  -1.1130e-03  -6.3634e-04 
 -2.4442e-08   0.0000e+00  -1.4508e+00   2.8325e+00  -8.4634e+00 
  5.3279e+00   3.6872e-01 

########################
# 00000039
########################
RSS 341533.9902074143
BP 0:
a0:   3.8190e+00   e0:  -2.7802e+00   b0:   6.4717e+02   
P: 
  6.7665e-02  -1.7819e-02  -8.4055e-02  -8.1866e-02  -6.5226e-02 
 -4.2421e-02  -1.6057e-02  -1.2975e-02  -3.6186e-02  -1.5655e-03 
  4.1840e-03   3.4813e-03  -7.0602e-05  -8.1669e-04  -8.0557e-04 
 -2.9348e-08   0.0000e+00  -1.6973e+00   2.9225e+00  -8.8056e+00 
  5.1039e+00   3.6810e-01 

########################
# 00000040
########################
RSS 352361.58222685324
BP 0:
a0:   4.0174e+00   e0:  -3.5590e+00   b0:   1.0629e+03   
P: 
  9.9234e-02  -1.1867e-02  -1.0624e-01  -1.5223e-01  -8.0784e-02 
 -3.7552e-02  -1.9427e-02  -1.7394e-02  -1.8568e-02  -2.7471e-03 
  5.1672e-03   4.4759e-03  -1.2721e-04  -1.3658e-03  -4.9351e-04 
 -2.8899e-08   0.0000e+00  -1.6697e+00   2.5277e+00  -7.4693e+00 
  5.6268e+00   3.4350e-01 

########################
# 00000041
########################
RSS 363487.1354653781
BP 0:
a0:   3.9493e+00   e0:  -4.7048e+00   b0:   1.4949e+03   
P: 
  5.6600e-02  -1.1487e-02  -8.6937e-02  -1.0477e-01  -5.6228e-02 
 -3.8723e-02  -1.9872e-02  -1.6732e-02  -4.1237e-02  -1.5107e-03 
  7.3728e-03   4.5911e-03  -7.4960e-05  -6.4201e-04  -7.1951e-04 
 -1.9097e-08   0.0000e+00  -1.6557e+00   2.5348e+00  -8.4254e+00 
  5.4558e+00   3.8342e-01 

########################
# 00000042
########################
RSS 388564.92542734754
BP 0:
a0:   3.8638e+00   e0:  -2.9215e+00   b0:   5.4800e+02   
P: 
  4.4219e-02  -1.7744e-02  -5.6237e-02  -1.1434e-01  -6.5191e-02 
 -3.1933e-02  -2.2409e-02  -1.1492e-02  -3.5080e-02  -1.2539e-03 
  3.8044e-03   4.6532e-03  -1.1350e-04  -9.2354e-04  -7.3752e-04 
 -2.2382e-08   0.0000e+00  -1.5174e+00   2.8060e+00  -7.5813e+00 
  5.1737e+00   4.0128e-01 

########################
# 00000043
########################
RSS 389600.98283919494
BP 0:
a0:   4.0471e+00   e0:  -3.3857e+00   b0:   1.3489e+03   
P: 
  1.0018e-01  -1.0860e-02  -5.7975e-02  -8.1127e-02  -1.1790e-01 
 -3.1984e-02  -1.9906e-02  -2.0266e-02  -1.6070e-02  -1.2948e-03 
  5.3259e-03   2.4847e-03  -6.8977e-05  -1.0383e-03  -7.4919e-04 
 -3.5013e-08   0.0000e+00  -1.7268e+00   2.5141e+00  -7.7266e+00 
  5.8483e+00   3.9504e-01 

########################
# 00000044
########################
RSS 394167.99779260455
BP 0:
a0:   3.9319e+00   e0:  -4.0842e+00   b0:   1.3016e+03   
P: 
  6.6481e-02  -8.7978e-03  -1.1092e-01  -1.2887e-01  -1.0082e-01 
 -4.1085e-02  -2.0625e-02  -1.1161e-02  -3.2259e-02  -2.3465e-03 
  3.0600e-03   2.3893e-03  -1.1850e-04  -1.0411e-03  -3.6286e-04 
 -4.5318e-08   0.0000e+00  -1.5000e+00   2.5229e+00  -7.6652e+00 
  6.0080e+00   3.5569e-01 

########################
# 00000045
########################
RSS 402121.5414041365
BP 0:
a0:   3.7200e+00   e0:  -2.7739e+00   b0:   4.0062e+02   
P: 
  6.6838e-02  -1.3146e-02  -1.0356e-01  -1.2215e-01  -8.9000e-02 
 -3.0608e-02  -2.0756e-02  -1.0594e-02  -3.2096e-02  -2.1580e-03 
  7.1240e-03   6.5590e-03  -6.3742e-05  -1.2355e-03  -2.7762e-04 
 -4.6658e-08   0.0000e+00  -1.5518e+00   2.8474e+00  -7.6202e+00 
  5.7527e+00   3.3606e-01 

########################
# 00000046
########################
RSS 406778.2057027306
BP 0:
a0:   3.9040e+00   e0:  -4.1034e+00   b0:   1.1038e+03   
P: 
  6.9301e-02  -8.5159e-03  -1.3023e-01  -5.9102e-02  -1.0152e-01 
 -2.0543e-02  -1.5054e-02  -1.9454e-02  -1.9349e-02  -1.8925e-03 
  5.3240e-03   5.4193e-03  -5.5353e-05  -9.0137e-04  -6.8739e-04 
 -1.7918e-08   0.0000e+00  -1.7072e+00   2.5540e+00  -7.7247e+00 
  5.5102e+00   3.5355e-01 

########################
# 00000047
########################
RSS 407439.6214346939
BP 0:
a0:   3.7706e+00   e0:  -2.6207e+00   b0:   2.7342e+02   
P: 
  6.2918e-02  -2.0254e-02  -5.8971e-02  -7.5883e-02  -9.7442e-02 
 -1.5677e-02  -1.2502e-02  -2.1080e-02  -3.6448e-02  -2.6653e-03 
  4.1604e-03   4.1824e-03  -1.0570e-04  -7.8410e-04  -3.0325e-04 
 -3.9875e-08   0.0000e+00  -1.5006e+00   2.8703e+00  -8.1004e+00 
  5.3473e+00   3.6519e-01 

########################
# 00000048
########################
RSS 414725.89365665533
BP 0:
a0:   3.8153e+00   e0:  -4.9111e+00   b0:   5.8905e+02   
P: 
  8.9913e-02  -7.9044e-03  -1.2918e-01  -1.0108e-01  -9.0736e-02 
 -2.3931e-02  -1.3615e-02  -1.1903e-02  -1.9663e-02  -2.4579e-03 
  4.3192e-03   5.3437e-03  -1.5280e-04  -9.9613e-04  -5.0690e-04 
 -4.1113e-08   0.0000e+00  -1.7623e+00   2.6129e+00  -8.6039e+00 
  5.0283e+00   3.6233e-01 

########################
# 00000049
########################
RSS 423795.21969123906
BP 0:
a0:   3.8603e+00   e0:  -4.3757e+00   b0:   7.0744e+02   
P: 
  6.0571e-02  -1.1736e-02  -5.9884e-02  -1.3544e-01  -1.0583e-01 
 -4.2514e-02  -1.1173e-02  -1.8215e-02  -3.9682e-02  -1.1278e-03 
  5.7784e-03   6.7585e-03  -1.1581e-04  -9.3403e-04  -7.1761e-04 
 -4.2818e-08   0.0000e+00  -1.6648e+00   2.7038e+00  -8.4892e+00 
  5.5435e+00   3.6594e-01 

########################
# 00000050
########################
RSS 443709.5630182954
BP 0:
a0:   3.6640e+00   e0:  -2.9701e+00   b0:   2.2692e+02   
P: 
  7.1937e-02  -1.2158e-02  -9.2297e-02  -7.7205e-02  -7.9211e-02 
 -1.9114e-02  -1.9984e-02  -1.1758e-02  -3.3138e-02  -1.6222e-03 
  6.4477e-03   6.8677e-03  -1.0764e-04  -8.0423e-04  -6.7262e-04 
 -2.8526e-08   0.0000e+00  -1.5632e+00   2.9026e+00  -8.9226e+00 
  5.5003e+00   3.8388e-01 

########################
# 00000051
########################
RSS 447089.48221829964
BP 0:
a0:   3.8785e+00   e0:  -4.7549e+00   b0:   1.0975e+03   
P: 
  7.3966e-02  -2.0902e-02  -1.0980e-01  -7.2055e-02  -6.3000e-02 
 -4.2109e-02  -1.8611e-02  -7.5094e-03  -3.3722e-02  -2.2328e-03 
  3.4913e-03   3.4434e-03  -1.2429e-04  -7.6010e-04  -6.7101e-04 
 -4.3129e-08   0.0000e+00  -1.4841e+00   2.5586e+00  -8.2779e+00 
  5.0836e+00   3.7000e-01 

########################
# 00000052
########################
RSS 447507.3239059184
BP 0:
a0:   3.7559e+00   e0:  -2.6677e+00   b0:   1.7291e+02   
P: 
  7.5319e-02  -1.1644e-02  -8.0259e-02  -1.5219e-01  -7.5437e-02 
 -2.1350e-02  -2.4201e-02  -1.4229e-02  -2.8162e-02  -1.6404e-03 
  5.2159e-03   6.3384e-03  -1.2912e-04  -1.2288e-03  -4.5042e-04 
 -2.3541e-08   0.0000e+00  -1.5652e+00   2.8439e+00  -8.1256e+00 
  5.5428e+00   3.3266e-01 

########################
# 00000053
########################
RSS 480992.53487437323
BP 0:
a0:   3.6953e+00   e0:  -2.7271e+00   b0:   1.9819e+02   
P: 
  8.0280e-02  -1.3194e-02  -1.0435e-01  -1.4724e-01  -8.3886e-02 
 -2.3207e-02  -2.4372e-02  -2.0547e-02  -3.3348e-02  -1.0761e-03 
  6.1969e-03   6.7330e-03  -1.4090e-04  -8.6959e-04  -2.7205e-04 
 -1.9651e-08   0.0000e+00  -1.6003e+00   2.8862e+00  -8.2116e+00 
  5.0044e+00   3.3792e-01 

########################
# 00000054
########################
RSS 489782.13918280334
BP 0:
a0:   3.8502e+00   e0:  -3.0418e+00   b0:   4.9057e+02   
P: 
  8.7072e-02  -1.4511e-02  -7.4712e-02  -1.2675e-01  -8.2576e-02 
 -2.3861e-02  -1.5073e-02  -1.8564e-02  -3.6743e-02  -1.0028e-03 
  4.4110e-03   5.9497e-03  -8.7264e-05  -8.8784e-04  -7.2184e-04 
 -3.4932e-08   0.0000e+00  -1.4597e+00   2.8177e+00  -8.9888e+00 
  5.4400e+00   3.7468e-01 

########################
# 00000055
########################
RSS 491812.37073820154
BP 0:
a0:   3.9210e+00   e0:  -4.8264e+00   b0:   1.2540e+03   
P: 
  6.1484e-02  -1.5020e-02  -8.0885e-02  -7.7724e-02  -1.2609e-01 
 -2.5157e-02  -1.0471e-02  -1.2039e-02  -3.6893e-02  -2.3079e-03 
  5.9091e-03   4.9729e-03  -8.8868e-05  -9.6481e-04  -4.4107e-04 
 -3.3493e-08   0.0000e+00  -1.7481e+00   2.5690e+00  -8.3321e+00 
  5.1142e+00   4.0518e-01 

########################
# 00000056
########################
RSS 493779.4460401599
BP 0:
a0:   3.8495e+00   e0:  -2.4190e+00   b0:   3.2738e+02   
P: 
  9.6179e-02  -2.0778e-02  -7.0705e-02  -8.0651e-02  -1.1002e-01 
 -2.1269e-02  -2.4174e-02  -8.1862e-03  -3.6530e-02  -2.5024e-03 
  5.6815e-03   6.1429e-03  -7.3472e-05  -8.9637e-04  -3.6140e-04 
 -2.5700e-08   0.0000e+00  -1.6042e+00   2.8282e+00  -7.3931e+00 
  5.8395e+00   3.8883e-01 

########################
# 00000057
########################
RSS 496915.48254900484
BP 0:
a0:   3.7293e+00   e0:  -2.5870e+00   b0:   4.0605e+02   
P: 
  4.8512e-02  -1.9848e-02  -1.1079e-01  -1.2963e-01  -4.5658e-02 
 -1.9488e-02  -2.0916e-02  -1.2987e-02  -3.2032e-02  -1.8674e-03 
  6.5359e-03   5.4066e-03  -5.2241e-05  -6.5363e-04  -5.5266e-04 
 -4.0441e-08   0.0000e+00  -1.6711e+00   2.8939e+00  -7.3758e+00 
  5.9302e+00   3.4547e-01 

########################
# 00000058
########################
RSS 502827.3984231509
BP 0:
a0:   4.0516e+00   e0:  -3.7915e+00   b0:   1.7678e+03   
P: 
  7.8705e-02  -2.0750e-02  -5.3908e-02  -6.7260e-02  -7.5505e-02 
 -2.9566e-02  -9.3988e-03  -2.0990e-02  -1.5981e-02  -9.9497e-04 
  6.2189e-03   2.4068e-03  -1.3680e-04  -6.9717e-04  -4.6871e-04 
 -3.5790e-08   0.0000e+00  -1.6384e+00   2.4725e+00  -8.3499e+00 
  5.6879e+00   4.0026e-01 

########################
# 00000059
########################
RSS 508709.17628000525
BP 0:
a0:   3.9118e+00   e0:  -4.9155e+00   b0:   1.1606e+03   
P: 
  6.8546e-02  -9.3906e-03  -6.3444e-02  -8.6034e-02  -1.2605e-01 
 -2.8193e-02  -2.1178e-02  -1.7398e-02  -4.0128e-02  -2.7151e-03 
  4.0601e-03   3.6791e-03  -1.4400e-04  -1.1684e-03  -6.1398e-04 
 -2.8988e-08   0.0000e+00  -1.5872e+00   2.5529e+00  -8.4755e+00 
  5.3114e+00   3.9094e-01 

########################
# 00000060
########################
RSS 522207.67160648096
BP 0:
a0:   3.9516e+00   e0:  -4.5320e+00   b0:   1.3788e+03   
P: 
  6.6645e-02  -1.7149e-02  -9.4349e-02  -1.5691e-01  -7.6232e-02 
 -4.4037e-02  -1.7086e-02  -1.4449e-02  -4.0092e-02  -1.0635e-03 
  5.0170e-03   3.9525e-03  -1.0571e-04  -8.0835e-04  -7.1395e-04 
 -2.7581e-08   0.0000e+00  -1.4614e+00   2.5087e+00  -8.0427e+00 
  5.5627e+00   3.5147e-01 

########################
# 00000061
########################
RSS 523784.0220243671
BP 0:
a0:   3.7606e+00   e0:  -5.1487e+00   b0:   5.5660e+02   
P: 
  7.7682e-02  -1.0762e-02  -1.1119e-01  -8.4197e-02  -1.1775e-01 
 -3.7489e-02  -1.2028e-02  -2.0667e-02  -3.1940e-02  -1.7115e-03 
  4.6932e-03   5.8371e-03  -8.5498e-05  -8.1423e-04  -5.6496e-04 
 -2.7574e-08   0.0000e+00  -1.6376e+00   2.6601e+00  -8.9614e+00 
  5.9645e+00   3.9555e-01 

########################
# 00000062
########################
RSS 525836.9807492859
BP 0:
a0:   3.9077e+00   e0:  -4.2407e+00   b0:   1.0788e+03   
P: 
  6.8543e-02  -8.5610e-03  -6.9626e-02  -7.8375e-02  -9.5147e-02 
 -3.3957e-02  -1.4463e-02  -1.1420e-02  -3.8620e-02  -2.6424e-03 
  5.8760e-03   6.3979e-03  -5.4869e-05  -6.7289e-04  -5.3039e-04 
 -4.1472e-08   0.0000e+00  -1.4533e+00   2.5566e+00  -7.5932e+00 
  5.6379e+00   3.8746e-01 

########################
# 00000063
########################
RSS 569265.0271396514
BP 0:
a0:   4.0387e+00   e0:  -3.5589e+00   b0:   1.7117e+03   
P: 
  6.3081e-02  -1.5690e-02  -7.8231e-02  -8.9098e-02  -7.2586e-02 
 -1.7038e-02  -2.3123e-02  -7.3659e-03  -1.9301e-02  -1.7826e-03 
  7.9497e-03   4.6696e-03  -1.3106e-04  -1.0267e-03  -7.8867e-04 
 -3.2145e-08   0.0000e+00  -1.6082e+00   2.4595e+00  -7.7829e+00 
  4.9730e+00   3.5562e-01 

########################
# 00000064
########################
RSS 569293.4604563895
BP 0:
a0:   3.9273e+00   e0:  -4.8337e+00   b0:   1.2121e+03   
P: 
  6.6758e-02  -7.6337e-03  -1.1902e-01  -6.4985e-02  -5.7260e-02 
 -3.2528e-02  -2.4539e-02  -1.7566e-02  -1.9725e-02  -2.4079e-03 
  5.3222e-03   5.0993e-03  -7.2973e-05  -1.4799e-03  -5.3370e-04 
 -1.8534e-08   0.0000e+00  -1.5632e+00   2.5014e+00  -8.6731e+00 
  5.0513e+00   3.7067e-01 

########################
# 00000065
########################
RSS 592347.8355906806
BP 0:
a0:   4.0135e+00   e0:  -4.6659e+00   b0:   2.1739e+03   
P: 
  6.1808e-02  -2.0728e-02  -6.2654e-02  -8.5004e-02  -9.2738e-02 
 -2.3834e-02  -9.1301e-03  -1.5350e-02  -3.5569e-02  -1.5811e-03 
  7.3048e-03   3.0688e-03  -5.4086e-05  -1.4096e-03  -7.7071e-04 
 -4.5361e-08   0.0000e+00  -1.4986e+00   2.4309e+00  -8.9959e+00 
  5.0009e+00   3.9381e-01 

########################
# 00000066
########################
RSS 603498.047222197
BP 0:
a0:   3.9068e+00   e0:  -4.5831e+00   b0:   9.6885e+02   
P: 
  7.2100e-02  -1.9552e-02  -1.2415e-01  -1.3312e-01  -4.9903e-02 
 -1.7746e-02  -1.1766e-02  -1.2567e-02  -2.5099e-02  -1.7411e-03 
  5.7251e-03   6.7438e-03  -6.4598e-05  -8.3644e-04  -5.1076e-04 
 -4.2858e-08   0.0000e+00  -1.6784e+00   2.5855e+00  -8.3738e+00 
  5.5577e+00   3.9734e-01 

########################
# 00000067
########################
RSS 606386.6779985
BP 0:
a0:   3.9753e+00   e0:  -4.8287e+00   b0:   1.5446e+03   
P: 
  7.5359e-02  -1.3579e-02  -9.3249e-02  -1.2023e-01  -8.4244e-02 
 -2.7347e-02  -1.4015e-02  -1.5366e-02  -3.6145e-02  -1.8682e-03 
  6.7258e-03   4.9550e-03  -8.3510e-05  -9.3811e-04  -4.5926e-04 
 -1.8880e-08   0.0000e+00  -1.5578e+00   2.4955e+00  -8.9605e+00 
  5.7385e+00   3.3839e-01 

########################
# 00000068
########################
RSS 609714.3817985076
BP 0:
a0:   3.5766e+00   e0:  -3.1040e+00   b0:   1.9491e+02   
P: 
  5.1608e-02  -8.1564e-03  -9.7714e-02  -8.4018e-02  -9.4310e-02 
 -3.7160e-02  -1.7483e-02  -1.7238e-02  -2.5832e-02  -2.6754e-03 
  3.3026e-03   4.5067e-03  -1.4516e-04  -1.2538e-03  -4.0100e-04 
 -1.9909e-08   0.0000e+00  -1.5334e+00   2.8972e+00  -7.5279e+00 
  5.0477e+00   3.7886e-01 

########################
# 00000069
########################
RSS 623792.2958141058
BP 0:
a0:   3.9630e+00   e0:  -4.8387e+00   b0:   1.2830e+03   
P: 
  8.5901e-02  -1.1654e-02  -6.5684e-02  -1.1330e-01  -1.1690e-01 
 -4.1974e-02  -1.3686e-02  -1.4251e-02  -3.8583e-02  -2.4317e-03 
  5.8191e-03   5.2215e-03  -1.3125e-04  -1.1396e-03  -4.5107e-04 
 -4.2605e-08   0.0000e+00  -1.5314e+00   2.5234e+00  -8.7971e+00 
  6.0096e+00   3.4041e-01 

########################
# 00000070
########################
RSS 653439.4578966213
BP 0:
a0:   3.9198e+00   e0:  -4.3375e+00   b0:   1.3634e+03   
P: 
  3.6960e-02  -8.6219e-03  -1.0734e-01  -1.1905e-01  -1.1360e-01 
 -3.1308e-02  -1.1962e-02  -7.7648e-03  -2.9945e-02  -2.2054e-03 
  4.4560e-03   4.4374e-03  -1.3940e-04  -1.0305e-03  -7.8240e-04 
 -3.4750e-08   0.0000e+00  -1.7446e+00   2.5740e+00  -7.6706e+00 
  5.8440e+00   4.0013e-01 

########################
# 00000071
########################
RSS 666813.2318964509
BP 0:
a0:   3.9074e+00   e0:  -4.7500e+00   b0:   1.5310e+03   
P: 
  5.3409e-02  -1.6393e-02  -1.1853e-01  -6.5319e-02  -9.7695e-02 
 -3.8018e-02  -2.3803e-02  -1.1725e-02  -4.0826e-02  -1.9721e-03 
  5.5256e-03   4.4911e-03  -5.5357e-05  -7.3860e-04  -4.2043e-04 
 -2.0115e-08   0.0000e+00  -1.6589e+00   2.5460e+00  -7.9757e+00 
  5.1723e+00   3.4460e-01 

########################
# 00000072
########################
RSS 667992.9356095169
BP 0:
a0:   3.8504e+00   e0:  -4.9444e+00   b0:   1.0890e+03   
P: 
  6.3217e-02  -1.9267e-02  -1.2680e-01  -5.5418e-02  -4.6885e-02 
 -1.6773e-02  -8.7816e-03  -9.9948e-03  -3.8604e-02  -1.8543e-03 
  4.6045e-03   4.8545e-03  -1.5241e-04  -6.5291e-04  -6.8532e-04 
 -2.8755e-08   0.0000e+00  -1.6710e+00   2.6151e+00  -8.3607e+00 
  5.4523e+00   3.9835e-01 

########################
# 00000073
########################
RSS 678430.2865707641
BP 0:
a0:   3.8542e+00   e0:  -2.9832e+00   b0:   6.3715e+02   
P: 
  3.8862e-02  -1.8022e-02  -5.4040e-02  -7.0448e-02  -7.3782e-02 
 -1.8852e-02  -1.7774e-02  -1.1706e-02  -4.1286e-02  -1.4185e-03 
  5.4816e-03   7.0192e-03  -1.2214e-04  -5.7162e-04  -7.7248e-04 
 -1.8447e-08   0.0000e+00  -1.4710e+00   2.8139e+00  -7.4943e+00 
  5.9417e+00   3.6053e-01 

########################
# 00000074
########################
RSS 721351.0984326559
BP 0:
a0:   3.8932e+00   e0:  -2.1001e+00   b0:   9.0672e+02   
P: 
  9.9858e-02  -2.6769e-02  -1.3410e-01  -1.6556e-01  -2.9768e-02 
 -4.6879e-02  -4.0706e-03  -2.2743e-02  -5.0626e-02  -9.8272e-04 
  5.5797e-03   3.9506e-03  -1.2961e-04  -9.0767e-04  -2.0262e-04 
 -5.5648e-08   0.0000e+00  -1.4533e+00   2.9083e+00  -7.8653e+00 
  5.8694e+00   4.3231e-01 

########################
# 00000075
########################
RSS 740552.3150096794
BP 0:
a0:   3.9524e+00   e0:  -4.5937e+00   b0:   1.6908e+03   
P: 
  8.2900e-02  -1.6555e-02  -1.2699e-01  -5.9374e-02  -5.4355e-02 
 -1.8607e-02  -1.8227e-02  -7.2879e-03  -3.0792e-02  -9.8015e-04 
  4.9854e-03   3.7367e-03  -1.2595e-04  -1.2475e-03  -5.5956e-04 
 -1.7220e-08   0.0000e+00  -1.4738e+00   2.4674e+00  -8.6260e+00 
  5.1737e+00   4.0410e-01 

########################
# 00000076
########################
RSS 786524.7551581605
BP 0:
a0:   4.0075e+00   e0:  -4.4418e+00   b0:   1.8678e+03   
P: 
  7.3652e-02  -1.8589e-02  -1.0026e-01  -1.5048e-01  -9.9622e-02 
 -1.7930e-02  -9.5465e-03  -1.2195e-02  -3.6333e-02  -1.8834e-03 
  6.6935e-03   4.5094e-03  -9.8297e-05  -1.0513e-03  -3.9631e-04 
 -1.9836e-08   0.0000e+00  -1.4598e+00   2.4477e+00  -8.8047e+00 
  5.9386e+00   3.3239e-01 

########################
# 00000077
########################
RSS 856827.6866967977
BP 0:
a0:   4.0240e+00   e0:  -4.0086e+00   b0:   1.2957e+03   
P: 
  1.0958e-01  -7.9166e-03  -6.5956e-04  -7.3470e-02  -1.3713e-01 
 -1.1979e-02  -1.2559e-02  -2.7212e-02  -3.0571e-02  -2.3267e-03 
  6.1072e-03   7.8927e-03  -9.0675e-05  -6.5914e-04  -1.8791e-04 
 -1.5921e-08   0.0000e+00  -1.4176e+00   2.5028e+00  -7.8387e+00 
  6.6144e+00   4.4095e-01 

########################
# 00000078
########################
RSS 865902.2128844266
BP 0:
a0:   3.9255e+00   e0:  -5.1015e+00   b0:   1.5319e+03   
P: 
  7.7893e-02  -1.6038e-02  -1.1487e-01  -5.5864e-02  -1.1604e-01 
 -3.1113e-02  -1.3956e-02  -1.3859e-02  -2.9297e-02  -1.1800e-03 
  3.9861e-03   3.4187e-03  -1.1574e-04  -1.0914e-03  -8.0340e-04 
 -4.0625e-08   0.0000e+00  -1.6487e+00   2.5219e+00  -8.9034e+00 
  5.1364e+00   3.8272e-01 

########################
# 00000079
########################
RSS 887770.8968020852
BP 0:
a0:   3.9312e+00   e0:  -4.1930e+00   b0:   7.8837e+02   
P: 
  8.0665e-02  -8.3980e-03  -5.1070e-02  -1.1243e-01  -9.4845e-02 
 -2.6454e-02  -1.2804e-02  -8.5487e-03  -2.4488e-02  -2.3120e-03 
  3.7966e-03   6.7609e-03  -1.2080e-04  -7.6361e-04  -2.7943e-04 
 -3.9993e-08   0.0000e+00  -1.7001e+00   2.6349e+00  -8.0369e+00 
  5.9540e+00   3.8631e-01 

########################
# 00000080
########################
RSS 898712.6706173443
BP 0:
a0:   3.8506e+00   e0:  -2.9542e+00   b0:   7.1706e+02   
P: 
  9.5530e-02  -1.1896e-02  -1.0328e-01  -7.9212e-02  -4.6957e-02 
 -3.7481e-02  -2.4695e-02  -1.2407e-02  -3.9309e-02  -1.6084e-03 
  5.0251e-03   7.0668e-03  -1.1274e-04  -1.0570e-03  -8.0052e-04 
 -3.6443e-08   0.0000e+00  -1.7652e+00   2.8468e+00  -7.5308e+00 
  5.6729e+00   3.8311e-01 

########################
# 00000081
########################
RSS 899957.1945447976
BP 0:
a0:   3.9434e+00   e0:  -5.0542e+00   b0:   1.0226e+03   
P: 
  7.1428e-02  -2.0204e-02  -7.2596e-02  -1.3888e-01  -1.1881e-01 
 -2.2848e-02  -1.8937e-02  -1.3155e-02  -2.7499e-02  -2.8516e-03 
  4.1494e-03   5.8918e-03  -5.3117e-05  -5.6006e-04  -4.1915e-04 
 -2.5060e-08   0.0000e+00  -1.5771e+00   2.5512e+00  -8.9320e+00 
  5.5291e+00   3.3314e-01 

########################
# 00000082
########################
RSS 955860.9708023737
BP 0:
a0:   3.8443e+00   e0:  -2.1758e+00   b0:   5.3696e+02   
P: 
  8.2019e-02  -1.5015e-02  -1.2318e-01  -1.4787e-01  -7.3506e-02 
 -3.2447e-02  -2.4245e-02  -1.2296e-02  -3.8723e-02  -2.1391e-03 
  5.5696e-03   6.9710e-03  -1.2484e-04  -9.6577e-04  -3.9927e-04 
 -4.2025e-08   0.0000e+00  -1.5456e+00   2.9302e+00  -7.4291e+00 
  5.1924e+00   3.3942e-01 

########################
# 00000083
########################
RSS 988736.3352119167
BP 0:
a0:   3.9194e+00   e0:  -4.2052e+00   b0:   1.2447e+03   
P: 
  9.1549e-02  -1.2603e-02  -8.9153e-02  -5.4840e-02  -1.1990e-01 
 -2.3157e-02  -2.1000e-02  -7.3103e-03  -3.1901e-02  -2.7282e-03 
  2.9086e-03   4.8727e-03  -1.0374e-04  -9.8890e-04  -3.0147e-04 
 -3.2657e-08   0.0000e+00  -1.4674e+00   2.5351e+00  -7.8053e+00 
  5.9487e+00   3.4947e-01 

########################
# 00000084
########################
RSS 993471.263745823
BP 0:
a0:   3.9462e+00   e0:  -4.8169e+00   b0:   1.6031e+03   
P: 
  4.6633e-02  -1.7309e-02  -8.0784e-02  -1.3304e-01  -5.7986e-02 
 -3.0411e-02  -2.0997e-02  -1.9765e-02  -3.7751e-02  -2.5193e-03 
  5.6410e-03   6.1761e-03  -7.4669e-05  -1.2631e-03  -6.6980e-04 
 -2.7740e-08   0.0000e+00  -1.5937e+00   2.5429e+00  -8.4011e+00 
  5.9827e+00   3.9157e-01 

########################
# 00000085
########################
RSS 1008861.2401385215
BP 0:
a0:   3.9768e+00   e0:  -4.0269e+00   b0:   1.8155e+03   
P: 
  5.6253e-02  -1.7484e-02  -1.2577e-01  -1.1218e-01  -7.4922e-02 
 -2.4546e-02  -1.3326e-02  -1.1072e-02  -1.5786e-02  -2.5451e-03 
  6.6271e-03   7.1405e-03  -9.2845e-05  -8.5943e-04  -8.0944e-04 
 -3.7417e-08   0.0000e+00  -1.5520e+00   2.4784e+00  -7.8345e+00 
  5.1757e+00   3.6054e-01 

########################
# 00000086
########################
RSS 1015113.9123644977
BP 0:
a0:   3.9302e+00   e0:  -4.6018e+00   b0:   1.4048e+03   
P: 
  5.3225e-02  -1.3355e-02  -6.7931e-02  -1.3889e-01  -1.0762e-01 
 -3.7592e-02  -2.2863e-02  -1.6469e-02  -3.7948e-02  -1.7652e-03 
  3.0972e-03   4.5434e-03  -7.6102e-05  -1.1663e-03  -5.0192e-04 
 -2.6678e-08   0.0000e+00  -1.5637e+00   2.5514e+00  -7.6740e+00 
  5.1883e+00   3.4026e-01 

########################
# 00000087
########################
RSS 1021990.0719843372
BP 0:
a0:   3.8251e+00   e0:  -4.7649e+00   b0:   7.8231e+02   
P: 
  5.0487e-02  -2.0597e-02  -8.4463e-02  -9.0716e-02  -1.1028e-01 
 -4.1995e-02  -8.9110e-03  -1.0858e-02  -3.9326e-02  -1.8987e-03 
  4.5708e-03   6.9455e-03  -7.4752e-05  -1.0739e-03  -5.5766e-04 
 -3.7796e-08   0.0000e+00  -1.6968e+00   2.7243e+00  -8.7083e+00 
  5.0785e+00   4.0591e-01 

########################
# 00000088
########################
RSS 1057502.0585175694
BP 0:
a0:   4.0537e+00   e0:  -2.9989e+00   b0:   1.7993e+03   
P: 
  1.0317e-01  -1.8446e-02  -9.8581e-02  -6.1952e-02  -1.4753e-01 
 -4.5294e-02  -1.4225e-02  -2.6186e-02  -5.0631e-03  -1.4277e-03 
  7.7913e-03   4.5368e-03  -1.4478e-04  -7.9556e-04  -9.9989e-04 
 -9.8675e-09   0.0000e+00  -1.9163e+00   2.5167e+00  -7.6407e+00 
  5.3055e+00   3.7714e-01 

########################
# 00000089
########################
RSS 1144098.1690841636
BP 0:
a0:   3.7961e+00   e0:  -4.0555e+00   b0:   7.0020e+02   
P: 
  8.0347e-02  -8.3802e-03  -7.7555e-02  -2.6863e-02  -1.2342e-01 
 -5.3037e-02  -1.1905e-02  -2.8798e-02  -4.7305e-02  -2.2281e-03 
  6.2385e-03   8.7790e-03  -1.9335e-04  -1.0660e-03  -5.0975e-04 
 -3.2829e-08   0.0000e+00  -1.6401e+00   2.8453e+00  -9.2936e+00 
  5.8526e+00   4.0908e-01 

########################
# 00000090
########################
RSS 1295439.82985806
BP 0:
a0:   3.8624e+00   e0:  -5.0003e+00   b0:   1.1515e+03   
P: 
  3.9098e-02  -7.5428e-03  -9.9764e-02  -7.5298e-02  -7.3179e-02 
 -3.7298e-02  -2.4799e-02  -2.1299e-02  -3.8360e-02  -2.4738e-03 
  3.7767e-03   5.7976e-03  -7.3273e-05  -1.0111e-03  -7.3702e-04 
 -2.3360e-08   0.0000e+00  -1.4649e+00   2.5580e+00  -7.8650e+00 
  5.4621e+00   3.7872e-01 

########################
# 00000091
########################
RSS 1421635.1354393603
BP 0:
a0:   4.0253e+00   e0:  -3.3535e+00   b0:   2.0054e+03   
P: 
  4.3723e-02  -1.4631e-02  -7.5597e-02  -7.4548e-02  -1.0551e-01 
 -4.1715e-02  -1.3133e-02  -7.7958e-03  -1.5214e-02  -1.9514e-03 
  4.8845e-03   3.6614e-03  -6.0906e-05  -1.3590e-03  -5.9225e-04 
 -3.5039e-08   0.0000e+00  -1.6315e+00   2.4760e+00  -7.6146e+00 
  5.9874e+00   3.8370e-01 

########################
# 00000092
########################
RSS 1451517.9927909318
BP 0:
a0:   4.0126e+00   e0:  -3.8807e+00   b0:   2.2375e+03   
P: 
  7.6418e-02  -8.6091e-03  -1.1669e-01  -1.5428e-01  -1.0666e-01 
 -2.1139e-02  -1.9238e-02  -1.3295e-02  -3.5050e-02  -2.0518e-03 
  7.4272e-03   5.3793e-03  -6.4827e-05  -6.5422e-04  -3.0309e-04 
 -3.5406e-08   0.0000e+00  -1.6129e+00   2.4658e+00  -8.3314e+00 
  5.7122e+00   3.5855e-01 

########################
# 00000093
########################
RSS 1661554.5784246651
BP 0:
a0:   3.9247e+00   e0:  -5.2706e+00   b0:   1.1952e+03   
P: 
  8.5907e-02  -1.4053e-02  -1.5529e-01  -2.0385e-01  -1.2753e-01 
 -2.1017e-02  -1.3691e-02  -6.3629e-03  -1.6810e-02  -3.7956e-03 
  2.1897e-03   5.3250e-03  -9.2422e-05  -7.2121e-04  -4.6236e-04 
 -5.6688e-08   0.0000e+00  -1.5839e+00   2.5270e+00  -9.2413e+00 
  5.4259e+00   3.6118e-01 

########################
# 00000094
########################
RSS 1672250.8990422362
BP 0:
a0:   4.0289e+00   e0:  -3.3607e+00   b0:   1.9579e+03   
P: 
  7.3466e-02  -1.0672e-02  -1.1736e-01  -1.0175e-01  -7.5804e-02 
 -2.9787e-02  -2.1689e-02  -2.0584e-02  -1.6036e-02  -2.7242e-03 
  5.9110e-03   5.2800e-03  -5.8651e-05  -9.5186e-04  -6.5931e-04 
 -3.0970e-08   0.0000e+00  -1.5920e+00   2.4614e+00  -7.9102e+00 
  5.9547e+00   3.5356e-01 

########################
# 00000095
########################
RSS 1851918.2833991118
BP 0:
a0:   4.0157e+00   e0:  -3.4298e+00   b0:   2.6403e+03   
P: 
  4.9968e-02  -1.4776e-02  -9.9923e-02  -6.5753e-02  -1.0860e-01 
 -2.8484e-02  -1.0728e-02  -1.9875e-02  -2.6645e-02  -1.4468e-03 
  6.9439e-03   3.9776e-03  -1.3142e-04  -1.2369e-03  -6.2437e-04 
 -2.1558e-08   0.0000e+00  -1.7428e+00   2.4771e+00  -8.1509e+00 
  5.6808e+00   3.4231e-01 

########################
# 00000096
########################
RSS 2202593.1227435605
BP 0:
a0:   3.8422e+00   e0:  -2.9219e+00   b0:   1.0572e+03   
P: 
  9.8343e-02  -2.1468e-02  -1.4933e-01  -7.1706e-03  -7.2742e-03 
 -2.3613e-02  -9.1985e-03  -1.9095e-02  -5.0581e-02  -2.0741e-03 
  5.5307e-03   8.7026e-03  -9.6204e-05  -1.5933e-05  -6.5494e-04 
 -4.2995e-08   0.0000e+00  -1.4438e+00   2.8664e+00  -7.7436e+00 
  5.4244e+00   3.9907e-01 

########################
# 00000097
########################
RSS 2405418.0493615125
BP 0:
a0:   3.9737e+00   e0:  -4.0419e+00   b0:   2.7813e+03   
P: 
  8.2765e-02  -1.2754e-02  -1.2099e-01  -1.1932e-01  -1.1271e-01 
 -3.3334e-02  -1.7643e-02  -1.7479e-02  -3.8261e-02  -1.6402e-03 
  6.4310e-03   7.1555e-03  -8.3245e-05  -1.4696e-03  -3.4119e-04 
 -1.8512e-08   0.0000e+00  -1.5034e+00   2.4527e+00  -7.7050e+00 
  5.0576e+00   3.8656e-01 

########################
# 00000098
########################
RSS 2442866.560691331
BP 0:
a0:   4.0354e+00   e0:  -3.8729e+00   b0:   2.2515e+03   
P: 
  8.4938e-02  -1.7297e-02  -5.8510e-02  -5.6371e-02  -5.2046e-02 
 -3.3494e-02  -1.5425e-02  -1.6576e-02  -3.2306e-02  -2.5553e-03 
  7.1050e-03   6.9462e-03  -1.0136e-04  -1.1416e-03  -4.9107e-04 
 -2.8152e-08   0.0000e+00  -1.4679e+00   2.4289e+00  -8.0149e+00 
  5.6372e+00   3.7917e-01 

########################
# 00000099
########################
RSS 2508896.484544185
BP 0:
a0:   4.0323e+00   e0:  -3.4764e+00   b0:   3.0185e+03   
P: 
  3.7754e-02  -1.7897e-02  -9.0359e-02  -7.8628e-02  -5.8198e-02 
 -2.9929e-02  -1.7638e-02  -1.8288e-02  -2.7465e-02  -1.8502e-03 
  7.9920e-03   4.3633e-03  -9.1926e-05  -1.3486e-03  -6.4399e-04 
 -2.8477e-08   0.0000e+00  -1.5445e+00   2.4211e+00  -8.5777e+00 
  5.8050e+00   4.0130e-01 

########################
# 00000100
########################
RSS 2625738.670204071
BP 0:
a0:   4.0234e+00   e0:  -3.4465e+00   b0:   2.4013e+03   
P: 
  7.2736e-02  -1.4458e-02  -1.0301e-01  -7.3167e-02  -7.1672e-02 
 -2.0795e-02  -1.4458e-02  -1.2933e-02  -1.6000e-02  -1.3860e-03 
  3.2948e-03   3.1823e-03  -9.9383e-05  -7.8471e-04  -6.2098e-04 
 -3.0826e-08   0.0000e+00  -1.5568e+00   2.4352e+00  -7.8800e+00 
  5.1595e+00   3.7243e-01 

