########################
# 00000001
########################
RSS 191.33678218424592
BP 0:
a0:   3.9507e+00   e0:  -3.9850e+00   b0:   2.2575e+02   
P: 
  1.7299e+00   8.2740e-01  -5.8031e-01  -1.2362e+00  -1.9669e+00 
 -5.4634e-01  -7.5999e-01  -8.4460e-01  -5.0255e-01  -8.4564e-02 
  3.6066e-02   1.6944e-01   5.7826e-02  -1.1841e-02   1.3680e-04 
 -3.2384e+00   5.6955e+01   5.1254e+01   7.1980e+01   5.3928e+01 
  5.6511e+01   3.3075e+01   1.6013e+01   2.0198e+01   1.5297e+01 
  7.9638e+00   3.7362e+00   1.7064e+00   7.8017e-01   3.5380e-01 
  1.6049e-01   7.5030e-02   3.6468e-02   1.8291e-02   9.2127e-03 
  4.5764e-03   2.2425e-03   1.1008e-03   5.5336e-04   2.8999e-04 
  1.5937e-04   9.1154e-05   7.6036e-05  -1.0000e-03   2.0000e-04 


########################
# 00000002
########################
RSS 222.58481913177184
BP 0:
a0:   3.9983e+00   e0:  -3.9257e+00   b0:   2.5081e+02   
P: 
  1.7299e+00   8.2740e-01  -5.8031e-01  -1.2362e+00  -1.9669e+00 
 -5.4634e-01  -9.1871e-01  -9.3286e-01  -4.8880e-01  -2.1932e-02 
  1.3492e-02   1.2186e-01   6.7856e-02  -8.3631e-03   2.1515e-04 
 -3.2384e+00   5.6955e+01   5.1254e+01   7.1980e+01   5.3928e+01 
  5.6511e+01   3.3075e+01   1.6013e+01   2.0198e+01   1.5297e+01 
  7.9638e+00   3.7362e+00   1.7064e+00   7.8017e-01   3.5380e-01 
  1.6049e-01   7.5030e-02   3.6468e-02   1.8291e-02   9.2127e-03 
  4.5764e-03   2.2425e-03   1.1008e-03   5.5336e-04   2.8999e-04 
  1.5937e-04   9.1154e-05   7.6036e-05  -6.7827e-04   3.9875e-02 


########################
# 00000003
########################
RSS 733.4600773865732
BP 0:
a0:   3.7081e+00   e0:  -3.2983e+00   b0:   7.3920e+01   
P: 
  1.7299e+00   8.2740e-01  -5.8031e-01  -1.2362e+00  -1.9669e+00 
 -5.4634e-01  -5.0464e-01  -6.4192e-01  -4.1564e-01  -1.3177e-01 
  3.4154e-02   2.4279e-01   7.3060e-02  -2.1845e-02   1.5540e-04 
 -3.2384e+00   5.6955e+01   5.1254e+01   7.1980e+01   5.3928e+01 
  5.6511e+01   3.3075e+01   1.6013e+01   2.0198e+01   1.5297e+01 
  7.9638e+00   3.7362e+00   1.7064e+00   7.8017e-01   3.5380e-01 
  1.6049e-01   7.5030e-02   3.6468e-02   1.8291e-02   9.2127e-03 
  4.5764e-03   2.2425e-03   1.1008e-03   5.5336e-04   2.8999e-04 
  1.5937e-04   9.1154e-05   7.6036e-05  -1.4208e-03  -4.6135e-02 


########################
# 00000004
########################
RSS 743.492073605822
BP 0:
a0:   3.9364e+00   e0:  -4.1803e+00   b0:   2.6939e+02   
P: 
  1.7299e+00   8.2740e-01  -5.8031e-01  -1.2362e+00  -1.9669e+00 
 -5.4634e-01  -9.6920e-01  -9.3229e-01  -5.4500e-01  -1.2052e-01 
  1.6730e-02   2.2103e-01   7.1290e-02  -1.8133e-02   2.3913e-04 
 -3.2384e+00   5.6955e+01   5.1254e+01   7.1980e+01   5.3928e+01 
  5.6511e+01   3.3075e+01   1.6013e+01   2.0198e+01   1.5297e+01 
  7.9638e+00   3.7362e+00   1.7064e+00   7.8017e-01   3.5380e-01 
  1.6049e-01   7.5030e-02   3.6468e-02   1.8291e-02   9.2127e-03 
  4.5764e-03   2.2425e-03   1.1008e-03   5.5336e-04   2.8999e-04 
  1.5937e-04   9.1154e-05   7.6036e-05  -1.6148e-04   1.1917e-02 


########################
# 00000005
########################
RSS 1067.6464973448128
BP 0:
a0:   4.2680e+00   e0:  -3.9450e+00   b0:   4.7060e+02   
P: 
  1.7299e+00   8.2740e-01  -5.8031e-01  -1.2362e+00  -1.9669e+00 
 -5.4634e-01  -5.7630e-02  -6.6199e-01  -5.9548e-01  -1.5750e-01 
  3.0170e-04   2.8175e-01   8.6144e-02  -1.4165e-02   1.0253e-04 
 -3.2384e+00   5.6955e+01   5.1254e+01   7.1980e+01   5.3928e+01 
  5.6511e+01   3.3075e+01   1.6013e+01   2.0198e+01   1.5297e+01 
  7.9638e+00   3.7362e+00   1.7064e+00   7.8017e-01   3.5380e-01 
  1.6049e-01   7.5030e-02   3.6468e-02   1.8291e-02   9.2127e-03 
  4.5764e-03   2.2425e-03   1.1008e-03   5.5336e-04   2.8999e-04 
  1.5937e-04   9.1154e-05   7.6036e-05  -1.5498e-03  -2.0768e-02 


########################
# 00000006
########################
RSS 1256.3610745163774
BP 0:
a0:   4.5732e+00   e0:  -3.4946e+00   b0:   3.7323e+01   
P: 
  1.7299e+00   8.2740e-01  -5.8031e-01  -1.2362e+00  -1.9669e+00 
 -5.4634e-01  -4.2150e-01  -7.1722e-01  -4.4413e-01  -4.3097e-02 
  5.2065e-02   1.9825e-01   8.9894e-02  -1.0836e-02   2.0294e-04 
 -3.2384e+00   5.6955e+01   5.1254e+01   7.1980e+01   5.3928e+01 
  5.6511e+01   3.3075e+01   1.6013e+01   2.0198e+01   1.5297e+01 
  7.9638e+00   3.7362e+00   1.7064e+00   7.8017e-01   3.5380e-01 
  1.6049e-01   7.5030e-02   3.6468e-02   1.8291e-02   9.2127e-03 
  4.5764e-03   2.2425e-03   1.1008e-03   5.5336e-04   2.8999e-04 
  1.5937e-04   9.1154e-05   7.6036e-05  -1.2036e-03  -3.4725e-02 


########################
# 00000007
########################
RSS 1326.3297106612376
BP 0:
a0:   3.2994e+00   e0:  -3.2054e+00   b0:  -1.2921e+02   
P: 
  1.7299e+00   8.2740e-01  -5.8031e-01  -1.2362e+00  -1.9669e+00 
 -5.4634e-01  -5.8234e-01  -9.5692e-01  -6.7215e-01  -1.6241e-01 
  2.3496e-02   2.5278e-01   1.1504e-01  -1.1673e-02   4.3320e-05 
 -3.2384e+00   5.6955e+01   5.1254e+01   7.1980e+01   5.3928e+01 
  5.6511e+01   3.3075e+01   1.6013e+01   2.0198e+01   1.5297e+01 
  7.9638e+00   3.7362e+00   1.7064e+00   7.8017e-01   3.5380e-01 
  1.6049e-01   7.5030e-02   3.6468e-02   1.8291e-02   9.2127e-03 
  4.5764e-03   2.2425e-03   1.1008e-03   5.5336e-04   2.8999e-04 
  1.5937e-04   9.1154e-05   7.6036e-05  -1.9685e-03  -3.0845e-02 


########################
# 00000008
########################
RSS 1335.4135796465932
BP 0:
a0:   4.1890e+00   e0:  -3.2238e+00   b0:   4.3060e+02   
P: 
  1.7299e+00   8.2740e-01  -5.8031e-01  -1.2362e+00  -1.9669e+00 
 -5.4634e-01  -2.6099e-01  -6.6004e-01  -4.9516e-01  -1.3880e-01 
  1.8162e-02   1.6745e-01   5.8843e-02  -2.0441e-02   1.7239e-04 
 -3.2384e+00   5.6955e+01   5.1254e+01   7.1980e+01   5.3928e+01 
  5.6511e+01   3.3075e+01   1.6013e+01   2.0198e+01   1.5297e+01 
  7.9638e+00   3.7362e+00   1.7064e+00   7.8017e-01   3.5380e-01 
  1.6049e-01   7.5030e-02   3.6468e-02   1.8291e-02   9.2127e-03 
  4.5764e-03   2.2425e-03   1.1008e-03   5.5336e-04   2.8999e-04 
  1.5937e-04   9.1154e-05   7.6036e-05  -1.3739e-03   1.9209e-02 


########################
# 00000009
########################
RSS 1380.5424260361838
BP 0:
a0:   4.3040e+00   e0:  -2.9403e+00   b0:   3.1733e+02   
P: 
  1.7299e+00   8.2740e-01  -5.8031e-01  -1.2362e+00  -1.9669e+00 
 -5.4634e-01  -3.5023e-01  -6.1340e-01  -4.1078e-01  -9.1249e-03 
  6.3834e-02   2.4122e-01   8.1914e-02  -1.6521e-02   1.6681e-04 
 -3.2384e+00   5.6955e+01   5.1254e+01   7.1980e+01   5.3928e+01 
  5.6511e+01   3.3075e+01   1.6013e+01   2.0198e+01   1.5297e+01 
  7.9638e+00   3.7362e+00   1.7064e+00   7.8017e-01   3.5380e-01 
  1.6049e-01   7.5030e-02   3.6468e-02   1.8291e-02   9.2127e-03 
  4.5764e-03   2.2425e-03   1.1008e-03   5.5336e-04   2.8999e-04 
  1.5937e-04   9.1154e-05   7.6036e-05  -8.2254e-04   6.4295e-03 


########################
# 00000010
########################
RSS 1395.8622167163378
BP 0:
a0:   4.3510e+00   e0:  -3.0233e+00   b0:   3.4512e+01   
P: 
  1.7299e+00   8.2740e-01  -5.8031e-01  -1.2362e+00  -1.9669e+00 
 -5.4634e-01  -4.1913e-01  -6.2724e-01  -3.9215e-01  -1.9781e-02 
  6.3833e-02   2.4962e-01   7.9995e-02  -1.7496e-02   9.4584e-05 
 -3.2384e+00   5.6955e+01   5.1254e+01   7.1980e+01   5.3928e+01 
  5.6511e+01   3.3075e+01   1.6013e+01   2.0198e+01   1.5297e+01 
  7.9638e+00   3.7362e+00   1.7064e+00   7.8017e-01   3.5380e-01 
  1.6049e-01   7.5030e-02   3.6468e-02   1.8291e-02   9.2127e-03 
  4.5764e-03   2.2425e-03   1.1008e-03   5.5336e-04   2.8999e-04 
  1.5937e-04   9.1154e-05   7.6036e-05  -1.9261e-03  -4.8311e-02 


########################
# 00000011
########################
RSS 1586.0444270721118
BP 0:
a0:   4.2627e+00   e0:  -5.1604e+00   b0:   1.9751e+02   
P: 
  1.7299e+00   8.2740e-01  -5.8031e-01  -1.2362e+00  -1.9669e+00 
 -5.4634e-01  -1.8891e-01  -7.3051e-01  -6.3218e-01  -1.4482e-01 
  3.9570e-02   1.8640e-01   5.4128e-03  -1.8627e-02   2.6784e-04 
 -3.2384e+00   5.6955e+01   5.1254e+01   7.1980e+01   5.3928e+01 
  5.6511e+01   3.3075e+01   1.6013e+01   2.0198e+01   1.5297e+01 
  7.9638e+00   3.7362e+00   1.7064e+00   7.8017e-01   3.5380e-01 
  1.6049e-01   7.5030e-02   3.6468e-02   1.8291e-02   9.2127e-03 
  4.5764e-03   2.2425e-03   1.1008e-03   5.5336e-04   2.8999e-04 
  1.5937e-04   9.1154e-05   7.6036e-05  -1.8318e-03  -3.6644e-02 


########################
# 00000012
########################
RSS 1820.6818497571383
BP 0:
a0:   4.2130e+00   e0:  -5.2941e+00   b0:   2.0517e+02   
P: 
  1.7299e+00   8.2740e-01  -5.8031e-01  -1.2362e+00  -1.9669e+00 
 -5.4634e-01  -7.8704e-01  -9.2775e-01  -6.3054e-01  -5.1676e-02 
  4.4800e-02   1.9538e-01   1.6766e-02  -1.6562e-02   1.3939e-05 
 -3.2384e+00   5.6955e+01   5.1254e+01   7.1980e+01   5.3928e+01 
  5.6511e+01   3.3075e+01   1.6013e+01   2.0198e+01   1.5297e+01 
  7.9638e+00   3.7362e+00   1.7064e+00   7.8017e-01   3.5380e-01 
  1.6049e-01   7.5030e-02   3.6468e-02   1.8291e-02   9.2127e-03 
  4.5764e-03   2.2425e-03   1.1008e-03   5.5336e-04   2.8999e-04 
  1.5937e-04   9.1154e-05   7.6036e-05  -6.5166e-04   1.1925e-02 


########################
# 00000013
########################
RSS 1867.8731932833673
BP 0:
a0:   4.1576e+00   e0:  -5.4171e+00   b0:   2.6107e+02   
P: 
  1.7299e+00   8.2740e-01  -5.8031e-01  -1.2362e+00  -1.9669e+00 
 -5.4634e-01  -1.0013e+00  -1.1580e+00  -7.0600e-01  -1.1349e-01 
  4.4668e-02   1.4512e-01   6.8251e-02  -1.4244e-02   2.5039e-04 
 -3.2384e+00   5.6955e+01   5.1254e+01   7.1980e+01   5.3928e+01 
  5.6511e+01   3.3075e+01   1.6013e+01   2.0198e+01   1.5297e+01 
  7.9638e+00   3.7362e+00   1.7064e+00   7.8017e-01   3.5380e-01 
  1.6049e-01   7.5030e-02   3.6468e-02   1.8291e-02   9.2127e-03 
  4.5764e-03   2.2425e-03   1.1008e-03   5.5336e-04   2.8999e-04 
  1.5937e-04   9.1154e-05   7.6036e-05  -4.4965e-04   3.8790e-02 


########################
# 00000014
########################
RSS 1873.330372982084
BP 0:
a0:   4.0163e+00   e0:  -2.4172e+00   b0:   2.4802e+02   
P: 
  1.7299e+00   8.2740e-01  -5.8031e-01  -1.2362e+00  -1.9669e+00 
 -5.4634e-01  -6.0710e-03  -4.3949e-01  -2.8030e-01  -8.0301e-03 
  5.9201e-02   1.0346e-01   2.6729e-02  -1.9549e-02   2.1897e-04 
 -3.2384e+00   5.6955e+01   5.1254e+01   7.1980e+01   5.3928e+01 
  5.6511e+01   3.3075e+01   1.6013e+01   2.0198e+01   1.5297e+01 
  7.9638e+00   3.7362e+00   1.7064e+00   7.8017e-01   3.5380e-01 
  1.6049e-01   7.5030e-02   3.6468e-02   1.8291e-02   9.2127e-03 
  4.5764e-03   2.2425e-03   1.1008e-03   5.5336e-04   2.8999e-04 
  1.5937e-04   9.1154e-05   7.6036e-05  -1.7638e-03  -3.1251e-02 


########################
# 00000015
########################
RSS 1996.6795951315637
BP 0:
a0:   3.7911e+00   e0:  -5.3371e+00   b0:   2.0436e+02   
P: 
  1.7299e+00   8.2740e-01  -5.8031e-01  -1.2362e+00  -1.9669e+00 
 -5.4634e-01  -1.2606e+00  -9.6895e-01  -5.5179e-01  -7.0929e-02 
  6.6157e-02   1.7725e-01   1.2127e-02  -1.9103e-02   3.6152e-05 
 -3.2384e+00   5.6955e+01   5.1254e+01   7.1980e+01   5.3928e+01 
  5.6511e+01   3.3075e+01   1.6013e+01   2.0198e+01   1.5297e+01 
  7.9638e+00   3.7362e+00   1.7064e+00   7.8017e-01   3.5380e-01 
  1.6049e-01   7.5030e-02   3.6468e-02   1.8291e-02   9.2127e-03 
  4.5764e-03   2.2425e-03   1.1008e-03   5.5336e-04   2.8999e-04 
  1.5937e-04   9.1154e-05   7.6036e-05  -1.7061e-03   6.1431e-03 


########################
# 00000016
########################
RSS 2035.2883324231184
BP 0:
a0:   4.5710e+00   e0:  -5.4835e+00   b0:   1.8623e+02   
P: 
  1.7299e+00   8.2740e-01  -5.8031e-01  -1.2362e+00  -1.9669e+00 
 -5.4634e-01  -1.4379e-01  -7.3371e-01  -5.7666e-01  -4.2362e-02 
  1.6561e-02   1.3103e-01   5.1620e-02  -6.4510e-03   2.3833e-05 
 -3.2384e+00   5.6955e+01   5.1254e+01   7.1980e+01   5.3928e+01 
  5.6511e+01   3.3075e+01   1.6013e+01   2.0198e+01   1.5297e+01 
  7.9638e+00   3.7362e+00   1.7064e+00   7.8017e-01   3.5380e-01 
  1.6049e-01   7.5030e-02   3.6468e-02   1.8291e-02   9.2127e-03 
  4.5764e-03   2.2425e-03   1.1008e-03   5.5336e-04   2.8999e-04 
  1.5937e-04   9.1154e-05   7.6036e-05  -1.1181e-03   4.9371e-02 


########################
# 00000017
########################
RSS 2126.1398395000774
BP 0:
a0:   4.1033e+00   e0:  -5.1300e+00   b0:   2.9075e+02   
P: 
  1.7299e+00   8.2740e-01  -5.8031e-01  -1.2362e+00  -1.9669e+00 
 -5.4634e-01  -3.5202e-01  -9.7630e-01  -6.5705e-01  -6.1247e-02 
  6.3027e-02   1.7177e-01   6.5471e-02  -4.6671e-03   1.1799e-04 
 -3.2384e+00   5.6955e+01   5.1254e+01   7.1980e+01   5.3928e+01 
  5.6511e+01   3.3075e+01   1.6013e+01   2.0198e+01   1.5297e+01 
  7.9638e+00   3.7362e+00   1.7064e+00   7.8017e-01   3.5380e-01 
  1.6049e-01   7.5030e-02   3.6468e-02   1.8291e-02   9.2127e-03 
  4.5764e-03   2.2425e-03   1.1008e-03   5.5336e-04   2.8999e-04 
  1.5937e-04   9.1154e-05   7.6036e-05  -5.3801e-04  -2.6363e-02 


########################
# 00000018
########################
RSS 2285.3587038044734
BP 0:
a0:   4.2799e+00   e0:  -5.3531e+00   b0:   2.9307e+02   
P: 
  1.7299e+00   8.2740e-01  -5.8031e-01  -1.2362e+00  -1.9669e+00 
 -5.4634e-01  -3.5012e-01  -9.7182e-01  -6.4665e-01  -7.8740e-03 
  1.1453e-02   1.9441e-01   6.8523e-02  -2.1368e-02   2.5088e-05 
 -3.2384e+00   5.6955e+01   5.1254e+01   7.1980e+01   5.3928e+01 
  5.6511e+01   3.3075e+01   1.6013e+01   2.0198e+01   1.5297e+01 
  7.9638e+00   3.7362e+00   1.7064e+00   7.8017e-01   3.5380e-01 
  1.6049e-01   7.5030e-02   3.6468e-02   1.8291e-02   9.2127e-03 
  4.5764e-03   2.2425e-03   1.1008e-03   5.5336e-04   2.8999e-04 
  1.5937e-04   9.1154e-05   7.6036e-05  -2.0166e-04   1.7859e-02 


########################
# 00000019
########################
RSS 2345.734714668988
BP 0:
a0:   4.1344e+00   e0:  -2.5312e+00   b0:   4.3099e+02   
P: 
  1.7299e+00   8.2740e-01  -5.8031e-01  -1.2362e+00  -1.9669e+00 
 -5.4634e-01  -2.0939e-01  -6.3769e-01  -4.6216e-01  -1.1486e-01 
  2.2146e-02   2.1092e-01   9.5837e-02  -5.4656e-03   1.4783e-04 
 -3.2384e+00   5.6955e+01   5.1254e+01   7.1980e+01   5.3928e+01 
  5.6511e+01   3.3075e+01   1.6013e+01   2.0198e+01   1.5297e+01 
  7.9638e+00   3.7362e+00   1.7064e+00   7.8017e-01   3.5380e-01 
  1.6049e-01   7.5030e-02   3.6468e-02   1.8291e-02   9.2127e-03 
  4.5764e-03   2.2425e-03   1.1008e-03   5.5336e-04   2.8999e-04 
  1.5937e-04   9.1154e-05   7.6036e-05  -4.7992e-04   2.6294e-03 


########################
# 00000020
########################
RSS 2544.8681359594843
BP 0:
a0:   4.0110e+00   e0:  -5.3942e+00   b0:   1.3080e+02   
P: 
  1.7299e+00   8.2740e-01  -5.8031e-01  -1.2362e+00  -1.9669e+00 
 -5.4634e-01  -9.5122e-01  -9.5033e-01  -5.8842e-01  -2.7704e-02 
  3.4796e-03   1.7348e-01   2.0447e-02  -1.4138e-02   1.0873e-04 
 -3.2384e+00   5.6955e+01   5.1254e+01   7.1980e+01   5.3928e+01 
  5.6511e+01   3.3075e+01   1.6013e+01   2.0198e+01   1.5297e+01 
  7.9638e+00   3.7362e+00   1.7064e+00   7.8017e-01   3.5380e-01 
  1.6049e-01   7.5030e-02   3.6468e-02   1.8291e-02   9.2127e-03 
  4.5764e-03   2.2425e-03   1.1008e-03   5.5336e-04   2.8999e-04 
  1.5937e-04   9.1154e-05   7.6036e-05  -1.7325e-03  -7.8237e-03 


########################
# 00000021
########################
RSS 2565.399105987675
BP 0:
a0:   3.7247e+00   e0:  -4.7058e+00   b0:   2.1833e+02   
P: 
  1.7299e+00   8.2740e-01  -5.8031e-01  -1.2362e+00  -1.9669e+00 
 -5.4634e-01  -1.1563e+00  -9.8735e-01  -4.7388e-01  -1.0843e-01 
  3.8755e-02   1.3163e-01   6.2468e-02  -1.9902e-02   1.3606e-04 
 -3.2384e+00   5.6955e+01   5.1254e+01   7.1980e+01   5.3928e+01 
  5.6511e+01   3.3075e+01   1.6013e+01   2.0198e+01   1.5297e+01 
  7.9638e+00   3.7362e+00   1.7064e+00   7.8017e-01   3.5380e-01 
  1.6049e-01   7.5030e-02   3.6468e-02   1.8291e-02   9.2127e-03 
  4.5764e-03   2.2425e-03   1.1008e-03   5.5336e-04   2.8999e-04 
  1.5937e-04   9.1154e-05   7.6036e-05  -1.6464e-03   3.1295e-02 


########################
# 00000022
########################
RSS 2611.423797553327
BP 0:
a0:   3.5607e+00   e0:  -4.0007e+00   b0:   1.2596e+02   
P: 
  1.7299e+00   8.2740e-01  -5.8031e-01  -1.2362e+00  -1.9669e+00 
 -5.4634e-01  -7.8920e-01  -7.5448e-01  -3.7894e-01  -1.5585e-01 
  3.8337e-02   4.5105e-02   5.3351e-02  -5.1080e-03   1.3138e-04 
 -3.2384e+00   5.6955e+01   5.1254e+01   7.1980e+01   5.3928e+01 
  5.6511e+01   3.3075e+01   1.6013e+01   2.0198e+01   1.5297e+01 
  7.9638e+00   3.7362e+00   1.7064e+00   7.8017e-01   3.5380e-01 
  1.6049e-01   7.5030e-02   3.6468e-02   1.8291e-02   9.2127e-03 
  4.5764e-03   2.2425e-03   1.1008e-03   5.5336e-04   2.8999e-04 
  1.5937e-04   9.1154e-05   7.6036e-05  -3.2320e-04   1.7216e-02 


########################
# 00000023
########################
RSS 2678.13662886246
BP 0:
a0:   4.2427e+00   e0:  -4.3639e+00   b0:   4.3106e+02   
P: 
  1.7299e+00   8.2740e-01  -5.8031e-01  -1.2362e+00  -1.9669e+00 
 -5.4634e-01  -2.6841e-01  -9.2587e-01  -6.3615e-01  -1.5849e-01 
  1.0695e-02   1.0200e-01   9.6129e-02  -1.3456e-02   2.5684e-04 
 -3.2384e+00   5.6955e+01   5.1254e+01   7.1980e+01   5.3928e+01 
  5.6511e+01   3.3075e+01   1.6013e+01   2.0198e+01   1.5297e+01 
  7.9638e+00   3.7362e+00   1.7064e+00   7.8017e-01   3.5380e-01 
  1.6049e-01   7.5030e-02   3.6468e-02   1.8291e-02   9.2127e-03 
  4.5764e-03   2.2425e-03   1.1008e-03   5.5336e-04   2.8999e-04 
  1.5937e-04   9.1154e-05   7.6036e-05  -4.4243e-04   3.8289e-02 


########################
# 00000024
########################
RSS 2942.0963911957447
BP 0:
a0:   3.9842e+00   e0:  -4.4593e+00   b0:   3.2437e+02   
P: 
  1.7299e+00   8.2740e-01  -5.8031e-01  -1.2362e+00  -1.9669e+00 
 -5.4634e-01  -5.2744e-01  -9.6852e-01  -5.1132e-01  -2.9256e-02 
  7.8169e-03   2.4976e-02   6.0936e-02  -1.5584e-02   8.3589e-05 
 -3.2384e+00   5.6955e+01   5.1254e+01   7.1980e+01   5.3928e+01 
  5.6511e+01   3.3075e+01   1.6013e+01   2.0198e+01   1.5297e+01 
  7.9638e+00   3.7362e+00   1.7064e+00   7.8017e-01   3.5380e-01 
  1.6049e-01   7.5030e-02   3.6468e-02   1.8291e-02   9.2127e-03 
  4.5764e-03   2.2425e-03   1.1008e-03   5.5336e-04   2.8999e-04 
  1.5937e-04   9.1154e-05   7.6036e-05  -4.6602e-04   2.8431e-02 


########################
# 00000025
########################
RSS 2956.025383355898
BP 0:
a0:   4.2967e+00   e0:  -5.4743e+00   b0:   2.8260e+02   
P: 
  1.7299e+00   8.2740e-01  -5.8031e-01  -1.2362e+00  -1.9669e+00 
 -5.4634e-01  -3.9753e-01  -1.0132e+00  -7.1747e-01  -8.6182e-02 
  6.9298e-02   2.0552e-01   6.7213e-02  -1.5963e-02   2.0596e-04 
 -3.2384e+00   5.6955e+01   5.1254e+01   7.1980e+01   5.3928e+01 
  5.6511e+01   3.3075e+01   1.6013e+01   2.0198e+01   1.5297e+01 
  7.9638e+00   3.7362e+00   1.7064e+00   7.8017e-01   3.5380e-01 
  1.6049e-01   7.5030e-02   3.6468e-02   1.8291e-02   9.2127e-03 
  4.5764e-03   2.2425e-03   1.1008e-03   5.5336e-04   2.8999e-04 
  1.5937e-04   9.1154e-05   7.6036e-05  -3.3664e-04   2.3995e-02 


########################
# 00000026
########################
RSS 3004.838910289061
BP 0:
a0:   3.9632e+00   e0:  -5.6847e+00   b0:   2.8028e+02   
P: 
  1.7299e+00   8.2740e-01  -5.8031e-01  -1.2362e+00  -1.9669e+00 
 -5.4634e-01  -8.3259e-01  -1.0663e+00  -6.7345e-01  -1.4466e-01 
  5.8103e-02   7.4267e-02   2.1404e-02  -6.8111e-03   9.9572e-05 
 -3.2384e+00   5.6955e+01   5.1254e+01   7.1980e+01   5.3928e+01 
  5.6511e+01   3.3075e+01   1.6013e+01   2.0198e+01   1.5297e+01 
  7.9638e+00   3.7362e+00   1.7064e+00   7.8017e-01   3.5380e-01 
  1.6049e-01   7.5030e-02   3.6468e-02   1.8291e-02   9.2127e-03 
  4.5764e-03   2.2425e-03   1.1008e-03   5.5336e-04   2.8999e-04 
  1.5937e-04   9.1154e-05   7.6036e-05  -1.4759e-03   1.0652e-02 


########################
# 00000027
########################
RSS 3039.285023687794
BP 0:
a0:   3.4720e+00   e0:  -2.4810e+00   b0:   9.7398e+01   
P: 
  1.7299e+00   8.2740e-01  -5.8031e-01  -1.2362e+00  -1.9669e+00 
 -5.4634e-01  -1.2296e+00  -6.7605e-01  -2.1453e-01  -3.3134e-02 
  4.9092e-02   2.4342e-01   1.0246e-01  -1.9606e-02   9.2265e-05 
 -3.2384e+00   5.6955e+01   5.1254e+01   7.1980e+01   5.3928e+01 
  5.6511e+01   3.3075e+01   1.6013e+01   2.0198e+01   1.5297e+01 
  7.9638e+00   3.7362e+00   1.7064e+00   7.8017e-01   3.5380e-01 
  1.6049e-01   7.5030e-02   3.6468e-02   1.8291e-02   9.2127e-03 
  4.5764e-03   2.2425e-03   1.1008e-03   5.5336e-04   2.8999e-04 
  1.5937e-04   9.1154e-05   7.6036e-05  -1.7778e-03   3.8687e-02 


########################
# 00000028
########################
RSS 3094.580077554676
BP 0:
a0:   4.3061e+00   e0:  -6.1973e+00   b0:   1.8656e+02   
P: 
  1.7299e+00   8.2740e-01  -5.8031e-01  -1.2362e+00  -1.9669e+00 
 -5.4634e-01  -2.5732e-01  -9.3870e-01  -7.0041e-01  -6.4054e-02 
  4.9484e-02   7.8539e-02   1.0973e-02  -4.4449e-03   2.3784e-04 
 -3.2384e+00   5.6955e+01   5.1254e+01   7.1980e+01   5.3928e+01 
  5.6511e+01   3.3075e+01   1.6013e+01   2.0198e+01   1.5297e+01 
  7.9638e+00   3.7362e+00   1.7064e+00   7.8017e-01   3.5380e-01 
  1.6049e-01   7.5030e-02   3.6468e-02   1.8291e-02   9.2127e-03 
  4.5764e-03   2.2425e-03   1.1008e-03   5.5336e-04   2.8999e-04 
  1.5937e-04   9.1154e-05   7.6036e-05  -1.7581e-03  -1.2955e-02 


########################
# 00000029
########################
RSS 3140.6789311163266
BP 0:
a0:   4.1813e+00   e0:  -5.9151e+00   b0:   4.6614e+01   
P: 
  1.7299e+00   8.2740e-01  -5.8031e-01  -1.2362e+00  -1.9669e+00 
 -5.4634e-01  -1.0388e+00  -1.2447e+00  -7.3941e-01  -8.3977e-02 
  1.2026e-03   2.3809e-01   1.1354e-01  -1.4737e-02   6.3751e-05 
 -3.2384e+00   5.6955e+01   5.1254e+01   7.1980e+01   5.3928e+01 
  5.6511e+01   3.3075e+01   1.6013e+01   2.0198e+01   1.5297e+01 
  7.9638e+00   3.7362e+00   1.7064e+00   7.8017e-01   3.5380e-01 
  1.6049e-01   7.5030e-02   3.6468e-02   1.8291e-02   9.2127e-03 
  4.5764e-03   2.2425e-03   1.1008e-03   5.5336e-04   2.8999e-04 
  1.5937e-04   9.1154e-05   7.6036e-05  -6.2528e-04  -1.4411e-02 


########################
# 00000030
########################
RSS 3152.5966307186263
BP 0:
a0:   3.7157e+00   e0:  -4.1522e+00   b0:   2.2493e+02   
P: 
  1.7299e+00   8.2740e-01  -5.8031e-01  -1.2362e+00  -1.9669e+00 
 -5.4634e-01  -7.4163e-01  -8.5575e-01  -4.1448e-01  -1.0919e-01 
  1.3912e-02   9.5018e-02   7.9444e-02  -9.4066e-03   1.8398e-04 
 -3.2384e+00   5.6955e+01   5.1254e+01   7.1980e+01   5.3928e+01 
  5.6511e+01   3.3075e+01   1.6013e+01   2.0198e+01   1.5297e+01 
  7.9638e+00   3.7362e+00   1.7064e+00   7.8017e-01   3.5380e-01 
  1.6049e-01   7.5030e-02   3.6468e-02   1.8291e-02   9.2127e-03 
  4.5764e-03   2.2425e-03   1.1008e-03   5.5336e-04   2.8999e-04 
  1.5937e-04   9.1154e-05   7.6036e-05  -1.6564e-03   8.6443e-03 


########################
# 00000031
########################
RSS 3187.743952517992
BP 0:
a0:   4.0617e+00   e0:  -5.4131e+00   b0:   3.2174e+02   
P: 
  1.7299e+00   8.2740e-01  -5.8031e-01  -1.2362e+00  -1.9669e+00 
 -5.4634e-01  -1.0379e+00  -1.0195e+00  -6.7664e-01  -1.2024e-01 
  5.1676e-02   1.2916e-01   1.7095e-03  -8.8575e-04   9.6640e-06 
 -3.2384e+00   5.6955e+01   5.1254e+01   7.1980e+01   5.3928e+01 
  5.6511e+01   3.3075e+01   1.6013e+01   2.0198e+01   1.5297e+01 
  7.9638e+00   3.7362e+00   1.7064e+00   7.8017e-01   3.5380e-01 
  1.6049e-01   7.5030e-02   3.6468e-02   1.8291e-02   9.2127e-03 
  4.5764e-03   2.2425e-03   1.1008e-03   5.5336e-04   2.8999e-04 
  1.5937e-04   9.1154e-05   7.6036e-05  -9.1516e-05   3.7261e-02 


########################
# 00000032
########################
RSS 3188.6714528692646
BP 0:
a0:   4.3736e+00   e0:  -3.5807e+00   b0:   3.0334e+02   
P: 
  1.7299e+00   8.2740e-01  -5.8031e-01  -1.2362e+00  -1.9669e+00 
 -5.4634e-01  -7.1364e-02  -6.1157e-01  -5.3450e-01  -1.1959e-01 
  2.2409e-02   2.3790e-01   7.0960e-02  -1.3012e-02   1.1305e-04 
 -3.2384e+00   5.6955e+01   5.1254e+01   7.1980e+01   5.3928e+01 
  5.6511e+01   3.3075e+01   1.6013e+01   2.0198e+01   1.5297e+01 
  7.9638e+00   3.7362e+00   1.7064e+00   7.8017e-01   3.5380e-01 
  1.6049e-01   7.5030e-02   3.6468e-02   1.8291e-02   9.2127e-03 
  4.5764e-03   2.2425e-03   1.1008e-03   5.5336e-04   2.8999e-04 
  1.5937e-04   9.1154e-05   7.6036e-05  -1.4707e-03   4.7134e-02 


########################
# 00000033
########################
RSS 3226.259389180866
BP 0:
a0:   3.9863e+00   e0:  -5.0229e+00   b0:   2.6395e+02   
P: 
  1.7299e+00   8.2740e-01  -5.8031e-01  -1.2362e+00  -1.9669e+00 
 -5.4634e-01  -8.3137e-01  -9.2202e-01  -5.8628e-01  -4.2495e-02 
  5.2001e-02   2.2174e-01   3.2055e-02  -9.7192e-03   1.0007e-04 
 -3.2384e+00   5.6955e+01   5.1254e+01   7.1980e+01   5.3928e+01 
  5.6511e+01   3.3075e+01   1.6013e+01   2.0198e+01   1.5297e+01 
  7.9638e+00   3.7362e+00   1.7064e+00   7.8017e-01   3.5380e-01 
  1.6049e-01   7.5030e-02   3.6468e-02   1.8291e-02   9.2127e-03 
  4.5764e-03   2.2425e-03   1.1008e-03   5.5336e-04   2.8999e-04 
  1.5937e-04   9.1154e-05   7.6036e-05  -9.3354e-04  -1.9226e-02 


########################
# 00000034
########################
RSS 3550.4892068198546
BP 0:
a0:   3.6647e+00   e0:  -1.8615e+00   b0:   1.3086e+02   
P: 
  1.7299e+00   8.2740e-01  -5.8031e-01  -1.2362e+00  -1.9669e+00 
 -5.4634e-01  -9.8146e-01  -5.2493e-01  -2.3658e-01  -1.6088e-01 
  5.2978e-02   1.7284e-01   5.5181e-02  -2.0792e-02   5.0505e-05 
 -3.2384e+00   5.6955e+01   5.1254e+01   7.1980e+01   5.3928e+01 
  5.6511e+01   3.3075e+01   1.6013e+01   2.0198e+01   1.5297e+01 
  7.9638e+00   3.7362e+00   1.7064e+00   7.8017e-01   3.5380e-01 
  1.6049e-01   7.5030e-02   3.6468e-02   1.8291e-02   9.2127e-03 
  4.5764e-03   2.2425e-03   1.1008e-03   5.5336e-04   2.8999e-04 
  1.5937e-04   9.1154e-05   7.6036e-05  -8.2108e-04   3.7971e-02 


########################
# 00000035
########################
RSS 3643.239877398036
BP 0:
a0:   4.0978e+00   e0:  -3.7466e+00   b0:   3.0090e+02   
P: 
  1.7299e+00   8.2740e-01  -5.8031e-01  -1.2362e+00  -1.9669e+00 
 -5.4634e-01  -1.9984e-01  -6.5558e-01  -5.5836e-01  -1.5747e-01 
  4.7820e-02   2.7337e-01   4.8502e-02  -9.1919e-03   6.8898e-05 
 -3.2384e+00   5.6955e+01   5.1254e+01   7.1980e+01   5.3928e+01 
  5.6511e+01   3.3075e+01   1.6013e+01   2.0198e+01   1.5297e+01 
  7.9638e+00   3.7362e+00   1.7064e+00   7.8017e-01   3.5380e-01 
  1.6049e-01   7.5030e-02   3.6468e-02   1.8291e-02   9.2127e-03 
  4.5764e-03   2.2425e-03   1.1008e-03   5.5336e-04   2.8999e-04 
  1.5937e-04   9.1154e-05   7.6036e-05  -9.8594e-04  -4.7788e-02 


########################
# 00000036
########################
RSS 3651.9551914131234
BP 0:
a0:   3.8782e+00   e0:  -1.9113e+00   b0:   2.4186e+02   
P: 
  1.7299e+00   8.2740e-01  -5.8031e-01  -1.2362e+00  -1.9669e+00 
 -5.4634e-01  -6.0298e-01  -5.5508e-01  -2.6386e-01  -5.2066e-02 
  9.2335e-03   2.1817e-01   8.2119e-02  -2.0870e-02   4.9879e-05 
 -3.2384e+00   5.6955e+01   5.1254e+01   7.1980e+01   5.3928e+01 
  5.6511e+01   3.3075e+01   1.6013e+01   2.0198e+01   1.5297e+01 
  7.9638e+00   3.7362e+00   1.7064e+00   7.8017e-01   3.5380e-01 
  1.6049e-01   7.5030e-02   3.6468e-02   1.8291e-02   9.2127e-03 
  4.5764e-03   2.2425e-03   1.1008e-03   5.5336e-04   2.8999e-04 
  1.5937e-04   9.1154e-05   7.6036e-05  -1.1317e-03   6.1033e-03 


########################
# 00000037
########################
RSS 3728.0317552020015
BP 0:
a0:   4.1996e+00   e0:  -6.2422e+00   b0:   1.8400e+02   
P: 
  1.7299e+00   8.2740e-01  -5.8031e-01  -1.2362e+00  -1.9669e+00 
 -5.4634e-01  -4.3203e-01  -9.8319e-01  -6.8485e-01  -1.4393e-02 
  1.5847e-02   9.3121e-02   1.3014e-02  -1.2640e-03   9.6465e-05 
 -3.2384e+00   5.6955e+01   5.1254e+01   7.1980e+01   5.3928e+01 
  5.6511e+01   3.3075e+01   1.6013e+01   2.0198e+01   1.5297e+01 
  7.9638e+00   3.7362e+00   1.7064e+00   7.8017e-01   3.5380e-01 
  1.6049e-01   7.5030e-02   3.6468e-02   1.8291e-02   9.2127e-03 
  4.5764e-03   2.2425e-03   1.1008e-03   5.5336e-04   2.8999e-04 
  1.5937e-04   9.1154e-05   7.6036e-05  -1.9312e-03  -2.1293e-02 


########################
# 00000038
########################
RSS 3743.140214011908
BP 0:
a0:   4.6732e+00   e0:  -6.4890e+00   b0:   1.4483e+02   
P: 
  1.7299e+00   8.2740e-01  -5.8031e-01  -1.2362e+00  -1.9669e+00 
 -5.4634e-01  -2.8952e-02  -8.0339e-01  -6.6822e-01  -7.5003e-02 
  5.3286e-02   2.0090e-01   6.7544e-02  -8.6425e-03   7.3334e-05 
 -3.2384e+00   5.6955e+01   5.1254e+01   7.1980e+01   5.3928e+01 
  5.6511e+01   3.3075e+01   1.6013e+01   2.0198e+01   1.5297e+01 
  7.9638e+00   3.7362e+00   1.7064e+00   7.8017e-01   3.5380e-01 
  1.6049e-01   7.5030e-02   3.6468e-02   1.8291e-02   9.2127e-03 
  4.5764e-03   2.2425e-03   1.1008e-03   5.5336e-04   2.8999e-04 
  1.5937e-04   9.1154e-05   7.6036e-05  -1.6361e-03  -1.8924e-03 


########################
# 00000039
########################
RSS 3973.897684227851
BP 0:
a0:   3.9947e+00   e0:  -1.6441e+00   b0:   3.0769e+02   
P: 
  1.7299e+00   8.2740e-01  -5.8031e-01  -1.2362e+00  -1.9669e+00 
 -5.4634e-01  -4.4830e-01  -4.9072e-01  -3.2151e-01  -1.5257e-01 
  7.1634e-02   1.3440e-01   4.9762e-02  -6.5068e-03   1.5000e-04 
 -3.2384e+00   5.6955e+01   5.1254e+01   7.1980e+01   5.3928e+01 
  5.6511e+01   3.3075e+01   1.6013e+01   2.0198e+01   1.5297e+01 
  7.9638e+00   3.7362e+00   1.7064e+00   7.8017e-01   3.5380e-01 
  1.6049e-01   7.5030e-02   3.6468e-02   1.8291e-02   9.2127e-03 
  4.5764e-03   2.2425e-03   1.1008e-03   5.5336e-04   2.8999e-04 
  1.5937e-04   9.1154e-05   7.6036e-05  -3.0571e-04   1.7961e-02 


########################
# 00000040
########################
RSS 3974.3332734471214
BP 0:
a0:   3.8604e+00   e0:  -2.0371e+00   b0:   2.9033e+02   
P: 
  1.7299e+00   8.2740e-01  -5.8031e-01  -1.2362e+00  -1.9669e+00 
 -5.4634e-01  -7.4782e-01  -6.1782e-01  -2.6933e-01  -6.2228e-02 
  5.4059e-02   1.5451e-01   7.0424e-02  -1.3789e-02   8.3249e-05 
 -3.2384e+00   5.6955e+01   5.1254e+01   7.1980e+01   5.3928e+01 
  5.6511e+01   3.3075e+01   1.6013e+01   2.0198e+01   1.5297e+01 
  7.9638e+00   3.7362e+00   1.7064e+00   7.8017e-01   3.5380e-01 
  1.6049e-01   7.5030e-02   3.6468e-02   1.8291e-02   9.2127e-03 
  4.5764e-03   2.2425e-03   1.1008e-03   5.5336e-04   2.8999e-04 
  1.5937e-04   9.1154e-05   7.6036e-05  -1.6226e-03   3.0875e-02 


########################
# 00000041
########################
RSS 3983.246450499308
BP 0:
a0:   4.1385e+00   e0:  -1.5806e+00   b0:   1.2213e+02   
P: 
  1.7299e+00   8.2740e-01  -5.8031e-01  -1.2362e+00  -1.9669e+00 
 -5.4634e-01  -3.8888e-01  -4.5066e-01  -2.8268e-01  -6.9711e-02 
  1.9269e-02   1.7232e-01   7.2901e-02  -7.1289e-03   2.2613e-04 
 -3.2384e+00   5.6955e+01   5.1254e+01   7.1980e+01   5.3928e+01 
  5.6511e+01   3.3075e+01   1.6013e+01   2.0198e+01   1.5297e+01 
  7.9638e+00   3.7362e+00   1.7064e+00   7.8017e-01   3.5380e-01 
  1.6049e-01   7.5030e-02   3.6468e-02   1.8291e-02   9.2127e-03 
  4.5764e-03   2.2425e-03   1.1008e-03   5.5336e-04   2.8999e-04 
  1.5937e-04   9.1154e-05   7.6036e-05  -1.8222e-03  -6.3588e-04 


########################
# 00000042
########################
RSS 4023.843007347244
BP 0:
a0:   3.7850e+00   e0:  -1.7274e+00   b0:   1.8777e+02   
P: 
  1.7299e+00   8.2740e-01  -5.8031e-01  -1.2362e+00  -1.9669e+00 
 -5.4634e-01  -6.8972e-01  -3.9445e-01  -2.2595e-01  -1.0506e-01 
  3.4988e-02   1.4937e-01   3.1932e-02  -2.0926e-03   9.2065e-05 
 -3.2384e+00   5.6955e+01   5.1254e+01   7.1980e+01   5.3928e+01 
  5.6511e+01   3.3075e+01   1.6013e+01   2.0198e+01   1.5297e+01 
  7.9638e+00   3.7362e+00   1.7064e+00   7.8017e-01   3.5380e-01 
  1.6049e-01   7.5030e-02   3.6468e-02   1.8291e-02   9.2127e-03 
  4.5764e-03   2.2425e-03   1.1008e-03   5.5336e-04   2.8999e-04 
  1.5937e-04   9.1154e-05   7.6036e-05  -1.1366e-03   8.4294e-03 


########################
# 00000043
########################
RSS 4114.757096318146
BP 0:
a0:   3.9650e+00   e0:  -3.2529e+00   b0:   4.4860e+02   
P: 
  1.7299e+00   8.2740e-01  -5.8031e-01  -1.2362e+00  -1.9669e+00 
 -5.4634e-01  -5.4274e-02  -5.7604e-01  -4.1243e-01  -9.1960e-02 
  2.7995e-02   1.7801e-01   4.3056e-02  -1.5668e-02   1.7887e-05 
 -3.2384e+00   5.6955e+01   5.1254e+01   7.1980e+01   5.3928e+01 
  5.6511e+01   3.3075e+01   1.6013e+01   2.0198e+01   1.5297e+01 
  7.9638e+00   3.7362e+00   1.7064e+00   7.8017e-01   3.5380e-01 
  1.6049e-01   7.5030e-02   3.6468e-02   1.8291e-02   9.2127e-03 
  4.5764e-03   2.2425e-03   1.1008e-03   5.5336e-04   2.8999e-04 
  1.5937e-04   9.1154e-05   7.6036e-05  -1.6309e-03  -4.5546e-02 


########################
# 00000044
########################
RSS 4167.002635981697
BP 0:
a0:   4.0977e+00   e0:  -5.7821e+00   b0:   4.2755e+02   
P: 
  1.7299e+00   8.2740e-01  -5.8031e-01  -1.2362e+00  -1.9669e+00 
 -5.4634e-01  -6.9143e-01  -1.2447e+00  -7.2713e-01  -3.2140e-02 
  4.0369e-02   1.2751e-01   9.0793e-02  -1.3996e-02   1.4120e-05 
 -3.2384e+00   5.6955e+01   5.1254e+01   7.1980e+01   5.3928e+01 
  5.6511e+01   3.3075e+01   1.6013e+01   2.0198e+01   1.5297e+01 
  7.9638e+00   3.7362e+00   1.7064e+00   7.8017e-01   3.5380e-01 
  1.6049e-01   7.5030e-02   3.6468e-02   1.8291e-02   9.2127e-03 
  4.5764e-03   2.2425e-03   1.1008e-03   5.5336e-04   2.8999e-04 
  1.5937e-04   9.1154e-05   7.6036e-05  -1.0943e-03   2.4287e-02 


########################
# 00000045
########################
RSS 4265.675930097037
BP 0:
a0:   3.8848e+00   e0:  -1.8006e+00   b0:   2.7023e+02   
P: 
  1.7299e+00   8.2740e-01  -5.8031e-01  -1.2362e+00  -1.9669e+00 
 -5.4634e-01  -4.7546e-02  -3.9174e-01  -2.3053e-01  -7.0561e-02 
  6.1126e-02   7.6007e-02   4.4204e-02  -4.0348e-03   2.0813e-04 
 -3.2384e+00   5.6955e+01   5.1254e+01   7.1980e+01   5.3928e+01 
  5.6511e+01   3.3075e+01   1.6013e+01   2.0198e+01   1.5297e+01 
  7.9638e+00   3.7362e+00   1.7064e+00   7.8017e-01   3.5380e-01 
  1.6049e-01   7.5030e-02   3.6468e-02   1.8291e-02   9.2127e-03 
  4.5764e-03   2.2425e-03   1.1008e-03   5.5336e-04   2.8999e-04 
  1.5937e-04   9.1154e-05   7.6036e-05  -9.2768e-04  -2.2073e-02 


########################
# 00000046
########################
RSS 4338.208334542884
BP 0:
a0:   3.9183e+00   e0:  -3.1597e+00   b0:   3.5592e+02   
P: 
  1.7299e+00   8.2740e-01  -5.8031e-01  -1.2362e+00  -1.9669e+00 
 -5.4634e-01  -8.4800e-01  -8.1172e-01  -4.2600e-01  -1.5266e-02 
  4.2057e-03   3.1285e-01   1.0938e-01  -9.0962e-03   2.6240e-04 
 -3.2384e+00   5.6955e+01   5.1254e+01   7.1980e+01   5.3928e+01 
  5.6511e+01   3.3075e+01   1.6013e+01   2.0198e+01   1.5297e+01 
  7.9638e+00   3.7362e+00   1.7064e+00   7.8017e-01   3.5380e-01 
  1.6049e-01   7.5030e-02   3.6468e-02   1.8291e-02   9.2127e-03 
  4.5764e-03   2.2425e-03   1.1008e-03   5.5336e-04   2.8999e-04 
  1.5937e-04   9.1154e-05   7.6036e-05  -2.6086e-04  -5.1400e-03 


########################
# 00000047
########################
RSS 4396.069961767584
BP 0:
a0:   4.2160e+00   e0:  -2.2364e+00   b0:   3.7194e+02   
P: 
  1.7299e+00   8.2740e-01  -5.8031e-01  -1.2362e+00  -1.9669e+00 
 -5.4634e-01  -5.0238e-01  -6.5134e-01  -4.2384e-01  -4.3859e-02 
  2.8732e-03   2.8214e-01   1.0415e-01  -9.7529e-03   7.7572e-05 
 -3.2384e+00   5.6955e+01   5.1254e+01   7.1980e+01   5.3928e+01 
  5.6511e+01   3.3075e+01   1.6013e+01   2.0198e+01   1.5297e+01 
  7.9638e+00   3.7362e+00   1.7064e+00   7.8017e-01   3.5380e-01 
  1.6049e-01   7.5030e-02   3.6468e-02   1.8291e-02   9.2127e-03 
  4.5764e-03   2.2425e-03   1.1008e-03   5.5336e-04   2.8999e-04 
  1.5937e-04   9.1154e-05   7.6036e-05  -3.1093e-04   4.8981e-02 


########################
# 00000048
########################
RSS 4590.841416636189
BP 0:
a0:   3.8723e+00   e0:  -4.4782e+00   b0:   4.1387e+02   
P: 
  1.7299e+00   8.2740e-01  -5.8031e-01  -1.2362e+00  -1.9669e+00 
 -5.4634e-01  -3.0132e-01  -7.3204e-01  -4.5381e-01  -1.0057e-01 
  5.0359e-02   7.3981e-02   1.3923e-02  -1.2025e-02   2.4078e-04 
 -3.2384e+00   5.6955e+01   5.1254e+01   7.1980e+01   5.3928e+01 
  5.6511e+01   3.3075e+01   1.6013e+01   2.0198e+01   1.5297e+01 
  7.9638e+00   3.7362e+00   1.7064e+00   7.8017e-01   3.5380e-01 
  1.6049e-01   7.5030e-02   3.6468e-02   1.8291e-02   9.2127e-03 
  4.5764e-03   2.2425e-03   1.1008e-03   5.5336e-04   2.8999e-04 
  1.5937e-04   9.1154e-05   7.6036e-05  -9.1014e-05  -3.0946e-02 


########################
# 00000049
########################
RSS 4656.368999662127
BP 0:
a0:   4.2895e+00   e0:  -3.1694e+00   b0:   3.3428e+02   
P: 
  1.7299e+00   8.2740e-01  -5.8031e-01  -1.2362e+00  -1.9669e+00 
 -5.4634e-01  -2.8280e-01  -6.6395e-01  -4.9528e-01  -3.3529e-02 
  2.2836e-02   3.2003e-01   8.6237e-02  -1.8478e-02   1.6553e-04 
 -3.2384e+00   5.6955e+01   5.1254e+01   7.1980e+01   5.3928e+01 
  5.6511e+01   3.3075e+01   1.6013e+01   2.0198e+01   1.5297e+01 
  7.9638e+00   3.7362e+00   1.7064e+00   7.8017e-01   3.5380e-01 
  1.6049e-01   7.5030e-02   3.6468e-02   1.8291e-02   9.2127e-03 
  4.5764e-03   2.2425e-03   1.1008e-03   5.5336e-04   2.8999e-04 
  1.5937e-04   9.1154e-05   7.6036e-05  -6.2714e-05   3.5873e-02 


########################
# 00000050
########################
RSS 4683.234460760853
BP 0:
a0:   4.4007e+00   e0:  -6.7122e+00   b0:   1.9821e+02   
P: 
  1.7299e+00   8.2740e-01  -5.8031e-01  -1.2362e+00  -1.9669e+00 
 -5.4634e-01  -6.6923e-01  -1.2608e+00  -8.6363e-01  -1.1715e-01 
  3.5524e-02   2.2686e-01   1.1017e-01  -3.9543e-03   2.2517e-04 
 -3.2384e+00   5.6955e+01   5.1254e+01   7.1980e+01   5.3928e+01 
  5.6511e+01   3.3075e+01   1.6013e+01   2.0198e+01   1.5297e+01 
  7.9638e+00   3.7362e+00   1.7064e+00   7.8017e-01   3.5380e-01 
  1.6049e-01   7.5030e-02   3.6468e-02   1.8291e-02   9.2127e-03 
  4.5764e-03   2.2425e-03   1.1008e-03   5.5336e-04   2.8999e-04 
  1.5937e-04   9.1154e-05   7.6036e-05  -3.8433e-04   2.6118e-02 


########################
# 00000051
########################
RSS 4965.885071492971
BP 0:
a0:   4.0104e+00   e0:  -3.0497e+00   b0:   5.2618e+02   
P: 
  1.7299e+00   8.2740e-01  -5.8031e-01  -1.2362e+00  -1.9669e+00 
 -5.4634e-01  -3.5742e-01  -8.4436e-01  -4.7374e-01  -4.2841e-02 
  6.2954e-02   2.0332e-01   1.1227e-01  -1.0247e-02   2.6653e-04 
 -3.2384e+00   5.6955e+01   5.1254e+01   7.1980e+01   5.3928e+01 
  5.6511e+01   3.3075e+01   1.6013e+01   2.0198e+01   1.5297e+01 
  7.9638e+00   3.7362e+00   1.7064e+00   7.8017e-01   3.5380e-01 
  1.6049e-01   7.5030e-02   3.6468e-02   1.8291e-02   9.2127e-03 
  4.5764e-03   2.2425e-03   1.1008e-03   5.5336e-04   2.8999e-04 
  1.5937e-04   9.1154e-05   7.6036e-05  -1.3123e-04   4.6410e-03 


########################
# 00000052
########################
RSS 5033.154679751025
BP 0:
a0:   3.4216e+00   e0:  -3.4387e+00   b0:   6.8609e+01   
P: 
  1.7299e+00   8.2740e-01  -5.8031e-01  -1.2362e+00  -1.9669e+00 
 -5.4634e-01  -7.2567e-01  -7.7683e-01  -3.1844e-01  -3.7868e-02 
  6.3015e-02   1.5879e-01   1.0766e-01  -2.0675e-02   2.2766e-04 
 -3.2384e+00   5.6955e+01   5.1254e+01   7.1980e+01   5.3928e+01 
  5.6511e+01   3.3075e+01   1.6013e+01   2.0198e+01   1.5297e+01 
  7.9638e+00   3.7362e+00   1.7064e+00   7.8017e-01   3.5380e-01 
  1.6049e-01   7.5030e-02   3.6468e-02   1.8291e-02   9.2127e-03 
  4.5764e-03   2.2425e-03   1.1008e-03   5.5336e-04   2.8999e-04 
  1.5937e-04   9.1154e-05   7.6036e-05  -1.2975e-03   1.0023e-03 


########################
# 00000053
########################
RSS 5048.558317363984
BP 0:
a0:   4.4851e+00   e0:  -6.3089e+00   b0:   3.0639e+02   
P: 
  1.7299e+00   8.2740e-01  -5.8031e-01  -1.2362e+00  -1.9669e+00 
 -5.4634e-01  -1.3517e-02  -8.4137e-01  -7.2457e-01  -5.6961e-02 
  4.4351e-02   2.3833e-01   6.5063e-02  -8.7294e-03   2.1819e-04 
 -3.2384e+00   5.6955e+01   5.1254e+01   7.1980e+01   5.3928e+01 
  5.6511e+01   3.3075e+01   1.6013e+01   2.0198e+01   1.5297e+01 
  7.9638e+00   3.7362e+00   1.7064e+00   7.8017e-01   3.5380e-01 
  1.6049e-01   7.5030e-02   3.6468e-02   1.8291e-02   9.2127e-03 
  4.5764e-03   2.2425e-03   1.1008e-03   5.5336e-04   2.8999e-04 
  1.5937e-04   9.1154e-05   7.6036e-05  -7.5901e-04   4.4411e-02 


########################
# 00000054
########################
RSS 5129.062140914517
BP 0:
a0:   4.0392e+00   e0:  -3.2086e+00   b0:   3.1452e+02   
P: 
  1.7299e+00   8.2740e-01  -5.8031e-01  -1.2362e+00  -1.9669e+00 
 -5.4634e-01  -3.7181e-01  -6.0431e-01  -4.1562e-01  -1.2987e-02 
  3.2939e-02   2.8382e-01   4.5998e-02  -1.5619e-02   2.6710e-04 
 -3.2384e+00   5.6955e+01   5.1254e+01   7.1980e+01   5.3928e+01 
  5.6511e+01   3.3075e+01   1.6013e+01   2.0198e+01   1.5297e+01 
  7.9638e+00   3.7362e+00   1.7064e+00   7.8017e-01   3.5380e-01 
  1.6049e-01   7.5030e-02   3.6468e-02   1.8291e-02   9.2127e-03 
  4.5764e-03   2.2425e-03   1.1008e-03   5.5336e-04   2.8999e-04 
  1.5937e-04   9.1154e-05   7.6036e-05  -1.5126e-03  -3.4763e-02 


########################
# 00000055
########################
RSS 5205.628204600026
BP 0:
a0:   3.7884e+00   e0:  -3.2849e+00   b0:   4.9380e+02   
P: 
  1.7299e+00   8.2740e-01  -5.8031e-01  -1.2362e+00  -1.9669e+00 
 -5.4634e-01  -1.2469e+00  -6.4805e-01  -3.1593e-01  -1.4509e-01 
  5.7720e-02   1.7237e-01   8.7181e-03  -1.2361e-02   1.2200e-04 
 -3.2384e+00   5.6955e+01   5.1254e+01   7.1980e+01   5.3928e+01 
  5.6511e+01   3.3075e+01   1.6013e+01   2.0198e+01   1.5297e+01 
  7.9638e+00   3.7362e+00   1.7064e+00   7.8017e-01   3.5380e-01 
  1.6049e-01   7.5030e-02   3.6468e-02   1.8291e-02   9.2127e-03 
  4.5764e-03   2.2425e-03   1.1008e-03   5.5336e-04   2.8999e-04 
  1.5937e-04   9.1154e-05   7.6036e-05  -1.5709e-03   3.7308e-02 


########################
# 00000056
########################
RSS 5292.178529481651
BP 0:
a0:   4.1566e+00   e0:  -4.0538e+00   b0:   5.5804e+02   
P: 
  1.7299e+00   8.2740e-01  -5.8031e-01  -1.2362e+00  -1.9669e+00 
 -5.4634e-01  -2.7497e-01  -8.6590e-01  -6.3636e-01  -1.4135e-01 
  2.9905e-02   2.2749e-01   7.5056e-02  -1.8890e-02   9.2531e-05 
 -3.2384e+00   5.6955e+01   5.1254e+01   7.1980e+01   5.3928e+01 
  5.6511e+01   3.3075e+01   1.6013e+01   2.0198e+01   1.5297e+01 
  7.9638e+00   3.7362e+00   1.7064e+00   7.8017e-01   3.5380e-01 
  1.6049e-01   7.5030e-02   3.6468e-02   1.8291e-02   9.2127e-03 
  4.5764e-03   2.2425e-03   1.1008e-03   5.5336e-04   2.8999e-04 
  1.5937e-04   9.1154e-05   7.6036e-05  -7.0875e-04   2.8618e-02 


########################
# 00000057
########################
RSS 5304.917616365034
BP 0:
a0:   3.8219e+00   e0:  -6.0383e+00   b0:   3.6684e+02   
P: 
  1.7299e+00   8.2740e-01  -5.8031e-01  -1.2362e+00  -1.9669e+00 
 -5.4634e-01  -1.2584e+00  -1.1377e+00  -6.2672e-01  -1.0118e-01 
  1.2174e-02   1.6029e-01   4.1304e-02  -1.3127e-02   4.5208e-05 
 -3.2384e+00   5.6955e+01   5.1254e+01   7.1980e+01   5.3928e+01 
  5.6511e+01   3.3075e+01   1.6013e+01   2.0198e+01   1.5297e+01 
  7.9638e+00   3.7362e+00   1.7064e+00   7.8017e-01   3.5380e-01 
  1.6049e-01   7.5030e-02   3.6468e-02   1.8291e-02   9.2127e-03 
  4.5764e-03   2.2425e-03   1.1008e-03   5.5336e-04   2.8999e-04 
  1.5937e-04   9.1154e-05   7.6036e-05  -4.2556e-04   1.5263e-02 


########################
# 00000058
########################
RSS 5543.232486340309
BP 0:
a0:   4.1591e+00   e0:  -5.1180e+00   b0:   4.1402e+02   
P: 
  1.7299e+00   8.2740e-01  -5.8031e-01  -1.2362e+00  -1.9669e+00 
 -5.4634e-01  -4.6873e-01  -1.0734e+00  -6.9847e-01  -5.2750e-02 
  5.7389e-02   1.5515e-01   6.8265e-02  -3.9292e-03   1.2996e-04 
 -3.2384e+00   5.6955e+01   5.1254e+01   7.1980e+01   5.3928e+01 
  5.6511e+01   3.3075e+01   1.6013e+01   2.0198e+01   1.5297e+01 
  7.9638e+00   3.7362e+00   1.7064e+00   7.8017e-01   3.5380e-01 
  1.6049e-01   7.5030e-02   3.6468e-02   1.8291e-02   9.2127e-03 
  4.5764e-03   2.2425e-03   1.1008e-03   5.5336e-04   2.8999e-04 
  1.5937e-04   9.1154e-05   7.6036e-05  -9.9333e-04   3.9448e-02 


########################
# 00000059
########################
RSS 5556.490365303844
BP 0:
a0:   3.2845e+00   e0:  -4.4266e+00   b0:   6.4818e+01   
P: 
  1.7299e+00   8.2740e-01  -5.8031e-01  -1.2362e+00  -1.9669e+00 
 -5.4634e-01  -8.6488e-01  -7.7422e-01  -4.2676e-01  -1.3695e-01 
  4.6598e-02   3.1140e-01   1.1385e-01  -1.0312e-02   1.4242e-05 
 -3.2384e+00   5.6955e+01   5.1254e+01   7.1980e+01   5.3928e+01 
  5.6511e+01   3.3075e+01   1.6013e+01   2.0198e+01   1.5297e+01 
  7.9638e+00   3.7362e+00   1.7064e+00   7.8017e-01   3.5380e-01 
  1.6049e-01   7.5030e-02   3.6468e-02   1.8291e-02   9.2127e-03 
  4.5764e-03   2.2425e-03   1.1008e-03   5.5336e-04   2.8999e-04 
  1.5937e-04   9.1154e-05   7.6036e-05  -9.0169e-04  -4.7889e-02 


########################
# 00000060
########################
RSS 5565.021126547834
BP 0:
a0:   4.1102e+00   e0:  -6.7597e+00   b0:   2.0325e+02   
P: 
  1.7299e+00   8.2740e-01  -5.8031e-01  -1.2362e+00  -1.9669e+00 
 -5.4634e-01  -9.3392e-01  -1.3227e+00  -7.7823e-01  -2.3508e-02 
  1.7118e-02   7.8673e-02   5.7694e-02  -2.9809e-03   1.6673e-04 
 -3.2384e+00   5.6955e+01   5.1254e+01   7.1980e+01   5.3928e+01 
  5.6511e+01   3.3075e+01   1.6013e+01   2.0198e+01   1.5297e+01 
  7.9638e+00   3.7362e+00   1.7064e+00   7.8017e-01   3.5380e-01 
  1.6049e-01   7.5030e-02   3.6468e-02   1.8291e-02   9.2127e-03 
  4.5764e-03   2.2425e-03   1.1008e-03   5.5336e-04   2.8999e-04 
  1.5937e-04   9.1154e-05   7.6036e-05  -5.0896e-04   2.5871e-02 


########################
# 00000061
########################
RSS 5610.578225648335
BP 0:
a0:   4.0957e+00   e0:  -3.6504e+00   b0:   4.0604e+02   
P: 
  1.7299e+00   8.2740e-01  -5.8031e-01  -1.2362e+00  -1.9669e+00 
 -5.4634e-01  -4.7565e-01  -7.6655e-01  -5.0519e-01  -3.7803e-02 
  1.6099e-02   2.3874e-01   5.0904e-02  -1.5335e-02   1.4583e-04 
 -3.2384e+00   5.6955e+01   5.1254e+01   7.1980e+01   5.3928e+01 
  5.6511e+01   3.3075e+01   1.6013e+01   2.0198e+01   1.5297e+01 
  7.9638e+00   3.7362e+00   1.7064e+00   7.8017e-01   3.5380e-01 
  1.6049e-01   7.5030e-02   3.6468e-02   1.8291e-02   9.2127e-03 
  4.5764e-03   2.2425e-03   1.1008e-03   5.5336e-04   2.8999e-04 
  1.5937e-04   9.1154e-05   7.6036e-05  -1.2322e-03   1.5920e-02 


########################
# 00000062
########################
RSS 5639.127822336982
BP 0:
a0:   4.2372e+00   e0:  -5.7231e+00   b0:   3.8504e+02   
P: 
  1.7299e+00   8.2740e-01  -5.8031e-01  -1.2362e+00  -1.9669e+00 
 -5.4634e-01  -5.4610e-02  -9.0977e-01  -6.5339e-01  -1.7835e-02 
  1.6648e-02   5.0729e-02   4.6659e-03  -1.8616e-02   8.4176e-05 
 -3.2384e+00   5.6955e+01   5.1254e+01   7.1980e+01   5.3928e+01 
  5.6511e+01   3.3075e+01   1.6013e+01   2.0198e+01   1.5297e+01 
  7.9638e+00   3.7362e+00   1.7064e+00   7.8017e-01   3.5380e-01 
  1.6049e-01   7.5030e-02   3.6468e-02   1.8291e-02   9.2127e-03 
  4.5764e-03   2.2425e-03   1.1008e-03   5.5336e-04   2.8999e-04 
  1.5937e-04   9.1154e-05   7.6036e-05  -1.4467e-03   3.7741e-02 


########################
# 00000063
########################
RSS 5642.057197473325
BP 0:
a0:   4.3873e+00   e0:  -6.8866e+00   b0:   1.0813e+02   
P: 
  1.7299e+00   8.2740e-01  -5.8031e-01  -1.2362e+00  -1.9669e+00 
 -5.4634e-01  -8.8202e-01  -1.1392e+00  -7.5457e-01  -1.9622e-02 
  5.8451e-02   1.4897e-01   2.3712e-02  -5.0407e-03   3.4706e-05 
 -3.2384e+00   5.6955e+01   5.1254e+01   7.1980e+01   5.3928e+01 
  5.6511e+01   3.3075e+01   1.6013e+01   2.0198e+01   1.5297e+01 
  7.9638e+00   3.7362e+00   1.7064e+00   7.8017e-01   3.5380e-01 
  1.6049e-01   7.5030e-02   3.6468e-02   1.8291e-02   9.2127e-03 
  4.5764e-03   2.2425e-03   1.1008e-03   5.5336e-04   2.8999e-04 
  1.5937e-04   9.1154e-05   7.6036e-05  -1.4298e-03   8.3985e-04 


########################
# 00000064
########################
RSS 5668.285798201482
BP 0:
a0:   3.4972e+00   e0:  -4.2469e+00   b0:   1.2405e+02   
P: 
  1.7299e+00   8.2740e-01  -5.8031e-01  -1.2362e+00  -1.9669e+00 
 -5.4634e-01  -6.2303e-01  -8.4612e-01  -3.4191e-01  -1.6627e-02 
  5.1061e-02   1.1875e-01   1.1401e-01  -9.0376e-03   2.2937e-05 
 -3.2384e+00   5.6955e+01   5.1254e+01   7.1980e+01   5.3928e+01 
  5.6511e+01   3.3075e+01   1.6013e+01   2.0198e+01   1.5297e+01 
  7.9638e+00   3.7362e+00   1.7064e+00   7.8017e-01   3.5380e-01 
  1.6049e-01   7.5030e-02   3.6468e-02   1.8291e-02   9.2127e-03 
  4.5764e-03   2.2425e-03   1.1008e-03   5.5336e-04   2.8999e-04 
  1.5937e-04   9.1154e-05   7.6036e-05  -3.6921e-04  -1.3513e-02 


########################
# 00000065
########################
RSS 5675.279702459895
BP 0:
a0:   4.0868e+00   e0:  -1.2678e+00   b0:  -2.5389e+01   
P: 
  1.7299e+00   8.2740e-01  -5.8031e-01  -1.2362e+00  -1.9669e+00 
 -5.4634e-01  -3.6266e-01  -3.7427e-01  -2.0178e-01  -4.7150e-02 
  1.6029e-02   1.8413e-01   7.0500e-02  -2.2252e-02   2.1958e-04 
 -3.2384e+00   5.6955e+01   5.1254e+01   7.1980e+01   5.3928e+01 
  5.6511e+01   3.3075e+01   1.6013e+01   2.0198e+01   1.5297e+01 
  7.9638e+00   3.7362e+00   1.7064e+00   7.8017e-01   3.5380e-01 
  1.6049e-01   7.5030e-02   3.6468e-02   1.8291e-02   9.2127e-03 
  4.5764e-03   2.2425e-03   1.1008e-03   5.5336e-04   2.8999e-04 
  1.5937e-04   9.1154e-05   7.6036e-05  -1.5567e-03  -1.7796e-02 


########################
# 00000066
########################
RSS 5992.383447527004
BP 0:
a0:   3.9264e+00   e0:  -3.9166e+00   b0:   4.9386e+02   
P: 
  1.7299e+00   8.2740e-01  -5.8031e-01  -1.2362e+00  -1.9669e+00 
 -5.4634e-01  -7.0056e-01  -9.4221e-01  -4.8899e-01  -6.9470e-02 
  4.6158e-02   1.9414e-01   8.6062e-02  -2.2259e-02   2.3663e-04 
 -3.2384e+00   5.6955e+01   5.1254e+01   7.1980e+01   5.3928e+01 
  5.6511e+01   3.3075e+01   1.6013e+01   2.0198e+01   1.5297e+01 
  7.9638e+00   3.7362e+00   1.7064e+00   7.8017e-01   3.5380e-01 
  1.6049e-01   7.5030e-02   3.6468e-02   1.8291e-02   9.2127e-03 
  4.5764e-03   2.2425e-03   1.1008e-03   5.5336e-04   2.8999e-04 
  1.5937e-04   9.1154e-05   7.6036e-05  -8.3951e-05   1.3666e-02 


########################
# 00000067
########################
RSS 6000.1199051717995
BP 0:
a0:   3.0476e+00   e0:  -1.9622e+00   b0:   3.8601e+01   
P: 
  1.7299e+00   8.2740e-01  -5.8031e-01  -1.2362e+00  -1.9669e+00 
 -5.4634e-01  -8.7271e-01  -3.6791e-01  -9.1303e-02  -8.2747e-02 
  6.3634e-03   1.9107e-01   7.8798e-02  -1.3478e-02   1.7969e-05 
 -3.2384e+00   5.6955e+01   5.1254e+01   7.1980e+01   5.3928e+01 
  5.6511e+01   3.3075e+01   1.6013e+01   2.0198e+01   1.5297e+01 
  7.9638e+00   3.7362e+00   1.7064e+00   7.8017e-01   3.5380e-01 
  1.6049e-01   7.5030e-02   3.6468e-02   1.8291e-02   9.2127e-03 
  4.5764e-03   2.2425e-03   1.1008e-03   5.5336e-04   2.8999e-04 
  1.5937e-04   9.1154e-05   7.6036e-05  -3.6989e-04   2.3411e-02 


########################
# 00000068
########################
RSS 6037.0712053390835
BP 0:
a0:   4.0845e+00   e0:  -1.1056e+00   b0:   2.4084e+02   
P: 
  1.7299e+00   8.2740e-01  -5.8031e-01  -1.2362e+00  -1.9669e+00 
 -5.4634e-01  -4.1030e-01  -4.6355e-01  -2.5425e-01  -1.0370e-01 
  1.0740e-03   1.4040e-01   7.7666e-02  -1.9572e-02   7.6416e-05 
 -3.2384e+00   5.6955e+01   5.1254e+01   7.1980e+01   5.3928e+01 
  5.6511e+01   3.3075e+01   1.6013e+01   2.0198e+01   1.5297e+01 
  7.9638e+00   3.7362e+00   1.7064e+00   7.8017e-01   3.5380e-01 
  1.6049e-01   7.5030e-02   3.6468e-02   1.8291e-02   9.2127e-03 
  4.5764e-03   2.2425e-03   1.1008e-03   5.5336e-04   2.8999e-04 
  1.5937e-04   9.1154e-05   7.6036e-05  -7.0459e-04   3.7858e-02 


########################
# 00000069
########################
RSS 6062.821364839292
BP 0:
a0:   3.8169e+00   e0:  -6.9039e+00   b0:   1.6462e+02   
P: 
  1.7299e+00   8.2740e-01  -5.8031e-01  -1.2362e+00  -1.9669e+00 
 -5.4634e-01  -1.1406e+00  -1.2488e+00  -7.7147e-01  -1.3424e-01 
  3.8249e-02   1.4393e-01   4.3352e-02  -8.8812e-03   1.6886e-04 
 -3.2384e+00   5.6955e+01   5.1254e+01   7.1980e+01   5.3928e+01 
  5.6511e+01   3.3075e+01   1.6013e+01   2.0198e+01   1.5297e+01 
  7.9638e+00   3.7362e+00   1.7064e+00   7.8017e-01   3.5380e-01 
  1.6049e-01   7.5030e-02   3.6468e-02   1.8291e-02   9.2127e-03 
  4.5764e-03   2.2425e-03   1.1008e-03   5.5336e-04   2.8999e-04 
  1.5937e-04   9.1154e-05   7.6036e-05  -5.9552e-04  -1.3276e-02 


########################
# 00000070
########################
RSS 6172.138177853056
BP 0:
a0:   3.5932e+00   e0:  -4.8356e+00   b0:   1.4652e+02   
P: 
  1.7299e+00   8.2740e-01  -5.8031e-01  -1.2362e+00  -1.9669e+00 
 -5.4634e-01  -4.6226e-01  -8.8597e-01  -4.5947e-01  -1.1593e-01 
  6.7198e-02   4.3201e-02   8.2169e-02  -2.3781e-03   1.2201e-05 
 -3.2384e+00   5.6955e+01   5.1254e+01   7.1980e+01   5.3928e+01 
  5.6511e+01   3.3075e+01   1.6013e+01   2.0198e+01   1.5297e+01 
  7.9638e+00   3.7362e+00   1.7064e+00   7.8017e-01   3.5380e-01 
  1.6049e-01   7.5030e-02   3.6468e-02   1.8291e-02   9.2127e-03 
  4.5764e-03   2.2425e-03   1.1008e-03   5.5336e-04   2.8999e-04 
  1.5937e-04   9.1154e-05   7.6036e-05  -5.6958e-04  -2.4084e-02 


########################
# 00000071
########################
RSS 6360.653129168094
BP 0:
a0:   3.6115e+00   e0:  -4.1552e+00   b0:   2.5777e+02   
P: 
  1.7299e+00   8.2740e-01  -5.8031e-01  -1.2362e+00  -1.9669e+00 
 -5.4634e-01  -1.4933e+00  -8.0671e-01  -2.7462e-01  -4.9329e-02 
  3.1515e-02   1.9407e-01   5.6517e-02  -1.4044e-02   2.1142e-04 
 -3.2384e+00   5.6955e+01   5.1254e+01   7.1980e+01   5.3928e+01 
  5.6511e+01   3.3075e+01   1.6013e+01   2.0198e+01   1.5297e+01 
  7.9638e+00   3.7362e+00   1.7064e+00   7.8017e-01   3.5380e-01 
  1.6049e-01   7.5030e-02   3.6468e-02   1.8291e-02   9.2127e-03 
  4.5764e-03   2.2425e-03   1.1008e-03   5.5336e-04   2.8999e-04 
  1.5937e-04   9.1154e-05   7.6036e-05  -4.7542e-04   4.4440e-02 


########################
# 00000072
########################
RSS 6385.9896288528125
BP 0:
a0:   4.3704e+00   e0:  -6.7513e+00   b0:   2.1735e+02   
P: 
  1.7299e+00   8.2740e-01  -5.8031e-01  -1.2362e+00  -1.9669e+00 
 -5.4634e-01  -4.5105e-01  -9.6033e-01  -8.0594e-01  -1.1217e-01 
  6.4047e-02   3.1910e-01   2.7270e-02  -1.7758e-02   2.2745e-04 
 -3.2384e+00   5.6955e+01   5.1254e+01   7.1980e+01   5.3928e+01 
  5.6511e+01   3.3075e+01   1.6013e+01   2.0198e+01   1.5297e+01 
  7.9638e+00   3.7362e+00   1.7064e+00   7.8017e-01   3.5380e-01 
  1.6049e-01   7.5030e-02   3.6468e-02   1.8291e-02   9.2127e-03 
  4.5764e-03   2.2425e-03   1.1008e-03   5.5336e-04   2.8999e-04 
  1.5937e-04   9.1154e-05   7.6036e-05  -7.6708e-05  -3.7019e-02 


########################
# 00000073
########################
RSS 6407.553566558382
BP 0:
a0:   4.0938e+00   e0:  -2.7196e+00   b0:   3.7763e+02   
P: 
  1.7299e+00   8.2740e-01  -5.8031e-01  -1.2362e+00  -1.9669e+00 
 -5.4634e-01  -2.1362e-01  -5.3217e-01  -4.3155e-01  -1.0799e-01 
  2.0504e-02   2.5545e-01   4.0793e-02  -1.4535e-02   1.8640e-04 
 -3.2384e+00   5.6955e+01   5.1254e+01   7.1980e+01   5.3928e+01 
  5.6511e+01   3.3075e+01   1.6013e+01   2.0198e+01   1.5297e+01 
  7.9638e+00   3.7362e+00   1.7064e+00   7.8017e-01   3.5380e-01 
  1.6049e-01   7.5030e-02   3.6468e-02   1.8291e-02   9.2127e-03 
  4.5764e-03   2.2425e-03   1.1008e-03   5.5336e-04   2.8999e-04 
  1.5937e-04   9.1154e-05   7.6036e-05  -8.0574e-04  -1.0529e-02 


########################
# 00000074
########################
RSS 6603.9032100418935
BP 0:
a0:   3.8759e+00   e0:  -6.3455e+00   b0:   2.7760e+02   
P: 
  1.7299e+00   8.2740e-01  -5.8031e-01  -1.2362e+00  -1.9669e+00 
 -5.4634e-01  -1.5017e+00  -1.3671e+00  -8.0071e-01  -1.2409e-01 
  2.5505e-02   3.2213e-01   1.1318e-01  -9.7720e-04   2.3795e-04 
 -3.2384e+00   5.6955e+01   5.1254e+01   7.1980e+01   5.3928e+01 
  5.6511e+01   3.3075e+01   1.6013e+01   2.0198e+01   1.5297e+01 
  7.9638e+00   3.7362e+00   1.7064e+00   7.8017e-01   3.5380e-01 
  1.6049e-01   7.5030e-02   3.6468e-02   1.8291e-02   9.2127e-03 
  4.5764e-03   2.2425e-03   1.1008e-03   5.5336e-04   2.8999e-04 
  1.5937e-04   9.1154e-05   7.6036e-05  -1.0237e-03  -7.0387e-04 


########################
# 00000075
########################
RSS 6675.336669966417
BP 0:
a0:   3.8699e+00   e0:  -7.0801e+00   b0:   1.6192e+02   
P: 
  1.7299e+00   8.2740e-01  -5.8031e-01  -1.2362e+00  -1.9669e+00 
 -5.4634e-01  -1.4783e+00  -1.4499e+00  -7.8604e-01  -1.0664e-02 
  4.0324e-02   1.5673e-01   7.6720e-02  -2.0449e-03   2.5571e-04 
 -3.2384e+00   5.6955e+01   5.1254e+01   7.1980e+01   5.3928e+01 
  5.6511e+01   3.3075e+01   1.6013e+01   2.0198e+01   1.5297e+01 
  7.9638e+00   3.7362e+00   1.7064e+00   7.8017e-01   3.5380e-01 
  1.6049e-01   7.5030e-02   3.6468e-02   1.8291e-02   9.2127e-03 
  4.5764e-03   2.2425e-03   1.1008e-03   5.5336e-04   2.8999e-04 
  1.5937e-04   9.1154e-05   7.6036e-05  -1.6974e-03   2.1467e-02 


########################
# 00000076
########################
RSS 7229.3635559045815
BP 0:
a0:   4.3048e+00   e0:  -6.9838e+00   b0:   2.9251e+02   
P: 
  1.7299e+00   8.2740e-01  -5.8031e-01  -1.2362e+00  -1.9669e+00 
 -5.4634e-01  -8.7969e-01  -1.3277e+00  -9.1726e-01  -1.0568e-01 
  4.0852e-02   3.1804e-01   9.6781e-02  -1.3270e-02   7.8260e-05 
 -3.2384e+00   5.6955e+01   5.1254e+01   7.1980e+01   5.3928e+01 
  5.6511e+01   3.3075e+01   1.6013e+01   2.0198e+01   1.5297e+01 
  7.9638e+00   3.7362e+00   1.7064e+00   7.8017e-01   3.5380e-01 
  1.6049e-01   7.5030e-02   3.6468e-02   1.8291e-02   9.2127e-03 
  4.5764e-03   2.2425e-03   1.1008e-03   5.5336e-04   2.8999e-04 
  1.5937e-04   9.1154e-05   7.6036e-05  -1.2172e-03   3.0166e-02 


########################
# 00000077
########################
RSS 7246.895056947027
BP 0:
a0:   4.0018e+00   e0:  -1.3420e+00   b0:   4.7524e+02   
P: 
  1.7299e+00   8.2740e-01  -5.8031e-01  -1.2362e+00  -1.9669e+00 
 -5.4634e-01  -7.6778e-01  -5.3989e-01  -2.6092e-01  -3.5554e-02 
  4.0177e-02   2.3690e-01   6.3022e-02  -2.0197e-02   1.0326e-04 
 -3.2384e+00   5.6955e+01   5.1254e+01   7.1980e+01   5.3928e+01 
  5.6511e+01   3.3075e+01   1.6013e+01   2.0198e+01   1.5297e+01 
  7.9638e+00   3.7362e+00   1.7064e+00   7.8017e-01   3.5380e-01 
  1.6049e-01   7.5030e-02   3.6468e-02   1.8291e-02   9.2127e-03 
  4.5764e-03   2.2425e-03   1.1008e-03   5.5336e-04   2.8999e-04 
  1.5937e-04   9.1154e-05   7.6036e-05  -1.6287e-03   4.9791e-02 


########################
# 00000078
########################
RSS 7689.890274772248
BP 0:
a0:   3.3276e+00   e0:  -4.5045e+00   b0:   1.1915e+02   
P: 
  1.7299e+00   8.2740e-01  -5.8031e-01  -1.2362e+00  -1.9669e+00 
 -5.4634e-01  -6.4043e-01  -4.3074e-01  -1.8327e-01  -1.2625e-01 
  2.1334e-02   1.1105e-01   6.1172e-03  -2.1804e-02   1.8710e-04 
 -3.2384e+00   5.6955e+01   5.1254e+01   7.1980e+01   5.3928e+01 
  5.6511e+01   3.3075e+01   1.6013e+01   2.0198e+01   1.5297e+01 
  7.9638e+00   3.7362e+00   1.7064e+00   7.8017e-01   3.5380e-01 
  1.6049e-01   7.5030e-02   3.6468e-02   1.8291e-02   9.2127e-03 
  4.5764e-03   2.2425e-03   1.1008e-03   5.5336e-04   2.8999e-04 
  1.5937e-04   9.1154e-05   7.6036e-05  -6.3587e-04  -3.0147e-02 


########################
# 00000079
########################
RSS 7808.350058091398
BP 0:
a0:   3.9501e+00   e0:  -5.2876e+00   b0:   5.3775e+02   
P: 
  1.7299e+00   8.2740e-01  -5.8031e-01  -1.2362e+00  -1.9669e+00 
 -5.4634e-01  -8.6554e-01  -1.1151e+00  -6.5953e-01  -1.0935e-01 
  6.1023e-02   2.3010e-01   6.9617e-02  -1.7436e-02   2.0255e-04 
 -3.2384e+00   5.6955e+01   5.1254e+01   7.1980e+01   5.3928e+01 
  5.6511e+01   3.3075e+01   1.6013e+01   2.0198e+01   1.5297e+01 
  7.9638e+00   3.7362e+00   1.7064e+00   7.8017e-01   3.5380e-01 
  1.6049e-01   7.5030e-02   3.6468e-02   1.8291e-02   9.2127e-03 
  4.5764e-03   2.2425e-03   1.1008e-03   5.5336e-04   2.8999e-04 
  1.5937e-04   9.1154e-05   7.6036e-05  -1.9713e-03   1.7551e-03 


########################
# 00000080
########################
RSS 7919.849624090114
BP 0:
a0:   4.3266e+00   e0:  -6.5615e+00   b0:   6.8321e+02   
P: 
  1.7299e+00   8.2740e-01  -5.8031e-01  -1.2362e+00  -1.9669e+00 
 -5.4634e-01   4.1870e-01  -1.1196e+00  -8.6912e-01  -9.0288e-02 
  8.9876e-02   1.0867e-01   1.4169e-01   1.1407e-02   1.2423e-04 
 -3.2384e+00   5.6955e+01   5.1254e+01   7.1980e+01   5.3928e+01 
  5.6511e+01   3.3075e+01   1.6013e+01   2.0198e+01   1.5297e+01 
  7.9638e+00   3.7362e+00   1.7064e+00   7.8017e-01   3.5380e-01 
  1.6049e-01   7.5030e-02   3.6468e-02   1.8291e-02   9.2127e-03 
  4.5764e-03   2.2425e-03   1.1008e-03   5.5336e-04   2.8999e-04 
  1.5937e-04   9.1154e-05   7.6036e-05   5.7602e-04  -1.6908e-03 


########################
# 00000081
########################
RSS 7933.962818558481
BP 0:
a0:   4.8123e+00   e0:  -7.6012e+00   b0:   7.6940e+01   
P: 
  1.7299e+00   8.2740e-01  -5.8031e-01  -1.2362e+00  -1.9669e+00 
 -5.4634e-01  -2.1207e-01  -9.1104e-01  -7.3284e-01  -7.2797e-02 
  2.0530e-02   1.5320e-01   3.5474e-02  -3.8758e-03   1.3265e-04 
 -3.2384e+00   5.6955e+01   5.1254e+01   7.1980e+01   5.3928e+01 
  5.6511e+01   3.3075e+01   1.6013e+01   2.0198e+01   1.5297e+01 
  7.9638e+00   3.7362e+00   1.7064e+00   7.8017e-01   3.5380e-01 
  1.6049e-01   7.5030e-02   3.6468e-02   1.8291e-02   9.2127e-03 
  4.5764e-03   2.2425e-03   1.1008e-03   5.5336e-04   2.8999e-04 
  1.5937e-04   9.1154e-05   7.6036e-05  -1.8001e-05  -3.4768e-02 


########################
# 00000082
########################
RSS 7950.61828497104
BP 0:
a0:   4.4618e+00   e0:  -7.5673e+00   b0:   2.5725e+02   
P: 
  1.7299e+00   8.2740e-01  -5.8031e-01  -1.2362e+00  -1.9669e+00 
 -5.4634e-01  -2.2763e-01  -1.0912e+00  -8.5407e-01  -8.3199e-02 
  2.5820e-02   2.1451e-01   5.9102e-02  -1.5989e-02   1.5241e-04 
 -3.2384e+00   5.6955e+01   5.1254e+01   7.1980e+01   5.3928e+01 
  5.6511e+01   3.3075e+01   1.6013e+01   2.0198e+01   1.5297e+01 
  7.9638e+00   3.7362e+00   1.7064e+00   7.8017e-01   3.5380e-01 
  1.6049e-01   7.5030e-02   3.6468e-02   1.8291e-02   9.2127e-03 
  4.5764e-03   2.2425e-03   1.1008e-03   5.5336e-04   2.8999e-04 
  1.5937e-04   9.1154e-05   7.6036e-05  -1.5114e-03   1.8982e-02 


########################
# 00000083
########################
RSS 8079.7887987945805
BP 0:
a0:   4.1210e+00   e0:  -7.3968e+00   b0:   1.7038e+02   
P: 
  1.7299e+00   8.2740e-01  -5.8031e-01  -1.2362e+00  -1.9669e+00 
 -5.4634e-01  -6.6778e-01  -1.2579e+00  -8.3418e-01  -1.0839e-01 
  7.8366e-03   3.5679e-02   2.3307e-02  -4.9146e-03   1.9838e-04 
 -3.2384e+00   5.6955e+01   5.1254e+01   7.1980e+01   5.3928e+01 
  5.6511e+01   3.3075e+01   1.6013e+01   2.0198e+01   1.5297e+01 
  7.9638e+00   3.7362e+00   1.7064e+00   7.8017e-01   3.5380e-01 
  1.6049e-01   7.5030e-02   3.6468e-02   1.8291e-02   9.2127e-03 
  4.5764e-03   2.2425e-03   1.1008e-03   5.5336e-04   2.8999e-04 
  1.5937e-04   9.1154e-05   7.6036e-05  -1.2525e-03  -7.7774e-03 


########################
# 00000084
########################
RSS 8228.183686826553
BP 0:
a0:   3.9811e+00   e0:  -5.0919e+00   b0:   4.9980e+02   
P: 
  1.7299e+00   8.2740e-01  -5.8031e-01  -1.2362e+00  -1.9669e+00 
 -5.4634e-01  -4.4786e-01  -9.1753e-01  -6.0041e-01  -9.8927e-02 
  5.1162e-03   1.1724e-01   2.5271e-02  -6.0383e-03   2.6215e-05 
 -3.2384e+00   5.6955e+01   5.1254e+01   7.1980e+01   5.3928e+01 
  5.6511e+01   3.3075e+01   1.6013e+01   2.0198e+01   1.5297e+01 
  7.9638e+00   3.7362e+00   1.7064e+00   7.8017e-01   3.5380e-01 
  1.6049e-01   7.5030e-02   3.6468e-02   1.8291e-02   9.2127e-03 
  4.5764e-03   2.2425e-03   1.1008e-03   5.5336e-04   2.8999e-04 
  1.5937e-04   9.1154e-05   7.6036e-05  -5.8988e-05  -2.9278e-03 


########################
# 00000085
########################
RSS 8241.834189374704
BP 0:
a0:   4.2490e+00   e0:  -5.9071e+00   b0:   4.3922e+02   
P: 
  1.7299e+00   8.2740e-01  -5.8031e-01  -1.2362e+00  -1.9669e+00 
 -5.4634e-01  -1.5357e-01  -1.0999e+00  -8.3037e-01  -1.0139e-01 
  9.4127e-03   3.2196e-01   1.1206e-01  -1.5503e-02   2.0897e-04 
 -3.2384e+00   5.6955e+01   5.1254e+01   7.1980e+01   5.3928e+01 
  5.6511e+01   3.3075e+01   1.6013e+01   2.0198e+01   1.5297e+01 
  7.9638e+00   3.7362e+00   1.7064e+00   7.8017e-01   3.5380e-01 
  1.6049e-01   7.5030e-02   3.6468e-02   1.8291e-02   9.2127e-03 
  4.5764e-03   2.2425e-03   1.1008e-03   5.5336e-04   2.8999e-04 
  1.5937e-04   9.1154e-05   7.6036e-05  -1.0265e-03   8.0045e-04 


########################
# 00000086
########################
RSS 8395.494094919057
BP 0:
a0:   3.7100e+00   e0:  -2.0399e+00   b0:   3.2980e+02   
P: 
  1.7299e+00   8.2740e-01  -5.8031e-01  -1.2362e+00  -1.9669e+00 
 -5.4634e-01  -4.6551e-01  -3.0876e-01  -9.8925e-02  -1.5666e-01 
  7.5476e-03   1.0577e-02   5.9700e-03  -9.7952e-03   2.4817e-04 
 -3.2384e+00   5.6955e+01   5.1254e+01   7.1980e+01   5.3928e+01 
  5.6511e+01   3.3075e+01   1.6013e+01   2.0198e+01   1.5297e+01 
  7.9638e+00   3.7362e+00   1.7064e+00   7.8017e-01   3.5380e-01 
  1.6049e-01   7.5030e-02   3.6468e-02   1.8291e-02   9.2127e-03 
  4.5764e-03   2.2425e-03   1.1008e-03   5.5336e-04   2.8999e-04 
  1.5937e-04   9.1154e-05   7.6036e-05  -1.9289e-03   2.2356e-02 


########################
# 00000087
########################
RSS 8404.73543181648
BP 0:
a0:   3.8802e+00   e0:  -2.9881e+00   b0:   5.1001e+02   
P: 
  1.7299e+00   8.2740e-01  -5.8031e-01  -1.2362e+00  -1.9669e+00 
 -5.4634e-01  -6.6590e-01  -8.2513e-01  -3.8060e-01  -8.5947e-02 
  7.1641e-02   1.0796e-01   8.6861e-02  -3.2267e-03   1.9390e-05 
 -3.2384e+00   5.6955e+01   5.1254e+01   7.1980e+01   5.3928e+01 
  5.6511e+01   3.3075e+01   1.6013e+01   2.0198e+01   1.5297e+01 
  7.9638e+00   3.7362e+00   1.7064e+00   7.8017e-01   3.5380e-01 
  1.6049e-01   7.5030e-02   3.6468e-02   1.8291e-02   9.2127e-03 
  4.5764e-03   2.2425e-03   1.1008e-03   5.5336e-04   2.8999e-04 
  1.5937e-04   9.1154e-05   7.6036e-05  -1.8553e-03   3.3954e-02 


########################
# 00000088
########################
RSS 8554.820624526043
BP 0:
a0:   3.9524e+00   e0:  -5.4280e+00   b0:   5.5600e+02   
P: 
  1.7299e+00   8.2740e-01  -5.8031e-01  -1.2362e+00  -1.9669e+00 
 -5.4634e-01  -7.9268e-01  -1.1552e+00  -6.6443e-01  -1.3041e-01 
  1.8831e-03   8.4623e-02   6.2524e-02  -5.9328e-03   2.5777e-04 
 -3.2384e+00   5.6955e+01   5.1254e+01   7.1980e+01   5.3928e+01 
  5.6511e+01   3.3075e+01   1.6013e+01   2.0198e+01   1.5297e+01 
  7.9638e+00   3.7362e+00   1.7064e+00   7.8017e-01   3.5380e-01 
  1.6049e-01   7.5030e-02   3.6468e-02   1.8291e-02   9.2127e-03 
  4.5764e-03   2.2425e-03   1.1008e-03   5.5336e-04   2.8999e-04 
  1.5937e-04   9.1154e-05   7.6036e-05  -7.7017e-04   3.7396e-02 


########################
# 00000089
########################
RSS 8649.23082491034
BP 0:
a0:   4.5492e+00   e0:  -7.2891e+00   b0:   1.9081e+01   
P: 
  1.7299e+00   8.2740e-01  -5.8031e-01  -1.2362e+00  -1.9669e+00 
 -5.4634e-01  -9.7821e-01  -1.3160e+00  -8.1612e-01  -6.6632e-02 
  2.4279e-02   1.7218e-01   7.0170e-02  -1.3820e-02   1.3879e-05 
 -3.2384e+00   5.6955e+01   5.1254e+01   7.1980e+01   5.3928e+01 
  5.6511e+01   3.3075e+01   1.6013e+01   2.0198e+01   1.5297e+01 
  7.9638e+00   3.7362e+00   1.7064e+00   7.8017e-01   3.5380e-01 
  1.6049e-01   7.5030e-02   3.6468e-02   1.8291e-02   9.2127e-03 
  4.5764e-03   2.2425e-03   1.1008e-03   5.5336e-04   2.8999e-04 
  1.5937e-04   9.1154e-05   7.6036e-05  -1.7550e-03  -3.2979e-02 


########################
# 00000090
########################
RSS 8718.841671377142
BP 0:
a0:   3.4411e+00   e0:  -3.0382e+00   b0:   1.7727e+02   
P: 
  1.7299e+00   8.2740e-01  -5.8031e-01  -1.2362e+00  -1.9669e+00 
 -5.4634e-01  -1.0096e+00  -5.3371e-01  -7.7277e-02  -5.0970e-02 
  3.0103e-02   1.3226e-01   8.0746e-02  -1.2897e-02   1.8747e-04 
 -3.2384e+00   5.6955e+01   5.1254e+01   7.1980e+01   5.3928e+01 
  5.6511e+01   3.3075e+01   1.6013e+01   2.0198e+01   1.5297e+01 
  7.9638e+00   3.7362e+00   1.7064e+00   7.8017e-01   3.5380e-01 
  1.6049e-01   7.5030e-02   3.6468e-02   1.8291e-02   9.2127e-03 
  4.5764e-03   2.2425e-03   1.1008e-03   5.5336e-04   2.8999e-04 
  1.5937e-04   9.1154e-05   7.6036e-05  -1.8707e-03   3.2016e-02 


########################
# 00000091
########################
RSS 8803.710566361504
BP 0:
a0:   4.0276e+00   e0:  -6.6989e+00   b0:   3.5704e+02   
P: 
  1.7299e+00   8.2740e-01  -5.8031e-01  -1.2362e+00  -1.9669e+00 
 -5.4634e-01  -8.9386e-01  -1.4175e+00  -8.0538e-01  -7.6108e-02 
  6.5495e-02   3.3692e-02   7.5081e-02  -8.3260e-03   2.3710e-04 
 -3.2384e+00   5.6955e+01   5.1254e+01   7.1980e+01   5.3928e+01 
  5.6511e+01   3.3075e+01   1.6013e+01   2.0198e+01   1.5297e+01 
  7.9638e+00   3.7362e+00   1.7064e+00   7.8017e-01   3.5380e-01 
  1.6049e-01   7.5030e-02   3.6468e-02   1.8291e-02   9.2127e-03 
  4.5764e-03   2.2425e-03   1.1008e-03   5.5336e-04   2.8999e-04 
  1.5937e-04   9.1154e-05   7.6036e-05  -7.9124e-04   3.4938e-02 


########################
# 00000092
########################
RSS 8828.791177682235
BP 0:
a0:   3.8819e+00   e0:  -7.1194e+00   b0:   2.8613e+02   
P: 
  1.7299e+00   8.2740e-01  -5.8031e-01  -1.2362e+00  -1.9669e+00 
 -5.4634e-01  -7.5320e-01  -1.2441e+00  -7.2521e-01  -7.4942e-02 
  2.2958e-02   5.5165e-02   3.0598e-02  -2.1373e-02   4.3052e-05 
 -3.2384e+00   5.6955e+01   5.1254e+01   7.1980e+01   5.3928e+01 
  5.6511e+01   3.3075e+01   1.6013e+01   2.0198e+01   1.5297e+01 
  7.9638e+00   3.7362e+00   1.7064e+00   7.8017e-01   3.5380e-01 
  1.6049e-01   7.5030e-02   3.6468e-02   1.8291e-02   9.2127e-03 
  4.5764e-03   2.2425e-03   1.1008e-03   5.5336e-04   2.8999e-04 
  1.5937e-04   9.1154e-05   7.6036e-05  -1.6603e-03  -1.3835e-02 


########################
# 00000093
########################
RSS 8843.73789487713
BP 0:
a0:   3.9294e+00   e0:  -1.5620e+00   b0:   4.4937e+02   
P: 
  1.7299e+00   8.2740e-01  -5.8031e-01  -1.2362e+00  -1.9669e+00 
 -5.4634e-01  -4.0849e-01  -6.1467e-01  -2.6539e-01  -6.5820e-02 
  4.2739e-02   9.2366e-02   9.2199e-02  -6.6322e-03   1.8076e-04 
 -3.2384e+00   5.6955e+01   5.1254e+01   7.1980e+01   5.3928e+01 
  5.6511e+01   3.3075e+01   1.6013e+01   2.0198e+01   1.5297e+01 
  7.9638e+00   3.7362e+00   1.7064e+00   7.8017e-01   3.5380e-01 
  1.6049e-01   7.5030e-02   3.6468e-02   1.8291e-02   9.2127e-03 
  4.5764e-03   2.2425e-03   1.1008e-03   5.5336e-04   2.8999e-04 
  1.5937e-04   9.1154e-05   7.6036e-05  -8.9884e-04   4.1424e-02 


########################
# 00000094
########################
RSS 9028.611205331556
BP 0:
a0:   3.2600e+00   e0:  -4.3664e+00   b0:   1.0886e+02   
P: 
  1.7299e+00   8.2740e-01  -5.8031e-01  -1.2362e+00  -1.9669e+00 
 -5.4634e-01  -1.1185e+00  -6.8474e-01  -1.8691e-01  -5.7283e-02 
  1.6319e-02   2.0751e-01   9.6478e-02  -2.3454e-02   1.4613e-04 
 -3.2384e+00   5.6955e+01   5.1254e+01   7.1980e+01   5.3928e+01 
  5.6511e+01   3.3075e+01   1.6013e+01   2.0198e+01   1.5297e+01 
  7.9638e+00   3.7362e+00   1.7064e+00   7.8017e-01   3.5380e-01 
  1.6049e-01   7.5030e-02   3.6468e-02   1.8291e-02   9.2127e-03 
  4.5764e-03   2.2425e-03   1.1008e-03   5.5336e-04   2.8999e-04 
  1.5937e-04   9.1154e-05   7.6036e-05  -1.0948e-03   1.1493e-02 


########################
# 00000095
########################
RSS 9064.414956597198
BP 0:
a0:   4.2377e+00   e0:  -7.5166e+00   b0:   2.4293e+02   
P: 
  1.7299e+00   8.2740e-01  -5.8031e-01  -1.2362e+00  -1.9669e+00 
 -5.4634e-01  -6.5035e-01  -1.2774e+00  -9.0220e-01  -9.9008e-02 
  3.8119e-03   2.2984e-01   5.7541e-02  -1.4829e-02   1.1778e-04 
 -3.2384e+00   5.6955e+01   5.1254e+01   7.1980e+01   5.3928e+01 
  5.6511e+01   3.3075e+01   1.6013e+01   2.0198e+01   1.5297e+01 
  7.9638e+00   3.7362e+00   1.7064e+00   7.8017e-01   3.5380e-01 
  1.6049e-01   7.5030e-02   3.6468e-02   1.8291e-02   9.2127e-03 
  4.5764e-03   2.2425e-03   1.1008e-03   5.5336e-04   2.8999e-04 
  1.5937e-04   9.1154e-05   7.6036e-05  -1.6086e-03  -1.6629e-02 


########################
# 00000096
########################
RSS 9172.177333735293
BP 0:
a0:   4.2064e+00   e0:  -6.3586e+00   b0:   6.3936e+02   
P: 
  1.7299e+00   8.2740e-01  -5.8031e-01  -1.2362e+00  -1.9669e+00 
 -5.4634e-01  -2.0621e-01  -1.2748e+00  -7.9815e-01  -1.5799e-02 
  3.3595e-02   2.7487e-02   9.7529e-02  -8.6152e-03   8.2974e-05 
 -3.2384e+00   5.6955e+01   5.1254e+01   7.1980e+01   5.3928e+01 
  5.6511e+01   3.3075e+01   1.6013e+01   2.0198e+01   1.5297e+01 
  7.9638e+00   3.7362e+00   1.7064e+00   7.8017e-01   3.5380e-01 
  1.6049e-01   7.5030e-02   3.6468e-02   1.8291e-02   9.2127e-03 
  4.5764e-03   2.2425e-03   1.1008e-03   5.5336e-04   2.8999e-04 
  1.5937e-04   9.1154e-05   7.6036e-05  -5.5616e-04   5.0030e-02 


########################
# 00000097
########################
RSS 9222.714743549654
BP 0:
a0:   3.9188e+00   e0:  -4.8542e+00   b0:   4.9871e+02   
P: 
  1.7299e+00   8.2740e-01  -5.8031e-01  -1.2362e+00  -1.9669e+00 
 -5.4634e-01  -6.1915e-01  -8.0841e-01  -5.3446e-01  -1.2789e-01 
  4.7723e-03   2.1310e-01   1.3572e-02  -2.3670e-02   2.5249e-04 
 -3.2384e+00   5.6955e+01   5.1254e+01   7.1980e+01   5.3928e+01 
  5.6511e+01   3.3075e+01   1.6013e+01   2.0198e+01   1.5297e+01 
  7.9638e+00   3.7362e+00   1.7064e+00   7.8017e-01   3.5380e-01 
  1.6049e-01   7.5030e-02   3.6468e-02   1.8291e-02   9.2127e-03 
  4.5764e-03   2.2425e-03   1.1008e-03   5.5336e-04   2.8999e-04 
  1.5937e-04   9.1154e-05   7.6036e-05  -1.9702e-03  -2.4595e-02 


########################
# 00000098
########################
RSS 9234.319982421808
BP 0:
a0:   3.8128e+00   e0:  -1.5162e+00   b0:   2.6967e+02   
P: 
  1.7299e+00   8.2740e-01  -5.8031e-01  -1.2362e+00  -1.9669e+00 
 -5.4634e-01  -5.0280e-01  -5.6611e-01  -2.0783e-01  -1.1093e-01 
  1.2688e-02   1.0350e-01   9.5802e-02  -2.3139e-02   1.4602e-04 
 -3.2384e+00   5.6955e+01   5.1254e+01   7.1980e+01   5.3928e+01 
  5.6511e+01   3.3075e+01   1.6013e+01   2.0198e+01   1.5297e+01 
  7.9638e+00   3.7362e+00   1.7064e+00   7.8017e-01   3.5380e-01 
  1.6049e-01   7.5030e-02   3.6468e-02   1.8291e-02   9.2127e-03 
  4.5764e-03   2.2425e-03   1.1008e-03   5.5336e-04   2.8999e-04 
  1.5937e-04   9.1154e-05   7.6036e-05  -1.4470e-03   3.7112e-02 


########################
# 00000099
########################
RSS 9291.843548463203
BP 0:
a0:   3.9302e+00   e0:  -6.0616e+00   b0:   4.5039e+02   
P: 
  1.7299e+00   8.2740e-01  -5.8031e-01  -1.2362e+00  -1.9669e+00 
 -5.4634e-01  -8.9356e-01  -1.3529e+00  -6.7536e-01  -4.8493e-03 
  2.3314e-02   1.1380e-01   1.0215e-01  -2.1034e-02   1.2712e-04 
 -3.2384e+00   5.6955e+01   5.1254e+01   7.1980e+01   5.3928e+01 
  5.6511e+01   3.3075e+01   1.6013e+01   2.0198e+01   1.5297e+01 
  7.9638e+00   3.7362e+00   1.7064e+00   7.8017e-01   3.5380e-01 
  1.6049e-01   7.5030e-02   3.6468e-02   1.8291e-02   9.2127e-03 
  4.5764e-03   2.2425e-03   1.1008e-03   5.5336e-04   2.8999e-04 
  1.5937e-04   9.1154e-05   7.6036e-05  -3.8309e-04   2.8149e-02 


########################
# 00000100
########################
RSS 9350.101728532905
BP 0:
a0:   4.0205e+00   e0:  -6.1756e-01   b0:   3.0400e+02   
P: 
  1.7299e+00   8.2740e-01  -5.8031e-01  -1.2362e+00  -1.9669e+00 
 -5.4634e-01  -3.5038e-01  -2.4134e-01  -1.7083e-01  -8.0314e-02 
  2.0581e-02   1.5650e-01   2.3822e-02  -3.9101e-03   1.5014e-04 
 -3.2384e+00   5.6955e+01   5.1254e+01   7.1980e+01   5.3928e+01 
  5.6511e+01   3.3075e+01   1.6013e+01   2.0198e+01   1.5297e+01 
  7.9638e+00   3.7362e+00   1.7064e+00   7.8017e-01   3.5380e-01 
  1.6049e-01   7.5030e-02   3.6468e-02   1.8291e-02   9.2127e-03 
  4.5764e-03   2.2425e-03   1.1008e-03   5.5336e-04   2.8999e-04 
  1.5937e-04   9.1154e-05   7.6036e-05  -8.2374e-04   2.5126e-02 


