RSS:  
394.4920081807694

P:  
-37.0607367946
19.2420752442
-1.06975225075
1.75046716757
5.35907659361
2.66876745479
5.41202764101
-0.735103234671
-5.75165159444
3.78288810937
0.287881792583
0.0766416042375
-0.00356184017398
-0.131116293344
0.0935639877074
-0.029162337641
0.000513727753162
0.0
-1.94938564301
30.3556213379
24.3362083435
34.9576034546
16.2302913666
17.857875824
7.66438293457
1.23997938633
0.442521393299
0.109044238925
0.0200536046177
0.00229621282779
0.00255827326328
0.00108765787445
7.98819164629e-05
4.18824820372e-05
4.40689618699e-05
-17.3760704104
0.612406911231
1.0
-186.299581999
-3.21173009502
56.6013945787
-1.47712260755
-53.274463137
11.8006304801
-1.2850369892
0.104676344778
-0.699497256753
-2.12807652425
-0.399308657528
1.75249421635
0.448867577033
-0.89500959396
0.697192779122
-0.229745674082
0.0176593965277
0.0
-1.94938564301
30.3556213379
24.3362083435
34.9576034546
16.2302913666
17.857875824
7.66438293457
1.23997938633
0.442521393299
0.109044238925
0.0200536046177
0.00229621282779
0.00255827326328
0.00108765787445
7.98819164629e-05
4.18824820372e-05
4.40689618699e-05
-18.1539618189
-0.434789780902
1.0
-176.673943545
-2.89291962016
61.0524161306
-1.55604413119
-38.4368063424
10.9129560686
-1.04562603059
0.0961052986853
-1.00985164445
-2.44630612142
-0.416397829756
1.05024564945
0.421438991935
-0.597744871132
0.644491724135
-0.220915513216
0.0198224056063
0.0

Known:
a0:     3.59
e0:     -4.27
B0:     221.99999999938152
EC:     365.600 141.600 233.800  0.000  0.000  0.000 
        141.600 298.700 130.400  0.000  0.000  0.000 
        233.800 130.400 364.600  0.000  0.000  0.000 
         0.000  0.000  0.000 186.300  0.000  0.000 
         0.000  0.000  0.000  0.000 266.800  0.000 
         0.000  0.000  0.000  0.000  0.000 186.300 

Known:
a0:     3.42
e0:     -4.27
B0:     221.99999999938152
EC:     365.600 141.600 141.600  0.000  0.000  0.000 
        141.600 365.600 141.600  0.000  0.000  0.000 
        141.600 141.600 365.600  0.000  0.000  0.000 
         0.000  0.000  0.000 186.000  0.000  0.000 
         0.000  0.000  0.000  0.000 186.000  0.000 
         0.000  0.000  0.000  0.000  0.000 186.000 

Known:
a0:     3.89
e0:     -3.91
B0:     179.99999999949853
EC:     234.000 176.000 176.000  0.000  0.000  0.000 
        176.000 234.000 176.000  0.000  0.000  0.000 
        176.000 176.000 234.000  0.000  0.000  0.000 
         0.000  0.000  0.000 71.200  0.000  0.000 
         0.000  0.000  0.000  0.000 71.200  0.000 
         0.000  0.000  0.000  0.000  0.000 71.200 

Calculated:
a0:     3.491754162326752
e0:     -4.377375837997404
B0:     203.23289553379033
EC:     241.882 143.523 145.490  0.000  0.000  0.000 
        143.523 285.778 133.636  0.000  0.000  0.000 
        145.490 133.636 241.882  0.000  0.000  0.000 
         0.000  0.000  0.000 157.704  0.000  0.000 
         0.000  0.000  0.000  0.000 172.061  0.000 
         0.000  0.000  0.000  0.000  0.000 157.704 

Calculated:
a0:     3.4877843068136287
e0:     -4.384123226465513
B0:     251.35719607044086
EC:     321.618 203.647 204.365  0.000  0.000  0.000 
        203.647 321.618 203.647  0.000  0.000  0.000 
        204.365 203.647 321.618  0.000  0.000  0.000 
         0.000  0.000  0.000 213.854  0.000  0.000 
         0.000  0.000  0.000  0.000 213.854  0.000 
         0.000  0.000  0.000  0.000  0.000 213.854 

Calculated:
a0:     3.961033634293542
e0:     -3.7684216096382643
B0:     181.00099652955413
EC:     262.348 181.052 181.052  0.000  0.000  0.000 
        181.052 262.348 181.052  0.000  0.000  0.000 
        181.052 181.052 262.348  0.000  0.000  0.000 
         0.000  0.000  0.000 71.158  0.000  0.000 
         0.000  0.000  0.000  0.000 71.158  0.000 
         0.000  0.000  0.000  0.000  0.000 71.158 



