########################
# 00000001
########################
RSS 17475.179581231205
BP 0:
a0:   3.1477e+00   e0:  -5.4985e+00   b0:   1.4273e+02   
P: 
 -5.1725e-02   3.4647e-02   2.5005e-02  -3.8713e-03   1.6856e-03 
 -2.6228e-03   8.6586e-04  -7.6689e-04   1.0248e-03  -1.0574e-03 
 -4.4017e-06   1.5506e-05   4.8740e-05   2.0415e-05   3.0953e-06 
  1.0921e-06   3.9117e-07  -2.7432e-06   2.3278e-07   9.1919e-08 
 -2.1662e-06   1.4014e-06   1.4284e-07  -1.9494e+00   3.0356e+01 
  2.4336e+01   3.4958e+01   1.6230e+01   1.7858e+01   7.6644e+00 
  1.2400e+00   4.4252e-01   1.0904e-01   2.0054e-02   2.2962e-03 
  2.5583e-03   1.0877e-03   7.9882e-05   4.1882e-05   4.4069e-05 
  2.6414e-06   1.1025e-06   6.3515e-07   3.8751e-07   2.2807e-07 
  1.2762e-07   6.8033e-08   3.4710e-08  -1.7286e-03  -3.0188e-02 
  9.9949e-04 

########################
# 00000002
########################
RSS 17500.78686691481
BP 0:
a0:   3.1464e+00   e0:  -5.4994e+00   b0:   1.4263e+02   
P: 
 -5.1787e-02   3.4696e-02   2.5020e-02  -3.8677e-03   1.6861e-03 
 -2.6252e-03   8.6612e-04  -7.6667e-04   1.0253e-03  -1.0574e-03 
 -4.4037e-06   1.5530e-05   4.8712e-05   2.0398e-05   3.1001e-06 
  1.0940e-06   3.9000e-07  -2.7406e-06   2.3168e-07   9.0359e-08 
 -2.1706e-06   1.4047e-06   1.4556e-07  -1.9494e+00   3.0356e+01 
  2.4336e+01   3.4958e+01   1.6230e+01   1.7858e+01   7.6644e+00 
  1.2400e+00   4.4252e-01   1.0904e-01   2.0054e-02   2.2962e-03 
  2.5583e-03   1.0877e-03   7.9882e-05   4.1882e-05   4.4069e-05 
  2.6414e-06   1.1025e-06   6.3515e-07   3.8751e-07   2.2807e-07 
  1.2762e-07   6.8033e-08   3.4710e-08  -1.7286e-03  -3.0188e-02 
  9.9948e-04 

########################
# 00000003
########################
RSS 17546.206413030282
BP 0:
a0:   3.1492e+00   e0:  -5.5214e+00   b0:   1.4323e+02   
P: 
 -5.1818e-02   3.4686e-02   2.5059e-02  -3.8722e-03   1.6886e-03 
 -2.6211e-03   8.6658e-04  -7.6656e-04   1.0254e-03  -1.0574e-03 
 -4.3626e-06   1.5499e-05   4.8758e-05   2.0410e-05   3.1020e-06 
  1.0926e-06   3.8968e-07  -2.7416e-06   2.3036e-07   9.2622e-08 
 -2.1736e-06   1.4088e-06   1.4502e-07  -1.9494e+00   3.0356e+01 
  2.4336e+01   3.4958e+01   1.6230e+01   1.7858e+01   7.6644e+00 
  1.2400e+00   4.4252e-01   1.0904e-01   2.0054e-02   2.2962e-03 
  2.5583e-03   1.0877e-03   7.9882e-05   4.1882e-05   4.4069e-05 
  2.6414e-06   1.1025e-06   6.3515e-07   3.8751e-07   2.2807e-07 
  1.2762e-07   6.8033e-08   3.4710e-08  -1.7286e-03  -3.0188e-02 
  9.9949e-04 

########################
# 00000004
########################
RSS 17624.158781013393
BP 0:
a0:   3.1497e+00   e0:  -5.5298e+00   b0:   1.4340e+02   
P: 
 -5.1853e-02   3.4682e-02   2.5105e-02  -3.8690e-03   1.6843e-03 
 -2.6236e-03   8.6704e-04  -7.6700e-04   1.0253e-03  -1.0574e-03 
 -4.3114e-06   1.5467e-05   4.8751e-05   2.0456e-05   3.0980e-06 
  1.0880e-06   3.9065e-07  -2.7421e-06   2.2779e-07   8.9020e-08 
 -2.1694e-06   1.4100e-06   1.4648e-07  -1.9494e+00   3.0356e+01 
  2.4336e+01   3.4958e+01   1.6230e+01   1.7858e+01   7.6644e+00 
  1.2400e+00   4.4252e-01   1.0904e-01   2.0054e-02   2.2962e-03 
  2.5583e-03   1.0877e-03   7.9882e-05   4.1882e-05   4.4069e-05 
  2.6414e-06   1.1025e-06   6.3515e-07   3.8751e-07   2.2807e-07 
  1.2762e-07   6.8033e-08   3.4710e-08  -1.7286e-03  -3.0189e-02 
  9.9949e-04 

########################
# 00000005
########################
RSS 17651.31516165771
BP 0:
a0:   3.1557e+00   e0:  -5.5343e+00   b0:   1.4399e+02   
P: 
 -5.1689e-02   3.4613e-02   2.4993e-02  -3.8744e-03   1.6855e-03 
 -2.6230e-03   8.6561e-04  -7.6649e-04   1.0245e-03  -1.0574e-03 
 -4.3681e-06   1.5498e-05   4.8716e-05   2.0365e-05   3.1002e-06 
  1.0912e-06   3.8658e-07  -2.7473e-06   2.3657e-07   8.7206e-08 
 -2.1681e-06   1.4015e-06   1.4255e-07  -1.9494e+00   3.0356e+01 
  2.4336e+01   3.4958e+01   1.6230e+01   1.7858e+01   7.6644e+00 
  1.2400e+00   4.4252e-01   1.0904e-01   2.0054e-02   2.2962e-03 
  2.5583e-03   1.0877e-03   7.9882e-05   4.1882e-05   4.4069e-05 
  2.6414e-06   1.1025e-06   6.3515e-07   3.8751e-07   2.2807e-07 
  1.2762e-07   6.8033e-08   3.4710e-08  -1.7286e-03  -3.0188e-02 
  9.9949e-04 

########################
# 00000006
########################
RSS 17731.540169300177
BP 0:
a0:   3.1407e+00   e0:  -5.4804e+00   b0:   1.4184e+02   
P: 
 -5.1802e-02   3.4637e-02   2.5110e-02  -3.8772e-03   1.6872e-03 
 -2.6191e-03   8.6684e-04  -7.6663e-04   1.0250e-03  -1.0574e-03 
 -4.3578e-06   1.5491e-05   4.8780e-05   2.0390e-05   3.0995e-06 
  1.0919e-06   3.8492e-07  -2.7425e-06   2.3073e-07   9.6494e-08 
 -2.1783e-06   1.4127e-06   1.4077e-07  -1.9494e+00   3.0356e+01 
  2.4336e+01   3.4958e+01   1.6230e+01   1.7858e+01   7.6644e+00 
  1.2400e+00   4.4252e-01   1.0904e-01   2.0054e-02   2.2962e-03 
  2.5583e-03   1.0877e-03   7.9882e-05   4.1882e-05   4.4069e-05 
  2.6414e-06   1.1025e-06   6.3515e-07   3.8751e-07   2.2807e-07 
  1.2762e-07   6.8033e-08   3.4710e-08  -1.7286e-03  -3.0188e-02 
  9.9949e-04 

########################
# 00000007
########################
RSS 17906.44348758313
BP 0:
a0:   3.1388e+00   e0:  -5.4701e+00   b0:   1.4151e+02   
P: 
 -5.1826e-02   3.4699e-02   2.5074e-02  -3.8758e-03   1.6860e-03 
 -2.6181e-03   8.6639e-04  -7.6696e-04   1.0251e-03  -1.0574e-03 
 -4.3836e-06   1.5474e-05   4.8774e-05   2.0390e-05   3.1003e-06 
  1.0927e-06   3.9051e-07  -2.7418e-06   2.3210e-07   9.2302e-08 
 -2.1773e-06   1.4071e-06   1.4861e-07  -1.9494e+00   3.0356e+01 
  2.4336e+01   3.4958e+01   1.6230e+01   1.7858e+01   7.6644e+00 
  1.2400e+00   4.4252e-01   1.0904e-01   2.0054e-02   2.2962e-03 
  2.5583e-03   1.0877e-03   7.9882e-05   4.1882e-05   4.4069e-05 
  2.6414e-06   1.1025e-06   6.3515e-07   3.8751e-07   2.2807e-07 
  1.2762e-07   6.8033e-08   3.4710e-08  -1.7286e-03  -3.0188e-02 
  9.9949e-04 

########################
# 00000008
########################
RSS 18487.051573797078
BP 0:
a0:   3.1143e+00   e0:  -5.5154e+00   b0:   1.3999e+02   
P: 
 -5.3282e-02   3.5724e-02   2.5733e-02  -3.9180e-03   1.7403e-03 
 -2.7491e-03   8.7451e-04  -7.7165e-04   1.0328e-03  -1.0575e-03 
 -4.6725e-06   1.6739e-05   5.0621e-05   1.9453e-05   2.8819e-06 
  1.1230e-06   3.8458e-07  -2.5105e-06   2.2612e-07   2.0665e-08 
 -2.2090e-06   1.2763e-06   2.0855e-08  -1.9494e+00   3.0356e+01 
  2.4336e+01   3.4958e+01   1.6230e+01   1.7858e+01   7.6644e+00 
  1.2400e+00   4.4252e-01   1.0904e-01   2.0054e-02   2.2962e-03 
  2.5583e-03   1.0877e-03   7.9882e-05   4.1882e-05   4.4069e-05 
  2.6414e-06   1.1025e-06   6.3515e-07   3.8751e-07   2.2807e-07 
  1.2762e-07   6.8033e-08   3.4710e-08  -1.7286e-03  -3.0184e-02 
  9.9938e-04 

########################
# 00000009
########################
RSS 18520.411788175188
BP 0:
a0:   3.1356e+00   e0:  -5.4433e+00   b0:   1.4081e+02   
P: 
 -5.1732e-02   3.4643e-02   2.5025e-02  -3.8712e-03   1.6924e-03 
 -2.6198e-03   8.6659e-04  -7.6705e-04   1.0256e-03  -1.0574e-03 
 -4.3301e-06   1.5546e-05   4.8801e-05   2.0360e-05   3.1058e-06 
  1.0875e-06   3.8559e-07  -2.7373e-06   2.2631e-07   8.9430e-08 
 -2.1761e-06   1.4125e-06   1.4333e-07  -1.9494e+00   3.0356e+01 
  2.4336e+01   3.4958e+01   1.6230e+01   1.7858e+01   7.6644e+00 
  1.2400e+00   4.4252e-01   1.0904e-01   2.0054e-02   2.2962e-03 
  2.5583e-03   1.0877e-03   7.9882e-05   4.1882e-05   4.4069e-05 
  2.6414e-06   1.1025e-06   6.3515e-07   3.8751e-07   2.2807e-07 
  1.2762e-07   6.8033e-08   3.4710e-08  -1.7286e-03  -3.0188e-02 
  9.9949e-04 

########################
# 00000010
########################
RSS 18592.551375841635
BP 0:
a0:   3.1591e+00   e0:  -5.5756e+00   b0:   1.4494e+02   
P: 
 -5.1865e-02   3.4727e-02   2.5053e-02  -3.8673e-03   1.6848e-03 
 -2.6215e-03   8.6683e-04  -7.6694e-04   1.0255e-03  -1.0574e-03 
 -4.3688e-06   1.5523e-05   4.8752e-05   2.0394e-05   3.1035e-06 
  1.0949e-06   3.9326e-07  -2.7424e-06   2.3001e-07   9.2619e-08 
 -2.1690e-06   1.4093e-06   1.4219e-07  -1.9494e+00   3.0356e+01 
  2.4336e+01   3.4958e+01   1.6230e+01   1.7858e+01   7.6644e+00 
  1.2400e+00   4.4252e-01   1.0904e-01   2.0054e-02   2.2962e-03 
  2.5583e-03   1.0877e-03   7.9882e-05   4.1882e-05   4.4069e-05 
  2.6414e-06   1.1025e-06   6.3515e-07   3.8751e-07   2.2807e-07 
  1.2762e-07   6.8033e-08   3.4710e-08  -1.7286e-03  -3.0189e-02 
  9.9949e-04 

########################
# 00000011
########################
RSS 18626.697075030905
BP 0:
a0:   3.1137e+00   e0:  -5.5016e+00   b0:   1.3972e+02   
P: 
 -5.3264e-02   3.5791e-02   2.5666e-02  -3.9475e-03   1.7577e-03 
 -2.7595e-03   8.7157e-04  -7.7072e-04   1.0338e-03  -1.0574e-03 
 -4.6652e-06   1.6889e-05   5.0715e-05   1.9575e-05   2.9017e-06 
  1.1051e-06   3.9240e-07  -2.5157e-06   1.9890e-07   4.9594e-09 
 -2.2126e-06   1.2957e-06   1.6338e-08  -1.9494e+00   3.0356e+01 
  2.4336e+01   3.4958e+01   1.6230e+01   1.7858e+01   7.6644e+00 
  1.2400e+00   4.4252e-01   1.0904e-01   2.0054e-02   2.2962e-03 
  2.5583e-03   1.0877e-03   7.9882e-05   4.1882e-05   4.4069e-05 
  2.6414e-06   1.1025e-06   6.3515e-07   3.8751e-07   2.2807e-07 
  1.2762e-07   6.8033e-08   3.4710e-08  -1.7286e-03  -3.0184e-02 
  9.9940e-04 

########################
# 00000012
########################
RSS 18641.902753309478
BP 0:
a0:   3.1612e+00   e0:  -5.5764e+00   b0:   1.4514e+02   
P: 
 -5.1793e-02   3.4690e-02   2.5012e-02  -3.8767e-03   1.6906e-03 
 -2.6194e-03   8.6631e-04  -7.6612e-04   1.0252e-03  -1.0574e-03 
 -4.4087e-06   1.5454e-05   4.8762e-05   2.0383e-05   3.1004e-06 
  1.0925e-06   3.9414e-07  -2.7454e-06   2.2529e-07   8.8835e-08 
 -2.1716e-06   1.4111e-06   1.4589e-07  -1.9494e+00   3.0356e+01 
  2.4336e+01   3.4958e+01   1.6230e+01   1.7858e+01   7.6644e+00 
  1.2400e+00   4.4252e-01   1.0904e-01   2.0054e-02   2.2962e-03 
  2.5583e-03   1.0877e-03   7.9882e-05   4.1882e-05   4.4069e-05 
  2.6414e-06   1.1025e-06   6.3515e-07   3.8751e-07   2.2807e-07 
  1.2762e-07   6.8033e-08   3.4710e-08  -1.7286e-03  -3.0188e-02 
  9.9949e-04 

########################
# 00000013
########################
RSS 18769.18214182453
BP 0:
a0:   3.1336e+00   e0:  -5.4372e+00   b0:   1.4055e+02   
P: 
 -5.1728e-02   3.4587e-02   2.5090e-02  -3.8752e-03   1.6854e-03 
 -2.6160e-03   8.6659e-04  -7.6662e-04   1.0245e-03  -1.0574e-03 
 -4.3739e-06   1.5444e-05   4.8830e-05   2.0409e-05   3.0996e-06 
  1.0941e-06   3.8977e-07  -2.7470e-06   2.3288e-07   9.6188e-08 
 -2.1762e-06   1.4126e-06   1.4372e-07  -1.9494e+00   3.0356e+01 
  2.4336e+01   3.4958e+01   1.6230e+01   1.7858e+01   7.6644e+00 
  1.2400e+00   4.4252e-01   1.0904e-01   2.0054e-02   2.2962e-03 
  2.5583e-03   1.0877e-03   7.9882e-05   4.1882e-05   4.4069e-05 
  2.6414e-06   1.1025e-06   6.3515e-07   3.8751e-07   2.2807e-07 
  1.2762e-07   6.8033e-08   3.4710e-08  -1.7286e-03  -3.0188e-02 
  9.9949e-04 

########################
# 00000014
########################
RSS 19052.419840859817
BP 0:
a0:   3.1624e+00   e0:  -5.5882e+00   b0:   1.4540e+02   
P: 
 -5.1865e-02   3.4727e-02   2.5053e-02  -3.8673e-03   1.6848e-03 
 -2.6215e-03   8.6683e-04  -7.6694e-04   1.0255e-03  -1.0574e-03 
 -4.3688e-06   1.3291e-05   4.8752e-05   1.3606e-05   3.1035e-06 
  1.0949e-06   3.9326e-07  -2.7424e-06  -1.6590e-07   5.3333e-07 
 -2.1714e-06   1.0641e-06  -7.3907e-08  -1.9494e+00   3.0356e+01 
  2.4336e+01   3.4958e+01   1.6230e+01   1.7858e+01   7.6644e+00 
  1.2400e+00   4.4252e-01   1.0904e-01   2.0054e-02   2.2962e-03 
  2.5583e-03   1.0877e-03   7.9882e-05   4.1882e-05   4.4069e-05 
  2.6414e-06   1.1025e-06   6.3515e-07   3.8751e-07   2.2807e-07 
  1.2762e-07   6.8033e-08   3.4710e-08  -1.7286e-03  -3.0189e-02 
  9.9949e-04 

########################
# 00000015
########################
RSS 19099.815512484358
BP 0:
a0:   3.1314e+00   e0:  -5.5989e+00   b0:   1.4281e+02   
P: 
 -5.3303e-02   3.5753e-02   2.5700e-02  -3.9202e-03   1.7435e-03 
 -2.7488e-03   8.7401e-04  -7.7196e-04   1.0327e-03  -1.0575e-03 
 -4.7095e-06   1.6776e-05   5.0597e-05   1.9409e-05   2.8809e-06 
  1.1236e-06   3.8727e-07  -2.5128e-06   2.2254e-07   1.9853e-08 
 -2.2136e-06   1.2758e-06   1.6889e-08  -1.9494e+00   3.0356e+01 
  2.4336e+01   3.4958e+01   1.6230e+01   1.7858e+01   7.6644e+00 
  1.2400e+00   4.4252e-01   1.0904e-01   2.0054e-02   2.2962e-03 
  2.5583e-03   1.0877e-03   7.9882e-05   4.1882e-05   4.4069e-05 
  2.6414e-06   1.1025e-06   6.3515e-07   3.8751e-07   2.2807e-07 
  1.2762e-07   6.8033e-08   3.4710e-08  -1.7286e-03  -3.0184e-02 
  9.9938e-04 

########################
# 00000016
########################
RSS 19147.139276341117
BP 0:
a0:   3.1297e+00   e0:  -5.4314e+00   b0:   1.4011e+02   
P: 
 -5.1835e-02   3.4678e-02   2.5106e-02  -3.8678e-03   1.6931e-03 
 -2.6205e-03   8.6641e-04  -7.6621e-04   1.0250e-03  -1.0574e-03 
 -4.3834e-06   1.5475e-05   4.8798e-05   2.0365e-05   3.1068e-06 
  1.0939e-06   3.8784e-07  -2.7464e-06   2.2646e-07   9.3263e-08 
 -2.1780e-06   1.4070e-06   1.4446e-07  -1.9494e+00   3.0356e+01 
  2.4336e+01   3.4958e+01   1.6230e+01   1.7858e+01   7.6644e+00 
  1.2400e+00   4.4252e-01   1.0904e-01   2.0054e-02   2.2962e-03 
  2.5583e-03   1.0877e-03   7.9882e-05   4.1882e-05   4.4069e-05 
  2.6414e-06   1.1025e-06   6.3515e-07   3.8751e-07   2.2807e-07 
  1.2762e-07   6.8033e-08   3.4710e-08  -1.7286e-03  -3.0189e-02 
  9.9948e-04 

########################
# 00000017
########################
RSS 19448.664986181306
BP 0:
a0:   3.1637e+00   e0:  -5.5981e+00   b0:   1.4570e+02   
P: 
 -5.1823e-02   3.4637e-02   2.5102e-02  -3.8723e-03   1.6844e-03 
 -2.6257e-03   8.6692e-04  -7.6639e-04   1.0257e-03  -1.0574e-03 
 -4.3632e-06   1.5545e-05   4.8808e-05   2.0385e-05   3.1007e-06 
  1.0909e-06   3.8844e-07  -2.7399e-06   2.3326e-07   9.5783e-08 
 -2.1685e-06   1.4121e-06   1.4207e-07  -1.9494e+00   3.0356e+01 
  2.4336e+01   3.4958e+01   1.6230e+01   1.7858e+01   7.6644e+00 
  1.2400e+00   4.4252e-01   1.0904e-01   2.0054e-02   2.2962e-03 
  2.5583e-03   1.0877e-03   7.9882e-05   4.1882e-05   4.4069e-05 
  2.6414e-06   1.1025e-06   6.3515e-07   3.8751e-07   2.2807e-07 
  1.2762e-07   6.8033e-08   3.4710e-08  -1.7286e-03  -3.0188e-02 
  9.9949e-04 

########################
# 00000018
########################
RSS 19636.132474674767
BP 0:
a0:   3.1298e+00   e0:  -5.4158e+00   b0:   1.3988e+02   
P: 
 -5.1738e-02   3.4658e-02   2.5021e-02  -3.8674e-03   1.6904e-03 
 -2.6189e-03   8.6689e-04  -7.6611e-04   1.0249e-03  -1.0574e-03 
 -4.3543e-06   1.5460e-05   4.8744e-05   2.0369e-05   3.1069e-06 
  1.0952e-06   3.8608e-07  -2.7440e-06   2.3056e-07   9.5917e-08 
 -2.1695e-06   1.4093e-06   1.4091e-07  -1.9494e+00   3.0356e+01 
  2.4336e+01   3.4958e+01   1.6230e+01   1.7858e+01   7.6644e+00 
  1.2400e+00   4.4252e-01   1.0904e-01   2.0054e-02   2.2962e-03 
  2.5583e-03   1.0877e-03   7.9882e-05   4.1882e-05   4.4069e-05 
  2.6414e-06   1.1025e-06   6.3515e-07   3.8751e-07   2.2807e-07 
  1.2762e-07   6.8033e-08   3.4710e-08  -1.7286e-03  -3.0188e-02 
  9.9949e-04 

########################
# 00000019
########################
RSS 19672.698713498077
BP 0:
a0:   3.3011e+00   e0:  -5.4569e+00   b0:   1.5476e+02   
P: 
 -4.3886e-02   2.9548e-02   1.8694e-02  -4.7271e-04   1.5997e-03 
 -3.0710e-03   8.4282e-04  -7.7233e-04   1.0499e-03  -9.8419e-04 
  1.1897e-06   7.8884e-06   4.3400e-05   1.8991e-05   8.0759e-07 
 -1.4843e-06  -7.0732e-08  -2.3675e-06   1.9956e-07   1.9934e-06 
  3.9735e-07   2.2990e-06   8.4112e-07  -1.9494e+00   3.0356e+01 
  2.4336e+01   3.4958e+01   1.6230e+01   1.7858e+01   7.6644e+00 
  1.2400e+00   4.4252e-01   1.0904e-01   2.0054e-02   2.2962e-03 
  2.5583e-03   1.0877e-03   7.9882e-05   4.1882e-05   4.4069e-05 
  2.6414e-06   1.1025e-06   6.3515e-07   3.8751e-07   2.2807e-07 
  1.2762e-07   6.8033e-08   3.4710e-08  -1.7286e-03  -3.0165e-02 
  9.9775e-04 

########################
# 00000020
########################
RSS 19695.652591695565
BP 0:
a0:   3.2553e+00   e0:  -5.3433e+00   b0:   1.4895e+02   
P: 
 -4.8432e-02   3.6039e-02   1.9041e-02  -3.0098e-03   1.6323e-03 
 -2.6873e-03   8.4553e-04  -7.8295e-04   1.0707e-03  -1.0581e-03 
  1.2606e-06   7.0833e-06   4.9901e-05   1.8861e-05   3.0198e-06 
  9.3762e-07   9.5141e-09  -2.2178e-06   3.9101e-07   7.1756e-07 
 -1.6534e-06   2.4348e-06   8.2233e-07  -1.9494e+00   3.0356e+01 
  2.4336e+01   3.4958e+01   1.6230e+01   1.7858e+01   7.6644e+00 
  1.2400e+00   4.4252e-01   1.0904e-01   2.0054e-02   2.2962e-03 
  2.5583e-03   1.0877e-03   7.9882e-05   4.1882e-05   4.4069e-05 
  2.6414e-06   1.1025e-06   6.3515e-07   3.8751e-07   2.2807e-07 
  1.2762e-07   6.8033e-08   3.4710e-08  -1.7286e-03  -3.0170e-02 
  1.0007e-03 

########################
# 00000021
########################
RSS 19804.669848635025
BP 0:
a0:   3.0866e+00   e0:  -5.5687e+00   b0:   1.3835e+02   
P: 
 -5.4589e-02   3.6696e-02   2.6082e-02  -3.9680e-03   1.9018e-03 
 -2.7458e-03   8.7499e-04  -7.6819e-04   1.0454e-03  -1.0554e-03 
 -5.1262e-06   1.6730e-05   4.9522e-05   1.9189e-05   2.9375e-06 
  1.1288e-06   1.6427e-07  -2.6337e-06   3.1636e-07   7.5665e-08 
 -2.2115e-06   1.1671e-06   6.8204e-08  -1.9494e+00   3.0356e+01 
  2.4336e+01   3.4958e+01   1.6230e+01   1.7858e+01   7.6644e+00 
  1.2400e+00   4.4252e-01   1.0904e-01   2.0054e-02   2.2962e-03 
  2.5583e-03   1.0877e-03   7.9882e-05   4.1882e-05   4.4069e-05 
  2.6414e-06   1.1025e-06   6.3515e-07   3.8751e-07   2.2807e-07 
  1.2762e-07   6.8033e-08   3.4710e-08  -1.7286e-03  -3.0186e-02 
  9.9936e-04 

########################
# 00000022
########################
RSS 19976.07789538713
BP 0:
a0:   3.1402e+00   e0:  -5.6221e+00   b0:   1.4395e+02   
P: 
 -5.3207e-02   3.5745e-02   2.5615e-02  -3.9473e-03   1.7538e-03 
 -2.7590e-03   8.7124e-04  -7.7101e-04   1.0340e-03  -1.0573e-03 
 -4.7061e-06   1.6918e-05   5.0711e-05   1.9579e-05   2.9003e-06 
  1.1015e-06   3.9454e-07  -2.5130e-06   1.9501e-07   8.3585e-09 
 -2.2124e-06   1.2962e-06   1.2725e-08  -1.9494e+00   3.0356e+01 
  2.4336e+01   3.4958e+01   1.6230e+01   1.7858e+01   7.6644e+00 
  1.2400e+00   4.4252e-01   1.0904e-01   2.0054e-02   2.2962e-03 
  2.5583e-03   1.0877e-03   7.9882e-05   4.1882e-05   4.4069e-05 
  2.6414e-06   1.1025e-06   6.3515e-07   3.8751e-07   2.2807e-07 
  1.2762e-07   6.8033e-08   3.4710e-08  -1.7286e-03  -3.0184e-02 
  9.9939e-04 

########################
# 00000023
########################
RSS 20128.80191849892
BP 0:
a0:   3.1279e+00   e0:  -5.4058e+00   b0:   1.3955e+02   
P: 
 -5.1708e-02   3.4576e-02   2.5092e-02  -3.8740e-03   1.6823e-03 
 -2.6197e-03   8.6657e-04  -7.6675e-04   1.0243e-03  -1.0574e-03 
 -4.3717e-06   1.5486e-05   4.8821e-05   2.0385e-05   3.1045e-06 
  1.0930e-06   3.9338e-07  -2.7435e-06   2.3517e-07   1.0119e-07 
 -2.1732e-06   1.4098e-06   1.4284e-07  -1.9494e+00   3.0356e+01 
  2.4336e+01   3.4958e+01   1.6230e+01   1.7858e+01   7.6644e+00 
  1.2400e+00   4.4252e-01   1.0904e-01   2.0054e-02   2.2962e-03 
  2.5583e-03   1.0877e-03   7.9882e-05   4.1882e-05   4.4069e-05 
  2.6414e-06   1.1025e-06   6.3515e-07   3.8751e-07   2.2807e-07 
  1.2762e-07   6.8033e-08   3.4710e-08  -1.7286e-03  -3.0188e-02 
  9.9949e-04 

########################
# 00000024
########################
RSS 20145.975373267927
BP 0:
a0:   3.1646e+00   e0:  -5.6142e+00   b0:   1.4604e+02   
P: 
 -5.1880e-02   3.4647e-02   2.5140e-02  -3.8633e-03   1.6912e-03 
 -2.6254e-03   8.6660e-04  -7.6605e-04   1.0249e-03  -1.0574e-03 
 -4.3510e-06   1.5484e-05   4.8762e-05   2.0405e-05   3.1075e-06 
  1.0985e-06   3.8723e-07  -2.7498e-06   2.2981e-07   8.9897e-08 
 -2.1750e-06   1.4121e-06   1.4493e-07  -1.9494e+00   3.0356e+01 
  2.4336e+01   3.4958e+01   1.6230e+01   1.7858e+01   7.6644e+00 
  1.2400e+00   4.4252e-01   1.0904e-01   2.0054e-02   2.2962e-03 
  2.5583e-03   1.0877e-03   7.9882e-05   4.1882e-05   4.4069e-05 
  2.6414e-06   1.1025e-06   6.3515e-07   3.8751e-07   2.2807e-07 
  1.2762e-07   6.8033e-08   3.4710e-08  -1.7286e-03  -3.0188e-02 
  9.9948e-04 

########################
# 00000025
########################
RSS 20417.509194246282
BP 0:
a0:   3.0812e+00   e0:  -5.6151e+00   b0:   1.3843e+02   
P: 
 -5.4584e-02   3.5738e-02   2.6566e-02  -3.0468e-03   1.6144e-03 
 -2.7392e-03   8.4192e-04  -7.8343e-04   9.6839e-04  -1.0545e-03 
 -1.3966e-06   7.4094e-06   4.9707e-05   1.8959e-05   3.0015e-06 
  9.5236e-07   1.1268e-07  -2.5698e-06   3.1182e-07   7.5184e-07 
 -2.1843e-06   1.5178e-06   8.0162e-07  -1.9494e+00   3.0356e+01 
  2.4336e+01   3.4958e+01   1.6230e+01   1.7858e+01   7.6644e+00 
  1.2400e+00   4.4252e-01   1.0904e-01   2.0054e-02   2.2962e-03 
  2.5583e-03   1.0877e-03   7.9882e-05   4.1882e-05   4.4069e-05 
  2.6414e-06   1.1025e-06   6.3515e-07   3.8751e-07   2.2807e-07 
  1.2762e-07   6.8033e-08   3.4710e-08  -1.7286e-03  -3.0170e-02 
  1.0007e-03 

########################
# 00000026
########################
RSS 20445.423673182922
BP 0:
a0:   3.1249e+00   e0:  -5.4032e+00   b0:   1.3926e+02   
P: 
 -5.1807e-02   3.4680e-02   2.5087e-02  -3.8752e-03   1.6926e-03 
 -2.6199e-03   8.6682e-04  -7.6631e-04   1.0258e-03  -1.0574e-03 
 -4.3937e-06   1.5490e-05   4.8742e-05   2.0459e-05   3.0985e-06 
  1.0936e-06   3.9429e-07  -2.7393e-06   2.3006e-07   9.4880e-08 
 -2.1782e-06   1.4069e-06   1.4098e-07  -1.9494e+00   3.0356e+01 
  2.4336e+01   3.4958e+01   1.6230e+01   1.7858e+01   7.6644e+00 
  1.2400e+00   4.4252e-01   1.0904e-01   2.0054e-02   2.2962e-03 
  2.5583e-03   1.0877e-03   7.9882e-05   4.1882e-05   4.4069e-05 
  2.6414e-06   1.1025e-06   6.3515e-07   3.8751e-07   2.2807e-07 
  1.2762e-07   6.8033e-08   3.4710e-08  -1.7286e-03  -3.0188e-02 
  9.9949e-04 

########################
# 00000027
########################
RSS 20482.756846322074
BP 0:
a0:   3.1371e+00   e0:  -5.6353e+00   b0:   1.4389e+02   
P: 
 -5.3315e-02   3.5680e-02   2.5781e-02  -3.9168e-03   1.7422e-03 
 -2.7509e-03   8.7455e-04  -7.7196e-04   1.0327e-03  -1.0575e-03 
 -4.6557e-06   1.6780e-05   5.0578e-05   1.9415e-05   2.8834e-06 
  1.1264e-06   3.8327e-07  -2.5143e-06   2.2411e-07   2.3472e-08 
 -2.2121e-06   1.2716e-06   2.5345e-08  -1.9494e+00   3.0356e+01 
  2.4336e+01   3.4958e+01   1.6230e+01   1.7858e+01   7.6644e+00 
  1.2400e+00   4.4252e-01   1.0904e-01   2.0054e-02   2.2962e-03 
  2.5583e-03   1.0877e-03   7.9882e-05   4.1882e-05   4.4069e-05 
  2.6414e-06   1.1025e-06   6.3515e-07   3.8751e-07   2.2807e-07 
  1.2762e-07   6.8033e-08   3.4710e-08  -1.7286e-03  -3.0184e-02 
  9.9938e-04 

########################
# 00000028
########################
RSS 20498.9547024114
BP 0:
a0:   3.1011e+00   e0:  -5.6403e+00   b0:   1.4077e+02   
P: 
 -5.4615e-02   3.6720e-02   2.6057e-02  -3.9690e-03   1.9068e-03 
 -2.7420e-03   8.7462e-04  -7.6855e-04   1.0458e-03  -1.0553e-03 
 -5.1213e-06   1.6736e-05   4.9572e-05   1.9210e-05   2.9360e-06 
  1.1292e-06   1.6320e-07  -2.6303e-06   3.1607e-07   7.1411e-08 
 -2.2153e-06   1.1651e-06   6.3114e-08  -1.9494e+00   3.0356e+01 
  2.4336e+01   3.4958e+01   1.6230e+01   1.7858e+01   7.6644e+00 
  1.2400e+00   4.4252e-01   1.0904e-01   2.0054e-02   2.2962e-03 
  2.5583e-03   1.0877e-03   7.9882e-05   4.1882e-05   4.4069e-05 
  2.6414e-06   1.1025e-06   6.3515e-07   3.8751e-07   2.2807e-07 
  1.2762e-07   6.8033e-08   3.4710e-08  -1.7286e-03  -3.0186e-02 
  9.9935e-04 

########################
# 00000029
########################
RSS 20647.25661537397
BP 0:
a0:   3.1391e+00   e0:  -5.6382e+00   b0:   1.4410e+02   
P: 
 -5.3347e-02   3.5798e-02   2.5714e-02  -3.9467e-03   1.7554e-03 
 -2.7610e-03   8.7124e-04  -7.7097e-04   1.0340e-03  -1.0574e-03 
 -4.7027e-06   1.6914e-05   5.0735e-05   1.9608e-05   2.8985e-06 
  1.1057e-06   3.9574e-07  -2.5200e-06   1.9502e-07   7.1136e-09 
 -2.2171e-06   1.2953e-06   1.1272e-08  -1.9494e+00   3.0356e+01 
  2.4336e+01   3.4958e+01   1.6230e+01   1.7858e+01   7.6644e+00 
  1.2400e+00   4.4252e-01   1.0904e-01   2.0054e-02   2.2962e-03 
  2.5583e-03   1.0877e-03   7.9882e-05   4.1882e-05   4.4069e-05 
  2.6414e-06   1.1025e-06   6.3515e-07   3.8751e-07   2.2807e-07 
  1.2762e-07   6.8033e-08   3.4710e-08  -1.7286e-03  -3.0184e-02 
  9.9940e-04 

########################
# 00000030
########################
RSS 20660.816368385276
BP 0:
a0:   3.1134e+00   e0:  -5.4213e+00   b0:   1.3862e+02   
P: 
 -5.1927e-02   3.4610e-02   2.5081e-02  -3.8723e-03   1.9137e-03 
 -2.6111e-03   8.7455e-04  -7.6615e-04   1.0445e-03  -1.0574e-03 
 -4.9487e-06   1.5397e-05   4.8834e-05   2.0432e-05   2.9739e-06 
  1.0897e-06   1.6088e-07  -2.6596e-06   3.1374e-07   6.7070e-08 
 -2.2363e-06   1.1606e-06   1.4820e-07  -1.9494e+00   3.0356e+01 
  2.4336e+01   3.4958e+01   1.6230e+01   1.7858e+01   7.6644e+00 
  1.2400e+00   4.4252e-01   1.0904e-01   2.0054e-02   2.2962e-03 
  2.5583e-03   1.0877e-03   7.9882e-05   4.1882e-05   4.4069e-05 
  2.6414e-06   1.1025e-06   6.3515e-07   3.8751e-07   2.2807e-07 
  1.2762e-07   6.8033e-08   3.4710e-08  -1.7286e-03  -3.0185e-02 
  9.9932e-04 

########################
# 00000031
########################
RSS 20738.83693975116
BP 0:
a0:   3.1262e+00   e0:  -5.3939e+00   b0:   1.3921e+02   
P: 
 -5.1763e-02   3.4740e-02   2.4979e-02  -3.8690e-03   1.6826e-03 
 -2.6214e-03   8.6628e-04  -7.6601e-04   1.0243e-03  -1.0574e-03 
 -4.3130e-06   1.5545e-05   4.8674e-05   2.0453e-05   3.0969e-06 
  1.0941e-06   3.9127e-07  -2.7460e-06   2.2481e-07   9.1603e-08 
 -2.1728e-06   1.4058e-06   1.3313e-07  -1.9494e+00   3.0356e+01 
  2.4336e+01   3.4958e+01   1.6230e+01   1.7858e+01   7.6644e+00 
  1.2400e+00   4.4252e-01   1.0904e-01   2.0054e-02   2.2962e-03 
  2.5583e-03   1.0877e-03   7.9882e-05   4.1882e-05   4.4069e-05 
  2.6414e-06   1.1025e-06   6.3515e-07   3.8751e-07   2.2807e-07 
  1.2762e-07   6.8033e-08   3.4710e-08  -1.7286e-03  -3.0188e-02 
  9.9948e-04 

########################
# 00000032
########################
RSS 20864.04256797248
BP 0:
a0:   3.3294e+00   e0:  -5.4447e+00   b0:   1.5577e+02   
P: 
 -4.6921e-02   3.4659e-02   1.9364e-02  -3.1908e-03   1.6878e-03 
 -3.3258e-03   8.7064e-04  -7.4175e-04   1.0555e-03  -1.0650e-03 
 -4.7422e-08   6.8365e-06   4.2311e-05   1.7214e-05   3.1675e-06 
  4.2782e-07  -1.1920e-07  -2.1604e-06   3.3538e-07   5.6804e-07 
 -1.5216e-06   2.5038e-06   9.4544e-07  -1.9494e+00   3.0356e+01 
  2.4336e+01   3.4958e+01   1.6230e+01   1.7858e+01   7.6644e+00 
  1.2400e+00   4.4252e-01   1.0904e-01   2.0054e-02   2.2962e-03 
  2.5583e-03   1.0877e-03   7.9882e-05   4.1882e-05   4.4069e-05 
  2.6414e-06   1.1025e-06   6.3515e-07   3.8751e-07   2.2807e-07 
  1.2762e-07   6.8033e-08   3.4710e-08  -1.7286e-03  -3.0154e-02 
  1.0003e-03 

########################
# 00000033
########################
RSS 20881.224520797416
BP 0:
a0:   3.1355e+00   e0:  -5.6451e+00   b0:   1.4352e+02   
P: 
 -5.4837e-02   3.7448e-02   2.6038e-02  -3.9698e-03   1.9114e-03 
 -3.3918e-03   8.7392e-04  -7.6852e-04   1.0459e-03  -1.0553e-03 
 -5.1370e-06   1.6738e-05   4.9554e-05   1.9166e-05   2.8349e-06 
  1.1306e-06   1.4258e-07  -2.2812e-06   2.5055e-07   7.3568e-08 
 -2.2199e-06   2.3456e-06   6.1110e-08  -1.9494e+00   3.0356e+01 
  2.4336e+01   3.4958e+01   1.6230e+01   1.7858e+01   7.6644e+00 
  1.2400e+00   4.4252e-01   1.0904e-01   2.0054e-02   2.2962e-03 
  2.5583e-03   1.0877e-03   7.9882e-05   4.1882e-05   4.4069e-05 
  2.6414e-06   1.1025e-06   6.3515e-07   3.8751e-07   2.2807e-07 
  1.2762e-07   6.8033e-08   3.4710e-08  -1.7286e-03  -3.0158e-02 
  9.9935e-04 

########################
# 00000034
########################
RSS 21006.28312087903
BP 0:
a0:   3.3265e+00   e0:  -5.4017e+00   b0:   1.5481e+02   
P: 
 -4.6916e-02   3.4885e-02   1.9147e-02  -3.2143e-03   1.6822e-03 
 -3.3188e-03   8.7084e-04  -7.4140e-04   1.0535e-03  -1.0651e-03 
 -4.0233e-08   6.8219e-06   4.2454e-05   1.7289e-05   3.1727e-06 
  4.2063e-07  -1.1914e-07  -2.1465e-06   3.1827e-07   5.5906e-07 
 -1.5076e-06   2.4892e-06   9.1987e-07  -1.9494e+00   3.0356e+01 
  2.4336e+01   3.4958e+01   1.6230e+01   1.7858e+01   7.6644e+00 
  1.2400e+00   4.4252e-01   1.0904e-01   2.0054e-02   2.2962e-03 
  2.5583e-03   1.0877e-03   7.9882e-05   4.1882e-05   4.4069e-05 
  2.6414e-06   1.1025e-06   6.3515e-07   3.8751e-07   2.2807e-07 
  1.2762e-07   6.8033e-08   3.4710e-08  -1.7286e-03  -3.0154e-02 
  1.0002e-03 

########################
# 00000035
########################
RSS 21250.811612961676
BP 0:
a0:   3.0750e+00   e0:  -5.5160e+00   b0:   1.3650e+02   
P: 
 -5.4564e-02   3.6673e-02   2.6085e-02  -3.9680e-03   1.9049e-03 
 -2.7379e-03   8.7494e-04  -7.6816e-04   1.0458e-03  -1.0553e-03 
 -5.0731e-06   1.6786e-05   4.9598e-05   1.9190e-05   2.9372e-06 
  1.1285e-06   1.6005e-07  -2.6343e-06   3.1872e-07   7.2369e-08 
 -2.2173e-06   1.1667e-06   6.1962e-08  -1.9494e+00   3.0356e+01 
  2.4336e+01   3.4958e+01   1.6230e+01   1.7858e+01   7.6644e+00 
  1.2400e+00   4.4252e-01   1.0904e-01   2.0054e-02   2.2962e-03 
  2.5583e-03   1.0877e-03   7.9882e-05   4.1882e-05   4.4069e-05 
  2.6414e-06   1.1025e-06   6.3515e-07   3.8751e-07   2.2807e-07 
  1.2762e-07   6.8033e-08   3.4710e-08  -1.7286e-03  -3.0186e-02 
  9.9935e-04 

########################
# 00000036
########################
RSS 21311.041099634545
BP 0:
a0:   3.3349e+00   e0:  -5.4753e+00   b0:   1.5647e+02   
P: 
 -4.8406e-02   3.7128e-02   1.8994e-02  -3.8220e-03   1.6736e-03 
 -3.2409e-03   8.6799e-04  -7.6534e-04   1.0063e-03  -1.0601e-03 
 -1.6665e-06   5.2649e-06   4.1418e-05   1.8628e-05   2.3692e-06 
  8.9863e-07   4.0021e-07  -2.9081e-06   2.7260e-07   6.7609e-07 
 -1.8488e-06   2.3014e-06   8.5653e-07  -1.9494e+00   3.0356e+01 
  2.4336e+01   3.4958e+01   1.6230e+01   1.7858e+01   7.6644e+00 
  1.2400e+00   4.4252e-01   1.0904e-01   2.0054e-02   2.2962e-03 
  2.5583e-03   1.0877e-03   7.9882e-05   4.1882e-05   4.4069e-05 
  2.6414e-06   1.1025e-06   6.3515e-07   3.8751e-07   2.2807e-07 
  1.2762e-07   6.8033e-08   3.4710e-08  -1.7286e-03  -3.0170e-02 
  9.9995e-04 

########################
# 00000037
########################
RSS 21550.56777640377
BP 0:
a0:   3.1279e+00   e0:  -5.6618e+00   b0:   1.4373e+02   
P: 
 -5.1936e-02   3.2988e-02   2.6581e-02  -3.7327e-03   1.8886e-03 
 -2.7191e-03   1.1918e-03  -7.8437e-04   9.7014e-04  -1.0548e-03 
 -1.6979e-06   2.0399e-05   1.2145e-05   2.1307e-05   3.1393e-06 
  1.1137e-06   1.3577e-07  -2.5747e-06   3.2366e-07   2.3124e-07 
 -2.1498e-06   1.4990e-06   7.9486e-08  -1.9494e+00   3.0356e+01 
  2.4336e+01   3.4958e+01   1.6230e+01   1.7858e+01   7.6644e+00 
  1.2400e+00   4.4252e-01   1.0904e-01   2.0054e-02   2.2962e-03 
  2.5583e-03   1.0877e-03   7.9882e-05   4.1882e-05   4.4069e-05 
  2.6414e-06   1.1025e-06   6.3515e-07   3.8751e-07   2.2807e-07 
  1.2762e-07   6.8033e-08   3.4710e-08  -1.7286e-03  -3.0184e-02 
  9.9956e-04 

########################
# 00000038
########################
RSS 21659.014343408922
BP 0:
a0:   3.2819e+00   e0:  -5.3107e+00   b0:   1.5010e+02   
P: 
 -4.8090e-02   3.5900e-02   1.9335e-02  -3.2277e-03   1.8280e-03 
 -3.3098e-03   8.1104e-04  -7.4289e-04   1.0523e-03  -1.0506e-03 
 -3.9920e-07   1.9657e-05   4.9991e-05   2.4467e-05   2.3763e-06 
  4.2371e-07   1.8592e-07  -2.1257e-06   3.2512e-07   5.5981e-07 
 -1.4956e-06   1.8027e-06   9.3050e-07  -1.9494e+00   3.0356e+01 
  2.4336e+01   3.4958e+01   1.6230e+01   1.7858e+01   7.6644e+00 
  1.2400e+00   4.4252e-01   1.0904e-01   2.0054e-02   2.2962e-03 
  2.5583e-03   1.0877e-03   7.9882e-05   4.1882e-05   4.4069e-05 
  2.6414e-06   1.1025e-06   6.3515e-07   3.8751e-07   2.2807e-07 
  1.2762e-07   6.8033e-08   3.4710e-08  -1.7286e-03  -3.0154e-02 
  9.9968e-04 

########################
# 00000039
########################
RSS 21764.031007015416
BP 0:
a0:   3.1722e+00   e0:  -5.6414e+00   b0:   1.4712e+02   
P: 
 -5.1853e-02   3.4684e-02   2.5083e-02  -3.8758e-03   1.6771e-03 
 -2.6252e-03   8.6667e-04  -7.6609e-04   1.0251e-03  -1.0574e-03 
 -4.3124e-06   1.5551e-05   4.8839e-05   2.0342e-05   3.0986e-06 
  1.0909e-06   3.8407e-07  -2.7450e-06   2.2410e-07   8.9483e-08 
 -2.1751e-06   1.4070e-06   1.3659e-07  -1.9494e+00   3.0356e+01 
  2.4336e+01   3.4958e+01   1.6230e+01   1.7858e+01   7.6644e+00 
  1.2400e+00   4.4252e-01   1.0904e-01   2.0054e-02   2.2962e-03 
  2.5583e-03   1.0877e-03   7.9882e-05   4.1882e-05   4.4069e-05 
  2.6414e-06   1.1025e-06   6.3515e-07   3.8751e-07   2.2807e-07 
  1.2762e-07   6.8033e-08   3.4710e-08  -1.7286e-03  -3.0188e-02 
  9.9949e-04 

########################
# 00000040
########################
RSS 21828.491705679713
BP 0:
a0:   3.3089e+00   e0:  -5.5410e+00   b0:   1.5589e+02   
P: 
 -4.9027e-02   3.6733e-02   1.9481e-02  -2.9587e-03   1.5787e-03 
 -3.3998e-03   8.5623e-04  -7.5894e-04   1.0600e-03  -1.0552e-03 
  3.2384e-07   1.6683e-05   4.2419e-05   1.7941e-05   2.9718e-06 
  3.5030e-07   1.5876e-07  -2.2300e-06   2.9763e-07   5.7133e-07 
 -2.2086e-06   2.3112e-06   9.1216e-07  -1.9494e+00   3.0356e+01 
  2.4336e+01   3.4958e+01   1.6230e+01   1.7858e+01   7.6644e+00 
  1.2400e+00   4.4252e-01   1.0904e-01   2.0054e-02   2.2962e-03 
  2.5583e-03   1.0877e-03   7.9882e-05   4.1882e-05   4.4069e-05 
  2.6414e-06   1.1025e-06   6.3515e-07   3.8751e-07   2.2807e-07 
  1.2762e-07   6.8033e-08   3.4710e-08  -1.7286e-03  -3.0160e-02 
  9.9933e-04 

########################
# 00000041
########################
RSS 21847.837992710323
BP 0:
a0:   3.3464e+00   e0:  -5.4220e+00   b0:   1.5559e+02   
P: 
 -4.8222e-02   3.7116e-02   1.8950e-02  -3.8231e-03   1.6739e-03 
 -3.2449e-03   8.7226e-04  -8.9754e-04   9.3887e-04  -1.0573e-03 
 -1.6987e-06   5.2244e-06   4.1399e-05   8.8544e-07   2.8608e-06 
  5.8709e-07   3.7983e-07  -2.4889e-06   2.1380e-07   4.2249e-08 
 -2.2076e-06   2.3016e-06   1.8982e-08  -1.9494e+00   3.0356e+01 
  2.4336e+01   3.4958e+01   1.6230e+01   1.7858e+01   7.6644e+00 
  1.2400e+00   4.4252e-01   1.0904e-01   2.0054e-02   2.2962e-03 
  2.5583e-03   1.0877e-03   7.9882e-05   4.1882e-05   4.4069e-05 
  2.6414e-06   1.1025e-06   6.3515e-07   3.8751e-07   2.2807e-07 
  1.2762e-07   6.8033e-08   3.4710e-08  -1.7286e-03  -2.9992e-02 
  9.9938e-04 

########################
# 00000042
########################
RSS 22009.995999351973
BP 0:
a0:   3.1389e+00   e0:  -5.6655e+00   b0:   1.4455e+02   
P: 
 -5.3391e-02   3.5727e-02   2.5699e-02  -3.8367e-03   1.8160e-03 
 -2.7890e-03   8.7319e-04  -7.7011e-04   1.0355e-03  -1.0563e-03 
 -4.2472e-06   1.5815e-05   5.0685e-05   2.0178e-05   2.9642e-06 
  1.1649e-06   2.4477e-07  -2.6078e-06   2.7812e-07   1.3491e-07 
 -2.1975e-06   1.2327e-06   3.5802e-08  -1.9494e+00   3.0356e+01 
  2.4336e+01   3.4958e+01   1.6230e+01   1.7858e+01   7.6644e+00 
  1.2400e+00   4.4252e-01   1.0904e-01   2.0054e-02   2.2962e-03 
  2.5583e-03   1.0877e-03   7.9882e-05   4.1882e-05   4.4069e-05 
  2.6414e-06   1.1025e-06   6.3515e-07   3.8751e-07   2.2807e-07 
  1.2762e-07   6.8033e-08   3.4710e-08  -1.7286e-03  -3.0188e-02 
  9.9935e-04 

########################
# 00000043
########################
RSS 22106.42216020909
BP 0:
a0:   3.2692e+00   e0:  -5.2930e+00   b0:   1.4865e+02   
P: 
 -4.8999e-02   3.6766e-02   1.9483e-02  -2.9554e-03   1.5759e-03 
 -3.3976e-03   8.5670e-04  -7.5944e-04   1.0603e-03  -1.0650e-03 
  3.1291e-07   7.0797e-06   4.2444e-05   1.7987e-05   2.9683e-06 
  3.4689e-07  -3.6417e-08  -2.2263e-06   2.9411e-07   5.7535e-07 
 -1.5407e-06   2.3066e-06   9.1051e-07  -1.9494e+00   3.0356e+01 
  2.4336e+01   3.4958e+01   1.6230e+01   1.7858e+01   7.6644e+00 
  1.2400e+00   4.4252e-01   1.0904e-01   2.0054e-02   2.2962e-03 
  2.5583e-03   1.0877e-03   7.9882e-05   4.1882e-05   4.4069e-05 
  2.6414e-06   1.1025e-06   6.3515e-07   3.8751e-07   2.2807e-07 
  1.2762e-07   6.8033e-08   3.4710e-08  -1.7286e-03  -3.0160e-02 
  1.0003e-03 

########################
# 00000044
########################
RSS 22219.42091939022
BP 0:
a0:   3.1764e+00   e0:  -5.6466e+00   b0:   1.4758e+02   
P: 
 -5.1721e-02   3.4607e-02   2.4997e-02  -3.8670e-03   1.6874e-03 
 -2.6259e-03   8.6614e-04  -7.6735e-04   1.0250e-03  -1.0575e-03 
 -4.3614e-06   1.5502e-05   4.8726e-05   2.0364e-05   3.0934e-06 
  1.0909e-06   3.8960e-07  -2.7396e-06   2.3435e-07   9.6975e-08 
 -2.1624e-06   1.3985e-06   1.4692e-07  -1.9494e+00   3.0356e+01 
  2.4336e+01   3.4958e+01   1.6230e+01   1.7858e+01   7.6644e+00 
  1.2400e+00   4.4252e-01   1.0904e-01   2.0054e-02   2.2962e-03 
  2.5583e-03   1.0877e-03   7.9882e-05   4.1882e-05   4.4069e-05 
  2.6414e-06   1.1025e-06   6.3515e-07   3.8751e-07   2.2807e-07 
  1.2762e-07   6.8033e-08   3.4710e-08  -1.7286e-03  -3.0188e-02 
  9.9949e-04 

########################
# 00000045
########################
RSS 22223.150194250873
BP 0:
a0:   3.2907e+00   e0:  -5.3052e+00   b0:   1.5060e+02   
P: 
 -4.7348e-02   3.4680e-02   1.9844e-02  -3.1872e-03   1.6926e-03 
 -3.2809e-03   8.6840e-04  -7.6631e-04   1.0478e-03  -1.0655e-03 
 -4.3937e-06   6.6655e-06   4.8742e-05   2.0459e-05   3.2100e-06 
  4.5636e-07   3.9429e-07  -2.7393e-06   2.3006e-07   5.4944e-07 
 -1.5374e-06   2.4498e-06   9.6687e-07  -1.9494e+00   3.0356e+01 
  2.4336e+01   3.4958e+01   1.6230e+01   1.7858e+01   7.6644e+00 
  1.2400e+00   4.4252e-01   1.0904e-01   2.0054e-02   2.2962e-03 
  2.5583e-03   1.0877e-03   7.9882e-05   4.1882e-05   4.4069e-05 
  2.6414e-06   1.1025e-06   6.3515e-07   3.8751e-07   2.2807e-07 
  1.2762e-07   6.8033e-08   3.4710e-08  -1.7286e-03  -3.0156e-02 
  9.9949e-04 

########################
# 00000046
########################
RSS 22255.608971859423
BP 0:
a0:   3.0637e+00   e0:  -5.5218e+00   b0:   1.3541e+02   
P: 
 -5.4499e-02   3.5719e-02   2.6525e-02  -3.0468e-03   1.6097e-03 
 -2.7415e-03   8.4170e-04  -7.8361e-04   9.6851e-04  -1.0544e-03 
 -1.3521e-06   7.3920e-06   4.9732e-05   1.8985e-05   2.9981e-06 
  9.5524e-07   1.0866e-07  -2.5733e-06   3.1506e-07   7.5071e-07 
 -2.1894e-06   1.5214e-06   8.0584e-07  -1.9494e+00   3.0356e+01 
  2.4336e+01   3.4958e+01   1.6230e+01   1.7858e+01   7.6644e+00 
  1.2400e+00   4.4252e-01   1.0904e-01   2.0054e-02   2.2962e-03 
  2.5583e-03   1.0877e-03   7.9882e-05   4.1882e-05   4.4069e-05 
  2.6414e-06   1.1025e-06   6.3515e-07   3.8751e-07   2.2807e-07 
  1.2762e-07   6.8033e-08   3.4710e-08  -1.7286e-03  -3.0170e-02 
  1.0007e-03 

########################
# 00000047
########################
RSS 22310.329380869123
BP 0:
a0:   3.1774e+00   e0:  -5.6474e+00   b0:   1.4767e+02   
P: 
 -5.1701e-02   3.4601e-02   2.4990e-02  -3.8735e-03   1.6812e-03 
 -2.6241e-03   8.6583e-04  -7.6724e-04   1.0253e-03  -1.0575e-03 
 -4.3766e-06   1.5477e-05   4.8759e-05   2.0446e-05   3.0971e-06 
  1.0870e-06   3.9238e-07  -2.7458e-06   2.3151e-07   9.4867e-08 
 -2.1648e-06   1.3968e-06   1.4403e-07  -1.9494e+00   3.0356e+01 
  2.4336e+01   3.4958e+01   1.6230e+01   1.7858e+01   7.6644e+00 
  1.2400e+00   4.4252e-01   1.0904e-01   2.0054e-02   2.2962e-03 
  2.5583e-03   1.0877e-03   7.9882e-05   4.1882e-05   4.4069e-05 
  2.6414e-06   1.1025e-06   6.3515e-07   3.8751e-07   2.2807e-07 
  1.2762e-07   6.8033e-08   3.4710e-08  -1.7286e-03  -3.0188e-02 
  9.9949e-04 

########################
# 00000048
########################
RSS 22668.20543620402
BP 0:
a0:   3.1449e+00   e0:  -5.6736e+00   b0:   1.4519e+02   
P: 
 -5.3320e-02   3.5712e-02   2.5734e-02  -3.9137e-03   1.7420e-03 
 -2.7465e-03   8.7427e-04  -7.7115e-04   1.0328e-03  -1.0575e-03 
 -4.6830e-06   1.6688e-05   5.0624e-05   1.9412e-05   2.8787e-06 
  1.1274e-06   3.8875e-07  -2.5111e-06   2.2343e-07   2.2464e-08 
 -2.2125e-06   1.2740e-06   2.2157e-08  -1.9494e+00   3.0356e+01 
  2.4336e+01   3.4958e+01   1.6230e+01   1.7858e+01   7.6644e+00 
  1.2400e+00   4.4252e-01   1.0904e-01   2.0054e-02   2.2962e-03 
  2.5583e-03   1.0877e-03   7.9882e-05   4.1882e-05   4.4069e-05 
  2.6414e-06   1.1025e-06   6.3515e-07   3.8751e-07   2.2807e-07 
  1.2762e-07   6.8033e-08   3.4710e-08  -1.7286e-03  -3.0184e-02 
  9.9937e-04 

########################
# 00000049
########################
RSS 22878.068854695863
BP 0:
a0:   3.1753e+00   e0:  -5.6580e+00   b0:   1.4767e+02   
P: 
 -5.1850e-02   3.4707e-02   2.5035e-02  -3.8748e-03   1.6898e-03 
 -2.6209e-03   8.6657e-04  -7.6652e-04   1.0256e-03  -1.0573e-03 
 -4.3211e-06   1.5481e-05   4.8759e-05   2.0364e-05   3.1046e-06 
  1.0890e-06   3.9335e-07  -2.7383e-06   2.2787e-07   9.5504e-08 
 -2.1690e-06   1.4058e-06   1.4587e-07  -1.9494e+00   3.0356e+01 
  2.4336e+01   3.4958e+01   1.6230e+01   1.7858e+01   7.6644e+00 
  1.2400e+00   4.4252e-01   1.0904e-01   2.0054e-02   2.2962e-03 
  2.5583e-03   1.0877e-03   7.9882e-05   4.1882e-05   4.4069e-05 
  2.6414e-06   1.1025e-06   6.3515e-07   3.8751e-07   2.2807e-07 
  1.2762e-07   6.8033e-08   3.4710e-08  -1.7286e-03  -3.0188e-02 
  9.9949e-04 

########################
# 00000050
########################
RSS 23138.789100763584
BP 0:
a0:   3.0726e+00   e0:  -5.4636e+00   b0:   1.3540e+02   
P: 
 -5.4111e-02   3.5612e-02   2.6914e-02  -3.9034e-03   1.7479e-03 
 -2.8932e-03   8.9407e-04  -7.6976e-04   1.0320e-03  -1.0574e-03 
 -4.8390e-06   1.6648e-05   5.0759e-05   1.8675e-05   2.9503e-06 
  1.1432e-06   3.6427e-07  -2.5092e-06   2.3173e-07   3.4315e-07 
 -2.2242e-06   1.1463e-06   1.8528e-08  -1.9494e+00   3.0356e+01 
  2.4336e+01   3.4958e+01   1.6230e+01   1.7858e+01   7.6644e+00 
  1.2400e+00   4.4252e-01   1.0904e-01   2.0054e-02   2.2962e-03 
  2.5583e-03   1.0877e-03   7.9882e-05   4.1882e-05   4.4069e-05 
  2.6414e-06   1.1025e-06   6.3515e-07   3.8751e-07   2.2807e-07 
  1.2762e-07   6.8033e-08   3.4710e-08  -1.7286e-03  -3.0184e-02 
  9.9935e-04 

########################
# 00000051
########################
RSS 23170.610612903736
BP 0:
a0:   3.0736e+00   e0:  -5.4598e+00   b0:   1.3544e+02   
P: 
 -5.4046e-02   3.5585e-02   2.6859e-02  -3.9011e-03   1.7555e-03 
 -2.8921e-03   8.9388e-04  -7.7046e-04   1.0321e-03  -1.0574e-03 
 -4.7599e-06   1.6618e-05   5.0783e-05   1.8728e-05   2.9549e-06 
  1.1451e-06   3.6362e-07  -2.5096e-06   2.2865e-07   3.3591e-07 
 -2.2233e-06   1.1437e-06   2.1390e-08  -1.9494e+00   3.0356e+01 
  2.4336e+01   3.4958e+01   1.6230e+01   1.7858e+01   7.6644e+00 
  1.2400e+00   4.4252e-01   1.0904e-01   2.0054e-02   2.2962e-03 
  2.5583e-03   1.0877e-03   7.9882e-05   4.1882e-05   4.4069e-05 
  2.6414e-06   1.1025e-06   6.3515e-07   3.8751e-07   2.2807e-07 
  1.2762e-07   6.8033e-08   3.4710e-08  -1.7286e-03  -3.0184e-02 
  9.9935e-04 

########################
# 00000052
########################
RSS 23302.692282033284
BP 0:
a0:   3.1158e+00   e0:  -5.3614e+00   b0:   1.3781e+02   
P: 
 -5.1794e-02   3.4638e-02   2.5132e-02  -3.8759e-03   1.6963e-03 
 -2.6244e-03   8.6670e-04  -7.6640e-04   1.0259e-03  -1.0574e-03 
 -4.4107e-06   1.5442e-05   4.8752e-05   2.0470e-05   3.1016e-06 
  1.0960e-06   3.9446e-07  -2.7351e-06   2.3189e-07   9.0620e-08 
 -2.1784e-06   1.4088e-06   1.4086e-07  -1.9494e+00   3.0356e+01 
  2.4336e+01   3.4958e+01   1.6230e+01   1.7858e+01   7.6644e+00 
  1.2400e+00   4.4252e-01   1.0904e-01   2.0054e-02   2.2962e-03 
  2.5583e-03   1.0877e-03   7.9882e-05   4.1882e-05   4.4069e-05 
  2.6414e-06   1.1025e-06   6.3515e-07   3.8751e-07   2.2807e-07 
  1.2762e-07   6.8033e-08   3.4710e-08  -1.7286e-03  -3.0188e-02 
  9.9949e-04 

########################
# 00000053
########################
RSS 23341.69519503949
BP 0:
a0:   3.3757e+00   e0:  -5.4444e+00   b0:   1.5858e+02   
P: 
 -4.7385e-02   3.7229e-02   1.7908e-02  -3.7914e-03   1.6963e-03 
 -3.5469e-03   8.6041e-04  -7.6281e-04   1.0215e-03  -1.0579e-03 
 -5.1569e-06   1.4194e-05   4.8905e-05   1.9078e-05   3.0378e-06 
  9.8861e-07   3.4093e-07  -2.8774e-06   3.7629e-07   6.1837e-07 
 -1.6921e-06   1.2853e-06   8.6485e-07  -1.9494e+00   3.0356e+01 
  2.4336e+01   3.4958e+01   1.6230e+01   1.7858e+01   7.6644e+00 
  1.2400e+00   4.4252e-01   1.0904e-01   2.0054e-02   2.2962e-03 
  2.5583e-03   1.0877e-03   7.9882e-05   4.1882e-05   4.4069e-05 
  2.6414e-06   1.1025e-06   6.3515e-07   3.8751e-07   2.2807e-07 
  1.2762e-07   6.8033e-08   3.4710e-08  -1.7286e-03  -3.0171e-02 
  9.9953e-04 

########################
# 00000054
########################
RSS 23458.285753870703
BP 0:
a0:   3.1778e+00   e0:  -5.6653e+00   b0:   1.4799e+02   
P: 
 -5.1832e-02   3.4707e-02   2.5022e-02  -3.8738e-03   1.6788e-03 
 -2.6228e-03   8.6622e-04  -7.6586e-04   1.0248e-03  -1.0574e-03 
 -4.2889e-06   1.5519e-05   4.8701e-05   2.0414e-05   3.0991e-06 
  1.0965e-06   3.9001e-07  -2.7468e-06   2.2779e-07   9.2920e-08 
 -2.1778e-06   1.4079e-06   1.3749e-07  -1.9494e+00   3.0356e+01 
  2.4336e+01   3.4958e+01   1.6230e+01   1.7858e+01   7.6644e+00 
  1.2400e+00   4.4252e-01   1.0904e-01   2.0054e-02   2.2962e-03 
  2.5583e-03   1.0877e-03   7.9882e-05   4.1882e-05   4.4069e-05 
  2.6414e-06   1.1025e-06   6.3515e-07   3.8751e-07   2.2807e-07 
  1.2762e-07   6.8033e-08   3.4710e-08  -1.7286e-03  -3.0188e-02 
  9.9948e-04 

########################
# 00000055
########################
RSS 24028.850008777707
BP 0:
a0:   3.3176e+00   e0:  -5.5844e+00   b0:   1.5722e+02   
P: 
 -4.9027e-02   3.6733e-02   1.9481e-02  -2.9587e-03   1.5787e-03 
 -3.3998e-03   8.5623e-04  -7.5894e-04   1.0600e-03  -1.0650e-03 
  3.2384e-07   7.0738e-06   4.2419e-05   1.7941e-05   2.9718e-06 
  3.5030e-07  -3.5784e-08  -2.2300e-06   2.9763e-07   5.7133e-07 
 -1.5406e-06   2.3112e-06   9.1216e-07  -1.9494e+00   3.0356e+01 
  2.4336e+01   3.4958e+01   1.6230e+01   1.7858e+01   7.6644e+00 
  1.2400e+00   4.4252e-01   1.0904e-01   2.0054e-02   2.2962e-03 
  2.5583e-03   1.0877e-03   7.9882e-05   4.1882e-05   4.4069e-05 
  2.6414e-06   1.1025e-06   6.3515e-07   3.8751e-07   2.2807e-07 
  1.2762e-07   6.8033e-08   3.4710e-08  -1.7286e-03  -3.0160e-02 
  1.0003e-03 

########################
# 00000056
########################
RSS 24266.29145927052
BP 0:
a0:   3.0476e+00   e0:  -5.5248e+00   b0:   1.3414e+02   
P: 
 -5.4695e-02   3.5785e-02   2.6607e-02  -3.0490e-03   1.6113e-03 
 -2.8574e-03   1.0425e-03  -7.6532e-04   9.6857e-04  -1.0544e-03 
 -1.3480e-06   7.4279e-06   7.2677e-05   1.7941e-05   4.5092e-06 
  1.1368e-06   1.1410e-06  -5.4667e-06   3.0999e-07   7.5367e-07 
 -2.1820e-06   1.5192e-06   8.0526e-07  -1.9494e+00   3.0356e+01 
  2.4336e+01   3.4958e+01   1.6230e+01   1.7858e+01   7.6644e+00 
  1.2400e+00   4.4252e-01   1.0904e-01   2.0054e-02   2.2962e-03 
  2.5583e-03   1.0877e-03   7.9882e-05   4.1882e-05   4.4069e-05 
  2.6414e-06   1.1025e-06   6.3515e-07   3.8751e-07   2.2807e-07 
  1.2762e-07   6.8033e-08   3.4710e-08  -1.7286e-03  -3.0170e-02 
  1.0007e-03 

########################
# 00000057
########################
RSS 24582.823304269543
BP 0:
a0:   3.1163e+00   e0:  -5.7203e+00   b0:   1.4339e+02   
P: 
 -5.4672e-02   3.6768e-02   2.6040e-02  -3.9639e-03   1.9075e-03 
 -2.7391e-03   8.7422e-04  -7.6858e-04   1.0459e-03  -1.0553e-03 
 -5.0724e-06   1.6761e-05   4.9534e-05   1.9210e-05   2.9329e-06 
  1.1343e-06   1.6530e-07  -2.6342e-06   3.1296e-07   7.2787e-08 
 -2.2160e-06   1.1642e-06   6.0820e-08  -1.9494e+00   3.0356e+01 
  2.4336e+01   3.4958e+01   1.6230e+01   1.7858e+01   7.6644e+00 
  1.2400e+00   4.4252e-01   1.0904e-01   2.0054e-02   2.2962e-03 
  2.5583e-03   1.0877e-03   7.9882e-05   4.1882e-05   4.4069e-05 
  2.6414e-06   1.1025e-06   6.3515e-07   3.8751e-07   2.2807e-07 
  1.2762e-07   6.8033e-08   3.4710e-08  -1.7286e-03  -3.0186e-02 
  9.9935e-04 

########################
# 00000058
########################
RSS 24770.97635536245
BP 0:
a0:   3.3886e+00   e0:  -5.5360e+00   b0:   1.6109e+02   
P: 
 -4.7429e-02   3.7426e-02   1.7700e-02  -3.8215e-03   1.7059e-03 
 -3.5329e-03   8.7177e-04  -7.6290e-04   1.0734e-03  -1.0598e-03 
 -1.6225e-06   5.1081e-06   4.1275e-05   1.8619e-05   2.3824e-06 
  8.6873e-07   3.1248e-08  -2.8711e-06   2.0262e-07   6.0712e-07 
 -1.6979e-06   2.3084e-06   8.7804e-07  -1.9494e+00   3.0356e+01 
  2.4336e+01   3.4958e+01   1.6230e+01   1.7858e+01   7.6644e+00 
  1.2400e+00   4.4252e-01   1.0904e-01   2.0054e-02   2.2962e-03 
  2.5583e-03   1.0877e-03   7.9882e-05   4.1882e-05   4.4069e-05 
  2.6414e-06   1.1025e-06   6.3515e-07   3.8751e-07   2.2807e-07 
  1.2762e-07   6.8033e-08   3.4710e-08  -1.7286e-03  -3.0170e-02 
  1.0003e-03 

########################
# 00000059
########################
RSS 24830.369764077615
BP 0:
a0:   3.0883e+00   e0:  -5.3896e+00   b0:   1.3573e+02   
P: 
 -5.3254e-02   3.5748e-02   2.5704e-02  -3.9161e-03   1.7464e-03 
 -2.7442e-03   8.7380e-04  -7.7213e-04   1.0323e-03  -1.0575e-03 
 -4.6583e-06   1.6754e-05   5.0594e-05   1.9412e-05   2.8838e-06 
  1.1192e-06   3.8460e-07  -2.5162e-06   2.2226e-07   1.9944e-08 
 -2.2177e-06   1.2779e-06   1.8123e-08  -1.9494e+00   3.0356e+01 
  2.4336e+01   3.4958e+01   1.6230e+01   1.7858e+01   7.6644e+00 
  1.2400e+00   4.4252e-01   1.0904e-01   2.0054e-02   2.2962e-03 
  2.5583e-03   1.0877e-03   7.9882e-05   4.1882e-05   4.4069e-05 
  2.6414e-06   1.1025e-06   6.3515e-07   3.8751e-07   2.2807e-07 
  1.2762e-07   6.8033e-08   3.4710e-08  -1.7286e-03  -3.0184e-02 
  9.9938e-04 

########################
# 00000060
########################
RSS 24933.422402639197
BP 0:
a0:   3.3643e+00   e0:  -5.3416e+00   b0:   1.5605e+02   
P: 
 -4.7198e-02   3.7322e-02   1.7605e-02  -3.8356e-03   1.6976e-03 
 -3.5263e-03   8.7158e-04  -7.6124e-04   1.0752e-03  -1.0596e-03 
 -1.6712e-06   5.0988e-06   4.1244e-05   1.8787e-05   2.3847e-06 
  8.9293e-07   1.2374e-08  -2.8796e-06   1.9172e-07   5.8917e-07 
 -1.6870e-06   2.3248e-06   8.5664e-07  -1.9494e+00   3.0356e+01 
  2.4336e+01   3.4958e+01   1.6230e+01   1.7858e+01   7.6644e+00 
  1.2400e+00   4.4252e-01   1.0904e-01   2.0054e-02   2.2962e-03 
  2.5583e-03   1.0877e-03   7.9882e-05   4.1882e-05   4.4069e-05 
  2.6414e-06   1.1025e-06   6.3515e-07   3.8751e-07   2.2807e-07 
  1.2762e-07   6.8033e-08   3.4710e-08  -1.7286e-03  -3.0169e-02 
  1.0003e-03 

########################
# 00000061
########################
RSS 25017.511322462873
BP 0:
a0:   3.0707e+00   e0:  -5.7421e+00   b0:   1.4014e+02   
P: 
 -5.1203e-02   2.9578e-02   2.6699e-02  -4.7328e-04   1.9435e-03 
 -3.0695e-03   8.3458e-04  -6.8794e-04   1.0499e-03  -9.8420e-04 
 -1.2171e-06   7.8484e-06   4.3377e-05   1.8976e-05   8.0279e-07 
  1.3320e-07   4.4034e-07  -2.3683e-06   6.4920e-07   1.9922e-06 
 -1.4567e-06   2.2988e-06   2.4000e-08  -1.9494e+00   3.0356e+01 
  2.4336e+01   3.4958e+01   1.6230e+01   1.7858e+01   7.6644e+00 
  1.2400e+00   4.4252e-01   1.0904e-01   2.0054e-02   2.2962e-03 
  2.5583e-03   1.0877e-03   7.9882e-05   4.1882e-05   4.4069e-05 
  2.6414e-06   1.1025e-06   6.3515e-07   3.8751e-07   2.2807e-07 
  1.2762e-07   6.8033e-08   3.4710e-08  -1.7286e-03  -3.0165e-02 
  9.9775e-04 

########################
# 00000062
########################
RSS 25059.141150175637
BP 0:
a0:   3.3899e+00   e0:  -5.5455e+00   b0:   1.6133e+02   
P: 
 -4.7385e-02   3.7229e-02   1.7908e-02  -3.8414e-03   1.6881e-03 
 -3.5469e-03   8.6936e-04  -7.6281e-04   1.0718e-03  -1.0600e-03 
 -1.7348e-06   5.2023e-06   4.1381e-05   1.8473e-05   2.3786e-06 
  8.5425e-07   5.2193e-08  -2.8774e-06   1.8761e-07   6.1837e-07 
 -1.6921e-06   2.2931e-06   8.6485e-07  -1.9494e+00   3.0356e+01 
  2.4336e+01   3.4958e+01   1.6230e+01   1.7858e+01   7.6644e+00 
  1.2400e+00   4.4252e-01   1.0904e-01   2.0054e-02   2.2962e-03 
  2.5583e-03   1.0877e-03   7.9882e-05   4.1882e-05   4.4069e-05 
  2.6414e-06   1.1025e-06   6.3515e-07   3.8751e-07   2.2807e-07 
  1.2762e-07   6.8033e-08   3.4710e-08  -1.7286e-03  -3.0171e-02 
  1.0003e-03 

########################
# 00000063
########################
RSS 25203.017674689443
BP 0:
a0:   3.2661e+00   e0:  -5.2399e+00   b0:   1.4752e+02   
P: 
 -4.8866e-02   3.6876e-02   1.9230e-02  -2.9704e-03   1.5779e-03 
 -3.3898e-03   8.5861e-04  -7.6081e-04   1.0624e-03  -1.0652e-03 
  2.3933e-07   6.9854e-06   4.2653e-05   1.8078e-05   2.9725e-06 
  3.3803e-07  -5.4048e-08  -2.2254e-06   3.0368e-07   5.7482e-07 
 -1.5529e-06   2.3087e-06   8.8659e-07  -1.9494e+00   3.0356e+01 
  2.4336e+01   3.4958e+01   1.6230e+01   1.7858e+01   7.6644e+00 
  1.2400e+00   4.4252e-01   1.0904e-01   2.0054e-02   2.2962e-03 
  2.5583e-03   1.0877e-03   7.9882e-05   4.1882e-05   4.4069e-05 
  2.6414e-06   1.1025e-06   6.3515e-07   3.8751e-07   2.2807e-07 
  1.2762e-07   6.8033e-08   3.4710e-08  -1.7286e-03  -3.0161e-02 
  1.0003e-03 

########################
# 00000064
########################
RSS 25521.117826585978
BP 0:
a0:   3.1046e+00   e0:  -5.7406e+00   b0:   1.4250e+02   
P: 
 -5.4695e-02   3.5785e-02   2.6607e-02  -3.0490e-03   1.6113e-03 
 -2.7353e-03   8.4178e-04  -7.8383e-04   9.6857e-04  -1.0544e-03 
 -1.3480e-06   7.4279e-06   4.9673e-05   1.8934e-05   3.0028e-06 
  9.4985e-07   1.0824e-07  -2.5724e-06   3.0999e-07   7.5367e-07 
 -2.1820e-06   1.5192e-06   8.0526e-07  -1.9494e+00   3.0356e+01 
  2.4336e+01   3.4958e+01   1.6230e+01   1.7858e+01   7.6644e+00 
  1.2400e+00   4.4252e-01   1.0904e-01   2.0054e-02   2.2962e-03 
  2.5583e-03   1.0877e-03   7.9882e-05   4.1882e-05   4.4069e-05 
  2.6414e-06   1.1025e-06   6.3515e-07   3.8751e-07   2.2807e-07 
  1.2762e-07   6.8033e-08   3.4710e-08  -1.7286e-03  -3.0170e-02 
  1.0007e-03 

########################
# 00000065
########################
RSS 25942.28185783688
BP 0:
a0:   3.1568e+00   e0:  -5.7138e+00   b0:   1.4693e+02   
P: 
 -5.3111e-02   3.5740e-02   2.5372e-02  -3.9184e-03   1.7544e-03 
 -2.6600e-03   8.7208e-04  -7.6479e-04   1.0336e-03  -1.0574e-03 
 -4.8850e-06   1.6906e-05   5.0433e-05   1.9262e-05   2.9524e-06 
  9.4265e-07   4.9655e-07  -2.4381e-06   3.1114e-07   2.2791e-07 
 -2.2509e-06   1.2476e-06   4.2498e-07  -1.9494e+00   3.0356e+01 
  2.4336e+01   3.4958e+01   1.6230e+01   1.7858e+01   7.6644e+00 
  1.2400e+00   4.4252e-01   1.0904e-01   2.0054e-02   2.2962e-03 
  2.5583e-03   1.0877e-03   7.9882e-05   4.1882e-05   4.4069e-05 
  2.6414e-06   1.1025e-06   6.3515e-07   3.8751e-07   2.2807e-07 
  1.2762e-07   6.8033e-08   3.4710e-08  -1.7286e-03  -3.0184e-02 
  9.9954e-04 

########################
# 00000066
########################
RSS 26068.33668363464
BP 0:
a0:   3.2867e+00   e0:  -5.2361e+00   b0:   1.4898e+02   
P: 
 -4.8591e-02   3.7865e-02   1.7702e-02  -3.0634e-03   1.8610e-03 
 -3.3892e-03   8.7703e-04  -7.8078e-04   1.0504e-03  -1.0633e-03 
 -3.3058e-07   6.8007e-06   4.1120e-05   1.8835e-05   2.8241e-06 
  4.1952e-07   9.8168e-08  -2.2426e-06   2.6040e-07   6.9159e-07 
 -1.6442e-06   2.3247e-06   9.8505e-07  -1.9494e+00   3.0356e+01 
  2.4336e+01   3.4958e+01   1.6230e+01   1.7858e+01   7.6644e+00 
  1.2400e+00   4.4252e-01   1.0904e-01   2.0054e-02   2.2962e-03 
  2.5583e-03   1.0877e-03   7.9882e-05   4.1882e-05   4.4069e-05 
  2.6414e-06   1.1025e-06   6.3515e-07   3.8751e-07   2.2807e-07 
  1.2762e-07   6.8033e-08   3.4710e-08  -1.7286e-03  -3.0160e-02 
  1.0002e-03 

########################
# 00000067
########################
RSS 26711.239225855643
BP 0:
a0:   3.0735e+00   e0:  -5.3950e+00   b0:   1.3473e+02   
P: 
 -5.1811e-02   3.2951e-02   2.6518e-02  -3.6993e-03   1.8862e-03 
 -2.7102e-03   1.1952e-03  -7.8313e-04   9.7328e-04  -1.0544e-03 
 -1.4564e-06   2.0599e-05   1.2020e-05   2.0999e-05   3.1076e-06 
  1.1513e-06   1.3376e-07  -2.5405e-06   3.4488e-07   2.2300e-07 
 -2.1540e-06   1.4942e-06   4.3851e-08  -1.9494e+00   3.0356e+01 
  2.4336e+01   3.4958e+01   1.6230e+01   1.7858e+01   7.6644e+00 
  1.2400e+00   4.4252e-01   1.0904e-01   2.0054e-02   2.2962e-03 
  2.5583e-03   1.0877e-03   7.9882e-05   4.1882e-05   4.4069e-05 
  2.6414e-06   1.1025e-06   6.3515e-07   3.8751e-07   2.2807e-07 
  1.2762e-07   6.8033e-08   3.4710e-08  -1.7286e-03  -3.0184e-02 
  9.9957e-04 

########################
# 00000068
########################
RSS 26796.650304932762
BP 0:
a0:   3.1106e+00   e0:  -5.3178e+00   b0:   1.3667e+02   
P: 
 -5.1697e-02   3.4648e-02   2.5022e-02  -3.8723e-03   1.6899e-03 
 -2.6214e-03   8.6606e-04  -7.6656e-04   1.0256e-03  -1.0574e-03 
 -4.4001e-06   1.5432e-05   4.8773e-05   2.0401e-05   3.0977e-06 
  1.0933e-06   3.9230e-07  -2.7484e-06   2.2512e-07   9.2415e-08 
 -2.1723e-06   1.4098e-06   1.4862e-07  -1.9494e+00   3.0356e+01 
  2.4336e+01   3.4958e+01   1.6230e+01   1.7858e+01   7.6644e+00 
  1.2400e+00   4.4252e-01   1.0904e-01   2.0054e-02   2.2962e-03 
  2.5583e-03   1.0877e-03   7.9882e-05   4.1882e-05   4.4069e-05 
  2.6414e-06   1.1025e-06   6.3515e-07   3.8751e-07   2.2807e-07 
  1.2762e-07   6.8033e-08   3.4710e-08  -1.7286e-03  -3.0189e-02 
  9.9950e-04 

########################
# 00000069
########################
RSS 27619.802507805354
BP 0:
a0:   3.1090e+00   e0:  -5.3097e+00   b0:   1.3640e+02   
P: 
 -5.1723e-02   3.4691e-02   2.5019e-02  -3.8765e-03   1.6836e-03 
 -2.6245e-03   8.6644e-04  -7.6616e-04   1.0253e-03  -1.0574e-03 
 -4.3203e-06   1.5543e-05   4.8750e-05   2.0369e-05   3.1005e-06 
  1.0918e-06   3.8631e-07  -2.7418e-06   2.2845e-07   8.8777e-08 
 -2.1734e-06   1.4052e-06   1.4055e-07  -1.9494e+00   3.0356e+01 
  2.4336e+01   3.4958e+01   1.6230e+01   1.7858e+01   7.6644e+00 
  1.2400e+00   4.4252e-01   1.0904e-01   2.0054e-02   2.2962e-03 
  2.5583e-03   1.0877e-03   7.9882e-05   4.1882e-05   4.4069e-05 
  2.6414e-06   1.1025e-06   6.3515e-07   3.8751e-07   2.2807e-07 
  1.2762e-07   6.8033e-08   3.4710e-08  -1.7286e-03  -3.0188e-02 
  9.9949e-04 

########################
# 00000070
########################
RSS 27770.397673905158
BP 0:
a0:   3.3550e+00   e0:  -5.6312e+00   b0:   1.6073e+02   
P: 
 -4.8262e-02   3.7421e-02   1.7667e-02  -3.0579e-03   1.8788e-03 
 -3.3667e-03   8.7624e-04  -7.8167e-04   1.0509e-03  -1.0631e-03 
 -2.4746e-07   6.6632e-06   4.0872e-05   1.9035e-05   2.8188e-06 
  4.2128e-07   1.0467e-07  -2.2489e-06   2.3913e-07   7.2824e-07 
 -1.6736e-06   2.3641e-06   9.9503e-07  -1.9494e+00   3.0356e+01 
  2.4336e+01   3.4958e+01   1.6230e+01   1.7858e+01   7.6644e+00 
  1.2400e+00   4.4252e-01   1.0904e-01   2.0054e-02   2.2962e-03 
  2.5583e-03   1.0877e-03   7.9882e-05   4.1882e-05   4.4069e-05 
  2.6414e-06   1.1025e-06   6.3515e-07   3.8751e-07   2.2807e-07 
  1.2762e-07   6.8033e-08   3.4710e-08  -1.7286e-03  -3.0160e-02 
  1.0002e-03 

########################
# 00000071
########################
RSS 27806.199946635592
BP 0:
a0:   3.3992e+00   e0:  -5.6128e+00   b0:   1.6315e+02   
P: 
 -4.7474e-02   3.7466e-02   1.7689e-02  -3.8190e-03   1.7047e-03 
 -3.5300e-03   8.7202e-04  -7.6305e-04   1.0735e-03  -1.0598e-03 
 -1.6006e-06   5.1163e-06   4.1230e-05   1.8662e-05   2.3833e-06 
  8.7367e-07   3.2050e-08  -2.8668e-06   1.9821e-07   6.0742e-07 
 -1.6956e-06   2.3059e-06   8.8160e-07  -1.9494e+00   3.0356e+01 
  2.4336e+01   3.4958e+01   1.6230e+01   1.7858e+01   7.6644e+00 
  1.2400e+00   4.4252e-01   1.0904e-01   2.0054e-02   2.2962e-03 
  2.5583e-03   1.0877e-03   7.9882e-05   4.1882e-05   4.4069e-05 
  2.6414e-06   1.1025e-06   6.3515e-07   3.8751e-07   2.2807e-07 
  1.2762e-07   6.8033e-08   3.4710e-08  -1.7286e-03  -3.0170e-02 
  1.0003e-03 

########################
# 00000072
########################
RSS 27829.07639052046
BP 0:
a0:   3.1630e+00   e0:  -5.7327e+00   b0:   1.4767e+02   
P: 
 -5.3264e-02   3.5791e-02   2.5666e-02  -3.9475e-03   1.6646e-03 
 -2.7595e-03   8.6214e-04  -7.5600e-04   1.0611e-03  -1.0639e-03 
 -7.3467e-07   7.0633e-06   4.2851e-05   1.9575e-05   3.0720e-06 
  2.0294e-07  -5.4586e-08  -2.1452e-06   3.4223e-07   4.9594e-09 
 -2.2126e-06   2.2394e-06   1.6338e-08  -1.9494e+00   3.0356e+01 
  2.4336e+01   3.4958e+01   1.6230e+01   1.7858e+01   7.6644e+00 
  1.2400e+00   4.4252e-01   1.0904e-01   2.0054e-02   2.2962e-03 
  2.5583e-03   1.0877e-03   7.9882e-05   4.1882e-05   4.4069e-05 
  2.6414e-06   1.1025e-06   6.3515e-07   3.8751e-07   2.2807e-07 
  1.2762e-07   6.8033e-08   3.4710e-08  -1.7286e-03  -3.0184e-02 
  1.0002e-03 

########################
# 00000073
########################
RSS 28383.871122868746
BP 0:
a0:   3.1273e+00   e0:  -5.7640e+00   b0:   1.4507e+02   
P: 
 -5.4600e-02   3.6718e-02   2.6007e-02  -3.9726e-03   1.9073e-03 
 -2.7427e-03   8.7478e-04  -7.6805e-04   1.0455e-03  -1.0553e-03 
 -5.1142e-06   1.6717e-05   4.9605e-05   1.9234e-05   2.9363e-06 
  1.1249e-06   1.6584e-07  -2.6345e-06   3.1628e-07   6.6449e-08 
 -2.2157e-06   1.1676e-06   6.4778e-08  -1.9494e+00   3.0356e+01 
  2.4336e+01   3.4958e+01   1.6230e+01   1.7858e+01   7.6644e+00 
  1.2400e+00   4.4252e-01   1.0904e-01   2.0054e-02   2.2962e-03 
  2.5583e-03   1.0877e-03   7.9882e-05   4.1882e-05   4.4069e-05 
  2.6414e-06   1.1025e-06   6.3515e-07   3.8751e-07   2.2807e-07 
  1.2762e-07   6.8033e-08   3.4710e-08  -1.7286e-03  -3.0186e-02 
  9.9936e-04 

########################
# 00000074
########################
RSS 28500.07482877148
BP 0:
a0:   3.0840e+00   e0:  -5.3449e+00   b0:   1.3472e+02   
P: 
 -5.2955e-02   3.5652e-02   2.5395e-02  -3.9188e-03   1.7646e-03 
 -2.6655e-03   8.7171e-04  -7.6491e-04   1.0340e-03  -1.0574e-03 
 -4.8726e-06   1.6977e-05   5.0398e-05   1.9266e-05   2.9563e-06 
  9.5227e-07   5.0202e-07  -2.4438e-06   3.1091e-07   2.2439e-07 
 -2.2507e-06   1.2470e-06   4.1863e-07  -1.9494e+00   3.0356e+01 
  2.4336e+01   3.4958e+01   1.6230e+01   1.7858e+01   7.6644e+00 
  1.2400e+00   4.4252e-01   1.0904e-01   2.0054e-02   2.2962e-03 
  2.5583e-03   1.0877e-03   7.9882e-05   4.1882e-05   4.4069e-05 
  2.6414e-06   1.1025e-06   6.3515e-07   3.8751e-07   2.2807e-07 
  1.2762e-07   6.8033e-08   3.4710e-08  -1.7286e-03  -3.0184e-02 
  9.9953e-04 

########################
# 00000075
########################
RSS 28858.57319111435
BP 0:
a0:   3.0424e+00   e0:  -5.4443e+00   b0:   1.3234e+02   
P: 
 -5.4483e-02   3.5688e-02   2.6530e-02  -3.0494e-03   1.6107e-03 
 -2.7343e-03   8.7414e-04  -7.7158e-04   9.6873e-04  -1.0577e-03 
 -4.6143e-06   1.6970e-05   4.9668e-05   1.9410e-05   2.9984e-06 
  1.1170e-06   3.7449e-07  -2.5663e-06   3.1140e-07  -3.7917e-09 
 -2.2049e-06   1.5206e-06   8.0254e-07  -1.9494e+00   3.0356e+01 
  2.4336e+01   3.4958e+01   1.6230e+01   1.7858e+01   7.6644e+00 
  1.2400e+00   4.4252e-01   1.0904e-01   2.0054e-02   2.2962e-03 
  2.5583e-03   1.0877e-03   7.9882e-05   4.1882e-05   4.4069e-05 
  2.6414e-06   1.1025e-06   6.3515e-07   3.8751e-07   2.2807e-07 
  1.2762e-07   6.8033e-08   3.4710e-08  -1.7286e-03  -3.0170e-02 
  9.9938e-04 

########################
# 00000076
########################
RSS 28958.401430074853
BP 0:
a0:   3.1886e+00   e0:  -5.7281e+00   b0:   1.4995e+02   
P: 
 -5.1818e-02   3.4644e-02   2.5042e-02  -3.8698e-03   1.6887e-03 
 -2.6205e-03   8.6634e-04  -7.6673e-04   1.0255e-03  -1.0574e-03 
 -4.3150e-06   1.5487e-05   4.8774e-05   2.0374e-05   3.0969e-06 
  1.0896e-06   3.9309e-07  -2.7411e-06   2.3541e-07   8.9778e-08 
 -2.1719e-06   1.4076e-06   1.4933e-07  -1.9494e+00   3.0356e+01 
  2.4336e+01   3.4958e+01   1.6230e+01   1.7858e+01   7.6644e+00 
  1.2400e+00   4.4252e-01   1.0904e-01   2.0054e-02   2.2962e-03 
  2.5583e-03   1.0877e-03   7.9882e-05   4.1882e-05   4.4069e-05 
  2.6414e-06   1.1025e-06   6.3515e-07   3.8751e-07   2.2807e-07 
  1.2762e-07   6.8033e-08   3.4710e-08  -1.7286e-03  -3.0188e-02 
  9.9949e-04 

########################
# 00000077
########################
RSS 29020.012085061077
BP 0:
a0:   3.0534e+00   e0:  -5.4102e+00   b0:   1.3293e+02   
P: 
 -5.4530e-02   3.6710e-02   2.6049e-02  -3.9663e-03   1.8992e-03 
 -2.7428e-03   8.7489e-04  -7.6793e-04   1.0458e-03  -1.0554e-03 
 -5.1612e-06   1.6719e-05   4.9540e-05   1.9139e-05   2.9389e-06 
  1.1256e-06   1.5999e-07  -2.6357e-06   3.1278e-07   7.9878e-08 
 -2.2117e-06   1.1642e-06   6.3986e-08  -1.9494e+00   3.0356e+01 
  2.4336e+01   3.4958e+01   1.6230e+01   1.7858e+01   7.6644e+00 
  1.2400e+00   4.4252e-01   1.0904e-01   2.0054e-02   2.2962e-03 
  2.5583e-03   1.0877e-03   7.9882e-05   4.1882e-05   4.4069e-05 
  2.6414e-06   1.1025e-06   6.3515e-07   3.8751e-07   2.2807e-07 
  1.2762e-07   6.8033e-08   3.4710e-08  -1.7286e-03  -3.0185e-02 
  9.9935e-04 

########################
# 00000078
########################
RSS 29021.13517772643
BP 0:
a0:   3.1051e+00   e0:  -5.2989e+00   b0:   1.3590e+02   
P: 
 -5.1754e-02   3.4673e-02   2.5076e-02  -3.8717e-03   1.6830e-03 
 -2.6267e-03   8.6709e-04  -7.6697e-04   1.0250e-03  -1.0575e-03 
 -4.2655e-06   1.5427e-05   4.8754e-05   2.0437e-05   3.1005e-06 
  1.0895e-06   3.9165e-07  -2.7424e-06   2.2511e-07   9.0832e-08 
 -2.1682e-06   1.4097e-06   1.4636e-07  -1.9494e+00   3.0356e+01 
  2.4336e+01   3.4958e+01   1.6230e+01   1.7858e+01   7.6644e+00 
  1.2400e+00   4.4252e-01   1.0904e-01   2.0054e-02   2.2962e-03 
  2.5583e-03   1.0877e-03   7.9882e-05   4.1882e-05   4.4069e-05 
  2.6414e-06   1.1025e-06   6.3515e-07   3.8751e-07   2.2807e-07 
  1.2762e-07   6.8033e-08   3.4710e-08  -1.7286e-03  -3.0188e-02 
  9.9949e-04 

########################
# 00000079
########################
RSS 29044.016271904802
BP 0:
a0:   3.4018e+00   e0:  -5.6362e+00   b0:   1.6372e+02   
P: 
 -4.7461e-02   3.7277e-02   1.7923e-02  -3.8366e-03   1.6853e-03 
 -3.5493e-03   8.6945e-04  -7.6249e-04   1.0722e-03  -1.0600e-03 
 -1.7439e-06   5.2244e-06   4.1409e-05   1.8521e-05   2.3736e-06 
  8.5630e-07   5.2227e-08  -2.8805e-06   1.8426e-07   6.1825e-07 
 -1.6943e-06   2.2903e-06   8.6895e-07  -1.9494e+00   3.0356e+01 
  2.4336e+01   3.4958e+01   1.6230e+01   1.7858e+01   7.6644e+00 
  1.2400e+00   4.4252e-01   1.0904e-01   2.0054e-02   2.2962e-03 
  2.5583e-03   1.0877e-03   7.9882e-05   4.1882e-05   4.4069e-05 
  2.6414e-06   1.1025e-06   6.3515e-07   3.8751e-07   2.2807e-07 
  1.2762e-07   6.8033e-08   3.4710e-08  -1.7286e-03  -3.0171e-02 
  1.0003e-03 

########################
# 00000080
########################
RSS 29080.028027371565
BP 0:
a0:   3.1883e+00   e0:  -5.7297e+00   b0:   1.4994e+02   
P: 
 -5.1862e-02   3.4691e-02   2.5048e-02  -3.8766e-03   1.6914e-03 
 -2.6222e-03   8.6641e-04  -7.6682e-04   1.0252e-03  -1.0574e-03 
 -4.3764e-06   1.5540e-05   4.8768e-05   2.0360e-05   3.1035e-06 
  1.0972e-06   3.9162e-07  -2.7443e-06   2.2582e-07   9.5896e-08 
 -2.1780e-06   1.4059e-06   1.4755e-07  -1.9494e+00   3.0356e+01 
  2.4336e+01   3.4958e+01   1.6230e+01   1.7858e+01   7.6644e+00 
  1.2400e+00   4.4252e-01   1.0904e-01   2.0054e-02   2.2962e-03 
  2.5583e-03   1.0877e-03   7.9882e-05   4.1882e-05   4.4069e-05 
  2.6414e-06   1.1025e-06   6.3515e-07   3.8751e-07   2.2807e-07 
  1.2762e-07   6.8033e-08   3.4710e-08  -1.7286e-03  -3.0188e-02 
  9.9949e-04 

########################
# 00000081
########################
RSS 29310.3207021658
BP 0:
a0:   3.2918e+00   e0:  -5.1966e+00   b0:   1.4879e+02   
P: 
 -4.6902e-02   3.4893e-02   1.9162e-02  -3.2107e-03   1.6872e-03 
 -3.3150e-03   8.7118e-04  -7.4123e-04   1.0533e-03  -1.0651e-03 
 -6.2546e-08   6.8108e-06   4.2449e-05   1.7301e-05   3.1738e-06 
  4.2098e-07  -1.1697e-07  -2.1463e-06   3.1335e-07   5.5622e-07 
 -1.5029e-06   2.4861e-06   9.1595e-07  -1.9494e+00   3.0356e+01 
  2.4336e+01   3.4958e+01   1.6230e+01   1.7858e+01   7.6644e+00 
  1.2400e+00   4.4252e-01   1.0904e-01   2.0054e-02   2.2962e-03 
  2.5583e-03   1.0877e-03   7.9882e-05   4.1882e-05   4.4069e-05 
  2.6414e-06   1.1025e-06   6.3515e-07   3.8751e-07   2.2807e-07 
  1.2762e-07   6.8033e-08   3.4710e-08  -1.7286e-03  -3.0154e-02 
  1.0002e-03 

########################
# 00000082
########################
RSS 29344.955466174335
BP 0:
a0:   3.1860e+00   e0:  -5.7340e+00   b0:   1.4982e+02   
P: 
 -5.1962e-02   3.4710e-02   2.5141e-02  -3.8641e-03   1.6835e-03 
 -2.6274e-03   8.6700e-04  -7.6728e-04   1.0253e-03  -1.0574e-03 
 -4.3401e-06   1.5436e-05   4.8752e-05   2.0500e-05   3.0956e-06 
  1.0907e-06   3.9382e-07  -2.7451e-06   2.2999e-07   8.6451e-08 
 -2.1724e-06   1.4077e-06   1.4181e-07  -1.9494e+00   3.0356e+01 
  2.4336e+01   3.4958e+01   1.6230e+01   1.7858e+01   7.6644e+00 
  1.2400e+00   4.4252e-01   1.0904e-01   2.0054e-02   2.2962e-03 
  2.5583e-03   1.0877e-03   7.9882e-05   4.1882e-05   4.4069e-05 
  2.6414e-06   1.1025e-06   6.3515e-07   3.8751e-07   2.2807e-07 
  1.2762e-07   6.8033e-08   3.4710e-08  -1.7286e-03  -3.0188e-02 
  9.9949e-04 

########################
# 00000083
########################
RSS 29452.924204640796
BP 0:
a0:   3.2980e+00   e0:  -5.6732e+00   b0:   1.5652e+02   
P: 
 -5.1593e-02   3.5555e-02   2.5726e-02  -3.9196e-03   1.7654e-03 
 -5.0586e-03   8.7663e-04  -7.7391e-04   1.0346e-03  -1.0569e-03 
 -4.8048e-06   1.6900e-05   6.9441e-05   1.9357e-05   2.9532e-06 
  2.2691e-06   3.9065e-07  -2.4926e-06   2.0252e-07  -2.4282e-09 
 -2.2282e-06   2.5120e-06   4.0068e-08  -1.9494e+00   3.0356e+01 
  2.4336e+01   3.4958e+01   1.6230e+01   1.7858e+01   7.6644e+00 
  1.2400e+00   4.4252e-01   1.0904e-01   2.0054e-02   2.2962e-03 
  2.5583e-03   1.0877e-03   7.9882e-05   4.1882e-05   4.4069e-05 
  2.6414e-06   1.1025e-06   6.3515e-07   3.8751e-07   2.2807e-07 
  1.2762e-07   6.8033e-08   3.4710e-08  -1.7286e-03  -3.0184e-02 
  9.9939e-04 

########################
# 00000084
########################
RSS 29557.334097300292
BP 0:
a0:   3.3513e+00   e0:  -5.6589e+00   b0:   1.6110e+02   
P: 
 -4.7193e-02   3.4596e-02   1.9634e-02  -3.1817e-03   1.7112e-03 
 -3.2832e-03   8.7082e-04  -7.3948e-04   1.0472e-03  -1.0653e-03 
 -3.9034e-07   6.9072e-06   4.2241e-05   1.7331e-05   3.1884e-06 
  4.7541e-07  -1.1404e-07  -2.2054e-06   3.2942e-07   5.5118e-07 
 -1.5416e-06   2.4693e-06   9.4925e-07  -1.9494e+00   3.0356e+01 
  2.4336e+01   3.4958e+01   1.6230e+01   1.7858e+01   7.6644e+00 
  1.2400e+00   4.4252e-01   1.0904e-01   2.0054e-02   2.2962e-03 
  2.5583e-03   1.0877e-03   7.9882e-05   4.1882e-05   4.4069e-05 
  2.6414e-06   1.1025e-06   6.3515e-07   3.8751e-07   2.2807e-07 
  1.2762e-07   6.8033e-08   3.4710e-08  -1.7286e-03  -3.0156e-02 
  1.0002e-03 

########################
# 00000085
########################
RSS 29664.97953617778
BP 0:
a0:   3.0793e+00   e0:  -5.3395e+00   b0:   1.3416e+02   
P: 
 -5.3228e-02   3.5786e-02   2.5657e-02  -3.9175e-03   1.7458e-03 
 -2.7524e-03   8.7415e-04  -7.7237e-04   1.0322e-03  -1.0575e-03 
 -4.7447e-06   1.6767e-05   5.0613e-05   1.9449e-05   2.8828e-06 
  1.1282e-06   3.8934e-07  -2.5122e-06   2.2576e-07   2.2268e-08 
 -2.2117e-06   1.2735e-06   2.0807e-08  -1.9494e+00   3.0356e+01 
  2.4336e+01   3.4958e+01   1.6230e+01   1.7858e+01   7.6644e+00 
  1.2400e+00   4.4252e-01   1.0904e-01   2.0054e-02   2.2962e-03 
  2.5583e-03   1.0877e-03   7.9882e-05   4.1882e-05   4.4069e-05 
  2.6414e-06   1.1025e-06   6.3515e-07   3.8751e-07   2.2807e-07 
  1.2762e-07   6.8033e-08   3.4710e-08  -1.7286e-03  -3.0184e-02 
  9.9937e-04 

########################
# 00000086
########################
RSS 29930.327536404315
BP 0:
a0:   3.1058e+00   e0:  -5.2871e+00   b0:   1.3579e+02   
P: 
 -5.1613e-02   3.4593e-02   2.4980e-02  -3.8670e-03   1.6967e-03 
 -2.6195e-03   8.6689e-04  -7.6703e-04   1.0254e-03  -1.0574e-03 
 -4.3352e-06   1.5537e-05   4.8796e-05   2.0326e-05   3.1029e-06 
  1.0875e-06   3.8090e-07  -2.7374e-06   2.2480e-07   9.4125e-08 
 -2.1742e-06   1.4094e-06   1.4522e-07  -1.9494e+00   3.0356e+01 
  2.4336e+01   3.4958e+01   1.6230e+01   1.7858e+01   7.6644e+00 
  1.2400e+00   4.4252e-01   1.0904e-01   2.0054e-02   2.2962e-03 
  2.5583e-03   1.0877e-03   7.9882e-05   4.1882e-05   4.4069e-05 
  2.6414e-06   1.1025e-06   6.3515e-07   3.8751e-07   2.2807e-07 
  1.2762e-07   6.8033e-08   3.4710e-08  -1.7286e-03  -3.0189e-02 
  9.9949e-04 

########################
# 00000087
########################
RSS 30342.922603657666
BP 0:
a0:   3.3940e+00   e0:  -5.2890e+00   b0:   1.5731e+02   
P: 
 -4.3236e-02   3.2057e-02   1.7826e-02  -2.8737e-03   1.7724e-03 
 -3.5757e-03   8.6216e-04  -7.7040e-04   1.0386e-03  -1.0640e-03 
  5.2781e-06   1.2549e-05   4.0895e-05   2.2867e-05   2.9807e-06 
  2.8015e-07   1.1950e-07  -2.3078e-06   2.7914e-07   7.8509e-07 
 -1.7060e-06   2.9043e-06   3.5438e-07  -1.9494e+00   3.0356e+01 
  2.4336e+01   3.4958e+01   1.6230e+01   1.7858e+01   7.6644e+00 
  1.2400e+00   4.4252e-01   1.0904e-01   2.0054e-02   2.2962e-03 
  2.5583e-03   1.0877e-03   7.9882e-05   4.1882e-05   4.4069e-05 
  2.6414e-06   1.1025e-06   6.3515e-07   3.8751e-07   2.2807e-07 
  1.2762e-07   6.8033e-08   3.4710e-08  -1.7286e-03  -3.0164e-02 
  1.0003e-03 

########################
# 00000088
########################
RSS 30859.239510237985
BP 0:
a0:   3.1024e+00   e0:  -5.2824e+00   b0:   1.3541e+02   
P: 
 -5.1708e-02   3.4647e-02   2.5043e-02  -3.8690e-03   1.6903e-03 
 -2.6225e-03   8.6620e-04  -7.6671e-04   1.0256e-03  -1.0573e-03 
 -4.3367e-06   1.5523e-05   4.8766e-05   2.0447e-05   3.1023e-06 
  1.0966e-06   3.8457e-07  -2.7427e-06   2.2639e-07   9.3929e-08 
 -2.1743e-06   1.4135e-06   1.4282e-07  -1.9494e+00   3.0356e+01 
  2.4336e+01   3.4958e+01   1.6230e+01   1.7858e+01   7.6644e+00 
  1.2400e+00   4.4252e-01   1.0904e-01   2.0054e-02   2.2962e-03 
  2.5583e-03   1.0877e-03   7.9882e-05   4.1882e-05   4.4069e-05 
  2.6414e-06   1.1025e-06   6.3515e-07   3.8751e-07   2.2807e-07 
  1.2762e-07   6.8033e-08   3.4710e-08  -1.7286e-03  -3.0188e-02 
  9.9949e-04 

########################
# 00000089
########################
RSS 31146.64492418043
BP 0:
a0:   3.3643e+00   e0:  -5.6767e+00   b0:   1.6197e+02   
P: 
 -4.8745e-02   3.7288e-02   1.9362e-02  -3.8356e-03   1.5912e-03 
 -3.4218e-03   8.7448e-04  -7.6810e-04   1.0503e-03  -1.0603e-03 
 -3.6027e-07   5.2655e-06   4.1144e-05   2.0148e-05   2.3668e-06 
  4.2663e-07   1.4669e-07  -2.8572e-06   2.4150e-07   7.3085e-07 
 -1.6811e-06   2.3933e-06   8.1965e-07  -1.9494e+00   3.0356e+01 
  2.4336e+01   3.4958e+01   1.6230e+01   1.7858e+01   7.6644e+00 
  1.2400e+00   4.4252e-01   1.0904e-01   2.0054e-02   2.2962e-03 
  2.5583e-03   1.0877e-03   7.9882e-05   4.1882e-05   4.4069e-05 
  2.6414e-06   1.1025e-06   6.3515e-07   3.8751e-07   2.2807e-07 
  1.2762e-07   6.8033e-08   3.4710e-08  -1.7286e-03  -3.0159e-02 
  1.0002e-03 

########################
# 00000090
########################
RSS 31289.066313563628
BP 0:
a0:   3.0400e+00   e0:  -5.4148e+00   b0:   1.3163e+02   
P: 
 -5.4483e-02   3.5733e-02   2.6530e-02  -3.0494e-03   1.6107e-03 
 -2.7428e-03   8.4193e-04  -7.8373e-04   9.6873e-04  -1.0545e-03 
 -1.4293e-06   7.3748e-06   4.9668e-05   1.8937e-05   2.9984e-06 
  9.5290e-07   1.0944e-07  -2.5663e-06   3.1140e-07   7.5397e-07 
 -2.1829e-06   1.5206e-06   8.0254e-07  -1.9494e+00   3.0356e+01 
  2.4336e+01   3.4958e+01   1.6230e+01   1.7858e+01   7.6644e+00 
  1.2400e+00   4.4252e-01   1.0904e-01   2.0054e-02   2.2962e-03 
  2.5583e-03   1.0877e-03   7.9882e-05   4.1882e-05   4.4069e-05 
  2.6414e-06   1.1025e-06   6.3515e-07   3.8751e-07   2.2807e-07 
  1.2762e-07   6.8033e-08   3.4710e-08  -1.7286e-03  -3.0170e-02 
  1.0007e-03 

########################
# 00000091
########################
RSS 31386.80057870557
BP 0:
a0:   3.3011e+00   e0:  -5.6942e+00   b0:   1.5712e+02   
P: 
 -5.1609e-02   3.5558e-02   2.5740e-02  -3.9178e-03   1.7617e-03 
 -5.0621e-03   8.7643e-04  -7.7371e-04   1.0351e-03  -1.0569e-03 
 -4.8000e-06   1.6903e-05   6.9484e-05   1.9391e-05   2.9554e-06 
  2.2650e-06   3.9152e-07  -2.4975e-06   2.0001e-07  -3.0944e-09 
 -2.2314e-06   2.5130e-06   3.8354e-08  -1.9494e+00   3.0356e+01 
  2.4336e+01   3.4958e+01   1.6230e+01   1.7858e+01   7.6644e+00 
  1.2400e+00   4.4252e-01   1.0904e-01   2.0054e-02   2.2962e-03 
  2.5583e-03   1.0877e-03   7.9882e-05   4.1882e-05   4.4069e-05 
  2.6414e-06   1.1025e-06   6.3515e-07   3.8751e-07   2.2807e-07 
  1.2762e-07   6.8033e-08   3.4710e-08  -1.7286e-03  -3.0184e-02 
  9.9939e-04 

########################
# 00000092
########################
RSS 31477.653245199654
BP 0:
a0:   3.2882e+00   e0:  -5.1705e+00   b0:   1.4805e+02   
P: 
 -4.6953e-02   3.4981e-02   1.9153e-02  -3.2163e-03   1.6847e-03 
 -3.3211e-03   8.7103e-04  -7.4141e-04   1.0435e-03  -1.0651e-03 
 -2.2929e-06   6.8225e-06   4.2438e-05   1.7367e-05   3.1786e-06 
  4.1576e-07  -1.2233e-07  -2.1403e-06   3.1177e-07   6.0376e-07 
 -1.5044e-06   2.3110e-06   9.2257e-07  -1.9494e+00   3.0356e+01 
  2.4336e+01   3.4958e+01   1.6230e+01   1.7858e+01   7.6644e+00 
  1.2400e+00   4.4252e-01   1.0904e-01   2.0054e-02   2.2962e-03 
  2.5583e-03   1.0877e-03   7.9882e-05   4.1882e-05   4.4069e-05 
  2.6414e-06   1.1025e-06   6.3515e-07   3.8751e-07   2.2807e-07 
  1.2762e-07   6.8033e-08   3.4710e-08  -1.7286e-03  -3.0154e-02 
  1.0003e-03 

########################
# 00000093
########################
RSS 31482.756343495217
BP 0:
a0:   3.3665e+00   e0:  -5.6808e+00   b0:   1.6227e+02   
P: 
 -4.8453e-02   3.7158e-02   1.8972e-02  -3.8235e-03   1.6739e-03 
 -3.2441e-03   8.6839e-04  -7.6534e-04   1.0060e-03  -1.0601e-03 
 -1.6813e-06   5.2293e-06   4.1393e-05   1.8613e-05   2.3725e-06 
  8.9746e-07   3.9574e-07  -2.9065e-06   2.7167e-07   6.7802e-07 
 -1.8466e-06   2.3003e-06   8.5813e-07  -1.9494e+00   3.0356e+01 
  2.4336e+01   3.4958e+01   1.6230e+01   1.7858e+01   7.6644e+00 
  1.2400e+00   4.4252e-01   1.0904e-01   2.0054e-02   2.2962e-03 
  2.5583e-03   1.0877e-03   7.9882e-05   4.1882e-05   4.4069e-05 
  2.6414e-06   1.1025e-06   6.3515e-07   3.8751e-07   2.2807e-07 
  1.2762e-07   6.8033e-08   3.4710e-08  -1.7286e-03  -3.0170e-02 
  9.9995e-04 

########################
# 00000094
########################
RSS 31852.147235777855
BP 0:
a0:   3.0531e+00   e0:  -5.3725e+00   b0:   1.3227e+02   
P: 
 -5.4047e-02   3.5565e-02   2.6910e-02  -3.8986e-03   1.7520e-03 
 -2.8901e-03   8.9363e-04  -7.7003e-04   1.0323e-03  -1.0574e-03 
 -4.7918e-06   1.6629e-05   5.0755e-05   1.8688e-05   2.9541e-06 
  1.1468e-06   3.6427e-07  -2.5132e-06   2.3294e-07   3.3805e-07 
 -2.2235e-06   1.1459e-06   1.9737e-08  -1.9494e+00   3.0356e+01 
  2.4336e+01   3.4958e+01   1.6230e+01   1.7858e+01   7.6644e+00 
  1.2400e+00   4.4252e-01   1.0904e-01   2.0054e-02   2.2962e-03 
  2.5583e-03   1.0877e-03   7.9882e-05   4.1882e-05   4.4069e-05 
  2.6414e-06   1.1025e-06   6.3515e-07   3.8751e-07   2.2807e-07 
  1.2762e-07   6.8033e-08   3.4710e-08  -1.7286e-03  -3.0184e-02 
  9.9935e-04 

########################
# 00000095
########################
RSS 32063.583725167537
BP 0:
a0:   3.1945e+00   e0:  -5.7564e+00   b0:   1.5091e+02   
P: 
 -5.1845e-02   3.4726e-02   2.4975e-02  -3.8648e-03   1.6910e-03 
 -2.6254e-03   8.6600e-04  -7.6649e-04   1.0252e-03  -1.0574e-03 
 -4.4458e-06   1.5515e-05   4.8675e-05   2.0356e-05   3.1021e-06 
  1.0962e-06   3.9192e-07  -2.7369e-06   2.3246e-07   9.1927e-08 
 -2.1754e-06   1.4020e-06   1.4409e-07  -1.9494e+00   3.0356e+01 
  2.4336e+01   3.4958e+01   1.6230e+01   1.7858e+01   7.6644e+00 
  1.2400e+00   4.4252e-01   1.0904e-01   2.0054e-02   2.2962e-03 
  2.5583e-03   1.0877e-03   7.9882e-05   4.1882e-05   4.4069e-05 
  2.6414e-06   1.1025e-06   6.3515e-07   3.8751e-07   2.2807e-07 
  1.2762e-07   6.8033e-08   3.4710e-08  -1.7286e-03  -3.0188e-02 
  9.9949e-04 

########################
# 00000096
########################
RSS 32677.837085685478
BP 0:
a0:   3.1011e+00   e0:  -5.2650e+00   b0:   1.3503e+02   
P: 
 -5.1646e-02   3.4624e-02   2.5014e-02  -3.8690e-03   1.6777e-03 
 -2.6233e-03   8.6625e-04  -7.6695e-04   1.0251e-03  -1.0575e-03 
 -4.3523e-06   1.5490e-05   4.8780e-05   2.0445e-05   3.0972e-06 
  1.0875e-06   3.9398e-07  -2.7415e-06   2.3152e-07   9.2949e-08 
 -2.1625e-06   1.3964e-06   1.3939e-07  -1.9494e+00   3.0356e+01 
  2.4336e+01   3.4958e+01   1.6230e+01   1.7858e+01   7.6644e+00 
  1.2400e+00   4.4252e-01   1.0904e-01   2.0054e-02   2.2962e-03 
  2.5583e-03   1.0877e-03   7.9882e-05   4.1882e-05   4.4069e-05 
  2.6414e-06   1.1025e-06   6.3515e-07   3.8751e-07   2.2807e-07 
  1.2762e-07   6.8033e-08   3.4710e-08  -1.7286e-03  -3.0188e-02 
  9.9949e-04 

########################
# 00000097
########################
RSS 33532.24730621488
BP 0:
a0:   3.1286e+00   e0:  -5.8178e+00   b0:   1.4604e+02   
P: 
 -5.4879e-02   3.6840e-02   2.6149e-02  -3.9621e-03   1.9237e-03 
 -2.7282e-03   8.7383e-04  -7.6883e-04   1.0447e-03  -1.0552e-03 
 -4.9843e-06   1.6889e-05   4.9735e-05   1.9272e-05   2.9495e-06 
  1.1453e-06   1.7067e-07  -2.6447e-06   3.2650e-07   8.0736e-08 
 -2.2118e-06   1.1794e-06   5.0497e-08  -1.9494e+00   3.0356e+01 
  2.4336e+01   3.4958e+01   1.6230e+01   1.7858e+01   7.6644e+00 
  1.2400e+00   4.4252e-01   1.0904e-01   2.0054e-02   2.2962e-03 
  2.5583e-03   1.0877e-03   7.9882e-05   4.1882e-05   4.4069e-05 
  2.6414e-06   1.1025e-06   6.3515e-07   3.8751e-07   2.2807e-07 
  1.2762e-07   6.8033e-08   3.4710e-08  -1.7286e-03  -3.0184e-02 
  9.9934e-04 

########################
# 00000098
########################
RSS 33613.50309000607
BP 0:
a0:   3.0560e+00   e0:  -5.3461e+00   b0:   1.3242e+02   
P: 
 -5.2017e-02   3.3067e-02   2.6663e-02  -3.7198e-03   1.8795e-03 
 -2.6936e-03   1.1937e-03  -7.8300e-04   9.7098e-04  -1.0546e-03 
 -1.4160e-06   2.0536e-05   1.1946e-05   2.1230e-05   3.1263e-06 
  1.1569e-06   1.6240e-07  -2.5570e-06   3.3039e-07   2.3477e-07 
 -2.1666e-06   1.4755e-06   2.1479e-08  -1.9494e+00   3.0356e+01 
  2.4336e+01   3.4958e+01   1.6230e+01   1.7858e+01   7.6644e+00 
  1.2400e+00   4.4252e-01   1.0904e-01   2.0054e-02   2.2962e-03 
  2.5583e-03   1.0877e-03   7.9882e-05   4.1882e-05   4.4069e-05 
  2.6414e-06   1.1025e-06   6.3515e-07   3.8751e-07   2.2807e-07 
  1.2762e-07   6.8033e-08   3.4710e-08  -1.7286e-03  -3.0184e-02 
  9.9959e-04 

########################
# 00000099
########################
RSS 34209.84839151231
BP 0:
a0:   3.2819e+00   e0:  -5.1404e+00   b0:   1.4711e+02   
P: 
 -4.6953e-02   3.4981e-02   1.9153e-02  -3.2163e-03   1.6847e-03 
 -3.3211e-03   8.7103e-04  -7.4141e-04   1.0536e-03  -1.0651e-03 
 -8.1826e-08   6.8225e-06   4.2438e-05   1.7367e-05   3.1786e-06 
  4.1576e-07  -1.2233e-07  -2.1403e-06   3.1177e-07   5.5463e-07 
 -1.5044e-06   2.4892e-06   9.2257e-07  -1.9494e+00   3.0356e+01 
  2.4336e+01   3.4958e+01   1.6230e+01   1.7858e+01   7.6644e+00 
  1.2400e+00   4.4252e-01   1.0904e-01   2.0054e-02   2.2962e-03 
  2.5583e-03   1.0877e-03   7.9882e-05   4.1882e-05   4.4069e-05 
  2.6414e-06   1.1025e-06   6.3515e-07   3.8751e-07   2.2807e-07 
  1.2762e-07   6.8033e-08   3.4710e-08  -1.7286e-03  -3.0154e-02 
  1.0002e-03 

########################
# 00000100
########################
RSS 34696.052525819374
BP 0:
a0:   3.1676e+00   e0:  -5.7996e+00   b0:   1.4919e+02   
P: 
 -5.3399e-02   3.5756e-02   2.5744e-02  -3.9160e-03   1.7461e-03 
 -2.7511e-03   8.7392e-04  -7.7196e-04   1.0326e-03  -1.0575e-03 
 -4.7505e-06   1.6747e-05   5.0605e-05   1.9405e-05   2.8763e-06 
  1.1212e-06   3.8530e-07  -2.5168e-06   2.1861e-07   2.3224e-08 
 -2.2120e-06   1.2806e-06   2.1713e-08  -1.9494e+00   3.0356e+01 
  2.4336e+01   3.4958e+01   1.6230e+01   1.7858e+01   7.6644e+00 
  1.2400e+00   4.4252e-01   1.0904e-01   2.0054e-02   2.2962e-03 
  2.5583e-03   1.0877e-03   7.9882e-05   4.1882e-05   4.4069e-05 
  2.6414e-06   1.1025e-06   6.3515e-07   3.8751e-07   2.2807e-07 
  1.2762e-07   6.8033e-08   3.4710e-08  -1.7286e-03  -3.0184e-02 
  9.9938e-04 

