RSS:  
3052.9436883822036

P:  
0.0
99.9289459924
14.1992306884
12.2519823914
-4.04931560607
-0.449703365926
0.169093871881
-0.312640676266
0.994109144926
0.956594095516
0.312574293371
-0.627019010406
0.11470166744
-0.133364476074
0.0627437249515
-1.94938564301
30.3556213379
24.3362083435
34.9576034546
16.2302913666
17.857875824
7.66438293457
1.23997938633
0.442521393299
0.109044238925
0.0200536046177
0.00229621282779
0.00255827326328
0.00108765787445
7.98819164629e-05
4.18824820372e-05
4.40689618699e-05
0.495019394288
-0.212529007812

Known:
a0:     3.42
e0:     -4.27
B0:     221.99999999938152
EC:     365.600 141.600 141.600  0.000  0.000  0.000 
        141.600 365.600 141.600  0.000  0.000  0.000 
        141.600 141.600 365.600  0.000  0.000  0.000 
         0.000  0.000  0.000 186.000  0.000  0.000 
         0.000  0.000  0.000  0.000 186.000  0.000 
         0.000  0.000  0.000  0.000  0.000 186.000 

Calculated:
a0:     3.566722877529911
e0:     -2.4833137881557796
B0:     248.21248148849952
EC:     191.098 207.072 207.072  0.000  0.000  0.000 
        207.072 191.098 207.072  0.000  0.000  0.000 
        207.072 207.072 191.098  0.000  0.000  0.000 
         0.000  0.000  0.000 137.566  0.000  0.000 
         0.000  0.000  0.000  0.000 137.566  0.000 
         0.000  0.000  0.000  0.000  0.000 137.566 



