########################
# 00000001
########################
RSS 2286.6743934598326
BP 0:
a0:   3.3188e+00   e0:  -4.4829e+00   b0:   2.2620e+02   
P: 
  1.2539e+01  -1.1912e+00   1.5086e+00   1.7048e+00  -4.7693e-01 
 -3.6822e+00   1.8935e+00  -7.9832e-01  -1.3928e+00  -1.1472e+00 
 -2.4793e-01   2.3521e-01  -8.2423e-02  -7.7339e-04  -9.1883e-03 
  4.9157e-03   7.6298e-03  -1.9494e+00   3.0356e+01   2.4336e+01 
  3.4958e+01   1.6230e+01   1.7858e+01   7.6644e+00   1.2400e+00 
  4.4252e-01   1.0904e-01   2.0054e-02   2.2962e-03   2.5583e-03 
  1.0877e-03   7.9882e-05   4.1882e-05   4.4069e-05   2.6414e-06 
  1.1025e-06   6.3515e-07   3.8751e-07   2.2807e-07   1.2762e-07 
  6.8033e-08   3.4710e-08  -6.8390e-02   1.0236e-03 

########################
# 00000002
########################
RSS 2286.870163196677
BP 0:
a0:   3.3171e+00   e0:  -4.4861e+00   b0:   2.2522e+02   
P: 
  1.2539e+01  -1.1912e+00   1.5086e+00   1.7048e+00  -4.8134e-01 
 -3.6822e+00   1.8935e+00  -7.9832e-01  -1.3806e+00  -1.1472e+00 
 -2.4793e-01   2.3521e-01  -8.2423e-02  -7.7339e-04  -9.1883e-03 
  4.9157e-03   7.6298e-03  -1.9494e+00   3.0356e+01   2.4336e+01 
  3.4958e+01   1.6230e+01   1.7858e+01   7.6644e+00   1.2400e+00 
  4.4252e-01   1.0904e-01   2.0054e-02   2.2962e-03   2.5583e-03 
  1.0877e-03   7.9882e-05   4.1882e-05   4.4069e-05   2.6414e-06 
  1.1025e-06   6.3515e-07   3.8751e-07   2.2807e-07   1.2762e-07 
  6.8033e-08   3.4710e-08  -6.8390e-02   1.0236e-03 

########################
# 00000003
########################
RSS 2286.871564096019
BP 0:
a0:   3.3188e+00   e0:  -4.4829e+00   b0:   2.2620e+02   
P: 
  1.2542e+01  -1.1912e+00   1.5086e+00   1.7048e+00  -4.7693e-01 
 -3.6822e+00   1.8935e+00  -7.9832e-01  -1.3928e+00  -1.1472e+00 
 -2.4793e-01   2.3521e-01  -8.2423e-02  -7.7339e-04  -9.1883e-03 
  4.9157e-03   7.6298e-03  -1.9494e+00   3.0356e+01   2.4336e+01 
  3.4958e+01   1.6230e+01   1.7858e+01   7.6644e+00   1.2400e+00 
  4.4252e-01   1.0904e-01   2.0054e-02   2.2962e-03   2.5583e-03 
  1.0877e-03   7.9882e-05   4.1882e-05   4.4069e-05   2.6414e-06 
  1.1025e-06   6.3515e-07   3.8751e-07   2.2807e-07   1.2762e-07 
  6.8033e-08   3.4710e-08  -6.8390e-02   1.0236e-03 

########################
# 00000004
########################
RSS 2286.902551043864
BP 0:
a0:   3.3188e+00   e0:  -4.4829e+00   b0:   2.2620e+02   
P: 
  1.2539e+01  -1.1912e+00   1.5086e+00   1.7048e+00  -4.7693e-01 
 -3.6822e+00   1.8935e+00  -7.9832e-01  -1.3928e+00  -1.1472e+00 
 -2.4793e-01   2.3521e-01  -8.2423e-02  -7.7339e-04  -9.1883e-03 
  4.9157e-03   7.6298e-03  -1.9494e+00   3.0356e+01   2.4336e+01 
  3.4958e+01   1.6230e+01   1.7858e+01   7.6644e+00   1.2400e+00 
  4.4252e-01   1.0904e-01   2.0054e-02   2.2962e-03   2.5583e-03 
  1.0877e-03   7.9882e-05   4.1882e-05   4.4069e-05   2.6414e-06 
  1.1025e-06   6.3515e-07   3.8751e-07   2.2807e-07   1.2762e-07 
  6.8033e-08   3.4710e-08  -6.8390e-02   1.0236e-03 

########################
# 00000005
########################
RSS 2286.902795644206
BP 0:
a0:   3.3188e+00   e0:  -4.4829e+00   b0:   2.2620e+02   
P: 
  1.2539e+01  -1.1912e+00   1.5086e+00   1.7048e+00  -4.7693e-01 
 -3.6822e+00   1.8935e+00  -7.9832e-01  -1.3928e+00  -1.1472e+00 
 -2.4793e-01   2.3521e-01  -8.2423e-02  -7.7339e-04  -9.1883e-03 
  4.9157e-03   7.6298e-03  -1.9494e+00   3.0356e+01   2.4336e+01 
  3.4958e+01   1.6230e+01   1.7858e+01   7.6644e+00   1.2400e+00 
  4.4252e-01   1.0904e-01   2.0054e-02   2.2962e-03   2.5583e-03 
  1.0877e-03   7.9882e-05   4.1882e-05   4.4069e-05   2.6414e-06 
  1.1025e-06   6.3515e-07   3.8751e-07   2.2807e-07   1.2762e-07 
  6.8033e-08   3.4710e-08  -6.8390e-02   1.0236e-03 

########################
# 00000006
########################
RSS 2286.9028818894585
BP 0:
a0:   3.3188e+00   e0:  -4.4829e+00   b0:   2.2620e+02   
P: 
  1.2539e+01  -1.1912e+00   1.5086e+00   1.7048e+00  -4.7693e-01 
 -3.6822e+00   1.8935e+00  -7.9832e-01  -1.3928e+00  -1.1472e+00 
 -2.4793e-01   2.3521e-01  -8.2423e-02  -7.7339e-04  -9.1883e-03 
  4.9157e-03   7.6298e-03  -1.9494e+00   3.0356e+01   2.4336e+01 
  3.4958e+01   1.6230e+01   1.7858e+01   7.6644e+00   1.2400e+00 
  4.4252e-01   1.0904e-01   2.0054e-02   2.2962e-03   2.5583e-03 
  1.0877e-03   7.9882e-05   4.1882e-05   4.4069e-05   2.6414e-06 
  1.1025e-06   6.3515e-07   3.8751e-07   2.2807e-07   1.2762e-07 
  6.8033e-08   3.4710e-08  -6.8390e-02   1.0236e-03 

########################
# 00000007
########################
RSS 2286.9029079662723
BP 0:
a0:   3.3188e+00   e0:  -4.4829e+00   b0:   2.2620e+02   
P: 
  1.2539e+01  -1.1912e+00   1.5086e+00   1.7048e+00  -4.7693e-01 
 -3.6822e+00   1.8935e+00  -7.9832e-01  -1.3928e+00  -1.1472e+00 
 -2.4793e-01   2.3521e-01  -8.2423e-02  -7.7339e-04  -9.1883e-03 
  4.9157e-03   7.6298e-03  -1.9494e+00   3.0356e+01   2.4336e+01 
  3.4958e+01   1.6230e+01   1.7858e+01   7.6644e+00   1.2400e+00 
  4.4252e-01   1.0904e-01   2.0054e-02   2.2962e-03   2.5583e-03 
  1.0877e-03   7.9882e-05   4.1882e-05   4.4069e-05   2.6414e-06 
  1.1025e-06   6.3515e-07   3.8751e-07   2.2807e-07   1.2762e-07 
  6.8033e-08   3.4710e-08  -6.8390e-02   1.0236e-03 

########################
# 00000008
########################
RSS 2286.9029387011096
BP 0:
a0:   3.3188e+00   e0:  -4.4829e+00   b0:   2.2620e+02   
P: 
  1.2539e+01  -1.1912e+00   1.5086e+00   1.7048e+00  -4.7693e-01 
 -3.6822e+00   1.8935e+00  -7.9832e-01  -1.3928e+00  -1.1472e+00 
 -2.4793e-01   2.3521e-01  -8.2423e-02  -7.7339e-04  -9.1883e-03 
  4.9157e-03   7.6298e-03  -1.9494e+00   3.0356e+01   2.4336e+01 
  3.4958e+01   1.6230e+01   1.7858e+01   7.6644e+00   1.2400e+00 
  4.4252e-01   1.0904e-01   2.0054e-02   2.2962e-03   2.5583e-03 
  1.0877e-03   7.9882e-05   4.1882e-05   4.4069e-05   2.6414e-06 
  1.1025e-06   6.3515e-07   3.8751e-07   2.2807e-07   1.2762e-07 
  6.8033e-08   3.4710e-08  -6.8390e-02   1.0236e-03 

########################
# 00000009
########################
RSS 2286.9029394367253
BP 0:
a0:   3.3188e+00   e0:  -4.4829e+00   b0:   2.2620e+02   
P: 
  1.2539e+01  -1.1912e+00   1.5086e+00   1.7048e+00  -4.7693e-01 
 -3.6822e+00   1.8935e+00  -7.9832e-01  -1.3928e+00  -1.1472e+00 
 -2.4793e-01   2.3521e-01  -8.2423e-02  -7.7339e-04  -9.1883e-03 
  4.9157e-03   7.6298e-03  -1.9494e+00   3.0356e+01   2.4336e+01 
  3.4958e+01   1.6230e+01   1.7858e+01   7.6644e+00   1.2400e+00 
  4.4252e-01   1.0904e-01   2.0054e-02   2.2962e-03   2.5583e-03 
  1.0877e-03   7.9882e-05   4.1882e-05   4.4069e-05   2.6414e-06 
  1.1025e-06   6.3515e-07   3.8751e-07   2.2807e-07   1.2762e-07 
  6.8033e-08   3.4710e-08  -6.8390e-02   1.0236e-03 

########################
# 00000010
########################
RSS 2286.90294006371
BP 0:
a0:   3.3188e+00   e0:  -4.4829e+00   b0:   2.2620e+02   
P: 
  1.2539e+01  -1.1912e+00   1.5086e+00   1.7048e+00  -4.7693e-01 
 -3.6822e+00   1.8935e+00  -7.9832e-01  -1.3928e+00  -1.1472e+00 
 -2.4793e-01   2.3521e-01  -8.2423e-02  -7.7339e-04  -9.1883e-03 
  4.9157e-03   7.6298e-03  -1.9494e+00   3.0356e+01   2.4336e+01 
  3.4958e+01   1.6230e+01   1.7858e+01   7.6644e+00   1.2400e+00 
  4.4252e-01   1.0904e-01   2.0054e-02   2.2962e-03   2.5583e-03 
  1.0877e-03   7.9882e-05   4.1882e-05   4.4069e-05   2.6414e-06 
  1.1025e-06   6.3515e-07   3.8751e-07   2.2807e-07   1.2762e-07 
  6.8033e-08   3.4710e-08  -6.8390e-02   1.0236e-03 

########################
# 00000011
########################
RSS 2286.9029407903386
BP 0:
a0:   3.3188e+00   e0:  -4.4829e+00   b0:   2.2620e+02   
P: 
  1.2539e+01  -1.1912e+00   1.5086e+00   1.7048e+00  -4.7693e-01 
 -3.6822e+00   1.8935e+00  -7.9832e-01  -1.3928e+00  -1.1472e+00 
 -2.4793e-01   2.3521e-01  -8.2423e-02  -7.7339e-04  -9.1883e-03 
  4.9157e-03   7.6298e-03  -1.9494e+00   3.0356e+01   2.4336e+01 
  3.4958e+01   1.6230e+01   1.7858e+01   7.6644e+00   1.2400e+00 
  4.4252e-01   1.0904e-01   2.0054e-02   2.2962e-03   2.5583e-03 
  1.0877e-03   7.9882e-05   4.1882e-05   4.4069e-05   2.6414e-06 
  1.1025e-06   6.3515e-07   3.8751e-07   2.2807e-07   1.2762e-07 
  6.8033e-08   3.4710e-08  -6.8390e-02   1.0236e-03 

########################
# 00000012
########################
RSS 2286.902941164629
BP 0:
a0:   3.3188e+00   e0:  -4.4829e+00   b0:   2.2620e+02   
P: 
  1.2539e+01  -1.1912e+00   1.5086e+00   1.7048e+00  -4.7693e-01 
 -3.6822e+00   1.8935e+00  -7.9832e-01  -1.3928e+00  -1.1472e+00 
 -2.4793e-01   2.3521e-01  -8.2423e-02  -7.7339e-04  -9.1883e-03 
  4.9157e-03   7.6298e-03  -1.9494e+00   3.0356e+01   2.4336e+01 
  3.4958e+01   1.6230e+01   1.7858e+01   7.6644e+00   1.2400e+00 
  4.4252e-01   1.0904e-01   2.0054e-02   2.2962e-03   2.5583e-03 
  1.0877e-03   7.9882e-05   4.1882e-05   4.4069e-05   2.6414e-06 
  1.1025e-06   6.3515e-07   3.8751e-07   2.2807e-07   1.2762e-07 
  6.8033e-08   3.4710e-08  -6.8390e-02   1.0236e-03 

########################
# 00000013
########################
RSS 2286.9029411655024
BP 0:
a0:   3.3188e+00   e0:  -4.4829e+00   b0:   2.2620e+02   
P: 
  1.2539e+01  -1.1912e+00   1.5086e+00   1.7048e+00  -4.7693e-01 
 -3.6822e+00   1.8935e+00  -7.9832e-01  -1.3928e+00  -1.1472e+00 
 -2.4793e-01   2.3521e-01  -8.2423e-02  -7.7339e-04  -9.1883e-03 
  4.9157e-03   7.6298e-03  -1.9494e+00   3.0356e+01   2.4336e+01 
  3.4958e+01   1.6230e+01   1.7858e+01   7.6644e+00   1.2400e+00 
  4.4252e-01   1.0904e-01   2.0054e-02   2.2962e-03   2.5583e-03 
  1.0877e-03   7.9882e-05   4.1882e-05   4.4069e-05   2.6414e-06 
  1.1025e-06   6.3515e-07   3.8751e-07   2.2807e-07   1.2762e-07 
  6.8033e-08   3.4710e-08  -6.8390e-02   1.0236e-03 

########################
# 00000014
########################
RSS 2286.902942924923
BP 0:
a0:   3.3188e+00   e0:  -4.4829e+00   b0:   2.2620e+02   
P: 
  1.2539e+01  -1.1912e+00   1.5086e+00   1.7048e+00  -4.7693e-01 
 -3.6822e+00   1.8935e+00  -7.9832e-01  -1.3928e+00  -1.1472e+00 
 -2.4793e-01   2.3521e-01  -8.2423e-02  -7.7339e-04  -9.1883e-03 
  4.9157e-03   7.6298e-03  -1.9494e+00   3.0356e+01   2.4336e+01 
  3.4958e+01   1.6230e+01   1.7858e+01   7.6644e+00   1.2400e+00 
  4.4252e-01   1.0904e-01   2.0054e-02   2.2962e-03   2.5583e-03 
  1.0877e-03   7.9882e-05   4.1882e-05   4.4069e-05   2.6414e-06 
  1.1025e-06   6.3515e-07   3.8751e-07   2.2807e-07   1.2762e-07 
  6.8033e-08   3.4710e-08  -6.8390e-02   1.0236e-03 

########################
# 00000015
########################
RSS 2286.9029429257967
BP 0:
a0:   3.3188e+00   e0:  -4.4829e+00   b0:   2.2620e+02   
P: 
  1.2539e+01  -1.1912e+00   1.5086e+00   1.7048e+00  -4.7693e-01 
 -3.6822e+00   1.8935e+00  -7.9832e-01  -1.3928e+00  -1.1472e+00 
 -2.4793e-01   2.3521e-01  -8.2423e-02  -7.7339e-04  -9.1883e-03 
  4.9157e-03   7.6298e-03  -1.9494e+00   3.0356e+01   2.4336e+01 
  3.4958e+01   1.6230e+01   1.7858e+01   7.6644e+00   1.2400e+00 
  4.4252e-01   1.0904e-01   2.0054e-02   2.2962e-03   2.5583e-03 
  1.0877e-03   7.9882e-05   4.1882e-05   4.4069e-05   2.6414e-06 
  1.1025e-06   6.3515e-07   3.8751e-07   2.2807e-07   1.2762e-07 
  6.8033e-08   3.4710e-08  -6.8390e-02   1.0236e-03 

########################
# 00000016
########################
RSS 2286.902943038047
BP 0:
a0:   3.3188e+00   e0:  -4.4829e+00   b0:   2.2620e+02   
P: 
  1.2539e+01  -1.1912e+00   1.5086e+00   1.7048e+00  -4.7693e-01 
 -3.6822e+00   1.8935e+00  -7.9832e-01  -1.3928e+00  -1.1472e+00 
 -2.4793e-01   2.3521e-01  -8.2423e-02  -7.7339e-04  -9.1883e-03 
  4.9157e-03   7.6298e-03  -1.9494e+00   3.0356e+01   2.4336e+01 
  3.4958e+01   1.6230e+01   1.7858e+01   7.6644e+00   1.2400e+00 
  4.4252e-01   1.0904e-01   2.0054e-02   2.2962e-03   2.5583e-03 
  1.0877e-03   7.9882e-05   4.1882e-05   4.4069e-05   2.6414e-06 
  1.1025e-06   6.3515e-07   3.8751e-07   2.2807e-07   1.2762e-07 
  6.8033e-08   3.4710e-08  -6.8390e-02   1.0236e-03 

########################
# 00000017
########################
RSS 2286.902943038921
BP 0:
a0:   3.3188e+00   e0:  -4.4829e+00   b0:   2.2620e+02   
P: 
  1.2539e+01  -1.1912e+00   1.5086e+00   1.7048e+00  -4.7693e-01 
 -3.6822e+00   1.8935e+00  -7.9832e-01  -1.3928e+00  -1.1472e+00 
 -2.4793e-01   2.3521e-01  -8.2423e-02  -7.7339e-04  -9.1883e-03 
  4.9157e-03   7.6298e-03  -1.9494e+00   3.0356e+01   2.4336e+01 
  3.4958e+01   1.6230e+01   1.7858e+01   7.6644e+00   1.2400e+00 
  4.4252e-01   1.0904e-01   2.0054e-02   2.2962e-03   2.5583e-03 
  1.0877e-03   7.9882e-05   4.1882e-05   4.4069e-05   2.6414e-06 
  1.1025e-06   6.3515e-07   3.8751e-07   2.2807e-07   1.2762e-07 
  6.8033e-08   3.4710e-08  -6.8390e-02   1.0236e-03 

########################
# 00000018
########################
RSS 2286.902943509849
BP 0:
a0:   3.3188e+00   e0:  -4.4829e+00   b0:   2.2620e+02   
P: 
  1.2539e+01  -1.1912e+00   1.5086e+00   1.7048e+00  -4.7693e-01 
 -3.6822e+00   1.8935e+00  -7.9832e-01  -1.3928e+00  -1.1472e+00 
 -2.4793e-01   2.3521e-01  -8.2423e-02  -7.7339e-04  -9.1883e-03 
  4.9157e-03   7.6298e-03  -1.9494e+00   3.0356e+01   2.4336e+01 
  3.4958e+01   1.6230e+01   1.7858e+01   7.6644e+00   1.2400e+00 
  4.4252e-01   1.0904e-01   2.0054e-02   2.2962e-03   2.5583e-03 
  1.0877e-03   7.9882e-05   4.1882e-05   4.4069e-05   2.6414e-06 
  1.1025e-06   6.3515e-07   3.8751e-07   2.2807e-07   1.2762e-07 
  6.8033e-08   3.4710e-08  -6.8390e-02   1.0236e-03 

########################
# 00000019
########################
RSS 2286.9029435471634
BP 0:
a0:   3.3188e+00   e0:  -4.4829e+00   b0:   2.2620e+02   
P: 
  1.2539e+01  -1.1912e+00   1.5086e+00   1.7048e+00  -4.7693e-01 
 -3.6822e+00   1.8935e+00  -7.9832e-01  -1.3928e+00  -1.1472e+00 
 -2.4793e-01   2.3521e-01  -8.2423e-02  -7.7339e-04  -9.1883e-03 
  4.9157e-03   7.6298e-03  -1.9494e+00   3.0356e+01   2.4336e+01 
  3.4958e+01   1.6230e+01   1.7858e+01   7.6644e+00   1.2400e+00 
  4.4252e-01   1.0904e-01   2.0054e-02   2.2962e-03   2.5583e-03 
  1.0877e-03   7.9882e-05   4.1882e-05   4.4069e-05   2.6414e-06 
  1.1025e-06   6.3515e-07   3.8751e-07   2.2807e-07   1.2762e-07 
  6.8033e-08   3.4710e-08  -6.8390e-02   1.0236e-03 

########################
# 00000020
########################
RSS 2286.902943549708
BP 0:
a0:   3.3188e+00   e0:  -4.4829e+00   b0:   2.2620e+02   
P: 
  1.2539e+01  -1.1912e+00   1.5086e+00   1.7048e+00  -4.7693e-01 
 -3.6822e+00   1.8935e+00  -7.9832e-01  -1.3928e+00  -1.1472e+00 
 -2.4793e-01   2.3521e-01  -8.2423e-02  -7.7339e-04  -9.1883e-03 
  4.9157e-03   7.6298e-03  -1.9494e+00   3.0356e+01   2.4336e+01 
  3.4958e+01   1.6230e+01   1.7858e+01   7.6644e+00   1.2400e+00 
  4.4252e-01   1.0904e-01   2.0054e-02   2.2962e-03   2.5583e-03 
  1.0877e-03   7.9882e-05   4.1882e-05   4.4069e-05   2.6414e-06 
  1.1025e-06   6.3515e-07   3.8751e-07   2.2807e-07   1.2762e-07 
  6.8033e-08   3.4710e-08  -6.8390e-02   1.0236e-03 

########################
# 00000021
########################
RSS 2286.902943686119
BP 0:
a0:   3.3188e+00   e0:  -4.4829e+00   b0:   2.2620e+02   
P: 
  1.2539e+01  -1.1912e+00   1.5086e+00   1.7048e+00  -4.7693e-01 
 -3.6822e+00   1.8935e+00  -7.9832e-01  -1.3928e+00  -1.1472e+00 
 -2.4793e-01   2.3521e-01  -8.2423e-02  -7.7339e-04  -9.1883e-03 
  4.9157e-03   7.6298e-03  -1.9494e+00   3.0356e+01   2.4336e+01 
  3.4958e+01   1.6230e+01   1.7858e+01   7.6644e+00   1.2400e+00 
  4.4252e-01   1.0904e-01   2.0054e-02   2.2962e-03   2.5583e-03 
  1.0877e-03   7.9882e-05   4.1882e-05   4.4069e-05   2.6414e-06 
  1.1025e-06   6.3515e-07   3.8751e-07   2.2807e-07   1.2762e-07 
  6.8033e-08   3.4710e-08  -6.8390e-02   1.0236e-03 

########################
# 00000022
########################
RSS 2286.902944215836
BP 0:
a0:   3.3188e+00   e0:  -4.4829e+00   b0:   2.2620e+02   
P: 
  1.2539e+01  -1.1912e+00   1.5086e+00   1.7048e+00  -4.7693e-01 
 -3.6822e+00   1.8935e+00  -7.9832e-01  -1.3928e+00  -1.1472e+00 
 -2.4793e-01   2.3521e-01  -8.2423e-02  -7.7339e-04  -9.1883e-03 
  4.9157e-03   7.6298e-03  -1.9494e+00   3.0356e+01   2.4336e+01 
  3.4958e+01   1.6230e+01   1.7858e+01   7.6644e+00   1.2400e+00 
  4.4252e-01   1.0904e-01   2.0054e-02   2.2962e-03   2.5583e-03 
  1.0877e-03   7.9882e-05   4.1882e-05   4.4069e-05   2.6414e-06 
  1.1025e-06   6.3515e-07   3.8751e-07   2.2807e-07   1.2762e-07 
  6.8033e-08   3.4710e-08  -6.8390e-02   1.0236e-03 

########################
# 00000023
########################
RSS 2286.9029442167107
BP 0:
a0:   3.3188e+00   e0:  -4.4829e+00   b0:   2.2620e+02   
P: 
  1.2539e+01  -1.1912e+00   1.5086e+00   1.7048e+00  -4.7693e-01 
 -3.6822e+00   1.8935e+00  -7.9832e-01  -1.3928e+00  -1.1472e+00 
 -2.4793e-01   2.3521e-01  -8.2423e-02  -7.7339e-04  -9.1883e-03 
  4.9157e-03   7.6298e-03  -1.9494e+00   3.0356e+01   2.4336e+01 
  3.4958e+01   1.6230e+01   1.7858e+01   7.6644e+00   1.2400e+00 
  4.4252e-01   1.0904e-01   2.0054e-02   2.2962e-03   2.5583e-03 
  1.0877e-03   7.9882e-05   4.1882e-05   4.4069e-05   2.6414e-06 
  1.1025e-06   6.3515e-07   3.8751e-07   2.2807e-07   1.2762e-07 
  6.8033e-08   3.4710e-08  -6.8390e-02   1.0236e-03 

########################
# 00000024
########################
RSS 2286.9029444290913
BP 0:
a0:   3.3188e+00   e0:  -4.4829e+00   b0:   2.2620e+02   
P: 
  1.2539e+01  -1.1912e+00   1.5086e+00   1.7048e+00  -4.7693e-01 
 -3.6822e+00   1.8935e+00  -7.9832e-01  -1.3928e+00  -1.1472e+00 
 -2.4793e-01   2.3521e-01  -8.2423e-02  -7.7339e-04  -9.1883e-03 
  4.9157e-03   7.6298e-03  -1.9494e+00   3.0356e+01   2.4336e+01 
  3.4958e+01   1.6230e+01   1.7858e+01   7.6644e+00   1.2400e+00 
  4.4252e-01   1.0904e-01   2.0054e-02   2.2962e-03   2.5583e-03 
  1.0877e-03   7.9882e-05   4.1882e-05   4.4069e-05   2.6414e-06 
  1.1025e-06   6.3515e-07   3.8751e-07   2.2807e-07   1.2762e-07 
  6.8033e-08   3.4710e-08  -6.8390e-02   1.0236e-03 

########################
# 00000025
########################
RSS 2286.902944485327
BP 0:
a0:   3.3188e+00   e0:  -4.4829e+00   b0:   2.2620e+02   
P: 
  1.2539e+01  -1.1912e+00   1.5086e+00   1.7048e+00  -4.7693e-01 
 -3.6822e+00   1.8935e+00  -7.9832e-01  -1.3928e+00  -1.1472e+00 
 -2.4793e-01   2.3521e-01  -8.2423e-02  -7.7339e-04  -9.1883e-03 
  4.9157e-03   7.6298e-03  -1.9494e+00   3.0356e+01   2.4336e+01 
  3.4958e+01   1.6230e+01   1.7858e+01   7.6644e+00   1.2400e+00 
  4.4252e-01   1.0904e-01   2.0054e-02   2.2962e-03   2.5583e-03 
  1.0877e-03   7.9882e-05   4.1882e-05   4.4069e-05   2.6414e-06 
  1.1025e-06   6.3515e-07   3.8751e-07   2.2807e-07   1.2762e-07 
  6.8033e-08   3.4710e-08  -6.8390e-02   1.0236e-03 

########################
# 00000026
########################
RSS 2286.9029444855855
BP 0:
a0:   3.3188e+00   e0:  -4.4829e+00   b0:   2.2620e+02   
P: 
  1.2539e+01  -1.1912e+00   1.5086e+00   1.7048e+00  -4.7693e-01 
 -3.6822e+00   1.8935e+00  -7.9832e-01  -1.3928e+00  -1.1472e+00 
 -2.4793e-01   2.3521e-01  -8.2423e-02  -7.7339e-04  -9.1883e-03 
  4.9157e-03   7.6298e-03  -1.9494e+00   3.0356e+01   2.4336e+01 
  3.4958e+01   1.6230e+01   1.7858e+01   7.6644e+00   1.2400e+00 
  4.4252e-01   1.0904e-01   2.0054e-02   2.2962e-03   2.5583e-03 
  1.0877e-03   7.9882e-05   4.1882e-05   4.4069e-05   2.6414e-06 
  1.1025e-06   6.3515e-07   3.8751e-07   2.2807e-07   1.2762e-07 
  6.8033e-08   3.4710e-08  -6.8390e-02   1.0236e-03 

########################
# 00000027
########################
RSS 2286.902944486459
BP 0:
a0:   3.3188e+00   e0:  -4.4829e+00   b0:   2.2620e+02   
P: 
  1.2539e+01  -1.1912e+00   1.5086e+00   1.7048e+00  -4.7693e-01 
 -3.6822e+00   1.8935e+00  -7.9832e-01  -1.3928e+00  -1.1472e+00 
 -2.4793e-01   2.3521e-01  -8.2423e-02  -7.7339e-04  -9.1883e-03 
  4.9157e-03   7.6298e-03  -1.9494e+00   3.0356e+01   2.4336e+01 
  3.4958e+01   1.6230e+01   1.7858e+01   7.6644e+00   1.2400e+00 
  4.4252e-01   1.0904e-01   2.0054e-02   2.2962e-03   2.5583e-03 
  1.0877e-03   7.9882e-05   4.1882e-05   4.4069e-05   2.6414e-06 
  1.1025e-06   6.3515e-07   3.8751e-07   2.2807e-07   1.2762e-07 
  6.8033e-08   3.4710e-08  -6.8390e-02   1.0236e-03 

########################
# 00000028
########################
RSS 2286.9029447613684
BP 0:
a0:   3.3188e+00   e0:  -4.4829e+00   b0:   2.2620e+02   
P: 
  1.2539e+01  -1.1912e+00   1.5086e+00   1.7048e+00  -4.7693e-01 
 -3.6822e+00   1.8935e+00  -7.9832e-01  -1.3928e+00  -1.1472e+00 
 -2.4793e-01   2.3521e-01  -8.2423e-02  -7.7339e-04  -9.1883e-03 
  4.9157e-03   7.6298e-03  -1.9494e+00   3.0356e+01   2.4336e+01 
  3.4958e+01   1.6230e+01   1.7858e+01   7.6644e+00   1.2400e+00 
  4.4252e-01   1.0904e-01   2.0054e-02   2.2962e-03   2.5583e-03 
  1.0877e-03   7.9882e-05   4.1882e-05   4.4069e-05   2.6414e-06 
  1.1025e-06   6.3515e-07   3.8751e-07   2.2807e-07   1.2762e-07 
  6.8033e-08   3.4710e-08  -6.8390e-02   1.0236e-03 

########################
# 00000029
########################
RSS 2286.9029447705616
BP 0:
a0:   3.3188e+00   e0:  -4.4829e+00   b0:   2.2620e+02   
P: 
  1.2539e+01  -1.1912e+00   1.5086e+00   1.7048e+00  -4.7693e-01 
 -3.6822e+00   1.8935e+00  -7.9832e-01  -1.3928e+00  -1.1472e+00 
 -2.4793e-01   2.3521e-01  -8.2423e-02  -7.7339e-04  -9.1883e-03 
  4.9157e-03   7.6298e-03  -1.9494e+00   3.0356e+01   2.4336e+01 
  3.4958e+01   1.6230e+01   1.7858e+01   7.6644e+00   1.2400e+00 
  4.4252e-01   1.0904e-01   2.0054e-02   2.2962e-03   2.5583e-03 
  1.0877e-03   7.9882e-05   4.1882e-05   4.4069e-05   2.6414e-06 
  1.1025e-06   6.3515e-07   3.8751e-07   2.2807e-07   1.2762e-07 
  6.8033e-08   3.4710e-08  -6.8390e-02   1.0236e-03 

########################
# 00000030
########################
RSS 2286.902944887219
BP 0:
a0:   3.3188e+00   e0:  -4.4829e+00   b0:   2.2620e+02   
P: 
  1.2539e+01  -1.1912e+00   1.5086e+00   1.7048e+00  -4.7693e-01 
 -3.6822e+00   1.8935e+00  -7.9832e-01  -1.3928e+00  -1.1472e+00 
 -2.4793e-01   2.3521e-01  -8.2423e-02  -7.7339e-04  -9.1883e-03 
  4.9157e-03   7.6298e-03  -1.9494e+00   3.0356e+01   2.4336e+01 
  3.4958e+01   1.6230e+01   1.7858e+01   7.6644e+00   1.2400e+00 
  4.4252e-01   1.0904e-01   2.0054e-02   2.2962e-03   2.5583e-03 
  1.0877e-03   7.9882e-05   4.1882e-05   4.4069e-05   2.6414e-06 
  1.1025e-06   6.3515e-07   3.8751e-07   2.2807e-07   1.2762e-07 
  6.8033e-08   3.4710e-08  -6.8390e-02   1.0236e-03 

########################
# 00000031
########################
RSS 2286.9029459676926
BP 0:
a0:   3.3188e+00   e0:  -4.4829e+00   b0:   2.2620e+02   
P: 
  1.2539e+01  -1.1912e+00   1.5086e+00   1.7048e+00  -4.7693e-01 
 -3.6822e+00   1.8935e+00  -7.9832e-01  -1.3928e+00  -1.1472e+00 
 -2.4793e-01   2.3521e-01  -8.2423e-02  -7.7339e-04  -9.1883e-03 
  4.9157e-03   7.6298e-03  -1.9494e+00   3.0356e+01   2.4336e+01 
  3.4958e+01   1.6230e+01   1.7858e+01   7.6644e+00   1.2400e+00 
  4.4252e-01   1.0904e-01   2.0054e-02   2.2962e-03   2.5583e-03 
  1.0877e-03   7.9882e-05   4.1882e-05   4.4069e-05   2.6414e-06 
  1.1025e-06   6.3515e-07   3.8751e-07   2.2807e-07   1.2762e-07 
  6.8033e-08   3.4710e-08  -6.8390e-02   1.0236e-03 

########################
# 00000032
########################
RSS 2286.902946151342
BP 0:
a0:   3.3188e+00   e0:  -4.4829e+00   b0:   2.2620e+02   
P: 
  1.2539e+01  -1.1912e+00   1.5086e+00   1.7048e+00  -4.7693e-01 
 -3.6822e+00   1.8935e+00  -7.9832e-01  -1.3928e+00  -1.1472e+00 
 -2.4793e-01   2.3521e-01  -8.2423e-02  -7.7339e-04  -9.1883e-03 
  4.9157e-03   7.6298e-03  -1.9494e+00   3.0356e+01   2.4336e+01 
  3.4958e+01   1.6230e+01   1.7858e+01   7.6644e+00   1.2400e+00 
  4.4252e-01   1.0904e-01   2.0054e-02   2.2962e-03   2.5583e-03 
  1.0877e-03   7.9882e-05   4.1882e-05   4.4069e-05   2.6414e-06 
  1.1025e-06   6.3515e-07   3.8751e-07   2.2807e-07   1.2762e-07 
  6.8033e-08   3.4710e-08  -6.8390e-02   1.0236e-03 

########################
# 00000033
########################
RSS 2286.902946179924
BP 0:
a0:   3.3188e+00   e0:  -4.4829e+00   b0:   2.2620e+02   
P: 
  1.2539e+01  -1.1912e+00   1.5086e+00   1.7048e+00  -4.7693e-01 
 -3.6822e+00   1.8935e+00  -7.9832e-01  -1.3928e+00  -1.1472e+00 
 -2.4793e-01   2.3521e-01  -8.2423e-02  -7.7339e-04  -9.1883e-03 
  4.9157e-03   7.6298e-03  -1.9494e+00   3.0356e+01   2.4336e+01 
  3.4958e+01   1.6230e+01   1.7858e+01   7.6644e+00   1.2400e+00 
  4.4252e-01   1.0904e-01   2.0054e-02   2.2962e-03   2.5583e-03 
  1.0877e-03   7.9882e-05   4.1882e-05   4.4069e-05   2.6414e-06 
  1.1025e-06   6.3515e-07   3.8751e-07   2.2807e-07   1.2762e-07 
  6.8033e-08   3.4710e-08  -6.8390e-02   1.0236e-03 

########################
# 00000034
########################
RSS 2286.9029462877943
BP 0:
a0:   3.3188e+00   e0:  -4.4829e+00   b0:   2.2620e+02   
P: 
  1.2539e+01  -1.1912e+00   1.5086e+00   1.7048e+00  -4.7693e-01 
 -3.6822e+00   1.8935e+00  -7.9832e-01  -1.3928e+00  -1.1472e+00 
 -2.4793e-01   2.3521e-01  -8.2423e-02  -7.7339e-04  -9.1883e-03 
  4.9157e-03   7.6298e-03  -1.9494e+00   3.0356e+01   2.4336e+01 
  3.4958e+01   1.6230e+01   1.7858e+01   7.6644e+00   1.2400e+00 
  4.4252e-01   1.0904e-01   2.0054e-02   2.2962e-03   2.5583e-03 
  1.0877e-03   7.9882e-05   4.1882e-05   4.4069e-05   2.6414e-06 
  1.1025e-06   6.3515e-07   3.8751e-07   2.2807e-07   1.2762e-07 
  6.8033e-08   3.4710e-08  -6.8390e-02   1.0236e-03 

########################
# 00000035
########################
RSS 2286.902946371602
BP 0:
a0:   3.3188e+00   e0:  -4.4829e+00   b0:   2.2620e+02   
P: 
  1.2539e+01  -1.1912e+00   1.5086e+00   1.7048e+00  -4.7693e-01 
 -3.6822e+00   1.8935e+00  -7.9832e-01  -1.3928e+00  -1.1472e+00 
 -2.4793e-01   2.3521e-01  -8.2423e-02  -7.7339e-04  -9.1883e-03 
  4.9157e-03   7.6298e-03  -1.9494e+00   3.0356e+01   2.4336e+01 
  3.4958e+01   1.6230e+01   1.7858e+01   7.6644e+00   1.2400e+00 
  4.4252e-01   1.0904e-01   2.0054e-02   2.2962e-03   2.5583e-03 
  1.0877e-03   7.9882e-05   4.1882e-05   4.4069e-05   2.6414e-06 
  1.1025e-06   6.3515e-07   3.8751e-07   2.2807e-07   1.2762e-07 
  6.8033e-08   3.4710e-08  -6.8390e-02   1.0236e-03 

########################
# 00000036
########################
RSS 2286.9029464335886
BP 0:
a0:   3.3188e+00   e0:  -4.4829e+00   b0:   2.2620e+02   
P: 
  1.2539e+01  -1.1912e+00   1.5086e+00   1.7048e+00  -4.7693e-01 
 -3.6822e+00   1.8935e+00  -7.9832e-01  -1.3928e+00  -1.1472e+00 
 -2.4793e-01   2.3521e-01  -8.2423e-02  -7.7339e-04  -9.1883e-03 
  4.9157e-03   7.6298e-03  -1.9494e+00   3.0356e+01   2.4336e+01 
  3.4958e+01   1.6230e+01   1.7858e+01   7.6644e+00   1.2400e+00 
  4.4252e-01   1.0904e-01   2.0054e-02   2.2962e-03   2.5583e-03 
  1.0877e-03   7.9882e-05   4.1882e-05   4.4069e-05   2.6414e-06 
  1.1025e-06   6.3515e-07   3.8751e-07   2.2807e-07   1.2762e-07 
  6.8033e-08   3.4710e-08  -6.8390e-02   1.0236e-03 

########################
# 00000037
########################
RSS 2286.9029466088496
BP 0:
a0:   3.3188e+00   e0:  -4.4829e+00   b0:   2.2620e+02   
P: 
  1.2539e+01  -1.1912e+00   1.5086e+00   1.7048e+00  -4.7693e-01 
 -3.6822e+00   1.8935e+00  -7.9832e-01  -1.3928e+00  -1.1472e+00 
 -2.4793e-01   2.3521e-01  -8.2423e-02  -7.7339e-04  -9.1883e-03 
  4.9157e-03   7.6298e-03  -1.9494e+00   3.0356e+01   2.4336e+01 
  3.4958e+01   1.6230e+01   1.7858e+01   7.6644e+00   1.2400e+00 
  4.4252e-01   1.0904e-01   2.0054e-02   2.2962e-03   2.5583e-03 
  1.0877e-03   7.9882e-05   4.1882e-05   4.4069e-05   2.6414e-06 
  1.1025e-06   6.3515e-07   3.8751e-07   2.2807e-07   1.2762e-07 
  6.8033e-08   3.4710e-08  -6.8390e-02   1.0236e-03 

########################
# 00000038
########################
RSS 2286.902946609722
BP 0:
a0:   3.3188e+00   e0:  -4.4829e+00   b0:   2.2620e+02   
P: 
  1.2539e+01  -1.1912e+00   1.5086e+00   1.7048e+00  -4.7693e-01 
 -3.6822e+00   1.8935e+00  -7.9832e-01  -1.3928e+00  -1.1472e+00 
 -2.4793e-01   2.3521e-01  -8.2423e-02  -7.7339e-04  -9.1883e-03 
  4.9157e-03   7.6298e-03  -1.9494e+00   3.0356e+01   2.4336e+01 
  3.4958e+01   1.6230e+01   1.7858e+01   7.6644e+00   1.2400e+00 
  4.4252e-01   1.0904e-01   2.0054e-02   2.2962e-03   2.5583e-03 
  1.0877e-03   7.9882e-05   4.1882e-05   4.4069e-05   2.6414e-06 
  1.1025e-06   6.3515e-07   3.8751e-07   2.2807e-07   1.2762e-07 
  6.8033e-08   3.4710e-08  -6.8390e-02   1.0236e-03 

########################
# 00000039
########################
RSS 2286.902946872987
BP 0:
a0:   3.3188e+00   e0:  -4.4829e+00   b0:   2.2620e+02   
P: 
  1.2539e+01  -1.1912e+00   1.5086e+00   1.7048e+00  -4.7693e-01 
 -3.6822e+00   1.8935e+00  -7.9832e-01  -1.3928e+00  -1.1472e+00 
 -2.4793e-01   2.3521e-01  -8.2423e-02  -7.7339e-04  -9.1883e-03 
  4.9157e-03   7.6298e-03  -1.9494e+00   3.0356e+01   2.4336e+01 
  3.4958e+01   1.6230e+01   1.7858e+01   7.6644e+00   1.2400e+00 
  4.4252e-01   1.0904e-01   2.0054e-02   2.2962e-03   2.5583e-03 
  1.0877e-03   7.9882e-05   4.1882e-05   4.4069e-05   2.6414e-06 
  1.1025e-06   6.3515e-07   3.8751e-07   2.2807e-07   1.2762e-07 
  6.8033e-08   3.4710e-08  -6.8390e-02   1.0236e-03 

########################
# 00000040
########################
RSS 2286.9029469556026
BP 0:
a0:   3.3188e+00   e0:  -4.4829e+00   b0:   2.2620e+02   
P: 
  1.2539e+01  -1.1912e+00   1.5086e+00   1.7048e+00  -4.7693e-01 
 -3.6822e+00   1.8935e+00  -7.9832e-01  -1.3928e+00  -1.1472e+00 
 -2.4793e-01   2.3521e-01  -8.2423e-02  -7.7339e-04  -9.1883e-03 
  4.9157e-03   7.6298e-03  -1.9494e+00   3.0356e+01   2.4336e+01 
  3.4958e+01   1.6230e+01   1.7858e+01   7.6644e+00   1.2400e+00 
  4.4252e-01   1.0904e-01   2.0054e-02   2.2962e-03   2.5583e-03 
  1.0877e-03   7.9882e-05   4.1882e-05   4.4069e-05   2.6414e-06 
  1.1025e-06   6.3515e-07   3.8751e-07   2.2807e-07   1.2762e-07 
  6.8033e-08   3.4710e-08  -6.8390e-02   1.0236e-03 

########################
# 00000041
########################
RSS 2286.902947192637
BP 0:
a0:   3.3188e+00   e0:  -4.4829e+00   b0:   2.2620e+02   
P: 
  1.2539e+01  -1.1912e+00   1.5086e+00   1.7048e+00  -4.7693e-01 
 -3.6822e+00   1.8935e+00  -7.9832e-01  -1.3928e+00  -1.1472e+00 
 -2.4793e-01   2.3521e-01  -8.2423e-02  -7.7339e-04  -9.1883e-03 
  4.9157e-03   7.6298e-03  -1.9494e+00   3.0356e+01   2.4336e+01 
  3.4958e+01   1.6230e+01   1.7858e+01   7.6644e+00   1.2400e+00 
  4.4252e-01   1.0904e-01   2.0054e-02   2.2962e-03   2.5583e-03 
  1.0877e-03   7.9882e-05   4.1882e-05   4.4069e-05   2.6414e-06 
  1.1025e-06   6.3515e-07   3.8751e-07   2.2807e-07   1.2762e-07 
  6.8033e-08   3.4710e-08  -6.8390e-02   1.0236e-03 

########################
# 00000042
########################
RSS 2286.9029476637147
BP 0:
a0:   3.3188e+00   e0:  -4.4829e+00   b0:   2.2620e+02   
P: 
  1.2539e+01  -1.1912e+00   1.5086e+00   1.7048e+00  -4.7693e-01 
 -3.6822e+00   1.8935e+00  -7.9832e-01  -1.3928e+00  -1.1472e+00 
 -2.4793e-01   2.3521e-01  -8.2423e-02  -7.7339e-04  -9.1883e-03 
  4.9157e-03   7.6298e-03  -1.9494e+00   3.0356e+01   2.4336e+01 
  3.4958e+01   1.6230e+01   1.7858e+01   7.6644e+00   1.2400e+00 
  4.4252e-01   1.0904e-01   2.0054e-02   2.2962e-03   2.5583e-03 
  1.0877e-03   7.9882e-05   4.1882e-05   4.4069e-05   2.6414e-06 
  1.1025e-06   6.3515e-07   3.8751e-07   2.2807e-07   1.2762e-07 
  6.8033e-08   3.4710e-08  -6.8390e-02   1.0236e-03 

########################
# 00000043
########################
RSS 2286.9029478073658
BP 0:
a0:   3.3188e+00   e0:  -4.4829e+00   b0:   2.2620e+02   
P: 
  1.2539e+01  -1.1912e+00   1.5086e+00   1.7048e+00  -4.7693e-01 
 -3.6822e+00   1.8935e+00  -7.9832e-01  -1.3928e+00  -1.1472e+00 
 -2.4793e-01   2.3521e-01  -8.2423e-02  -7.7339e-04  -9.1883e-03 
  4.9157e-03   7.6298e-03  -1.9494e+00   3.0356e+01   2.4336e+01 
  3.4958e+01   1.6230e+01   1.7858e+01   7.6644e+00   1.2400e+00 
  4.4252e-01   1.0904e-01   2.0054e-02   2.2962e-03   2.5583e-03 
  1.0877e-03   7.9882e-05   4.1882e-05   4.4069e-05   2.6414e-06 
  1.1025e-06   6.3515e-07   3.8751e-07   2.2807e-07   1.2762e-07 
  6.8033e-08   3.4710e-08  -6.8390e-02   1.0236e-03 

########################
# 00000044
########################
RSS 2286.902947959625
BP 0:
a0:   3.3188e+00   e0:  -4.4829e+00   b0:   2.2620e+02   
P: 
  1.2539e+01  -1.1912e+00   1.5086e+00   1.7048e+00  -4.7693e-01 
 -3.6822e+00   1.8935e+00  -7.9832e-01  -1.3928e+00  -1.1472e+00 
 -2.4793e-01   2.3521e-01  -8.2423e-02  -7.7339e-04  -9.1883e-03 
  4.9157e-03   7.6298e-03  -1.9494e+00   3.0356e+01   2.4336e+01 
  3.4958e+01   1.6230e+01   1.7858e+01   7.6644e+00   1.2400e+00 
  4.4252e-01   1.0904e-01   2.0054e-02   2.2962e-03   2.5583e-03 
  1.0877e-03   7.9882e-05   4.1882e-05   4.4069e-05   2.6414e-06 
  1.1025e-06   6.3515e-07   3.8751e-07   2.2807e-07   1.2762e-07 
  6.8033e-08   3.4710e-08  -6.8390e-02   1.0236e-03 

########################
# 00000045
########################
RSS 2286.9029481400457
BP 0:
a0:   3.3188e+00   e0:  -4.4829e+00   b0:   2.2620e+02   
P: 
  1.2539e+01  -1.1912e+00   1.5086e+00   1.7048e+00  -4.7693e-01 
 -3.6822e+00   1.8935e+00  -7.9832e-01  -1.3928e+00  -1.1472e+00 
 -2.4793e-01   2.3521e-01  -8.2423e-02  -7.7339e-04  -9.1883e-03 
  4.9157e-03   7.6298e-03  -1.9494e+00   3.0356e+01   2.4336e+01 
  3.4958e+01   1.6230e+01   1.7858e+01   7.6644e+00   1.2400e+00 
  4.4252e-01   1.0904e-01   2.0054e-02   2.2962e-03   2.5583e-03 
  1.0877e-03   7.9882e-05   4.1882e-05   4.4069e-05   2.6414e-06 
  1.1025e-06   6.3515e-07   3.8751e-07   2.2807e-07   1.2762e-07 
  6.8033e-08   3.4710e-08  -6.8390e-02   1.0236e-03 

########################
# 00000046
########################
RSS 2286.902948182659
BP 0:
a0:   3.3188e+00   e0:  -4.4829e+00   b0:   2.2620e+02   
P: 
  1.2539e+01  -1.1912e+00   1.5086e+00   1.7048e+00  -4.7693e-01 
 -3.6822e+00   1.8935e+00  -7.9832e-01  -1.3928e+00  -1.1472e+00 
 -2.4793e-01   2.3521e-01  -8.2423e-02  -7.7339e-04  -9.1883e-03 
  4.9157e-03   7.6298e-03  -1.9494e+00   3.0356e+01   2.4336e+01 
  3.4958e+01   1.6230e+01   1.7858e+01   7.6644e+00   1.2400e+00 
  4.4252e-01   1.0904e-01   2.0054e-02   2.2962e-03   2.5583e-03 
  1.0877e-03   7.9882e-05   4.1882e-05   4.4069e-05   2.6414e-06 
  1.1025e-06   6.3515e-07   3.8751e-07   2.2807e-07   1.2762e-07 
  6.8033e-08   3.4710e-08  -6.8390e-02   1.0236e-03 

########################
# 00000047
########################
RSS 2286.902948183344
BP 0:
a0:   3.3188e+00   e0:  -4.4829e+00   b0:   2.2620e+02   
P: 
  1.2539e+01  -1.1912e+00   1.5086e+00   1.7048e+00  -4.7693e-01 
 -3.6822e+00   1.8935e+00  -7.9832e-01  -1.3928e+00  -1.1472e+00 
 -2.4793e-01   2.3521e-01  -8.2423e-02  -7.7339e-04  -9.1883e-03 
  4.9157e-03   7.6298e-03  -1.9494e+00   3.0356e+01   2.4336e+01 
  3.4958e+01   1.6230e+01   1.7858e+01   7.6644e+00   1.2400e+00 
  4.4252e-01   1.0904e-01   2.0054e-02   2.2962e-03   2.5583e-03 
  1.0877e-03   7.9882e-05   4.1882e-05   4.4069e-05   2.6414e-06 
  1.1025e-06   6.3515e-07   3.8751e-07   2.2807e-07   1.2762e-07 
  6.8033e-08   3.4710e-08  -6.8390e-02   1.0236e-03 

########################
# 00000048
########################
RSS 2286.902948183464
BP 0:
a0:   3.3188e+00   e0:  -4.4829e+00   b0:   2.2620e+02   
P: 
  1.2539e+01  -1.1912e+00   1.5086e+00   1.7048e+00  -4.7693e-01 
 -3.6822e+00   1.8935e+00  -7.9832e-01  -1.3928e+00  -1.1472e+00 
 -2.4793e-01   2.3521e-01  -8.2423e-02  -7.7339e-04  -9.1883e-03 
  4.9157e-03   7.6298e-03  -1.9494e+00   3.0356e+01   2.4336e+01 
  3.4958e+01   1.6230e+01   1.7858e+01   7.6644e+00   1.2400e+00 
  4.4252e-01   1.0904e-01   2.0054e-02   2.2962e-03   2.5583e-03 
  1.0877e-03   7.9882e-05   4.1882e-05   4.4069e-05   2.6414e-06 
  1.1025e-06   6.3515e-07   3.8751e-07   2.2807e-07   1.2762e-07 
  6.8033e-08   3.4710e-08  -6.8390e-02   1.0236e-03 

########################
# 00000049
########################
RSS 2286.902948183534
BP 0:
a0:   3.3188e+00   e0:  -4.4829e+00   b0:   2.2620e+02   
P: 
  1.2539e+01  -1.1912e+00   1.5086e+00   1.7048e+00  -4.7693e-01 
 -3.6822e+00   1.8935e+00  -7.9832e-01  -1.3928e+00  -1.1472e+00 
 -2.4793e-01   2.3521e-01  -8.2423e-02  -7.7339e-04  -9.1883e-03 
  4.9157e-03   7.6298e-03  -1.9494e+00   3.0356e+01   2.4336e+01 
  3.4958e+01   1.6230e+01   1.7858e+01   7.6644e+00   1.2400e+00 
  4.4252e-01   1.0904e-01   2.0054e-02   2.2962e-03   2.5583e-03 
  1.0877e-03   7.9882e-05   4.1882e-05   4.4069e-05   2.6414e-06 
  1.1025e-06   6.3515e-07   3.8751e-07   2.2807e-07   1.2762e-07 
  6.8033e-08   3.4710e-08  -6.8390e-02   1.0236e-03 

########################
# 00000050
########################
RSS 2286.9029482039023
BP 0:
a0:   3.3188e+00   e0:  -4.4829e+00   b0:   2.2620e+02   
P: 
  1.2539e+01  -1.1912e+00   1.5086e+00   1.7048e+00  -4.7693e-01 
 -3.6822e+00   1.8935e+00  -7.9832e-01  -1.3928e+00  -1.1472e+00 
 -2.4793e-01   2.3521e-01  -8.2423e-02  -7.7339e-04  -9.1883e-03 
  4.9157e-03   7.6298e-03  -1.9494e+00   3.0356e+01   2.4336e+01 
  3.4958e+01   1.6230e+01   1.7858e+01   7.6644e+00   1.2400e+00 
  4.4252e-01   1.0904e-01   2.0054e-02   2.2962e-03   2.5583e-03 
  1.0877e-03   7.9882e-05   4.1882e-05   4.4069e-05   2.6414e-06 
  1.1025e-06   6.3515e-07   3.8751e-07   2.2807e-07   1.2762e-07 
  6.8033e-08   3.4710e-08  -6.8390e-02   1.0236e-03 

########################
# 00000051
########################
RSS 2286.9029482302135
BP 0:
a0:   3.3188e+00   e0:  -4.4829e+00   b0:   2.2620e+02   
P: 
  1.2539e+01  -1.1912e+00   1.5086e+00   1.7048e+00  -4.7693e-01 
 -3.6822e+00   1.8935e+00  -7.9832e-01  -1.3928e+00  -1.1472e+00 
 -2.4793e-01   2.3521e-01  -8.2423e-02  -7.7339e-04  -9.1883e-03 
  4.9157e-03   7.6298e-03  -1.9494e+00   3.0356e+01   2.4336e+01 
  3.4958e+01   1.6230e+01   1.7858e+01   7.6644e+00   1.2400e+00 
  4.4252e-01   1.0904e-01   2.0054e-02   2.2962e-03   2.5583e-03 
  1.0877e-03   7.9882e-05   4.1882e-05   4.4069e-05   2.6414e-06 
  1.1025e-06   6.3515e-07   3.8751e-07   2.2807e-07   1.2762e-07 
  6.8033e-08   3.4710e-08  -6.8390e-02   1.0236e-03 

########################
# 00000052
########################
RSS 2286.9029482310875
BP 0:
a0:   3.3188e+00   e0:  -4.4829e+00   b0:   2.2620e+02   
P: 
  1.2539e+01  -1.1912e+00   1.5086e+00   1.7048e+00  -4.7693e-01 
 -3.6822e+00   1.8935e+00  -7.9832e-01  -1.3928e+00  -1.1472e+00 
 -2.4793e-01   2.3521e-01  -8.2423e-02  -7.7339e-04  -9.1883e-03 
  4.9157e-03   7.6298e-03  -1.9494e+00   3.0356e+01   2.4336e+01 
  3.4958e+01   1.6230e+01   1.7858e+01   7.6644e+00   1.2400e+00 
  4.4252e-01   1.0904e-01   2.0054e-02   2.2962e-03   2.5583e-03 
  1.0877e-03   7.9882e-05   4.1882e-05   4.4069e-05   2.6414e-06 
  1.1025e-06   6.3515e-07   3.8751e-07   2.2807e-07   1.2762e-07 
  6.8033e-08   3.4710e-08  -6.8390e-02   1.0236e-03 

########################
# 00000053
########################
RSS 2286.902948321336
BP 0:
a0:   3.3188e+00   e0:  -4.4829e+00   b0:   2.2620e+02   
P: 
  1.2539e+01  -1.1912e+00   1.5086e+00   1.7048e+00  -4.7693e-01 
 -3.6822e+00   1.8935e+00  -7.9832e-01  -1.3928e+00  -1.1472e+00 
 -2.4793e-01   2.3521e-01  -8.2423e-02  -7.7339e-04  -9.1883e-03 
  4.9157e-03   7.6298e-03  -1.9494e+00   3.0356e+01   2.4336e+01 
  3.4958e+01   1.6230e+01   1.7858e+01   7.6644e+00   1.2400e+00 
  4.4252e-01   1.0904e-01   2.0054e-02   2.2962e-03   2.5583e-03 
  1.0877e-03   7.9882e-05   4.1882e-05   4.4069e-05   2.6414e-06 
  1.1025e-06   6.3515e-07   3.8751e-07   2.2807e-07   1.2762e-07 
  6.8033e-08   3.4710e-08  -6.8390e-02   1.0236e-03 

########################
# 00000054
########################
RSS 2286.9029484718576
BP 0:
a0:   3.3188e+00   e0:  -4.4829e+00   b0:   2.2620e+02   
P: 
  1.2539e+01  -1.1912e+00   1.5086e+00   1.7048e+00  -4.7693e-01 
 -3.6822e+00   1.8935e+00  -7.9832e-01  -1.3928e+00  -1.1472e+00 
 -2.4793e-01   2.3521e-01  -8.2423e-02  -7.7339e-04  -9.1883e-03 
  4.9157e-03   7.6298e-03  -1.9494e+00   3.0356e+01   2.4336e+01 
  3.4958e+01   1.6230e+01   1.7858e+01   7.6644e+00   1.2400e+00 
  4.4252e-01   1.0904e-01   2.0054e-02   2.2962e-03   2.5583e-03 
  1.0877e-03   7.9882e-05   4.1882e-05   4.4069e-05   2.6414e-06 
  1.1025e-06   6.3515e-07   3.8751e-07   2.2807e-07   1.2762e-07 
  6.8033e-08   3.4710e-08  -6.8390e-02   1.0236e-03 

########################
# 00000055
########################
RSS 2286.9029485476476
BP 0:
a0:   3.3188e+00   e0:  -4.4829e+00   b0:   2.2620e+02   
P: 
  1.2539e+01  -1.1912e+00   1.5086e+00   1.7048e+00  -4.7693e-01 
 -3.6822e+00   1.8935e+00  -7.9832e-01  -1.3928e+00  -1.1472e+00 
 -2.4793e-01   2.3521e-01  -8.2423e-02  -7.7339e-04  -9.1883e-03 
  4.9157e-03   7.6298e-03  -1.9494e+00   3.0356e+01   2.4336e+01 
  3.4958e+01   1.6230e+01   1.7858e+01   7.6644e+00   1.2400e+00 
  4.4252e-01   1.0904e-01   2.0054e-02   2.2962e-03   2.5583e-03 
  1.0877e-03   7.9882e-05   4.1882e-05   4.4069e-05   2.6414e-06 
  1.1025e-06   6.3515e-07   3.8751e-07   2.2807e-07   1.2762e-07 
  6.8033e-08   3.4710e-08  -6.8390e-02   1.0236e-03 

########################
# 00000056
########################
RSS 2286.90294889069
BP 0:
a0:   3.3188e+00   e0:  -4.4829e+00   b0:   2.2620e+02   
P: 
  1.2539e+01  -1.1912e+00   1.5086e+00   1.7048e+00  -4.7693e-01 
 -3.6822e+00   1.8935e+00  -7.9832e-01  -1.3928e+00  -1.1472e+00 
 -2.4793e-01   2.3521e-01  -8.2423e-02  -7.7339e-04  -9.1883e-03 
  4.9157e-03   7.6298e-03  -1.9494e+00   3.0356e+01   2.4336e+01 
  3.4958e+01   1.6230e+01   1.7858e+01   7.6644e+00   1.2400e+00 
  4.4252e-01   1.0904e-01   2.0054e-02   2.2962e-03   2.5583e-03 
  1.0877e-03   7.9882e-05   4.1882e-05   4.4069e-05   2.6414e-06 
  1.1025e-06   6.3515e-07   3.8751e-07   2.2807e-07   1.2762e-07 
  6.8033e-08   3.4710e-08  -6.8390e-02   1.0236e-03 

########################
# 00000057
########################
RSS 2286.902948891564
BP 0:
a0:   3.3188e+00   e0:  -4.4829e+00   b0:   2.2620e+02   
P: 
  1.2539e+01  -1.1912e+00   1.5086e+00   1.7048e+00  -4.7693e-01 
 -3.6822e+00   1.8935e+00  -7.9832e-01  -1.3928e+00  -1.1472e+00 
 -2.4793e-01   2.3521e-01  -8.2423e-02  -7.7339e-04  -9.1883e-03 
  4.9157e-03   7.6298e-03  -1.9494e+00   3.0356e+01   2.4336e+01 
  3.4958e+01   1.6230e+01   1.7858e+01   7.6644e+00   1.2400e+00 
  4.4252e-01   1.0904e-01   2.0054e-02   2.2962e-03   2.5583e-03 
  1.0877e-03   7.9882e-05   4.1882e-05   4.4069e-05   2.6414e-06 
  1.1025e-06   6.3515e-07   3.8751e-07   2.2807e-07   1.2762e-07 
  6.8033e-08   3.4710e-08  -6.8390e-02   1.0236e-03 

########################
# 00000058
########################
RSS 2286.9029498489604
BP 0:
a0:   3.3188e+00   e0:  -4.4829e+00   b0:   2.2620e+02   
P: 
  1.2539e+01  -1.1912e+00   1.5086e+00   1.7048e+00  -4.7693e-01 
 -3.6822e+00   1.8935e+00  -7.9832e-01  -1.3928e+00  -1.1472e+00 
 -2.4793e-01   2.3521e-01  -8.2423e-02  -7.7339e-04  -9.1883e-03 
  4.9157e-03   7.6298e-03  -1.9494e+00   3.0356e+01   2.4336e+01 
  3.4958e+01   1.6230e+01   1.7858e+01   7.6644e+00   1.2400e+00 
  4.4252e-01   1.0904e-01   2.0054e-02   2.2962e-03   2.5583e-03 
  1.0877e-03   7.9882e-05   4.1882e-05   4.4069e-05   2.6414e-06 
  1.1025e-06   6.3515e-07   3.8751e-07   2.2807e-07   1.2762e-07 
  6.8033e-08   3.4710e-08  -6.8390e-02   1.0236e-03 

########################
# 00000059
########################
RSS 2286.9029499883545
BP 0:
a0:   3.3188e+00   e0:  -4.4829e+00   b0:   2.2620e+02   
P: 
  1.2539e+01  -1.1912e+00   1.5086e+00   1.7048e+00  -4.7693e-01 
 -3.6822e+00   1.8935e+00  -7.9832e-01  -1.3928e+00  -1.1472e+00 
 -2.4793e-01   2.3521e-01  -8.2423e-02  -7.7339e-04  -9.1883e-03 
  4.9157e-03   7.6298e-03  -1.9494e+00   3.0356e+01   2.4336e+01 
  3.4958e+01   1.6230e+01   1.7858e+01   7.6644e+00   1.2400e+00 
  4.4252e-01   1.0904e-01   2.0054e-02   2.2962e-03   2.5583e-03 
  1.0877e-03   7.9882e-05   4.1882e-05   4.4069e-05   2.6414e-06 
  1.1025e-06   6.3515e-07   3.8751e-07   2.2807e-07   1.2762e-07 
  6.8033e-08   3.4710e-08  -6.8390e-02   1.0236e-03 

########################
# 00000060
########################
RSS 2286.902950567046
BP 0:
a0:   3.3188e+00   e0:  -4.4829e+00   b0:   2.2620e+02   
P: 
  1.2539e+01  -1.1912e+00   1.5086e+00   1.7048e+00  -4.7693e-01 
 -3.6822e+00   1.8935e+00  -7.9832e-01  -1.3928e+00  -1.1472e+00 
 -2.4793e-01   2.3521e-01  -8.2423e-02  -7.7339e-04  -9.1883e-03 
  4.9157e-03   7.6298e-03  -1.9494e+00   3.0356e+01   2.4336e+01 
  3.4958e+01   1.6230e+01   1.7858e+01   7.6644e+00   1.2400e+00 
  4.4252e-01   1.0904e-01   2.0054e-02   2.2962e-03   2.5583e-03 
  1.0877e-03   7.9882e-05   4.1882e-05   4.4069e-05   2.6414e-06 
  1.1025e-06   6.3515e-07   3.8751e-07   2.2807e-07   1.2762e-07 
  6.8033e-08   3.4710e-08  -6.8390e-02   1.0236e-03 

########################
# 00000061
########################
RSS 2286.9029507820555
BP 0:
a0:   3.3188e+00   e0:  -4.4829e+00   b0:   2.2620e+02   
P: 
  1.2539e+01  -1.1912e+00   1.5086e+00   1.7048e+00  -4.7693e-01 
 -3.6822e+00   1.8935e+00  -7.9832e-01  -1.3928e+00  -1.1472e+00 
 -2.4793e-01   2.3521e-01  -8.2423e-02  -7.7339e-04  -9.1883e-03 
  4.9157e-03   7.6298e-03  -1.9494e+00   3.0356e+01   2.4336e+01 
  3.4958e+01   1.6230e+01   1.7858e+01   7.6644e+00   1.2400e+00 
  4.4252e-01   1.0904e-01   2.0054e-02   2.2962e-03   2.5583e-03 
  1.0877e-03   7.9882e-05   4.1882e-05   4.4069e-05   2.6414e-06 
  1.1025e-06   6.3515e-07   3.8751e-07   2.2807e-07   1.2762e-07 
  6.8033e-08   3.4710e-08  -6.8390e-02   1.0236e-03 

########################
# 00000062
########################
RSS 2286.9029508941094
BP 0:
a0:   3.3188e+00   e0:  -4.4829e+00   b0:   2.2620e+02   
P: 
  1.2539e+01  -1.1912e+00   1.5086e+00   1.7048e+00  -4.7693e-01 
 -3.6822e+00   1.8935e+00  -7.9832e-01  -1.3928e+00  -1.1472e+00 
 -2.4793e-01   2.3521e-01  -8.2423e-02  -7.7339e-04  -9.1883e-03 
  4.9157e-03   7.6298e-03  -1.9494e+00   3.0356e+01   2.4336e+01 
  3.4958e+01   1.6230e+01   1.7858e+01   7.6644e+00   1.2400e+00 
  4.4252e-01   1.0904e-01   2.0054e-02   2.2962e-03   2.5583e-03 
  1.0877e-03   7.9882e-05   4.1882e-05   4.4069e-05   2.6414e-06 
  1.1025e-06   6.3515e-07   3.8751e-07   2.2807e-07   1.2762e-07 
  6.8033e-08   3.4710e-08  -6.8390e-02   1.0236e-03 

########################
# 00000063
########################
RSS 2286.9029508949834
BP 0:
a0:   3.3188e+00   e0:  -4.4829e+00   b0:   2.2620e+02   
P: 
  1.2539e+01  -1.1912e+00   1.5086e+00   1.7048e+00  -4.7693e-01 
 -3.6822e+00   1.8935e+00  -7.9832e-01  -1.3928e+00  -1.1472e+00 
 -2.4793e-01   2.3521e-01  -8.2423e-02  -7.7339e-04  -9.1883e-03 
  4.9157e-03   7.6298e-03  -1.9494e+00   3.0356e+01   2.4336e+01 
  3.4958e+01   1.6230e+01   1.7858e+01   7.6644e+00   1.2400e+00 
  4.4252e-01   1.0904e-01   2.0054e-02   2.2962e-03   2.5583e-03 
  1.0877e-03   7.9882e-05   4.1882e-05   4.4069e-05   2.6414e-06 
  1.1025e-06   6.3515e-07   3.8751e-07   2.2807e-07   1.2762e-07 
  6.8033e-08   3.4710e-08  -6.8390e-02   1.0236e-03 

########################
# 00000064
########################
RSS 2286.902951497631
BP 0:
a0:   3.3188e+00   e0:  -4.4829e+00   b0:   2.2620e+02   
P: 
  1.2539e+01  -1.1912e+00   1.5086e+00   1.7048e+00  -4.7693e-01 
 -3.6822e+00   1.8935e+00  -7.9832e-01  -1.3928e+00  -1.1472e+00 
 -2.4793e-01   2.3521e-01  -8.2423e-02  -7.7339e-04  -9.1883e-03 
  4.9157e-03   7.6298e-03  -1.9494e+00   3.0356e+01   2.4336e+01 
  3.4958e+01   1.6230e+01   1.7858e+01   7.6644e+00   1.2400e+00 
  4.4252e-01   1.0904e-01   2.0054e-02   2.2962e-03   2.5583e-03 
  1.0877e-03   7.9882e-05   4.1882e-05   4.4069e-05   2.6414e-06 
  1.1025e-06   6.3515e-07   3.8751e-07   2.2807e-07   1.2762e-07 
  6.8033e-08   3.4710e-08  -6.8390e-02   1.0236e-03 

########################
# 00000065
########################
RSS 2286.902951498505
BP 0:
a0:   3.3188e+00   e0:  -4.4829e+00   b0:   2.2620e+02   
P: 
  1.2539e+01  -1.1912e+00   1.5086e+00   1.7048e+00  -4.7693e-01 
 -3.6822e+00   1.8935e+00  -7.9832e-01  -1.3928e+00  -1.1472e+00 
 -2.4793e-01   2.3521e-01  -8.2423e-02  -7.7339e-04  -9.1883e-03 
  4.9157e-03   7.6298e-03  -1.9494e+00   3.0356e+01   2.4336e+01 
  3.4958e+01   1.6230e+01   1.7858e+01   7.6644e+00   1.2400e+00 
  4.4252e-01   1.0904e-01   2.0054e-02   2.2962e-03   2.5583e-03 
  1.0877e-03   7.9882e-05   4.1882e-05   4.4069e-05   2.6414e-06 
  1.1025e-06   6.3515e-07   3.8751e-07   2.2807e-07   1.2762e-07 
  6.8033e-08   3.4710e-08  -6.8390e-02   1.0236e-03 

########################
# 00000066
########################
RSS 2286.902951948211
BP 0:
a0:   3.3188e+00   e0:  -4.4829e+00   b0:   2.2620e+02   
P: 
  1.2539e+01  -1.1912e+00   1.5086e+00   1.7048e+00  -4.7693e-01 
 -3.6822e+00   1.8935e+00  -7.9832e-01  -1.3928e+00  -1.1472e+00 
 -2.4793e-01   2.3521e-01  -8.2423e-02  -7.7339e-04  -9.1883e-03 
  4.9157e-03   7.6298e-03  -1.9494e+00   3.0356e+01   2.4336e+01 
  3.4958e+01   1.6230e+01   1.7858e+01   7.6644e+00   1.2400e+00 
  4.4252e-01   1.0904e-01   2.0054e-02   2.2962e-03   2.5583e-03 
  1.0877e-03   7.9882e-05   4.1882e-05   4.4069e-05   2.6414e-06 
  1.1025e-06   6.3515e-07   3.8751e-07   2.2807e-07   1.2762e-07 
  6.8033e-08   3.4710e-08  -6.8390e-02   1.0236e-03 

########################
# 00000067
########################
RSS 2286.9029522701485
BP 0:
a0:   3.3188e+00   e0:  -4.4829e+00   b0:   2.2620e+02   
P: 
  1.2539e+01  -1.1912e+00   1.5086e+00   1.7048e+00  -4.7693e-01 
 -3.6822e+00   1.8935e+00  -7.9832e-01  -1.3928e+00  -1.1472e+00 
 -2.4793e-01   2.3521e-01  -8.2423e-02  -7.7339e-04  -9.1883e-03 
  4.9157e-03   7.6298e-03  -1.9494e+00   3.0356e+01   2.4336e+01 
  3.4958e+01   1.6230e+01   1.7858e+01   7.6644e+00   1.2400e+00 
  4.4252e-01   1.0904e-01   2.0054e-02   2.2962e-03   2.5583e-03 
  1.0877e-03   7.9882e-05   4.1882e-05   4.4069e-05   2.6414e-06 
  1.1025e-06   6.3515e-07   3.8751e-07   2.2807e-07   1.2762e-07 
  6.8033e-08   3.4710e-08  -6.8390e-02   1.0236e-03 

########################
# 00000068
########################
RSS 2286.902952271023
BP 0:
a0:   3.3188e+00   e0:  -4.4829e+00   b0:   2.2620e+02   
P: 
  1.2539e+01  -1.1912e+00   1.5086e+00   1.7048e+00  -4.7693e-01 
 -3.6822e+00   1.8935e+00  -7.9832e-01  -1.3928e+00  -1.1472e+00 
 -2.4793e-01   2.3521e-01  -8.2423e-02  -7.7339e-04  -9.1883e-03 
  4.9157e-03   7.6298e-03  -1.9494e+00   3.0356e+01   2.4336e+01 
  3.4958e+01   1.6230e+01   1.7858e+01   7.6644e+00   1.2400e+00 
  4.4252e-01   1.0904e-01   2.0054e-02   2.2962e-03   2.5583e-03 
  1.0877e-03   7.9882e-05   4.1882e-05   4.4069e-05   2.6414e-06 
  1.1025e-06   6.3515e-07   3.8751e-07   2.2807e-07   1.2762e-07 
  6.8033e-08   3.4710e-08  -6.8390e-02   1.0236e-03 

########################
# 00000069
########################
RSS 2286.9029523733643
BP 0:
a0:   3.3188e+00   e0:  -4.4829e+00   b0:   2.2620e+02   
P: 
  1.2539e+01  -1.1912e+00   1.5086e+00   1.7048e+00  -4.7693e-01 
 -3.6822e+00   1.8935e+00  -7.9832e-01  -1.3928e+00  -1.1472e+00 
 -2.4793e-01   2.3521e-01  -8.2423e-02  -7.7339e-04  -9.1883e-03 
  4.9157e-03   7.6298e-03  -1.9494e+00   3.0356e+01   2.4336e+01 
  3.4958e+01   1.6230e+01   1.7858e+01   7.6644e+00   1.2400e+00 
  4.4252e-01   1.0904e-01   2.0054e-02   2.2962e-03   2.5583e-03 
  1.0877e-03   7.9882e-05   4.1882e-05   4.4069e-05   2.6414e-06 
  1.1025e-06   6.3515e-07   3.8751e-07   2.2807e-07   1.2762e-07 
  6.8033e-08   3.4710e-08  -6.8390e-02   1.0236e-03 

########################
# 00000070
########################
RSS 2286.9029523742383
BP 0:
a0:   3.3188e+00   e0:  -4.4829e+00   b0:   2.2620e+02   
P: 
  1.2539e+01  -1.1912e+00   1.5086e+00   1.7048e+00  -4.7693e-01 
 -3.6822e+00   1.8935e+00  -7.9832e-01  -1.3928e+00  -1.1472e+00 
 -2.4793e-01   2.3521e-01  -8.2423e-02  -7.7339e-04  -9.1883e-03 
  4.9157e-03   7.6298e-03  -1.9494e+00   3.0356e+01   2.4336e+01 
  3.4958e+01   1.6230e+01   1.7858e+01   7.6644e+00   1.2400e+00 
  4.4252e-01   1.0904e-01   2.0054e-02   2.2962e-03   2.5583e-03 
  1.0877e-03   7.9882e-05   4.1882e-05   4.4069e-05   2.6414e-06 
  1.1025e-06   6.3515e-07   3.8751e-07   2.2807e-07   1.2762e-07 
  6.8033e-08   3.4710e-08  -6.8390e-02   1.0236e-03 

########################
# 00000071
########################
RSS 2286.9029524496864
BP 0:
a0:   3.3188e+00   e0:  -4.4829e+00   b0:   2.2620e+02   
P: 
  1.2542e+01  -1.1912e+00   1.5086e+00   1.7048e+00  -4.7693e-01 
 -3.6822e+00   1.8935e+00  -7.9832e-01  -1.3928e+00  -1.1472e+00 
 -2.4793e-01   2.3521e-01  -8.2423e-02  -7.7339e-04  -9.1883e-03 
  4.9157e-03   7.6298e-03  -1.9494e+00   3.0356e+01   2.4336e+01 
  3.4958e+01   1.6230e+01   1.7858e+01   7.6644e+00   1.2400e+00 
  4.4252e-01   1.0904e-01   2.0054e-02   2.2962e-03   2.5583e-03 
  1.0877e-03   7.9882e-05   4.1882e-05   4.4069e-05   2.6414e-06 
  1.1025e-06   6.3515e-07   3.8751e-07   2.2807e-07   1.2762e-07 
  6.8033e-08   3.4710e-08  -6.8390e-02   1.0236e-03 

########################
# 00000072
########################
RSS 2286.9029531370393
BP 0:
a0:   3.3188e+00   e0:  -4.4829e+00   b0:   2.2620e+02   
P: 
  1.2539e+01  -1.1912e+00   1.5086e+00   1.7048e+00  -4.7693e-01 
 -3.6822e+00   1.8935e+00  -7.9832e-01  -1.3928e+00  -1.1472e+00 
 -2.4793e-01   2.3521e-01  -8.2423e-02  -7.7339e-04  -9.1883e-03 
  4.9157e-03   7.6298e-03  -1.9494e+00   3.0356e+01   2.4336e+01 
  3.4958e+01   1.6230e+01   1.7858e+01   7.6644e+00   1.2400e+00 
  4.4252e-01   1.0904e-01   2.0054e-02   2.2962e-03   2.5583e-03 
  1.0877e-03   7.9882e-05   4.1882e-05   4.4069e-05   2.6414e-06 
  1.1025e-06   6.3515e-07   3.8751e-07   2.2807e-07   1.2762e-07 
  6.8033e-08   3.4710e-08  -6.8390e-02   1.0236e-03 

########################
# 00000073
########################
RSS 2286.9029535525583
BP 0:
a0:   3.3188e+00   e0:  -4.4829e+00   b0:   2.2620e+02   
P: 
  1.2539e+01  -1.1912e+00   1.5086e+00   1.7048e+00  -4.7693e-01 
 -3.6822e+00   1.8935e+00  -7.9832e-01  -1.3928e+00  -1.1472e+00 
 -2.4793e-01   2.3521e-01  -8.2423e-02  -7.7339e-04  -9.1883e-03 
  4.9157e-03   7.6298e-03  -1.9494e+00   3.0356e+01   2.4336e+01 
  3.4958e+01   1.6230e+01   1.7858e+01   7.6644e+00   1.2400e+00 
  4.4252e-01   1.0904e-01   2.0054e-02   2.2962e-03   2.5583e-03 
  1.0877e-03   7.9882e-05   4.1882e-05   4.4069e-05   2.6414e-06 
  1.1025e-06   6.3515e-07   3.8751e-07   2.2807e-07   1.2762e-07 
  6.8033e-08   3.4710e-08  -6.8390e-02   1.0236e-03 

########################
# 00000074
########################
RSS 2286.902954530081
BP 0:
a0:   3.3188e+00   e0:  -4.4829e+00   b0:   2.2620e+02   
P: 
  1.2539e+01  -1.1912e+00   1.5086e+00   1.7048e+00  -4.7693e-01 
 -3.6822e+00   1.8935e+00  -7.9832e-01  -1.3928e+00  -1.1472e+00 
 -2.4793e-01   2.3521e-01  -8.2423e-02  -7.7339e-04  -9.1883e-03 
  4.9157e-03   7.6298e-03  -1.9494e+00   3.0356e+01   2.4336e+01 
  3.4958e+01   1.6230e+01   1.7858e+01   7.6644e+00   1.2400e+00 
  4.4252e-01   1.0904e-01   2.0054e-02   2.2962e-03   2.5583e-03 
  1.0877e-03   7.9882e-05   4.1882e-05   4.4069e-05   2.6414e-06 
  1.1025e-06   6.3515e-07   3.8751e-07   2.2807e-07   1.2762e-07 
  6.8033e-08   3.4710e-08  -6.8390e-02   1.0236e-03 

########################
# 00000075
########################
RSS 2286.902954530956
BP 0:
a0:   3.3188e+00   e0:  -4.4829e+00   b0:   2.2620e+02   
P: 
  1.2539e+01  -1.1912e+00   1.5086e+00   1.7048e+00  -4.7693e-01 
 -3.6822e+00   1.8935e+00  -7.9832e-01  -1.3928e+00  -1.1472e+00 
 -2.4793e-01   2.3521e-01  -8.2423e-02  -7.7339e-04  -9.1883e-03 
  4.9157e-03   7.6298e-03  -1.9494e+00   3.0356e+01   2.4336e+01 
  3.4958e+01   1.6230e+01   1.7858e+01   7.6644e+00   1.2400e+00 
  4.4252e-01   1.0904e-01   2.0054e-02   2.2962e-03   2.5583e-03 
  1.0877e-03   7.9882e-05   4.1882e-05   4.4069e-05   2.6414e-06 
  1.1025e-06   6.3515e-07   3.8751e-07   2.2807e-07   1.2762e-07 
  6.8033e-08   3.4710e-08  -6.8390e-02   1.0236e-03 

########################
# 00000076
########################
RSS 2286.902954553692
BP 0:
a0:   3.3188e+00   e0:  -4.4829e+00   b0:   2.2620e+02   
P: 
  1.2542e+01  -1.1912e+00   1.5086e+00   1.7048e+00  -4.7693e-01 
 -3.6822e+00   1.8935e+00  -7.9832e-01  -1.3928e+00  -1.1472e+00 
 -2.4793e-01   2.3521e-01  -8.2423e-02  -7.7339e-04  -9.1883e-03 
  4.9157e-03   7.6298e-03  -1.9494e+00   3.0356e+01   2.4336e+01 
  3.4958e+01   1.6230e+01   1.7858e+01   7.6644e+00   1.2400e+00 
  4.4252e-01   1.0904e-01   2.0054e-02   2.2962e-03   2.5583e-03 
  1.0877e-03   7.9882e-05   4.1882e-05   4.4069e-05   2.6414e-06 
  1.1025e-06   6.3515e-07   3.8751e-07   2.2807e-07   1.2762e-07 
  6.8033e-08   3.4710e-08  -6.8390e-02   1.0236e-03 

########################
# 00000077
########################
RSS 2286.902954931401
BP 0:
a0:   3.3188e+00   e0:  -4.4829e+00   b0:   2.2620e+02   
P: 
  1.2539e+01  -1.1912e+00   1.5086e+00   1.7048e+00  -4.7693e-01 
 -3.6822e+00   1.8935e+00  -7.9832e-01  -1.3928e+00  -1.1472e+00 
 -2.4793e-01   2.3521e-01  -8.2423e-02  -7.7339e-04  -9.1883e-03 
  4.9157e-03   7.6298e-03  -1.9494e+00   3.0356e+01   2.4336e+01 
  3.4958e+01   1.6230e+01   1.7858e+01   7.6644e+00   1.2400e+00 
  4.4252e-01   1.0904e-01   2.0054e-02   2.2962e-03   2.5583e-03 
  1.0877e-03   7.9882e-05   4.1882e-05   4.4069e-05   2.6414e-06 
  1.1025e-06   6.3515e-07   3.8751e-07   2.2807e-07   1.2762e-07 
  6.8033e-08   3.4710e-08  -6.8390e-02   1.0236e-03 

########################
# 00000078
########################
RSS 2286.9029550625055
BP 0:
a0:   3.3188e+00   e0:  -4.4829e+00   b0:   2.2620e+02   
P: 
  1.2542e+01  -1.1912e+00   1.5086e+00   1.7048e+00  -4.7693e-01 
 -3.6822e+00   1.8935e+00  -7.9832e-01  -1.3928e+00  -1.1472e+00 
 -2.4793e-01   2.3521e-01  -8.2423e-02  -7.7339e-04  -9.1883e-03 
  4.9157e-03   7.6298e-03  -1.9494e+00   3.0356e+01   2.4336e+01 
  3.4958e+01   1.6230e+01   1.7858e+01   7.6644e+00   1.2400e+00 
  4.4252e-01   1.0904e-01   2.0054e-02   2.2962e-03   2.5583e-03 
  1.0877e-03   7.9882e-05   4.1882e-05   4.4069e-05   2.6414e-06 
  1.1025e-06   6.3515e-07   3.8751e-07   2.2807e-07   1.2762e-07 
  6.8033e-08   3.4710e-08  -6.8390e-02   1.0236e-03 

########################
# 00000079
########################
RSS 2286.9029555148427
BP 0:
a0:   3.3188e+00   e0:  -4.4829e+00   b0:   2.2620e+02   
P: 
  1.2539e+01  -1.1912e+00   1.5086e+00   1.7048e+00  -4.7693e-01 
 -3.6822e+00   1.8935e+00  -7.9832e-01  -1.3928e+00  -1.1472e+00 
 -2.4793e-01   2.3521e-01  -8.2423e-02  -7.7339e-04  -9.1883e-03 
  4.9157e-03   7.6298e-03  -1.9494e+00   3.0356e+01   2.4336e+01 
  3.4958e+01   1.6230e+01   1.7858e+01   7.6644e+00   1.2400e+00 
  4.4252e-01   1.0904e-01   2.0054e-02   2.2962e-03   2.5583e-03 
  1.0877e-03   7.9882e-05   4.1882e-05   4.4069e-05   2.6414e-06 
  1.1025e-06   6.3515e-07   3.8751e-07   2.2807e-07   1.2762e-07 
  6.8033e-08   3.4710e-08  -6.8390e-02   1.0236e-03 

########################
# 00000080
########################
RSS 2286.9029555157167
BP 0:
a0:   3.3188e+00   e0:  -4.4829e+00   b0:   2.2620e+02   
P: 
  1.2539e+01  -1.1912e+00   1.5086e+00   1.7048e+00  -4.7693e-01 
 -3.6822e+00   1.8935e+00  -7.9832e-01  -1.3928e+00  -1.1472e+00 
 -2.4793e-01   2.3521e-01  -8.2423e-02  -7.7339e-04  -9.1883e-03 
  4.9157e-03   7.6298e-03  -1.9494e+00   3.0356e+01   2.4336e+01 
  3.4958e+01   1.6230e+01   1.7858e+01   7.6644e+00   1.2400e+00 
  4.4252e-01   1.0904e-01   2.0054e-02   2.2962e-03   2.5583e-03 
  1.0877e-03   7.9882e-05   4.1882e-05   4.4069e-05   2.6414e-06 
  1.1025e-06   6.3515e-07   3.8751e-07   2.2807e-07   1.2762e-07 
  6.8033e-08   3.4710e-08  -6.8390e-02   1.0236e-03 

########################
# 00000081
########################
RSS 2286.9029565867254
BP 0:
a0:   3.3188e+00   e0:  -4.4829e+00   b0:   2.2620e+02   
P: 
  1.2539e+01  -1.1912e+00   1.5086e+00   1.7048e+00  -4.7693e-01 
 -3.6822e+00   1.8935e+00  -7.9832e-01  -1.3928e+00  -1.1472e+00 
 -2.4793e-01   2.3521e-01  -8.2423e-02  -7.7339e-04  -9.1883e-03 
  4.9157e-03   7.6298e-03  -1.9494e+00   3.0356e+01   2.4336e+01 
  3.4958e+01   1.6230e+01   1.7858e+01   7.6644e+00   1.2400e+00 
  4.4252e-01   1.0904e-01   2.0054e-02   2.2962e-03   2.5583e-03 
  1.0877e-03   7.9882e-05   4.1882e-05   4.4069e-05   2.6414e-06 
  1.1025e-06   6.3515e-07   3.8751e-07   2.2807e-07   1.2762e-07 
  6.8033e-08   3.4710e-08  -6.8390e-02   1.0236e-03 

########################
# 00000082
########################
RSS 2286.902956602264
BP 0:
a0:   3.3188e+00   e0:  -4.4829e+00   b0:   2.2620e+02   
P: 
  1.2539e+01  -1.1912e+00   1.5086e+00   1.7048e+00  -4.7693e-01 
 -3.6822e+00   1.8935e+00  -7.9832e-01  -1.3928e+00  -1.1472e+00 
 -2.4793e-01   2.3521e-01  -8.2423e-02  -7.7339e-04  -9.1883e-03 
  4.9157e-03   7.6298e-03  -1.9494e+00   3.0356e+01   2.4336e+01 
  3.4958e+01   1.6230e+01   1.7858e+01   7.6644e+00   1.2400e+00 
  4.4252e-01   1.0904e-01   2.0054e-02   2.2962e-03   2.5583e-03 
  1.0877e-03   7.9882e-05   4.1882e-05   4.4069e-05   2.6414e-06 
  1.1025e-06   6.3515e-07   3.8751e-07   2.2807e-07   1.2762e-07 
  6.8033e-08   3.4710e-08  -6.8390e-02   1.0236e-03 

########################
# 00000083
########################
RSS 2286.9029579193525
BP 0:
a0:   3.3188e+00   e0:  -4.4829e+00   b0:   2.2620e+02   
P: 
  1.2539e+01  -1.1912e+00   1.5086e+00   1.7048e+00  -4.7693e-01 
 -3.6822e+00   1.8935e+00  -7.9832e-01  -1.3928e+00  -1.1472e+00 
 -2.4793e-01   2.3521e-01  -8.2423e-02  -7.7339e-04  -9.1883e-03 
  4.9157e-03   7.6298e-03  -1.9494e+00   3.0356e+01   2.4336e+01 
  3.4958e+01   1.6230e+01   1.7858e+01   7.6644e+00   1.2400e+00 
  4.4252e-01   1.0904e-01   2.0054e-02   2.2962e-03   2.5583e-03 
  1.0877e-03   7.9882e-05   4.1882e-05   4.4069e-05   2.6414e-06 
  1.1025e-06   6.3515e-07   3.8751e-07   2.2807e-07   1.2762e-07 
  6.8033e-08   3.4710e-08  -6.8390e-02   1.0236e-03 

########################
# 00000084
########################
RSS 2286.902958171486
BP 0:
a0:   3.3188e+00   e0:  -4.4829e+00   b0:   2.2620e+02   
P: 
  1.2542e+01  -1.1912e+00   1.5086e+00   1.7048e+00  -4.7693e-01 
 -3.6822e+00   1.8935e+00  -7.9832e-01  -1.3928e+00  -1.1472e+00 
 -2.4793e-01   2.3521e-01  -8.2423e-02  -7.7339e-04  -9.1883e-03 
  4.9157e-03   7.6298e-03  -1.9494e+00   3.0356e+01   2.4336e+01 
  3.4958e+01   1.6230e+01   1.7858e+01   7.6644e+00   1.2400e+00 
  4.4252e-01   1.0904e-01   2.0054e-02   2.2962e-03   2.5583e-03 
  1.0877e-03   7.9882e-05   4.1882e-05   4.4069e-05   2.6414e-06 
  1.1025e-06   6.3515e-07   3.8751e-07   2.2807e-07   1.2762e-07 
  6.8033e-08   3.4710e-08  -6.8390e-02   1.0236e-03 

########################
# 00000085
########################
RSS 2286.9029588912763
BP 0:
a0:   3.3188e+00   e0:  -4.4829e+00   b0:   2.2620e+02   
P: 
  1.2539e+01  -1.1912e+00   1.5086e+00   1.7048e+00  -4.7693e-01 
 -3.6822e+00   1.8935e+00  -7.9832e-01  -1.3928e+00  -1.1472e+00 
 -2.4793e-01   2.3521e-01  -8.2423e-02  -7.7339e-04  -9.1883e-03 
  4.9157e-03   7.6298e-03  -1.9494e+00   3.0356e+01   2.4336e+01 
  3.4958e+01   1.6230e+01   1.7858e+01   7.6644e+00   1.2400e+00 
  4.4252e-01   1.0904e-01   2.0054e-02   2.2962e-03   2.5583e-03 
  1.0877e-03   7.9882e-05   4.1882e-05   4.4069e-05   2.6414e-06 
  1.1025e-06   6.3515e-07   3.8751e-07   2.2807e-07   1.2762e-07 
  6.8033e-08   3.4710e-08  -6.8390e-02   1.0236e-03 

########################
# 00000086
########################
RSS 2286.902959029531
BP 0:
a0:   3.3188e+00   e0:  -4.4829e+00   b0:   2.2620e+02   
P: 
  1.2539e+01  -1.1912e+00   1.5086e+00   1.7048e+00  -4.7693e-01 
 -3.6822e+00   1.8935e+00  -7.9832e-01  -1.3928e+00  -1.1472e+00 
 -2.4793e-01   2.3521e-01  -8.2423e-02  -7.7339e-04  -9.1883e-03 
  4.9157e-03   7.6298e-03  -1.9494e+00   3.0356e+01   2.4336e+01 
  3.4958e+01   1.6230e+01   1.7858e+01   7.6644e+00   1.2400e+00 
  4.4252e-01   1.0904e-01   2.0054e-02   2.2962e-03   2.5583e-03 
  1.0877e-03   7.9882e-05   4.1882e-05   4.4069e-05   2.6414e-06 
  1.1025e-06   6.3515e-07   3.8751e-07   2.2807e-07   1.2762e-07 
  6.8033e-08   3.4710e-08  -6.8390e-02   1.0236e-03 

########################
# 00000087
########################
RSS 2286.902959030405
BP 0:
a0:   3.3188e+00   e0:  -4.4829e+00   b0:   2.2620e+02   
P: 
  1.2539e+01  -1.1912e+00   1.5086e+00   1.7048e+00  -4.7693e-01 
 -3.6822e+00   1.8935e+00  -7.9832e-01  -1.3928e+00  -1.1472e+00 
 -2.4793e-01   2.3521e-01  -8.2423e-02  -7.7339e-04  -9.1883e-03 
  4.9157e-03   7.6298e-03  -1.9494e+00   3.0356e+01   2.4336e+01 
  3.4958e+01   1.6230e+01   1.7858e+01   7.6644e+00   1.2400e+00 
  4.4252e-01   1.0904e-01   2.0054e-02   2.2962e-03   2.5583e-03 
  1.0877e-03   7.9882e-05   4.1882e-05   4.4069e-05   2.6414e-06 
  1.1025e-06   6.3515e-07   3.8751e-07   2.2807e-07   1.2762e-07 
  6.8033e-08   3.4710e-08  -6.8390e-02   1.0236e-03 

########################
# 00000088
########################
RSS 2286.902960087095
BP 0:
a0:   3.3188e+00   e0:  -4.4829e+00   b0:   2.2620e+02   
P: 
  1.2539e+01  -1.1912e+00   1.5086e+00   1.7048e+00  -4.7693e-01 
 -3.6822e+00   1.8935e+00  -7.9832e-01  -1.3928e+00  -1.1472e+00 
 -2.4793e-01   2.3521e-01  -8.2423e-02  -7.7339e-04  -9.1883e-03 
  4.9157e-03   7.6298e-03  -1.9494e+00   3.0356e+01   2.4336e+01 
  3.4958e+01   1.6230e+01   1.7858e+01   7.6644e+00   1.2400e+00 
  4.4252e-01   1.0904e-01   2.0054e-02   2.2962e-03   2.5583e-03 
  1.0877e-03   7.9882e-05   4.1882e-05   4.4069e-05   2.6414e-06 
  1.1025e-06   6.3515e-07   3.8751e-07   2.2807e-07   1.2762e-07 
  6.8033e-08   3.4710e-08  -6.8390e-02   1.0236e-03 

########################
# 00000089
########################
RSS 2286.9029600871263
BP 0:
a0:   3.3188e+00   e0:  -4.4829e+00   b0:   2.2620e+02   
P: 
  1.2539e+01  -1.1912e+00   1.5086e+00   1.7048e+00  -4.7693e-01 
 -3.6822e+00   1.8935e+00  -7.9832e-01  -1.3928e+00  -1.1472e+00 
 -2.4793e-01   2.3521e-01  -8.2423e-02  -7.7339e-04  -9.1883e-03 
  4.9157e-03   7.6298e-03  -1.9494e+00   3.0356e+01   2.4336e+01 
  3.4958e+01   1.6230e+01   1.7858e+01   7.6644e+00   1.2400e+00 
  4.4252e-01   1.0904e-01   2.0054e-02   2.2962e-03   2.5583e-03 
  1.0877e-03   7.9882e-05   4.1882e-05   4.4069e-05   2.6414e-06 
  1.1025e-06   6.3515e-07   3.8751e-07   2.2807e-07   1.2762e-07 
  6.8033e-08   3.4710e-08  -6.8390e-02   1.0236e-03 

########################
# 00000090
########################
RSS 2286.9029600928234
BP 0:
a0:   3.3188e+00   e0:  -4.4829e+00   b0:   2.2620e+02   
P: 
  1.2539e+01  -1.1912e+00   1.5086e+00   1.7048e+00  -4.7693e-01 
 -3.6822e+00   1.8935e+00  -7.9832e-01  -1.3928e+00  -1.1472e+00 
 -2.4793e-01   2.3521e-01  -8.2423e-02  -7.7339e-04  -9.1883e-03 
  4.9157e-03   7.6298e-03  -1.9494e+00   3.0356e+01   2.4336e+01 
  3.4958e+01   1.6230e+01   1.7858e+01   7.6644e+00   1.2400e+00 
  4.4252e-01   1.0904e-01   2.0054e-02   2.2962e-03   2.5583e-03 
  1.0877e-03   7.9882e-05   4.1882e-05   4.4069e-05   2.6414e-06 
  1.1025e-06   6.3515e-07   3.8751e-07   2.2807e-07   1.2762e-07 
  6.8033e-08   3.4710e-08  -6.8390e-02   1.0236e-03 

########################
# 00000091
########################
RSS 2286.9029602449473
BP 0:
a0:   3.3188e+00   e0:  -4.4829e+00   b0:   2.2620e+02   
P: 
  1.2539e+01  -1.1912e+00   1.5086e+00   1.7048e+00  -4.7693e-01 
 -3.6822e+00   1.8935e+00  -7.9832e-01  -1.3928e+00  -1.1472e+00 
 -2.4793e-01   2.3521e-01  -8.2423e-02  -7.7339e-04  -9.1883e-03 
  4.9157e-03   7.6298e-03  -1.9494e+00   3.0356e+01   2.4336e+01 
  3.4958e+01   1.6230e+01   1.7858e+01   7.6644e+00   1.2400e+00 
  4.4252e-01   1.0904e-01   2.0054e-02   2.2962e-03   2.5583e-03 
  1.0877e-03   7.9882e-05   4.1882e-05   4.4069e-05   2.6414e-06 
  1.1025e-06   6.3515e-07   3.8751e-07   2.2807e-07   1.2762e-07 
  6.8033e-08   3.4710e-08  -6.8390e-02   1.0236e-03 

########################
# 00000092
########################
RSS 2286.902960562702
BP 0:
a0:   3.3188e+00   e0:  -4.4829e+00   b0:   2.2620e+02   
P: 
  1.2539e+01  -1.1912e+00   1.5086e+00   1.7048e+00  -4.7693e-01 
 -3.6822e+00   1.8935e+00  -7.9832e-01  -1.3928e+00  -1.1472e+00 
 -2.4793e-01   2.3521e-01  -8.2423e-02  -7.7339e-04  -9.1883e-03 
  4.9157e-03   7.6298e-03  -1.9494e+00   3.0356e+01   2.4336e+01 
  3.4958e+01   1.6230e+01   1.7858e+01   7.6644e+00   1.2400e+00 
  4.4252e-01   1.0904e-01   2.0054e-02   2.2962e-03   2.5583e-03 
  1.0877e-03   7.9882e-05   4.1882e-05   4.4069e-05   2.6414e-06 
  1.1025e-06   6.3515e-07   3.8751e-07   2.2807e-07   1.2762e-07 
  6.8033e-08   3.4710e-08  -6.8390e-02   1.0236e-03 

########################
# 00000093
########################
RSS 2286.9029610931657
BP 0:
a0:   3.3188e+00   e0:  -4.4829e+00   b0:   2.2620e+02   
P: 
  1.2539e+01  -1.1912e+00   1.5086e+00   1.7048e+00  -4.7693e-01 
 -3.6822e+00   1.8935e+00  -7.9832e-01  -1.3928e+00  -1.1472e+00 
 -2.4793e-01   2.3521e-01  -8.2423e-02  -7.7339e-04  -9.1883e-03 
  4.9157e-03   7.6298e-03  -1.9494e+00   3.0356e+01   2.4336e+01 
  3.4958e+01   1.6230e+01   1.7858e+01   7.6644e+00   1.2400e+00 
  4.4252e-01   1.0904e-01   2.0054e-02   2.2962e-03   2.5583e-03 
  1.0877e-03   7.9882e-05   4.1882e-05   4.4069e-05   2.6414e-06 
  1.1025e-06   6.3515e-07   3.8751e-07   2.2807e-07   1.2762e-07 
  6.8033e-08   3.4710e-08  -6.8390e-02   1.0236e-03 

########################
# 00000094
########################
RSS 2286.902961184545
BP 0:
a0:   3.3188e+00   e0:  -4.4829e+00   b0:   2.2620e+02   
P: 
  1.2539e+01  -1.1912e+00   1.5086e+00   1.7048e+00  -4.7693e-01 
 -3.6822e+00   1.8935e+00  -7.9832e-01  -1.3928e+00  -1.1472e+00 
 -2.4793e-01   2.3521e-01  -8.2423e-02  -7.7339e-04  -9.1883e-03 
  4.9157e-03   7.6298e-03  -1.9494e+00   3.0356e+01   2.4336e+01 
  3.4958e+01   1.6230e+01   1.7858e+01   7.6644e+00   1.2400e+00 
  4.4252e-01   1.0904e-01   2.0054e-02   2.2962e-03   2.5583e-03 
  1.0877e-03   7.9882e-05   4.1882e-05   4.4069e-05   2.6414e-06 
  1.1025e-06   6.3515e-07   3.8751e-07   2.2807e-07   1.2762e-07 
  6.8033e-08   3.4710e-08  -6.8390e-02   1.0236e-03 

########################
# 00000095
########################
RSS 2286.902961207405
BP 0:
a0:   3.3188e+00   e0:  -4.4829e+00   b0:   2.2620e+02   
P: 
  1.2539e+01  -1.1912e+00   1.5086e+00   1.7048e+00  -4.7693e-01 
 -3.6822e+00   1.8935e+00  -7.9832e-01  -1.3928e+00  -1.1472e+00 
 -2.4793e-01   2.3521e-01  -8.2423e-02  -7.7339e-04  -9.1883e-03 
  4.9157e-03   7.6298e-03  -1.9494e+00   3.0356e+01   2.4336e+01 
  3.4958e+01   1.6230e+01   1.7858e+01   7.6644e+00   1.2400e+00 
  4.4252e-01   1.0904e-01   2.0054e-02   2.2962e-03   2.5583e-03 
  1.0877e-03   7.9882e-05   4.1882e-05   4.4069e-05   2.6414e-06 
  1.1025e-06   6.3515e-07   3.8751e-07   2.2807e-07   1.2762e-07 
  6.8033e-08   3.4710e-08  -6.8390e-02   1.0236e-03 

########################
# 00000096
########################
RSS 2286.9029612340764
BP 0:
a0:   3.3188e+00   e0:  -4.4829e+00   b0:   2.2620e+02   
P: 
  1.2539e+01  -1.1912e+00   1.5086e+00   1.7048e+00  -4.7693e-01 
 -3.6822e+00   1.8935e+00  -7.9832e-01  -1.3928e+00  -1.1472e+00 
 -2.4793e-01   2.3521e-01  -8.2423e-02  -7.7339e-04  -9.1883e-03 
  4.9157e-03   7.6298e-03  -1.9494e+00   3.0356e+01   2.4336e+01 
  3.4958e+01   1.6230e+01   1.7858e+01   7.6644e+00   1.2400e+00 
  4.4252e-01   1.0904e-01   2.0054e-02   2.2962e-03   2.5583e-03 
  1.0877e-03   7.9882e-05   4.1882e-05   4.4069e-05   2.6414e-06 
  1.1025e-06   6.3515e-07   3.8751e-07   2.2807e-07   1.2762e-07 
  6.8033e-08   3.4710e-08  -6.8390e-02   1.0236e-03 

########################
# 00000097
########################
RSS 2286.9029613371977
BP 0:
a0:   3.3188e+00   e0:  -4.4829e+00   b0:   2.2620e+02   
P: 
  1.2539e+01  -1.1912e+00   1.5086e+00   1.7048e+00  -4.7693e-01 
 -3.6822e+00   1.8935e+00  -7.9832e-01  -1.3928e+00  -1.1472e+00 
 -2.4793e-01   2.3521e-01  -8.2423e-02  -7.7339e-04  -9.1883e-03 
  4.9157e-03   7.6298e-03  -1.9494e+00   3.0356e+01   2.4336e+01 
  3.4958e+01   1.6230e+01   1.7858e+01   7.6644e+00   1.2400e+00 
  4.4252e-01   1.0904e-01   2.0054e-02   2.2962e-03   2.5583e-03 
  1.0877e-03   7.9882e-05   4.1882e-05   4.4069e-05   2.6414e-06 
  1.1025e-06   6.3515e-07   3.8751e-07   2.2807e-07   1.2762e-07 
  6.8033e-08   3.4710e-08  -6.8390e-02   1.0236e-03 

########################
# 00000098
########################
RSS 2286.9029617147303
BP 0:
a0:   3.3188e+00   e0:  -4.4829e+00   b0:   2.2620e+02   
P: 
  1.2539e+01  -1.1912e+00   1.5086e+00   1.7048e+00  -4.7693e-01 
 -3.6822e+00   1.8935e+00  -7.9832e-01  -1.3928e+00  -1.1472e+00 
 -2.4793e-01   2.3521e-01  -8.2423e-02  -7.7339e-04  -9.1883e-03 
  4.9157e-03   7.6298e-03  -1.9494e+00   3.0356e+01   2.4336e+01 
  3.4958e+01   1.6230e+01   1.7858e+01   7.6644e+00   1.2400e+00 
  4.4252e-01   1.0904e-01   2.0054e-02   2.2962e-03   2.5583e-03 
  1.0877e-03   7.9882e-05   4.1882e-05   4.4069e-05   2.6414e-06 
  1.1025e-06   6.3515e-07   3.8751e-07   2.2807e-07   1.2762e-07 
  6.8033e-08   3.4710e-08  -6.8390e-02   1.0236e-03 

########################
# 00000099
########################
RSS 2286.902961998561
BP 0:
a0:   3.3188e+00   e0:  -4.4829e+00   b0:   2.2620e+02   
P: 
  1.2539e+01  -1.1912e+00   1.5086e+00   1.7048e+00  -4.7693e-01 
 -3.6822e+00   1.8935e+00  -7.9832e-01  -1.3928e+00  -1.1472e+00 
 -2.4793e-01   2.3521e-01  -8.2423e-02  -7.7339e-04  -9.1883e-03 
  4.9157e-03   7.6298e-03  -1.9494e+00   3.0356e+01   2.4336e+01 
  3.4958e+01   1.6230e+01   1.7858e+01   7.6644e+00   1.2400e+00 
  4.4252e-01   1.0904e-01   2.0054e-02   2.2962e-03   2.5583e-03 
  1.0877e-03   7.9882e-05   4.1882e-05   4.4069e-05   2.6414e-06 
  1.1025e-06   6.3515e-07   3.8751e-07   2.2807e-07   1.2762e-07 
  6.8033e-08   3.4710e-08  -6.8390e-02   1.0236e-03 

########################
# 00000100
########################
RSS 2286.9029620389592
BP 0:
a0:   3.3188e+00   e0:  -4.4829e+00   b0:   2.2620e+02   
P: 
  1.2539e+01  -1.1912e+00   1.5086e+00   1.7048e+00  -4.7693e-01 
 -3.6822e+00   1.8935e+00  -7.9832e-01  -1.3928e+00  -1.1472e+00 
 -2.4793e-01   2.3521e-01  -8.2423e-02  -7.7339e-04  -9.1883e-03 
  4.9157e-03   7.6298e-03  -1.9494e+00   3.0356e+01   2.4336e+01 
  3.4958e+01   1.6230e+01   1.7858e+01   7.6644e+00   1.2400e+00 
  4.4252e-01   1.0904e-01   2.0054e-02   2.2962e-03   2.5583e-03 
  1.0877e-03   7.9882e-05   4.1882e-05   4.4069e-05   2.6414e-06 
  1.1025e-06   6.3515e-07   3.8751e-07   2.2807e-07   1.2762e-07 
  6.8033e-08   3.4710e-08  -6.8390e-02   1.0236e-03 

