RSS:  
15715.707711344963

P:  
0.0266054169573
-0.0957574018828
-0.0367717948258
0.166870884924
0.0683545920828
-0.570623094722
-0.401372345853
-0.00194709490793
0.112903903932
0.000855042512467
0.0688038030581
0.0665396015596
-0.0156814226971
-0.000976669416134
2.77505252497e-06
-5.63353693884e-05
0.262389622305
3.96034709491
-5.39216688727
1.17770639863
0.0516014575458

Known:
a0:     3.42
e0:     -4.27
B0:     210.99999999941215
EC:     365.000 137.000 137.000  0.000  0.000  0.000 
        137.000 365.000 137.000  0.000  0.000  0.000 
        137.000 137.000 365.000  0.000  0.000  0.000 
         0.000  0.000  0.000 186.000  0.000  0.000 
         0.000  0.000  0.000  0.000 186.000  0.000 
         0.000  0.000  0.000  0.000  0.000 186.000 

Calculated:
a0:     3.277382213635789
e0:     -4.643774235497194
B0:     276.23238790138635
EC:     368.377 133.688 133.688  0.000  0.000  0.000 
        133.688 368.377 133.688  0.000  0.000  0.000 
        133.688 133.688 368.377  0.000  0.000  0.000 
         0.000  0.000  0.000 164.143  0.000  0.000 
         0.000  0.000  0.000  0.000 164.143  0.000 
         0.000  0.000  0.000  0.000  0.000 164.143 



