RSS:  
5406.111423151329

P:  
1.00166022861
0.985837288397
0.875396067849
-0.0649346814225
-0.00773619311598
0.0179247106197
-0.0066078463905
-0.0123201325181
-0.00271115175151
-0.00272318869706
-0.00698257344673
0.00747260298719
0.03155880741
0.0425361444757
0.00662609496008
-0.00181642077944
-0.0141538471945
0.000929423772538
-0.000980522104351
-1.94938564301
30.3556213379
24.3362083435
34.9576034546
16.2302913666
17.857875824
7.66438293457
1.23997938633
0.442521393299
0.109044238925
0.0200536046177
0.00229621282779
0.00255827326328
0.00108765787445
7.98819164629e-05
4.18824820372e-05
4.40689618699e-05
-9.11542879252
5.4728615811
0.978568204683
0.999776700367
0.938443375893
-0.104892254764
0.00479380740076
9.532202322e-05
0.00907623501638
0.00149528459074
0.00628876287465
0.0294013190715
-0.00316537623813
-0.0108472499301
-0.0172961443709
-0.00735969944191
0.0234484696305
-0.0090253089393
-0.00519974418369
-3.90268876896e-05
0.0011247122701
-1.94938564301
30.3556213379
24.3362083435
34.9576034546
16.2302913666
17.857875824
7.66438293457
1.23997938633
0.442521393299
0.109044238925
0.0200536046177
0.00229621282779
0.00255827326328
0.00108765787445
7.98819164629e-05
4.18824820372e-05
4.40689618699e-05
-9.11093914969
5.46056316427
0.984699291841
0.993459127986
1.07500013908
-0.0429080793191
-0.00156310586641
-0.011561167919
0.0015279964666
0.00857889285204
0.0207359268458
0.0169241881093
0.000798919066447
0.00110185623227
0.0129907094041
0.0161805394088
0.00298404653603
0.0102538376111
0.0252601446503
-0.00128712201545
0.000861506136839

Known:
a0:     3.42
e0:     -4.27
B0:     221.99999999938152
EC:     365.600 141.600 141.600  0.000  0.000  0.000 
        141.600 365.600 141.600  0.000  0.000  0.000 
        141.600 141.600 365.600  0.000  0.000  0.000 
         0.000  0.000  0.000 186.000  0.000  0.000 
         0.000  0.000  0.000  0.000 186.000  0.000 
         0.000  0.000  0.000  0.000  0.000 186.000 

Known:
a0:     3.89
e0:     -3.91
B0:     179.99999999949853
EC:     234.000 176.000 176.000  0.000  0.000  0.000 
        176.000 234.000 176.000  0.000  0.000  0.000 
        176.000 176.000 234.000  0.000  0.000  0.000 
         0.000  0.000  0.000 71.200  0.000  0.000 
         0.000  0.000  0.000  0.000 71.200  0.000 
         0.000  0.000  0.000  0.000  0.000 71.200 

Calculated:
a0:     2.934209598147447
e0:     -4.11205928235765
B0:     80.49487379527858
EC:     122.794 53.720 53.720  0.000  0.000  0.000 
        53.720 122.794 53.720  0.000  0.000  0.000 
        53.720 53.720 122.794  0.000  0.000  0.000 
         0.000  0.000  0.000 114.773  0.000  0.000 
         0.000  0.000  0.000  0.000 114.773  0.000 
         0.000  0.000  0.000  0.000  0.000 114.773 

Calculated:
a0:     2.838739190047859
e0:     -1.9976050694762681
B0:     9.404995611178865
EC:     153.091  9.648  9.648  0.000  0.000  0.000 
         9.648 153.091  9.648  0.000  0.000  0.000 
         9.648  9.648 153.091  0.000  0.000  0.000 
         0.000  0.000  0.000 83.607  0.000  0.000 
         0.000  0.000  0.000  0.000 83.607  0.000 
         0.000  0.000  0.000  0.000  0.000 83.607 



