RSS:  
1625.1027482706604

P:  
-0.154226303355
-0.0392887130332
-0.116104674918
-0.155553501192
-0.098817410238
-0.0606779115934
-0.0954749045178
-0.0652786241632
-0.0130185488363
0.000396591769532
0.00588154963946
0.0052384852442
0.00270994698655
0.00049935416568
-1.10769087952e-05
-1.38266626491e-05
-4.07353695347e-09
-1.94938564301
30.3556213379
24.3362083435
34.9576034546
16.2302913666
17.857875824
7.66438293457
1.23997938633
0.442521393299
0.109044238925
0.0200536046177
0.00229621282779
0.00255827326328
0.00108765787445
7.98819164629e-05
4.18824820372e-05
4.40689618699e-05
2.6413863452e-06
1.10245503038e-06
6.35151934603e-07
3.87506304378e-07
2.28070874186e-07
1.27619927071e-07
6.8033251921e-08
3.47100943543e-08
-0.00172860221937
-0.00051902014702
-0.608999209019

Known:
a0:     3.42
e0:     -4.27
B0:     210.99999999941215
EC:     365.000 137.000 137.000  0.000  0.000  0.000 
        137.000 365.000 137.000  0.000  0.000  0.000 
        137.000 137.000 365.000  0.000  0.000  0.000 
         0.000  0.000  0.000 186.000  0.000  0.000 
         0.000  0.000  0.000  0.000 186.000  0.000 
         0.000  0.000  0.000  0.000  0.000 186.000 

Calculated:
a0:     3.3837492253940376
e0:     -4.394845377334815
B0:     233.87785059058103
EC:     363.379 134.804 134.804  0.000  0.000  0.000 
        134.804 363.379 134.804  0.000  0.000  0.000 
        134.804 134.804 363.379  0.000  0.000  0.000 
         0.000  0.000  0.000 171.729  0.000  0.000 
         0.000  0.000  0.000  0.000 171.729  0.000 
         0.000  0.000  0.000  0.000  0.000 171.729 



