RSS:  
89.45593788740047

P:  
0.0
0.0
0.0
3.54251502994
6.91889257657
-5.02475801569
2.3111590161
-1.61106218132
-2.07277080517
3.740408494
-0.225132613602
0.157984799456
-0.0797521367388
-0.0174868756735
-0.0777330415681
0.0217850392614
0.00226698683048
0.0
-1.94938564301
30.3556213379
24.3362083435
34.9576034546
16.2302913666
17.857875824
7.66438293457
1.23997938633
0.442521393299
0.109044238925
0.0200536046177
0.00229621282779
0.00255827326328
0.00108765787445
7.98819164629e-05
4.18824820372e-05
4.40689618699e-05
-14.709817997
2.01053785972
5.0

Known:
a0:     3.59
e0:     -4.27
B0:     221.99999999938152
EC:     365.600 141.600 233.800  0.000  0.000  0.000 
        141.600 298.700 130.400  0.000  0.000  0.000 
        233.800 130.400 364.600  0.000  0.000  0.000 
         0.000  0.000  0.000 186.300  0.000  0.000 
         0.000  0.000  0.000  0.000 266.800  0.000 
         0.000  0.000  0.000  0.000  0.000 186.300 

Calculated:
a0:     3.4749219498633157
e0:     -4.317473601707977
B0:     227.86037750233584
EC:     349.124 173.467 173.467  0.000  0.000  0.000 
        173.467 349.124 173.467  0.000  0.000  0.000 
        173.467 173.467 349.124  0.000  0.000  0.000 
         0.000  0.000  0.000 208.900  0.000  0.000 
         0.000  0.000  0.000  0.000 208.900  0.000 
         0.000  0.000  0.000  0.000  0.000 208.900 



