RSS:  
1860.8045626113344

P:  
-0.147105
-0.0395197
-0.127682
-0.15481
-0.0994071
-0.0643366
-0.0888769
-0.0588341
-0.0126999
0.00040139
0.00568468
0.00504793
0.00268835
0.00048419
-1.09161e-05
-1.40641e-05
-4.46299e-09
-1.94939
30.3556
24.3362
34.9576
16.2303
17.8579
7.66438
1.23998
0.442521
0.109044
0.0200536
0.00229621
0.00255827
0.00108766
7.98819e-05
4.18825e-05
4.4069e-05
2.64139e-06
1.10246e-06
6.35152e-07
3.87506e-07
2.28071e-07
1.2762e-07
6.80333e-08
3.47101e-08
-0.0017286
-0.00126077
-0.605717

Known:
a0:     3.42
e0:     -4.27
B0:     210.99999999941215
EC:     365.000 137.000 137.000  0.000  0.000  0.000 
        137.000 365.000 137.000  0.000  0.000  0.000 
        137.000 137.000 365.000  0.000  0.000  0.000 
         0.000  0.000  0.000 186.000  0.000  0.000 
         0.000  0.000  0.000  0.000 186.000  0.000 
         0.000  0.000  0.000  0.000  0.000 186.000 

Calculated:
a0:     3.322056071232372
e0:     -4.4835306481929456
B0:     250.002415549131
EC:     357.899 135.753 135.753  0.000  0.000  0.000 
        135.753 357.899 135.753  0.000  0.000  0.000 
        135.753 135.753 357.899  0.000  0.000  0.000 
         0.000  0.000  0.000 180.459  0.000  0.000 
         0.000  0.000  0.000  0.000 180.459  0.000 
         0.000  0.000  0.000  0.000  0.000 180.459 



