########################
# 00000001
########################
RSS 33.18712390802284
BP 0:
a0:   3.9798e+00   e0:  -3.9452e+00   b0:   2.1952e+02   
P: 
 -1.6396e+02  -9.5619e+00  -7.0047e+00  -6.1950e+00  -3.2447e+01 
  5.3571e-01  -1.1881e+00   9.9208e-02  -1.0215e+00  -1.2857e+00 
 -4.5598e-01   1.5088e+00   4.4052e-01  -6.4623e-01   4.4869e-01 
 -7.4219e-02  -2.1539e-02   0.0000e+00  -1.9494e+00   3.0356e+01 
  2.4336e+01   3.4958e+01   1.6230e+01   1.7858e+01   7.6644e+00 
  1.2400e+00   4.4252e-01   1.0904e-01   2.0054e-02   2.2962e-03 
  2.5583e-03   1.0877e-03   7.9882e-05   4.1882e-05   4.4069e-05 
 -1.7885e+01  -8.1076e-01   1.0000e+00 

########################
# 00000002
########################
RSS 40.27742158891803
BP 0:
a0:   4.0171e+00   e0:  -3.8794e+00   b0:   2.2287e+02   
P: 
 -1.8324e+02  -4.4534e+00  -1.2038e+01  -1.1031e+01  -3.1766e+01 
  8.2751e-02  -1.2636e+00   3.5958e-02  -9.4866e-01  -1.2699e+00 
 -4.8986e-01   1.4142e+00   4.2867e-01  -5.9289e-01   4.7626e-01 
 -9.1865e-02  -2.1664e-02   0.0000e+00  -1.9494e+00   3.0356e+01 
  2.4336e+01   3.4958e+01   1.6230e+01   1.7858e+01   7.6644e+00 
  1.2400e+00   4.4252e-01   1.0904e-01   2.0054e-02   2.2962e-03 
  2.5583e-03   1.0877e-03   7.9882e-05   4.1882e-05   4.4069e-05 
 -1.7953e+01  -7.3102e-01   1.0000e+00 

########################
# 00000003
########################
RSS 41.169482831025654
BP 0:
a0:   3.9993e+00   e0:  -3.8983e+00   b0:   2.0697e+02   
P: 
 -1.8198e+02   2.4971e+00  -3.0917e+00  -1.0135e+01  -3.1140e+01 
 -1.2360e-02  -1.1685e+00   4.0600e-05  -8.5056e-01  -1.3400e+00 
 -5.5941e-01   1.4075e+00   5.0357e-01  -5.5206e-01   4.3287e-01 
 -1.7399e-01   1.6640e-02   0.0000e+00  -1.9494e+00   3.0356e+01 
  2.4336e+01   3.4958e+01   1.6230e+01   1.7858e+01   7.6644e+00 
  1.2400e+00   4.4252e-01   1.0904e-01   2.0054e-02   2.2962e-03 
  2.5583e-03   1.0877e-03   7.9882e-05   4.1882e-05   4.4069e-05 
 -1.8113e+01  -8.0991e-01   1.0000e+00 

########################
# 00000004
########################
RSS 42.8947347398563
BP 0:
a0:   4.0040e+00   e0:  -3.8969e+00   b0:   2.1319e+02   
P: 
 -1.8208e+02   2.4983e+00  -4.3396e+00  -1.0134e+01  -3.1142e+01 
  1.1007e+01  -1.1683e+00   6.2195e-06  -8.5072e-01  -1.3398e+00 
 -5.5894e-01   1.4221e+00   5.0936e-01  -5.5269e-01   4.3276e-01 
 -1.7403e-01   1.6585e-02   0.0000e+00  -1.9494e+00   3.0356e+01 
  2.4336e+01   3.4958e+01   1.6230e+01   1.7858e+01   7.6644e+00 
  1.2400e+00   4.4252e-01   1.0904e-01   2.0054e-02   2.2962e-03 
  2.5583e-03   1.0877e-03   7.9882e-05   4.1882e-05   4.4069e-05 
 -1.8113e+01  -8.0976e-01   1.0000e+00 

########################
# 00000005
########################
RSS 43.092763433961835
BP 0:
a0:   4.0034e+00   e0:  -3.9047e+00   b0:   2.1289e+02   
P: 
 -1.8200e+02   2.5078e+00  -4.3404e+00  -1.0102e+01  -3.1154e+01 
 -1.2505e-02  -1.1040e+00   5.1315e-05  -8.5045e-01  -1.3398e+00 
 -5.5900e-01   1.4221e+00   5.0934e-01  -5.5212e-01   4.3260e-01 
 -1.7411e-01   1.6576e-02   0.0000e+00  -1.9494e+00   3.0356e+01 
  2.4336e+01   3.4958e+01   1.6230e+01   1.7858e+01   7.6644e+00 
  1.2400e+00   4.4252e-01   1.0904e-01   2.0054e-02   2.2962e-03 
  2.5583e-03   1.0877e-03   7.9882e-05   4.1882e-05   4.4069e-05 
 -1.8113e+01  -2.7989e+00   1.0000e+00 

########################
# 00000006
########################
RSS 43.23250949443692
BP 0:
a0:   4.0043e+00   e0:  -3.8874e+00   b0:   2.1338e+02   
P: 
 -1.8198e+02   2.5064e+00  -3.0875e+00  -1.0140e+01  -3.1149e+01 
 -1.4683e-02  -1.1683e+00  -3.3087e-05  -8.5066e-01  -1.3399e+00 
 -5.5966e-01   1.4221e+00   5.0942e-01  -5.5309e-01   4.3259e-01 
 -1.7399e-01   1.6666e-02   0.0000e+00  -1.9494e+00   3.0356e+01 
  2.4336e+01   3.4958e+01   1.6230e+01   1.7858e+01   7.6644e+00 
  1.2400e+00   4.4252e-01   1.0904e-01   2.0054e-02   2.2962e-03 
  2.5583e-03   1.0877e-03   7.9882e-05   4.1882e-05   4.4069e-05 
 -1.8114e+01  -8.0983e-01   1.0000e+00 

########################
# 00000007
########################
RSS 43.32341971285056
BP 0:
a0:   4.0027e+00   e0:  -3.9109e+00   b0:   2.1247e+02   
P: 
 -1.8200e+02   2.4796e+00  -4.3397e+00  -1.0134e+01  -3.1140e+01 
  1.1007e+01  -1.1683e+00   2.8363e-06  -8.5062e-01  -1.3398e+00 
 -5.5894e-01   1.4221e+00   5.0936e-01  -5.5206e-01   4.3194e-01 
 -1.7403e-01   1.6623e-02   0.0000e+00  -1.9494e+00   3.0356e+01 
  2.4336e+01   3.4958e+01   1.6230e+01   1.7858e+01   7.6644e+00 
  1.2400e+00   4.4252e-01   1.0904e-01   2.0054e-02   2.2962e-03 
  2.5583e-03   1.0877e-03   7.9882e-05   4.1882e-05   4.4069e-05 
 -1.8113e+01  -8.0979e-01   1.0000e+00 

########################
# 00000008
########################
RSS 43.372148514672766
BP 0:
a0:   4.0033e+00   e0:  -3.9028e+00   b0:   2.1288e+02   
P: 
 -1.8209e+02   2.4280e+00  -4.3398e+00  -1.0134e+01  -3.1140e+01 
 -1.1807e-03  -1.1683e+00   3.4297e-06  -8.5072e-01  -1.3400e+00 
 -5.5882e-01   1.4221e+00   5.0937e-01  -5.5214e-01   4.3194e-01 
 -1.7403e-01   1.6664e-02   0.0000e+00  -1.9494e+00   3.0356e+01 
  2.4336e+01   3.4958e+01   1.6230e+01   1.7858e+01   7.6644e+00 
  1.2400e+00   4.4252e-01   1.0904e-01   2.0054e-02   2.2962e-03 
  2.5583e-03   1.0877e-03   7.9882e-05   4.1882e-05   4.4069e-05 
 -1.8113e+01  -8.0975e-01   1.0000e+00 

########################
# 00000009
########################
RSS 43.387185122985805
BP 0:
a0:   4.0039e+00   e0:  -3.9037e+00   b0:   2.1310e+02   
P: 
 -1.8200e+02   2.5452e+00  -4.3402e+00  -1.0134e+01  -3.2190e+01 
 -1.2775e-02  -1.1683e+00   1.2289e-04  -8.5769e-01  -1.3398e+00 
 -5.5900e-01   1.4221e+00   5.0942e-01  -5.5212e-01   4.3280e-01 
 -1.7419e-01   1.6575e-02   0.0000e+00  -1.9494e+00   3.0356e+01 
  2.4336e+01   3.4958e+01   1.6230e+01   1.7858e+01   7.6644e+00 
  1.2400e+00   4.4252e-01   1.0904e-01   2.0054e-02   2.2962e-03 
  2.5583e-03   1.0877e-03   7.9882e-05   4.1882e-05   4.4069e-05 
 -1.8113e+01  -8.0986e-01   1.0000e+00 

########################
# 00000010
########################
RSS 43.390354182164174
BP 0:
a0:   4.0034e+00   e0:  -3.9082e+00   b0:   2.1276e+02   
P: 
 -1.8199e+02   2.4863e+00  -3.0705e+00  -1.0132e+01  -3.2190e+01 
 -1.3167e-02  -1.1041e+00  -8.2762e-05  -8.5077e-01  -1.3398e+00 
 -5.5893e-01   1.4221e+00   5.0934e-01  -5.5210e-01   4.3259e-01 
 -1.7418e-01   1.6592e-02   0.0000e+00  -1.9494e+00   3.0356e+01 
  2.4336e+01   3.4958e+01   1.6230e+01   1.7858e+01   7.6644e+00 
  1.2400e+00   4.4252e-01   1.0904e-01   2.0054e-02   2.2962e-03 
  2.5583e-03   1.0877e-03   7.9882e-05   4.1882e-05   4.4069e-05 
 -1.8113e+01  -8.0983e-01   1.0000e+00 

########################
# 00000011
########################
RSS 43.3934900387229
BP 0:
a0:   4.0033e+00   e0:  -3.9031e+00   b0:   2.1287e+02   
P: 
 -1.8207e+02   2.4796e+00  -4.3396e+00  -1.0135e+01  -3.1140e+01 
 -1.2339e-02  -1.1683e+00   4.0223e-05  -8.5056e-01  -1.3400e+00 
 -5.5941e-01   1.4221e+00   5.0936e-01  -5.5206e-01   4.3194e-01 
 -1.7399e-01   1.6642e-02   0.0000e+00  -1.9494e+00   3.0356e+01 
  2.4336e+01   3.4958e+01   1.6230e+01   1.7858e+01   7.6644e+00 
  1.2400e+00   4.4252e-01   1.0904e-01   2.0054e-02   2.2962e-03 
  2.5583e-03   1.0877e-03   7.9882e-05   4.1882e-05   4.4069e-05 
 -1.8113e+01  -8.0976e-01   1.0000e+00 

########################
# 00000012
########################
RSS 43.398486825636745
BP 0:
a0:   4.0034e+00   e0:  -3.9048e+00   b0:   2.1288e+02   
P: 
 -1.8200e+02   2.5079e+00  -4.3404e+00  -1.0102e+01  -3.1154e+01 
 -1.2502e-02  -1.1040e+00   5.1732e-05  -8.5045e-01  -1.3398e+00 
 -5.5900e-01   1.4221e+00   5.0934e-01  -5.5212e-01   4.3260e-01 
 -1.7411e-01   1.6576e-02   0.0000e+00  -1.9494e+00   3.0356e+01 
  2.4336e+01   3.4958e+01   1.6230e+01   1.7858e+01   7.6644e+00 
  1.2400e+00   4.4252e-01   1.0904e-01   2.0054e-02   2.2962e-03 
  2.5583e-03   1.0877e-03   7.9882e-05   4.1882e-05   4.4069e-05 
 -1.8113e+01  -2.7989e+00   1.0000e+00 

########################
# 00000013
########################
RSS 43.40647997967753
BP 0:
a0:   4.0034e+00   e0:  -3.9048e+00   b0:   2.1290e+02   
P: 
 -1.8208e+02   2.4985e+00  -4.3399e+00  -1.0102e+01  -3.1154e+01 
  1.1007e+01  -1.1040e+00   2.0441e-06  -8.5072e-01  -1.3398e+00 
 -5.5894e-01   1.4221e+00   5.0936e-01  -5.5212e-01   4.3260e-01 
 -1.7411e-01   1.6575e-02   0.0000e+00  -1.9494e+00   3.0356e+01 
  2.4336e+01   3.4958e+01   1.6230e+01   1.7858e+01   7.6644e+00 
  1.2400e+00   4.4252e-01   1.0904e-01   2.0054e-02   2.2962e-03 
  2.5583e-03   1.0877e-03   7.9882e-05   4.1882e-05   4.4069e-05 
 -1.8113e+01  -2.7989e+00   1.0000e+00 

########################
# 00000014
########################
RSS 43.40669671439807
BP 0:
a0:   4.0034e+00   e0:  -3.9047e+00   b0:   2.1291e+02   
P: 
 -1.8208e+02   2.4986e+00  -3.0914e+00  -1.0134e+01  -3.1142e+01 
 -1.2509e-02  -1.1040e+00   5.0392e-05  -8.5069e-01  -1.3398e+00 
 -5.5894e-01   1.4221e+00   5.0937e-01  -5.5212e-01   4.3260e-01 
 -1.7411e-01   1.6576e-02   0.0000e+00  -1.9494e+00   3.0356e+01 
  2.4336e+01   3.4958e+01   1.6230e+01   1.7858e+01   7.6644e+00 
  1.2400e+00   4.4252e-01   1.0904e-01   2.0054e-02   2.2962e-03 
  2.5583e-03   1.0877e-03   7.9882e-05   4.1882e-05   4.4069e-05 
 -1.8113e+01  -2.7989e+00   1.0000e+00 

########################
# 00000015
########################
RSS 43.40774521592892
BP 0:
a0:   4.0032e+00   e0:  -3.9041e+00   b0:   2.1275e+02   
P: 
 -1.8207e+02   2.4797e+00  -4.3397e+00  -1.0140e+01  -3.1140e+01 
  1.1007e+01  -1.1682e+00   3.7490e-06  -8.5769e-01  -1.3398e+00 
 -5.5949e-01   1.4221e+00   5.0942e-01  -5.5216e-01   4.3194e-01 
 -1.7403e-01   1.6659e-02   0.0000e+00  -1.9494e+00   3.0356e+01 
  2.4336e+01   3.4958e+01   1.6230e+01   1.7858e+01   7.6644e+00 
  1.2400e+00   4.4252e-01   1.0904e-01   2.0054e-02   2.2962e-03 
  2.5583e-03   1.0877e-03   7.9882e-05   4.1882e-05   4.4069e-05 
 -1.8113e+01  -8.0990e-01   1.0000e+00 

########################
# 00000016
########################
RSS 43.4081704637769
BP 0:
a0:   4.0036e+00   e0:  -3.9064e+00   b0:   2.1291e+02   
P: 
 -1.8208e+02   2.5452e+00  -3.0303e+00  -1.0134e+01  -3.1149e+01 
  1.1007e+01  -1.1683e+00   6.2195e-06  -8.5769e-01  -1.3398e+00 
 -5.5901e-01   1.4221e+00   5.0936e-01  -5.5212e-01   4.3276e-01 
 -1.7419e-01   1.6573e-02   0.0000e+00  -1.9494e+00   3.0356e+01 
  2.4336e+01   3.4958e+01   1.6230e+01   1.7858e+01   7.6644e+00 
  1.2400e+00   4.4252e-01   1.0904e-01   2.0054e-02   2.2962e-03 
  2.5583e-03   1.0877e-03   7.9882e-05   4.1882e-05   4.4069e-05 
 -1.8113e+01  -8.0986e-01   1.0000e+00 

########################
# 00000017
########################
RSS 43.4093038324296
BP 0:
a0:   4.0034e+00   e0:  -3.9049e+00   b0:   2.1288e+02   
P: 
 -1.8200e+02   2.4598e+00  -4.3404e+00  -1.0102e+01  -3.1154e+01 
  1.1007e+01  -1.1041e+00   5.1460e-05  -8.5045e-01  -1.3398e+00 
 -5.5897e-01   1.4221e+00   5.0934e-01  -5.5212e-01   4.3260e-01 
 -1.7411e-01   1.6575e-02   0.0000e+00  -1.9494e+00   3.0356e+01 
  2.4336e+01   3.4958e+01   1.6230e+01   1.7858e+01   7.6644e+00 
  1.2400e+00   4.4252e-01   1.0904e-01   2.0054e-02   2.2962e-03 
  2.5583e-03   1.0877e-03   7.9882e-05   4.1882e-05   4.4069e-05 
 -1.8113e+01  -2.7989e+00   1.0000e+00 

########################
# 00000018
########################
RSS 43.412458553025104
BP 0:
a0:   4.0034e+00   e0:  -3.9050e+00   b0:   2.1288e+02   
P: 
 -1.8200e+02   2.5079e+00  -4.3405e+00  -1.0102e+01  -3.1154e+01 
 -1.2504e-02  -1.1040e+00   5.2146e-05  -8.5045e-01  -1.3398e+00 
 -5.5900e-01   1.4221e+00   5.0935e-01  -5.5212e-01   4.3260e-01 
 -1.7411e-01   1.6575e-02   0.0000e+00  -1.9494e+00   3.0356e+01 
  2.4336e+01   3.4958e+01   1.6230e+01   1.7858e+01   7.6644e+00 
  1.2400e+00   4.4252e-01   1.0904e-01   2.0054e-02   2.2962e-03 
  2.5583e-03   1.0877e-03   7.9882e-05   4.1882e-05   4.4069e-05 
 -1.8113e+01  -2.7989e+00   1.0000e+00 

########################
# 00000019
########################
RSS 43.41290456484752
BP 0:
a0:   4.0034e+00   e0:  -3.9049e+00   b0:   2.1288e+02   
P: 
 -1.8200e+02   2.5079e+00  -4.3404e+00  -1.0102e+01  -3.1154e+01 
 -1.2505e-02  -1.1040e+00   5.1696e-05  -8.5045e-01  -1.3398e+00 
 -5.5900e-01   1.4221e+00   5.0935e-01  -5.5212e-01   4.3260e-01 
 -1.7411e-01   1.6575e-02   0.0000e+00  -1.9494e+00   3.0356e+01 
  2.4336e+01   3.4958e+01   1.6230e+01   1.7858e+01   7.6644e+00 
  1.2400e+00   4.4252e-01   1.0904e-01   2.0054e-02   2.2962e-03 
  2.5583e-03   1.0877e-03   7.9882e-05   4.1882e-05   4.4069e-05 
 -1.8113e+01  -2.7989e+00   1.0000e+00 

########################
# 00000020
########################
RSS 43.413257444330426
BP 0:
a0:   4.0034e+00   e0:  -3.9049e+00   b0:   2.1288e+02   
P: 
 -1.8200e+02   2.5078e+00  -4.3404e+00  -1.0102e+01  -3.1154e+01 
 -1.2510e-02  -1.1040e+00   5.0784e-05  -8.5045e-01  -1.3398e+00 
 -5.5900e-01   1.4221e+00   5.0934e-01  -5.5212e-01   4.3260e-01 
 -1.7411e-01   1.6575e-02   0.0000e+00  -1.9494e+00   3.0356e+01 
  2.4336e+01   3.4958e+01   1.6230e+01   1.7858e+01   7.6644e+00 
  1.2400e+00   4.4252e-01   1.0904e-01   2.0054e-02   2.2962e-03 
  2.5583e-03   1.0877e-03   7.9882e-05   4.1882e-05   4.4069e-05 
 -1.8113e+01  -2.7989e+00   1.0000e+00 

########################
# 00000021
########################
RSS 43.413360765825985
BP 0:
a0:   4.0034e+00   e0:  -3.9049e+00   b0:   2.1288e+02   
P: 
 -1.8200e+02   2.5078e+00  -4.3404e+00  -1.0102e+01  -3.1154e+01 
 -1.2509e-02  -1.1040e+00   5.0016e-05  -8.5045e-01  -1.3398e+00 
 -5.5900e-01   1.4221e+00   5.0934e-01  -5.5212e-01   4.3260e-01 
 -1.7411e-01   1.6575e-02   0.0000e+00  -1.9494e+00   3.0356e+01 
  2.4336e+01   3.4958e+01   1.6230e+01   1.7858e+01   7.6644e+00 
  1.2400e+00   4.4252e-01   1.0904e-01   2.0054e-02   2.2962e-03 
  2.5583e-03   1.0877e-03   7.9882e-05   4.1882e-05   4.4069e-05 
 -1.8113e+01  -2.7989e+00   1.0000e+00 

########################
# 00000022
########################
RSS 43.41346572863008
BP 0:
a0:   4.0034e+00   e0:  -3.9049e+00   b0:   2.1288e+02   
P: 
 -1.8200e+02   2.5079e+00  -4.3404e+00  -1.0102e+01  -3.1154e+01 
 -1.2505e-02  -1.1040e+00   5.1460e-05  -8.5045e-01  -1.3398e+00 
 -5.5900e-01   1.4221e+00   5.0934e-01  -5.5212e-01   4.3260e-01 
 -1.7411e-01   1.6575e-02   0.0000e+00  -1.9494e+00   3.0356e+01 
  2.4336e+01   3.4958e+01   1.6230e+01   1.7858e+01   7.6644e+00 
  1.2400e+00   4.4252e-01   1.0904e-01   2.0054e-02   2.2962e-03 
  2.5583e-03   1.0877e-03   7.9882e-05   4.1882e-05   4.4069e-05 
 -1.8113e+01  -2.7989e+00   1.0000e+00 

########################
# 00000023
########################
RSS 43.41350968613346
BP 0:
a0:   4.0034e+00   e0:  -3.9049e+00   b0:   2.1288e+02   
P: 
 -1.8200e+02   2.5078e+00  -4.3404e+00  -1.0102e+01  -3.1154e+01 
 -1.2506e-02  -1.1040e+00   5.1880e-05  -8.5045e-01  -1.3398e+00 
 -5.5900e-01   1.4221e+00   5.0934e-01  -5.5212e-01   4.3260e-01 
 -1.7411e-01   1.6575e-02   0.0000e+00  -1.9494e+00   3.0356e+01 
  2.4336e+01   3.4958e+01   1.6230e+01   1.7858e+01   7.6644e+00 
  1.2400e+00   4.4252e-01   1.0904e-01   2.0054e-02   2.2962e-03 
  2.5583e-03   1.0877e-03   7.9882e-05   4.1882e-05   4.4069e-05 
 -1.8113e+01  -2.7989e+00   1.0000e+00 

########################
# 00000024
########################
RSS 43.41369741476572
BP 0:
a0:   4.0034e+00   e0:  -3.9049e+00   b0:   2.1288e+02   
P: 
 -1.8200e+02   2.5078e+00  -4.3404e+00  -1.0102e+01  -3.1154e+01 
 -1.2506e-02  -1.1040e+00   5.0625e-05  -8.5045e-01  -1.3398e+00 
 -5.5900e-01   1.4221e+00   5.0934e-01  -5.5212e-01   4.3260e-01 
 -1.7411e-01   1.6575e-02   0.0000e+00  -1.9494e+00   3.0356e+01 
  2.4336e+01   3.4958e+01   1.6230e+01   1.7858e+01   7.6644e+00 
  1.2400e+00   4.4252e-01   1.0904e-01   2.0054e-02   2.2962e-03 
  2.5583e-03   1.0877e-03   7.9882e-05   4.1882e-05   4.4069e-05 
 -1.8113e+01  -2.7989e+00   1.0000e+00 

########################
# 00000025
########################
RSS 43.41372371291797
BP 0:
a0:   4.0034e+00   e0:  -3.9049e+00   b0:   2.1288e+02   
P: 
 -1.8200e+02   2.5079e+00  -4.3405e+00  -1.0102e+01  -3.1154e+01 
 -1.2505e-02  -1.1040e+00   5.1956e-05  -8.5045e-01  -1.3398e+00 
 -5.5900e-01   1.4221e+00   5.0934e-01  -5.5212e-01   4.3260e-01 
 -1.7411e-01   1.6575e-02   0.0000e+00  -1.9494e+00   3.0356e+01 
  2.4336e+01   3.4958e+01   1.6230e+01   1.7858e+01   7.6644e+00 
  1.2400e+00   4.4252e-01   1.0904e-01   2.0054e-02   2.2962e-03 
  2.5583e-03   1.0877e-03   7.9882e-05   4.1882e-05   4.4069e-05 
 -1.8113e+01  -2.7989e+00   1.0000e+00 

########################
# 00000026
########################
RSS 43.41372710193452
BP 0:
a0:   4.0034e+00   e0:  -3.9049e+00   b0:   2.1288e+02   
P: 
 -1.8200e+02   2.5079e+00  -4.3404e+00  -1.0102e+01  -3.1154e+01 
 -1.2502e-02  -1.1040e+00   5.1802e-05  -8.5045e-01  -1.3398e+00 
 -5.5900e-01   1.4221e+00   5.0934e-01  -5.5212e-01   4.3260e-01 
 -1.7411e-01   1.6575e-02   0.0000e+00  -1.9494e+00   3.0356e+01 
  2.4336e+01   3.4958e+01   1.6230e+01   1.7858e+01   7.6644e+00 
  1.2400e+00   4.4252e-01   1.0904e-01   2.0054e-02   2.2962e-03 
  2.5583e-03   1.0877e-03   7.9882e-05   4.1882e-05   4.4069e-05 
 -1.8113e+01  -2.7989e+00   1.0000e+00 

########################
# 00000027
########################
RSS 43.41376871991826
BP 0:
a0:   4.0034e+00   e0:  -3.9049e+00   b0:   2.1288e+02   
P: 
 -1.8200e+02   2.5078e+00  -4.3404e+00  -1.0102e+01  -3.1154e+01 
 -1.2503e-02  -1.1040e+00   5.0826e-05  -8.5045e-01  -1.3398e+00 
 -5.5900e-01   1.4221e+00   5.0934e-01  -5.5212e-01   4.3260e-01 
 -1.7411e-01   1.6575e-02   0.0000e+00  -1.9494e+00   3.0356e+01 
  2.4336e+01   3.4958e+01   1.6230e+01   1.7858e+01   7.6644e+00 
  1.2400e+00   4.4252e-01   1.0904e-01   2.0054e-02   2.2962e-03 
  2.5583e-03   1.0877e-03   7.9882e-05   4.1882e-05   4.4069e-05 
 -1.8113e+01  -2.7989e+00   1.0000e+00 

########################
# 00000028
########################
RSS 43.41384050627468
BP 0:
a0:   4.0034e+00   e0:  -3.9048e+00   b0:   2.1288e+02   
P: 
 -1.8200e+02   2.5077e+00  -4.3405e+00  -1.0102e+01  -3.1154e+01 
 -1.2505e-02  -1.1040e+00   5.0311e-05  -8.5045e-01  -1.3398e+00 
 -5.5900e-01   1.4221e+00   5.0934e-01  -5.5212e-01   4.3260e-01 
 -1.7411e-01   1.6575e-02   0.0000e+00  -1.9494e+00   3.0356e+01 
  2.4336e+01   3.4958e+01   1.6230e+01   1.7858e+01   7.6644e+00 
  1.2400e+00   4.4252e-01   1.0904e-01   2.0054e-02   2.2962e-03 
  2.5583e-03   1.0877e-03   7.9882e-05   4.1882e-05   4.4069e-05 
 -1.8113e+01  -2.7989e+00   1.0000e+00 

########################
# 00000029
########################
RSS 43.413931946127356
BP 0:
a0:   4.0034e+00   e0:  -3.9048e+00   b0:   2.1289e+02   
P: 
 -1.8200e+02   2.5078e+00  -4.3404e+00  -1.0102e+01  -3.1154e+01 
 -1.2506e-02  -1.1040e+00   5.1890e-05  -8.5045e-01  -1.3398e+00 
 -5.5900e-01   1.4221e+00   5.0935e-01  -5.5212e-01   4.3260e-01 
 -1.7411e-01   1.6575e-02   0.0000e+00  -1.9494e+00   3.0356e+01 
  2.4336e+01   3.4958e+01   1.6230e+01   1.7858e+01   7.6644e+00 
  1.2400e+00   4.4252e-01   1.0904e-01   2.0054e-02   2.2962e-03 
  2.5583e-03   1.0877e-03   7.9882e-05   4.1882e-05   4.4069e-05 
 -1.8113e+01  -2.7989e+00   1.0000e+00 

########################
# 00000030
########################
RSS 43.41406119837338
BP 0:
a0:   4.0034e+00   e0:  -3.9048e+00   b0:   2.1288e+02   
P: 
 -1.8200e+02   2.5078e+00  -4.3404e+00  -1.0102e+01  -3.1154e+01 
 -1.2508e-02  -1.1040e+00   5.1033e-05  -8.5045e-01  -1.3398e+00 
 -5.5900e-01   1.4221e+00   5.0934e-01  -5.5212e-01   4.3260e-01 
 -1.7411e-01   1.6575e-02   0.0000e+00  -1.9494e+00   3.0356e+01 
  2.4336e+01   3.4958e+01   1.6230e+01   1.7858e+01   7.6644e+00 
  1.2400e+00   4.4252e-01   1.0904e-01   2.0054e-02   2.2962e-03 
  2.5583e-03   1.0877e-03   7.9882e-05   4.1882e-05   4.4069e-05 
 -1.8113e+01  -2.7989e+00   1.0000e+00 

########################
# 00000031
########################
RSS 43.41412036227658
BP 0:
a0:   4.0034e+00   e0:  -3.9048e+00   b0:   2.1288e+02   
P: 
 -1.8200e+02   2.5078e+00  -4.3404e+00  -1.0102e+01  -3.1154e+01 
 -1.2508e-02  -1.1040e+00   5.0973e-05  -8.5045e-01  -1.3398e+00 
 -5.5900e-01   1.4221e+00   5.0934e-01  -5.5212e-01   4.3260e-01 
 -1.7411e-01   1.6575e-02   0.0000e+00  -1.9494e+00   3.0356e+01 
  2.4336e+01   3.4958e+01   1.6230e+01   1.7858e+01   7.6644e+00 
  1.2400e+00   4.4252e-01   1.0904e-01   2.0054e-02   2.2962e-03 
  2.5583e-03   1.0877e-03   7.9882e-05   4.1882e-05   4.4069e-05 
 -1.8113e+01  -2.7989e+00   1.0000e+00 

########################
# 00000032
########################
RSS 43.414167764931854
BP 0:
a0:   4.0034e+00   e0:  -3.9048e+00   b0:   2.1288e+02   
P: 
 -1.8200e+02   2.5077e+00  -4.3404e+00  -1.0102e+01  -3.1154e+01 
 -1.2506e-02  -1.1040e+00   5.0237e-05  -8.5045e-01  -1.3398e+00 
 -5.5900e-01   1.4221e+00   5.0934e-01  -5.5212e-01   4.3260e-01 
 -1.7411e-01   1.6575e-02   0.0000e+00  -1.9494e+00   3.0356e+01 
  2.4336e+01   3.4958e+01   1.6230e+01   1.7858e+01   7.6644e+00 
  1.2400e+00   4.4252e-01   1.0904e-01   2.0054e-02   2.2962e-03 
  2.5583e-03   1.0877e-03   7.9882e-05   4.1882e-05   4.4069e-05 
 -1.8113e+01  -2.7989e+00   1.0000e+00 

########################
# 00000033
########################
RSS 43.41430144227767
BP 0:
a0:   4.0034e+00   e0:  -3.9048e+00   b0:   2.1289e+02   
P: 
 -1.8200e+02   2.5078e+00  -4.3404e+00  -1.0102e+01  -3.1154e+01 
 -1.2507e-02  -1.1040e+00   5.0515e-05  -8.5045e-01  -1.3398e+00 
 -5.5900e-01   1.4221e+00   5.0934e-01  -5.5212e-01   4.3260e-01 
 -1.7411e-01   1.6575e-02   0.0000e+00  -1.9494e+00   3.0356e+01 
  2.4336e+01   3.4958e+01   1.6230e+01   1.7858e+01   7.6644e+00 
  1.2400e+00   4.4252e-01   1.0904e-01   2.0054e-02   2.2962e-03 
  2.5583e-03   1.0877e-03   7.9882e-05   4.1882e-05   4.4069e-05 
 -1.8113e+01  -2.7989e+00   1.0000e+00 

########################
# 00000034
########################
RSS 43.41438139844812
BP 0:
a0:   4.0034e+00   e0:  -3.9048e+00   b0:   2.1289e+02   
P: 
 -1.8200e+02   2.5078e+00  -4.3404e+00  -1.0102e+01  -3.1154e+01 
 -1.2508e-02  -1.1040e+00   5.0699e-05  -8.5045e-01  -1.3398e+00 
 -5.5900e-01   1.4221e+00   5.0934e-01  -5.5212e-01   4.3260e-01 
 -1.7411e-01   1.6576e-02   0.0000e+00  -1.9494e+00   3.0356e+01 
  2.4336e+01   3.4958e+01   1.6230e+01   1.7858e+01   7.6644e+00 
  1.2400e+00   4.4252e-01   1.0904e-01   2.0054e-02   2.2962e-03 
  2.5583e-03   1.0877e-03   7.9882e-05   4.1882e-05   4.4069e-05 
 -1.8113e+01  -2.7989e+00   1.0000e+00 

########################
# 00000035
########################
RSS 43.414428441157575
BP 0:
a0:   4.0034e+00   e0:  -3.9048e+00   b0:   2.1289e+02   
P: 
 -1.8200e+02   2.5077e+00  -4.3405e+00  -1.0102e+01  -3.1154e+01 
 -1.2505e-02  -1.1040e+00   5.0605e-05  -8.5045e-01  -1.3398e+00 
 -5.5900e-01   1.4221e+00   5.0934e-01  -5.5212e-01   4.3260e-01 
 -1.7411e-01   1.6576e-02   0.0000e+00  -1.9494e+00   3.0356e+01 
  2.4336e+01   3.4958e+01   1.6230e+01   1.7858e+01   7.6644e+00 
  1.2400e+00   4.4252e-01   1.0904e-01   2.0054e-02   2.2962e-03 
  2.5583e-03   1.0877e-03   7.9882e-05   4.1882e-05   4.4069e-05 
 -1.8113e+01  -2.7989e+00   1.0000e+00 

########################
# 00000036
########################
RSS 43.41446011182862
BP 0:
a0:   4.0034e+00   e0:  -3.9048e+00   b0:   2.1288e+02   
P: 
 -1.8200e+02   2.5078e+00  -4.3405e+00  -1.0102e+01  -3.1154e+01 
 -1.2509e-02  -1.1040e+00   5.0392e-05  -8.5045e-01  -1.3398e+00 
 -5.5900e-01   1.4221e+00   5.0934e-01  -5.5212e-01   4.3260e-01 
 -1.7411e-01   1.6576e-02   0.0000e+00  -1.9494e+00   3.0356e+01 
  2.4336e+01   3.4958e+01   1.6230e+01   1.7858e+01   7.6644e+00 
  1.2400e+00   4.4252e-01   1.0904e-01   2.0054e-02   2.2962e-03 
  2.5583e-03   1.0877e-03   7.9882e-05   4.1882e-05   4.4069e-05 
 -1.8113e+01  -2.7989e+00   1.0000e+00 

########################
# 00000037
########################
RSS 43.414494626530164
BP 0:
a0:   4.0034e+00   e0:  -3.9047e+00   b0:   2.1289e+02   
P: 
 -1.8200e+02   2.5078e+00  -4.3404e+00  -1.0102e+01  -3.1154e+01 
 -1.2507e-02  -1.1040e+00   5.1030e-05  -8.5045e-01  -1.3398e+00 
 -5.5900e-01   1.4221e+00   5.0934e-01  -5.5212e-01   4.3260e-01 
 -1.7411e-01   1.6576e-02   0.0000e+00  -1.9494e+00   3.0356e+01 
  2.4336e+01   3.4958e+01   1.6230e+01   1.7858e+01   7.6644e+00 
  1.2400e+00   4.4252e-01   1.0904e-01   2.0054e-02   2.2962e-03 
  2.5583e-03   1.0877e-03   7.9882e-05   4.1882e-05   4.4069e-05 
 -1.8113e+01  -2.7989e+00   1.0000e+00 

########################
# 00000038
########################
RSS 43.41462085705707
BP 0:
a0:   4.0034e+00   e0:  -3.9048e+00   b0:   2.1289e+02   
P: 
 -1.8200e+02   2.5078e+00  -4.3404e+00  -1.0102e+01  -3.1154e+01 
 -1.2507e-02  -1.1040e+00   5.1018e-05  -8.5045e-01  -1.3398e+00 
 -5.5900e-01   1.4221e+00   5.0934e-01  -5.5212e-01   4.3260e-01 
 -1.7411e-01   1.6576e-02   0.0000e+00  -1.9494e+00   3.0356e+01 
  2.4336e+01   3.4958e+01   1.6230e+01   1.7858e+01   7.6644e+00 
  1.2400e+00   4.4252e-01   1.0904e-01   2.0054e-02   2.2962e-03 
  2.5583e-03   1.0877e-03   7.9882e-05   4.1882e-05   4.4069e-05 
 -1.8113e+01  -2.7989e+00   1.0000e+00 

########################
# 00000039
########################
RSS 43.4149690256698
BP 0:
a0:   4.0034e+00   e0:  -3.9047e+00   b0:   2.1289e+02   
P: 
 -1.8200e+02   2.5078e+00  -4.3404e+00  -1.0102e+01  -3.1154e+01 
 -1.2512e-02  -1.1040e+00   5.0837e-05  -8.5045e-01  -1.3398e+00 
 -5.5900e-01   1.4221e+00   5.0934e-01  -5.5212e-01   4.3260e-01 
 -1.7411e-01   1.6576e-02   0.0000e+00  -1.9494e+00   3.0356e+01 
  2.4336e+01   3.4958e+01   1.6230e+01   1.7858e+01   7.6644e+00 
  1.2400e+00   4.4252e-01   1.0904e-01   2.0054e-02   2.2962e-03 
  2.5583e-03   1.0877e-03   7.9882e-05   4.1882e-05   4.4069e-05 
 -1.8113e+01  -2.7989e+00   1.0000e+00 

########################
# 00000040
########################
RSS 43.41515186378853
BP 0:
a0:   4.0034e+00   e0:  -3.9047e+00   b0:   2.1289e+02   
P: 
 -1.8200e+02   2.5079e+00  -4.3404e+00  -1.0102e+01  -3.1154e+01 
 -1.2504e-02  -1.1040e+00   5.1149e-05  -8.5045e-01  -1.3398e+00 
 -5.5900e-01   1.4221e+00   5.0934e-01  -5.5212e-01   4.3260e-01 
 -1.7411e-01   1.6576e-02   0.0000e+00  -1.9494e+00   3.0356e+01 
  2.4336e+01   3.4958e+01   1.6230e+01   1.7858e+01   7.6644e+00 
  1.2400e+00   4.4252e-01   1.0904e-01   2.0054e-02   2.2962e-03 
  2.5583e-03   1.0877e-03   7.9882e-05   4.1882e-05   4.4069e-05 
 -1.8113e+01  -2.7989e+00   1.0000e+00 

########################
# 00000041
########################
RSS 43.41519330939107
BP 0:
a0:   4.0034e+00   e0:  -3.9046e+00   b0:   2.1289e+02   
P: 
 -1.8200e+02   2.5078e+00  -4.3404e+00  -1.0102e+01  -3.1154e+01 
 -1.2506e-02  -1.1040e+00   5.1415e-05  -8.5045e-01  -1.3398e+00 
 -5.5900e-01   1.4221e+00   5.0934e-01  -5.5212e-01   4.3260e-01 
 -1.7411e-01   1.6576e-02   0.0000e+00  -1.9494e+00   3.0356e+01 
  2.4336e+01   3.4958e+01   1.6230e+01   1.7858e+01   7.6644e+00 
  1.2400e+00   4.4252e-01   1.0904e-01   2.0054e-02   2.2962e-03 
  2.5583e-03   1.0877e-03   7.9882e-05   4.1882e-05   4.4069e-05 
 -1.8113e+01  -2.7989e+00   1.0000e+00 

########################
# 00000042
########################
RSS 43.41532247511838
BP 0:
a0:   4.0034e+00   e0:  -3.9046e+00   b0:   2.1289e+02   
P: 
 -1.8200e+02   2.5078e+00  -4.3404e+00  -1.0102e+01  -3.1154e+01 
 -1.2510e-02  -1.1040e+00   5.0893e-05  -8.5045e-01  -1.3398e+00 
 -5.5900e-01   1.4221e+00   5.0934e-01  -5.5212e-01   4.3260e-01 
 -1.7411e-01   1.6576e-02   0.0000e+00  -1.9494e+00   3.0356e+01 
  2.4336e+01   3.4958e+01   1.6230e+01   1.7858e+01   7.6644e+00 
  1.2400e+00   4.4252e-01   1.0904e-01   2.0054e-02   2.2962e-03 
  2.5583e-03   1.0877e-03   7.9882e-05   4.1882e-05   4.4069e-05 
 -1.8113e+01  -2.7989e+00   1.0000e+00 

########################
# 00000043
########################
RSS 43.41537837429808
BP 0:
a0:   4.0034e+00   e0:  -3.9047e+00   b0:   2.1289e+02   
P: 
 -1.8200e+02   2.5078e+00  -4.3404e+00  -1.0102e+01  -3.1154e+01 
 -1.2511e-02  -1.1040e+00   5.1203e-05  -8.5045e-01  -1.3398e+00 
 -5.5900e-01   1.4221e+00   5.0934e-01  -5.5212e-01   4.3260e-01 
 -1.7411e-01   1.6576e-02   0.0000e+00  -1.9494e+00   3.0356e+01 
  2.4336e+01   3.4958e+01   1.6230e+01   1.7858e+01   7.6644e+00 
  1.2400e+00   4.4252e-01   1.0904e-01   2.0054e-02   2.2962e-03 
  2.5583e-03   1.0877e-03   7.9882e-05   4.1882e-05   4.4069e-05 
 -1.8113e+01  -2.7989e+00   1.0000e+00 

########################
# 00000044
########################
RSS 43.415695890137556
BP 0:
a0:   4.0034e+00   e0:  -3.9046e+00   b0:   2.1290e+02   
P: 
 -1.8200e+02   2.5078e+00  -4.3405e+00  -1.0102e+01  -3.1154e+01 
 -1.2512e-02  -1.1040e+00   5.0799e-05  -8.5045e-01  -1.3398e+00 
 -5.5900e-01   1.4221e+00   5.0934e-01  -5.5212e-01   4.3260e-01 
 -1.7410e-01   1.6576e-02   0.0000e+00  -1.9494e+00   3.0356e+01 
  2.4336e+01   3.4958e+01   1.6230e+01   1.7858e+01   7.6644e+00 
  1.2400e+00   4.4252e-01   1.0904e-01   2.0054e-02   2.2962e-03 
  2.5583e-03   1.0877e-03   7.9882e-05   4.1882e-05   4.4069e-05 
 -1.8113e+01  -2.7989e+00   1.0000e+00 

########################
# 00000045
########################
RSS 43.417249055668336
BP 0:
a0:   4.0034e+00   e0:  -3.9048e+00   b0:   2.1288e+02   
P: 
 -1.8200e+02   2.5079e+00  -3.0853e+00  -1.0102e+01  -3.1140e+01 
 -1.2585e-02  -1.1040e+00   5.1802e-05  -8.5045e-01  -1.3398e+00 
 -5.5900e-01   1.4221e+00   5.0934e-01  -5.5212e-01   4.3260e-01 
 -1.7411e-01   1.6575e-02   0.0000e+00  -1.9494e+00   3.0356e+01 
  2.4336e+01   3.4958e+01   1.6230e+01   1.7858e+01   7.6644e+00 
  1.2400e+00   4.4252e-01   1.0904e-01   2.0054e-02   2.2962e-03 
  2.5583e-03   1.0877e-03   7.9882e-05   4.1882e-05   4.4069e-05 
 -1.8113e+01  -2.7989e+00   1.0000e+00 

########################
# 00000046
########################
RSS 43.4180891531644
BP 0:
a0:   4.0022e+00   e0:  -3.9113e+00   b0:   2.1207e+02   
P: 
 -1.8207e+02   2.4796e+00  -4.3397e+00  -1.0134e+01  -3.1140e+01 
  1.1007e+01  -1.1683e+00   3.7498e-06  -8.5072e-01  -1.3398e+00 
 -5.5894e-01   1.4221e+00   5.0937e-01  -5.5269e-01   4.3194e-01 
 -1.7403e-01   1.6663e-02   0.0000e+00  -1.9494e+00   3.0356e+01 
  2.4336e+01   3.4958e+01   1.6230e+01   1.7858e+01   7.6644e+00 
  1.2400e+00   4.4252e-01   1.0904e-01   2.0054e-02   2.2962e-03 
  2.5583e-03   1.0877e-03   7.9882e-05   4.1882e-05   4.4069e-05 
 -1.8113e+01  -8.0976e-01   1.0000e+00 

########################
# 00000047
########################
RSS 43.41813403427106
BP 0:
a0:   4.0022e+00   e0:  -3.9113e+00   b0:   2.1207e+02   
P: 
 -1.8207e+02   2.4796e+00  -4.3397e+00  -1.0134e+01  -3.1140e+01 
  1.1007e+01  -1.1683e+00   3.5170e-06  -8.5072e-01  -1.3398e+00 
 -5.5894e-01   1.4221e+00   5.0937e-01  -5.5269e-01   4.3194e-01 
 -1.7403e-01   1.6664e-02   0.0000e+00  -1.9494e+00   3.0356e+01 
  2.4336e+01   3.4958e+01   1.6230e+01   1.7858e+01   7.6644e+00 
  1.2400e+00   4.4252e-01   1.0904e-01   2.0054e-02   2.2962e-03 
  2.5583e-03   1.0877e-03   7.9882e-05   4.1882e-05   4.4069e-05 
 -1.8113e+01  -8.0976e-01   1.0000e+00 

########################
# 00000048
########################
RSS 43.41813654249473
BP 0:
a0:   4.0022e+00   e0:  -3.9113e+00   b0:   2.1207e+02   
P: 
 -1.8207e+02   2.4797e+00  -4.3397e+00  -1.0134e+01  -3.1140e+01 
  1.1007e+01  -1.1683e+00   3.4605e-06  -8.5072e-01  -1.3398e+00 
 -5.5894e-01   1.4221e+00   5.0937e-01  -5.5269e-01   4.3194e-01 
 -1.7403e-01   1.6664e-02   0.0000e+00  -1.9494e+00   3.0356e+01 
  2.4336e+01   3.4958e+01   1.6230e+01   1.7858e+01   7.6644e+00 
  1.2400e+00   4.4252e-01   1.0904e-01   2.0054e-02   2.2962e-03 
  2.5583e-03   1.0877e-03   7.9882e-05   4.1882e-05   4.4069e-05 
 -1.8113e+01  -8.0976e-01   1.0000e+00 

########################
# 00000049
########################
RSS 43.4181443491148
BP 0:
a0:   4.0022e+00   e0:  -3.9111e+00   b0:   2.1208e+02   
P: 
 -1.8207e+02   2.4796e+00  -4.3397e+00  -1.0134e+01  -3.1140e+01 
  1.1007e+01  -1.1683e+00   3.4194e-06  -8.5072e-01  -1.3398e+00 
 -5.5894e-01   1.4221e+00   5.0937e-01  -5.5269e-01   4.3194e-01 
 -1.7403e-01   1.6665e-02   0.0000e+00  -1.9494e+00   3.0356e+01 
  2.4336e+01   3.4958e+01   1.6230e+01   1.7858e+01   7.6644e+00 
  1.2400e+00   4.4252e-01   1.0904e-01   2.0054e-02   2.2962e-03 
  2.5583e-03   1.0877e-03   7.9882e-05   4.1882e-05   4.4069e-05 
 -1.8113e+01  -8.0976e-01   1.0000e+00 

########################
# 00000050
########################
RSS 43.41819206131369
BP 0:
a0:   4.0022e+00   e0:  -3.9111e+00   b0:   2.1208e+02   
P: 
 -1.8207e+02   2.4795e+00  -4.3398e+00  -1.0134e+01  -3.1140e+01 
  1.1007e+01  -1.1683e+00   3.3043e-06  -8.5072e-01  -1.3398e+00 
 -5.5894e-01   1.4221e+00   5.0937e-01  -5.5269e-01   4.3194e-01 
 -1.7403e-01   1.6664e-02   0.0000e+00  -1.9494e+00   3.0356e+01 
  2.4336e+01   3.4958e+01   1.6230e+01   1.7858e+01   7.6644e+00 
  1.2400e+00   4.4252e-01   1.0904e-01   2.0054e-02   2.2962e-03 
  2.5583e-03   1.0877e-03   7.9882e-05   4.1882e-05   4.4069e-05 
 -1.8113e+01  -8.0976e-01   1.0000e+00 

########################
# 00000051
########################
RSS 43.418207036548345
BP 0:
a0:   4.0022e+00   e0:  -3.9112e+00   b0:   2.1208e+02   
P: 
 -1.8207e+02   2.4796e+00  -4.3396e+00  -1.0134e+01  -3.1140e+01 
  1.1007e+01  -1.1683e+00   2.9417e-06  -8.5072e-01  -1.3398e+00 
 -5.5894e-01   1.4221e+00   5.0936e-01  -5.5269e-01   4.3194e-01 
 -1.7403e-01   1.6664e-02   0.0000e+00  -1.9494e+00   3.0356e+01 
  2.4336e+01   3.4958e+01   1.6230e+01   1.7858e+01   7.6644e+00 
  1.2400e+00   4.4252e-01   1.0904e-01   2.0054e-02   2.2962e-03 
  2.5583e-03   1.0877e-03   7.9882e-05   4.1882e-05   4.4069e-05 
 -1.8113e+01  -8.0976e-01   1.0000e+00 

########################
# 00000052
########################
RSS 43.41823241230322
BP 0:
a0:   4.0022e+00   e0:  -3.9113e+00   b0:   2.1207e+02   
P: 
 -1.8207e+02   2.4797e+00  -4.3398e+00  -1.0134e+01  -3.1140e+01 
  1.1007e+01  -1.1683e+00   3.1422e-06  -8.5072e-01  -1.3398e+00 
 -5.5894e-01   1.4221e+00   5.0937e-01  -5.5269e-01   4.3194e-01 
 -1.7403e-01   1.6664e-02   0.0000e+00  -1.9494e+00   3.0356e+01 
  2.4336e+01   3.4958e+01   1.6230e+01   1.7858e+01   7.6644e+00 
  1.2400e+00   4.4252e-01   1.0904e-01   2.0054e-02   2.2962e-03 
  2.5583e-03   1.0877e-03   7.9882e-05   4.1882e-05   4.4069e-05 
 -1.8113e+01  -8.0976e-01   1.0000e+00 

########################
# 00000053
########################
RSS 43.418248341290195
BP 0:
a0:   4.0022e+00   e0:  -3.9113e+00   b0:   2.1207e+02   
P: 
 -1.8207e+02   2.4796e+00  -4.3396e+00  -1.0134e+01  -3.1140e+01 
  1.1007e+01  -1.1683e+00   2.4855e-06  -8.5072e-01  -1.3398e+00 
 -5.5894e-01   1.4221e+00   5.0936e-01  -5.5269e-01   4.3194e-01 
 -1.7403e-01   1.6663e-02   0.0000e+00  -1.9494e+00   3.0356e+01 
  2.4336e+01   3.4958e+01   1.6230e+01   1.7858e+01   7.6644e+00 
  1.2400e+00   4.4252e-01   1.0904e-01   2.0054e-02   2.2962e-03 
  2.5583e-03   1.0877e-03   7.9882e-05   4.1882e-05   4.4069e-05 
 -1.8113e+01  -8.0976e-01   1.0000e+00 

########################
# 00000054
########################
RSS 43.418271992660884
BP 0:
a0:   4.0022e+00   e0:  -3.9113e+00   b0:   2.1207e+02   
P: 
 -1.8207e+02   2.4796e+00  -4.3397e+00  -1.0134e+01  -3.1140e+01 
  1.1007e+01  -1.1683e+00   3.4428e-06  -8.5072e-01  -1.3398e+00 
 -5.5894e-01   1.4221e+00   5.0937e-01  -5.5269e-01   4.3194e-01 
 -1.7403e-01   1.6664e-02   0.0000e+00  -1.9494e+00   3.0356e+01 
  2.4336e+01   3.4958e+01   1.6230e+01   1.7858e+01   7.6644e+00 
  1.2400e+00   4.4252e-01   1.0904e-01   2.0054e-02   2.2962e-03 
  2.5583e-03   1.0877e-03   7.9882e-05   4.1882e-05   4.4069e-05 
 -1.8113e+01  -8.0976e-01   1.0000e+00 

########################
# 00000055
########################
RSS 43.418331015655596
BP 0:
a0:   4.0022e+00   e0:  -3.9112e+00   b0:   2.1208e+02   
P: 
 -1.8207e+02   2.4796e+00  -4.3398e+00  -1.0134e+01  -3.1140e+01 
  1.1007e+01  -1.1683e+00   3.5575e-06  -8.5072e-01  -1.3398e+00 
 -5.5894e-01   1.4221e+00   5.0937e-01  -5.5269e-01   4.3194e-01 
 -1.7403e-01   1.6664e-02   0.0000e+00  -1.9494e+00   3.0356e+01 
  2.4336e+01   3.4958e+01   1.6230e+01   1.7858e+01   7.6644e+00 
  1.2400e+00   4.4252e-01   1.0904e-01   2.0054e-02   2.2962e-03 
  2.5583e-03   1.0877e-03   7.9882e-05   4.1882e-05   4.4069e-05 
 -1.8113e+01  -8.0976e-01   1.0000e+00 

########################
# 00000056
########################
RSS 43.41836084406111
BP 0:
a0:   4.0022e+00   e0:  -3.9113e+00   b0:   2.1207e+02   
P: 
 -1.8207e+02   2.4796e+00  -4.3397e+00  -1.0134e+01  -3.1140e+01 
  1.1007e+01  -1.1683e+00   2.9525e-06  -8.5072e-01  -1.3398e+00 
 -5.5894e-01   1.4221e+00   5.0937e-01  -5.5269e-01   4.3194e-01 
 -1.7403e-01   1.6664e-02   0.0000e+00  -1.9494e+00   3.0356e+01 
  2.4336e+01   3.4958e+01   1.6230e+01   1.7858e+01   7.6644e+00 
  1.2400e+00   4.4252e-01   1.0904e-01   2.0054e-02   2.2962e-03 
  2.5583e-03   1.0877e-03   7.9882e-05   4.1882e-05   4.4069e-05 
 -1.8113e+01  -8.0976e-01   1.0000e+00 

########################
# 00000057
########################
RSS 43.418371209766995
BP 0:
a0:   4.0022e+00   e0:  -3.9113e+00   b0:   2.1207e+02   
P: 
 -1.8207e+02   2.4796e+00  -4.3397e+00  -1.0134e+01  -3.1140e+01 
  1.1007e+01  -1.1683e+00   3.5164e-06  -8.5072e-01  -1.3398e+00 
 -5.5894e-01   1.4221e+00   5.0937e-01  -5.5269e-01   4.3194e-01 
 -1.7403e-01   1.6664e-02   0.0000e+00  -1.9494e+00   3.0356e+01 
  2.4336e+01   3.4958e+01   1.6230e+01   1.7858e+01   7.6644e+00 
  1.2400e+00   4.4252e-01   1.0904e-01   2.0054e-02   2.2962e-03 
  2.5583e-03   1.0877e-03   7.9882e-05   4.1882e-05   4.4069e-05 
 -1.8113e+01  -8.0976e-01   1.0000e+00 

########################
# 00000058
########################
RSS 43.41838188077286
BP 0:
a0:   4.0022e+00   e0:  -3.9113e+00   b0:   2.1207e+02   
P: 
 -1.8207e+02   2.4796e+00  -4.3397e+00  -1.0134e+01  -3.1140e+01 
  1.1007e+01  -1.1683e+00   3.7231e-06  -8.5072e-01  -1.3398e+00 
 -5.5894e-01   1.4221e+00   5.0936e-01  -5.5269e-01   4.3194e-01 
 -1.7403e-01   1.6664e-02   0.0000e+00  -1.9494e+00   3.0356e+01 
  2.4336e+01   3.4958e+01   1.6230e+01   1.7858e+01   7.6644e+00 
  1.2400e+00   4.4252e-01   1.0904e-01   2.0054e-02   2.2962e-03 
  2.5583e-03   1.0877e-03   7.9882e-05   4.1882e-05   4.4069e-05 
 -1.8113e+01  -8.0976e-01   1.0000e+00 

########################
# 00000059
########################
RSS 43.418397155166744
BP 0:
a0:   4.0022e+00   e0:  -3.9113e+00   b0:   2.1207e+02   
P: 
 -1.8207e+02   2.4796e+00  -4.3396e+00  -1.0134e+01  -3.1140e+01 
  1.1007e+01  -1.1683e+00   2.6850e-06  -8.5072e-01  -1.3398e+00 
 -5.5894e-01   1.4221e+00   5.0937e-01  -5.5269e-01   4.3194e-01 
 -1.7403e-01   1.6664e-02   0.0000e+00  -1.9494e+00   3.0356e+01 
  2.4336e+01   3.4958e+01   1.6230e+01   1.7858e+01   7.6644e+00 
  1.2400e+00   4.4252e-01   1.0904e-01   2.0054e-02   2.2962e-03 
  2.5583e-03   1.0877e-03   7.9882e-05   4.1882e-05   4.4069e-05 
 -1.8113e+01  -8.0976e-01   1.0000e+00 

########################
# 00000060
########################
RSS 43.41844327076966
BP 0:
a0:   4.0022e+00   e0:  -3.9112e+00   b0:   2.1208e+02   
P: 
 -1.8207e+02   2.4796e+00  -4.3397e+00  -1.0134e+01  -3.1140e+01 
  1.1007e+01  -1.1683e+00   3.3640e-06  -8.5072e-01  -1.3398e+00 
 -5.5894e-01   1.4221e+00   5.0937e-01  -5.5269e-01   4.3194e-01 
 -1.7403e-01   1.6664e-02   0.0000e+00  -1.9494e+00   3.0356e+01 
  2.4336e+01   3.4958e+01   1.6230e+01   1.7858e+01   7.6644e+00 
  1.2400e+00   4.4252e-01   1.0904e-01   2.0054e-02   2.2962e-03 
  2.5583e-03   1.0877e-03   7.9882e-05   4.1882e-05   4.4069e-05 
 -1.8113e+01  -8.0976e-01   1.0000e+00 

########################
# 00000061
########################
RSS 43.41848200948424
BP 0:
a0:   4.0022e+00   e0:  -3.9112e+00   b0:   2.1208e+02   
P: 
 -1.8207e+02   2.4796e+00  -4.3396e+00  -1.0134e+01  -3.1140e+01 
  1.1007e+01  -1.1683e+00   3.0646e-06  -8.5072e-01  -1.3398e+00 
 -5.5894e-01   1.4221e+00   5.0937e-01  -5.5269e-01   4.3194e-01 
 -1.7403e-01   1.6664e-02   0.0000e+00  -1.9494e+00   3.0356e+01 
  2.4336e+01   3.4958e+01   1.6230e+01   1.7858e+01   7.6644e+00 
  1.2400e+00   4.4252e-01   1.0904e-01   2.0054e-02   2.2962e-03 
  2.5583e-03   1.0877e-03   7.9882e-05   4.1882e-05   4.4069e-05 
 -1.8113e+01  -8.0976e-01   1.0000e+00 

########################
# 00000062
########################
RSS 43.41850132178353
BP 0:
a0:   4.0022e+00   e0:  -3.9113e+00   b0:   2.1207e+02   
P: 
 -1.8207e+02   2.4797e+00  -4.3397e+00  -1.0134e+01  -3.1140e+01 
  1.1007e+01  -1.1683e+00   3.0379e-06  -8.5072e-01  -1.3398e+00 
 -5.5894e-01   1.4221e+00   5.0937e-01  -5.5269e-01   4.3194e-01 
 -1.7403e-01   1.6664e-02   0.0000e+00  -1.9494e+00   3.0356e+01 
  2.4336e+01   3.4958e+01   1.6230e+01   1.7858e+01   7.6644e+00 
  1.2400e+00   4.4252e-01   1.0904e-01   2.0054e-02   2.2962e-03 
  2.5583e-03   1.0877e-03   7.9882e-05   4.1882e-05   4.4069e-05 
 -1.8113e+01  -8.0976e-01   1.0000e+00 

########################
# 00000063
########################
RSS 43.418514249151244
BP 0:
a0:   4.0022e+00   e0:  -3.9113e+00   b0:   2.1207e+02   
P: 
 -1.8207e+02   2.4795e+00  -4.3398e+00  -1.0134e+01  -3.1140e+01 
  1.1007e+01  -1.1683e+00   3.5333e-06  -8.5072e-01  -1.3398e+00 
 -5.5894e-01   1.4221e+00   5.0936e-01  -5.5269e-01   4.3194e-01 
 -1.7403e-01   1.6664e-02   0.0000e+00  -1.9494e+00   3.0356e+01 
  2.4336e+01   3.4958e+01   1.6230e+01   1.7858e+01   7.6644e+00 
  1.2400e+00   4.4252e-01   1.0904e-01   2.0054e-02   2.2962e-03 
  2.5583e-03   1.0877e-03   7.9882e-05   4.1882e-05   4.4069e-05 
 -1.8113e+01  -8.0976e-01   1.0000e+00 

########################
# 00000064
########################
RSS 43.418562695279114
BP 0:
a0:   4.0022e+00   e0:  -3.9114e+00   b0:   2.1207e+02   
P: 
 -1.8207e+02   2.4796e+00  -4.3397e+00  -1.0134e+01  -3.1140e+01 
  1.1007e+01  -1.1683e+00   3.2665e-06  -8.5072e-01  -1.3398e+00 
 -5.5894e-01   1.4221e+00   5.0937e-01  -5.5269e-01   4.3194e-01 
 -1.7403e-01   1.6664e-02   0.0000e+00  -1.9494e+00   3.0356e+01 
  2.4336e+01   3.4958e+01   1.6230e+01   1.7858e+01   7.6644e+00 
  1.2400e+00   4.4252e-01   1.0904e-01   2.0054e-02   2.2962e-03 
  2.5583e-03   1.0877e-03   7.9882e-05   4.1882e-05   4.4069e-05 
 -1.8113e+01  -8.0976e-01   1.0000e+00 

########################
# 00000065
########################
RSS 43.41856497565571
BP 0:
a0:   4.0022e+00   e0:  -3.9112e+00   b0:   2.1208e+02   
P: 
 -1.8207e+02   2.4796e+00  -4.3396e+00  -1.0134e+01  -3.1140e+01 
  1.1007e+01  -1.1683e+00   3.5462e-06  -8.5072e-01  -1.3398e+00 
 -5.5894e-01   1.4221e+00   5.0937e-01  -5.5269e-01   4.3194e-01 
 -1.7403e-01   1.6664e-02   0.0000e+00  -1.9494e+00   3.0356e+01 
  2.4336e+01   3.4958e+01   1.6230e+01   1.7858e+01   7.6644e+00 
  1.2400e+00   4.4252e-01   1.0904e-01   2.0054e-02   2.2962e-03 
  2.5583e-03   1.0877e-03   7.9882e-05   4.1882e-05   4.4069e-05 
 -1.8113e+01  -8.0976e-01   1.0000e+00 

########################
# 00000066
########################
RSS 43.41856646290722
BP 0:
a0:   4.0022e+00   e0:  -3.9114e+00   b0:   2.1207e+02   
P: 
 -1.8207e+02   2.4797e+00  -4.3397e+00  -1.0134e+01  -3.1140e+01 
  1.1007e+01  -1.1683e+00   3.7153e-06  -8.5072e-01  -1.3398e+00 
 -5.5894e-01   1.4221e+00   5.0937e-01  -5.5269e-01   4.3194e-01 
 -1.7403e-01   1.6663e-02   0.0000e+00  -1.9494e+00   3.0356e+01 
  2.4336e+01   3.4958e+01   1.6230e+01   1.7858e+01   7.6644e+00 
  1.2400e+00   4.4252e-01   1.0904e-01   2.0054e-02   2.2962e-03 
  2.5583e-03   1.0877e-03   7.9882e-05   4.1882e-05   4.4069e-05 
 -1.8113e+01  -8.0976e-01   1.0000e+00 

########################
# 00000067
########################
RSS 43.41856884306391
BP 0:
a0:   4.0022e+00   e0:  -3.9113e+00   b0:   2.1207e+02   
P: 
 -1.8207e+02   2.4796e+00  -4.3397e+00  -1.0134e+01  -3.1140e+01 
  1.1007e+01  -1.1683e+00   3.3287e-06  -8.5072e-01  -1.3398e+00 
 -5.5894e-01   1.4221e+00   5.0937e-01  -5.5269e-01   4.3194e-01 
 -1.7403e-01   1.6664e-02   0.0000e+00  -1.9494e+00   3.0356e+01 
  2.4336e+01   3.4958e+01   1.6230e+01   1.7858e+01   7.6644e+00 
  1.2400e+00   4.4252e-01   1.0904e-01   2.0054e-02   2.2962e-03 
  2.5583e-03   1.0877e-03   7.9882e-05   4.1882e-05   4.4069e-05 
 -1.8113e+01  -8.0976e-01   1.0000e+00 

########################
# 00000068
########################
RSS 43.41857070059122
BP 0:
a0:   4.0022e+00   e0:  -3.9113e+00   b0:   2.1207e+02   
P: 
 -1.8207e+02   2.4796e+00  -4.3397e+00  -1.0134e+01  -3.1140e+01 
  1.1007e+01  -1.1683e+00   3.5648e-06  -8.5072e-01  -1.3398e+00 
 -5.5894e-01   1.4221e+00   5.0937e-01  -5.5269e-01   4.3194e-01 
 -1.7403e-01   1.6664e-02   0.0000e+00  -1.9494e+00   3.0356e+01 
  2.4336e+01   3.4958e+01   1.6230e+01   1.7858e+01   7.6644e+00 
  1.2400e+00   4.4252e-01   1.0904e-01   2.0054e-02   2.2962e-03 
  2.5583e-03   1.0877e-03   7.9882e-05   4.1882e-05   4.4069e-05 
 -1.8113e+01  -8.0976e-01   1.0000e+00 

########################
# 00000069
########################
RSS 43.41857982330047
BP 0:
a0:   4.0022e+00   e0:  -3.9113e+00   b0:   2.1207e+02   
P: 
 -1.8207e+02   2.4796e+00  -4.3398e+00  -1.0134e+01  -3.1140e+01 
  1.1007e+01  -1.1683e+00   3.2115e-06  -8.5072e-01  -1.3398e+00 
 -5.5894e-01   1.4221e+00   5.0936e-01  -5.5269e-01   4.3194e-01 
 -1.7403e-01   1.6664e-02   0.0000e+00  -1.9494e+00   3.0356e+01 
  2.4336e+01   3.4958e+01   1.6230e+01   1.7858e+01   7.6644e+00 
  1.2400e+00   4.4252e-01   1.0904e-01   2.0054e-02   2.2962e-03 
  2.5583e-03   1.0877e-03   7.9882e-05   4.1882e-05   4.4069e-05 
 -1.8113e+01  -8.0976e-01   1.0000e+00 

########################
# 00000070
########################
RSS 43.41858309186006
BP 0:
a0:   4.0022e+00   e0:  -3.9114e+00   b0:   2.1207e+02   
P: 
 -1.8207e+02   2.4796e+00  -4.3397e+00  -1.0134e+01  -3.1140e+01 
  1.1007e+01  -1.1683e+00   3.4636e-06  -8.5072e-01  -1.3398e+00 
 -5.5894e-01   1.4221e+00   5.0937e-01  -5.5269e-01   4.3194e-01 
 -1.7403e-01   1.6664e-02   0.0000e+00  -1.9494e+00   3.0356e+01 
  2.4336e+01   3.4958e+01   1.6230e+01   1.7858e+01   7.6644e+00 
  1.2400e+00   4.4252e-01   1.0904e-01   2.0054e-02   2.2962e-03 
  2.5583e-03   1.0877e-03   7.9882e-05   4.1882e-05   4.4069e-05 
 -1.8113e+01  -8.0976e-01   1.0000e+00 

########################
# 00000071
########################
RSS 43.41861759959945
BP 0:
a0:   4.0022e+00   e0:  -3.9113e+00   b0:   2.1207e+02   
P: 
 -1.8207e+02   2.4795e+00  -4.3398e+00  -1.0134e+01  -3.1140e+01 
  1.1007e+01  -1.1683e+00   3.4297e-06  -8.5072e-01  -1.3398e+00 
 -5.5894e-01   1.4221e+00   5.0937e-01  -5.5269e-01   4.3194e-01 
 -1.7403e-01   1.6664e-02   0.0000e+00  -1.9494e+00   3.0356e+01 
  2.4336e+01   3.4958e+01   1.6230e+01   1.7858e+01   7.6644e+00 
  1.2400e+00   4.4252e-01   1.0904e-01   2.0054e-02   2.2962e-03 
  2.5583e-03   1.0877e-03   7.9882e-05   4.1882e-05   4.4069e-05 
 -1.8113e+01  -8.0976e-01   1.0000e+00 

########################
# 00000072
########################
RSS 43.41862184514601
BP 0:
a0:   4.0022e+00   e0:  -3.9114e+00   b0:   2.1207e+02   
P: 
 -1.8207e+02   2.4796e+00  -4.3397e+00  -1.0134e+01  -3.1140e+01 
  1.1007e+01  -1.1683e+00   2.6608e-06  -8.5072e-01  -1.3398e+00 
 -5.5894e-01   1.4221e+00   5.0936e-01  -5.5269e-01   4.3194e-01 
 -1.7403e-01   1.6664e-02   0.0000e+00  -1.9494e+00   3.0356e+01 
  2.4336e+01   3.4958e+01   1.6230e+01   1.7858e+01   7.6644e+00 
  1.2400e+00   4.4252e-01   1.0904e-01   2.0054e-02   2.2962e-03 
  2.5583e-03   1.0877e-03   7.9882e-05   4.1882e-05   4.4069e-05 
 -1.8113e+01  -8.0976e-01   1.0000e+00 

########################
# 00000073
########################
RSS 43.41862286936352
BP 0:
a0:   4.0022e+00   e0:  -3.9113e+00   b0:   2.1207e+02   
P: 
 -1.8207e+02   2.4796e+00  -4.3397e+00  -1.0134e+01  -3.1140e+01 
  1.1007e+01  -1.1683e+00   4.0100e-06  -8.5072e-01  -1.3398e+00 
 -5.5894e-01   1.4221e+00   5.0936e-01  -5.5269e-01   4.3194e-01 
 -1.7403e-01   1.6664e-02   0.0000e+00  -1.9494e+00   3.0356e+01 
  2.4336e+01   3.4958e+01   1.6230e+01   1.7858e+01   7.6644e+00 
  1.2400e+00   4.4252e-01   1.0904e-01   2.0054e-02   2.2962e-03 
  2.5583e-03   1.0877e-03   7.9882e-05   4.1882e-05   4.4069e-05 
 -1.8113e+01  -8.0976e-01   1.0000e+00 

########################
# 00000074
########################
RSS 43.41863866833574
BP 0:
a0:   4.0022e+00   e0:  -3.9114e+00   b0:   2.1207e+02   
P: 
 -1.8207e+02   2.4797e+00  -4.3398e+00  -1.0134e+01  -3.1140e+01 
  1.1007e+01  -1.1683e+00   2.8417e-06  -8.5072e-01  -1.3398e+00 
 -5.5894e-01   1.4221e+00   5.0937e-01  -5.5269e-01   4.3194e-01 
 -1.7403e-01   1.6663e-02   0.0000e+00  -1.9494e+00   3.0356e+01 
  2.4336e+01   3.4958e+01   1.6230e+01   1.7858e+01   7.6644e+00 
  1.2400e+00   4.4252e-01   1.0904e-01   2.0054e-02   2.2962e-03 
  2.5583e-03   1.0877e-03   7.9882e-05   4.1882e-05   4.4069e-05 
 -1.8113e+01  -8.0976e-01   1.0000e+00 

########################
# 00000075
########################
RSS 43.4186434260537
BP 0:
a0:   4.0022e+00   e0:  -3.9112e+00   b0:   2.1207e+02   
P: 
 -1.8207e+02   2.4795e+00  -4.3397e+00  -1.0134e+01  -3.1140e+01 
  1.1007e+01  -1.1683e+00   3.5680e-06  -8.5072e-01  -1.3398e+00 
 -5.5894e-01   1.4221e+00   5.0937e-01  -5.5269e-01   4.3194e-01 
 -1.7403e-01   1.6664e-02   0.0000e+00  -1.9494e+00   3.0356e+01 
  2.4336e+01   3.4958e+01   1.6230e+01   1.7858e+01   7.6644e+00 
  1.2400e+00   4.4252e-01   1.0904e-01   2.0054e-02   2.2962e-03 
  2.5583e-03   1.0877e-03   7.9882e-05   4.1882e-05   4.4069e-05 
 -1.8113e+01  -8.0976e-01   1.0000e+00 

########################
# 00000076
########################
RSS 43.41865144406101
BP 0:
a0:   4.0022e+00   e0:  -3.9114e+00   b0:   2.1207e+02   
P: 
 -1.8207e+02   2.4796e+00  -4.3397e+00  -1.0134e+01  -3.1140e+01 
  1.1007e+01  -1.1683e+00   2.8363e-06  -8.5072e-01  -1.3398e+00 
 -5.5894e-01   1.4221e+00   5.0937e-01  -5.5269e-01   4.3194e-01 
 -1.7403e-01   1.6664e-02   0.0000e+00  -1.9494e+00   3.0356e+01 
  2.4336e+01   3.4958e+01   1.6230e+01   1.7858e+01   7.6644e+00 
  1.2400e+00   4.4252e-01   1.0904e-01   2.0054e-02   2.2962e-03 
  2.5583e-03   1.0877e-03   7.9882e-05   4.1882e-05   4.4069e-05 
 -1.8113e+01  -8.0976e-01   1.0000e+00 

########################
# 00000077
########################
RSS 43.4186722223797
BP 0:
a0:   4.0022e+00   e0:  -3.9113e+00   b0:   2.1207e+02   
P: 
 -1.8207e+02   2.4796e+00  -4.3397e+00  -1.0134e+01  -3.1140e+01 
  1.1007e+01  -1.1683e+00   3.5213e-06  -8.5072e-01  -1.3398e+00 
 -5.5894e-01   1.4221e+00   5.0936e-01  -5.5269e-01   4.3194e-01 
 -1.7403e-01   1.6664e-02   0.0000e+00  -1.9494e+00   3.0356e+01 
  2.4336e+01   3.4958e+01   1.6230e+01   1.7858e+01   7.6644e+00 
  1.2400e+00   4.4252e-01   1.0904e-01   2.0054e-02   2.2962e-03 
  2.5583e-03   1.0877e-03   7.9882e-05   4.1882e-05   4.4069e-05 
 -1.8113e+01  -8.0976e-01   1.0000e+00 

########################
# 00000078
########################
RSS 43.41869481790563
BP 0:
a0:   4.0022e+00   e0:  -3.9112e+00   b0:   2.1208e+02   
P: 
 -1.8207e+02   2.4796e+00  -4.3397e+00  -1.0134e+01  -3.1140e+01 
  1.1007e+01  -1.1683e+00   3.1996e-06  -8.5072e-01  -1.3398e+00 
 -5.5894e-01   1.4221e+00   5.0936e-01  -5.5269e-01   4.3194e-01 
 -1.7403e-01   1.6665e-02   0.0000e+00  -1.9494e+00   3.0356e+01 
  2.4336e+01   3.4958e+01   1.6230e+01   1.7858e+01   7.6644e+00 
  1.2400e+00   4.4252e-01   1.0904e-01   2.0054e-02   2.2962e-03 
  2.5583e-03   1.0877e-03   7.9882e-05   4.1882e-05   4.4069e-05 
 -1.8113e+01  -8.0976e-01   1.0000e+00 

########################
# 00000079
########################
RSS 43.418719103483355
BP 0:
a0:   4.0022e+00   e0:  -3.9114e+00   b0:   2.1207e+02   
P: 
 -1.8207e+02   2.4797e+00  -4.3397e+00  -1.0134e+01  -3.1140e+01 
  1.1007e+01  -1.1683e+00   3.1038e-06  -8.5072e-01  -1.3398e+00 
 -5.5894e-01   1.4221e+00   5.0936e-01  -5.5269e-01   4.3194e-01 
 -1.7403e-01   1.6664e-02   0.0000e+00  -1.9494e+00   3.0356e+01 
  2.4336e+01   3.4958e+01   1.6230e+01   1.7858e+01   7.6644e+00 
  1.2400e+00   4.4252e-01   1.0904e-01   2.0054e-02   2.2962e-03 
  2.5583e-03   1.0877e-03   7.9882e-05   4.1882e-05   4.4069e-05 
 -1.8113e+01  -8.0976e-01   1.0000e+00 

########################
# 00000080
########################
RSS 43.418724160379995
BP 0:
a0:   4.0022e+00   e0:  -3.9113e+00   b0:   2.1207e+02   
P: 
 -1.8207e+02   2.4796e+00  -4.3396e+00  -1.0134e+01  -3.1140e+01 
  1.1007e+01  -1.1683e+00   3.1538e-06  -8.5072e-01  -1.3398e+00 
 -5.5894e-01   1.4221e+00   5.0937e-01  -5.5269e-01   4.3194e-01 
 -1.7403e-01   1.6664e-02   0.0000e+00  -1.9494e+00   3.0356e+01 
  2.4336e+01   3.4958e+01   1.6230e+01   1.7858e+01   7.6644e+00 
  1.2400e+00   4.4252e-01   1.0904e-01   2.0054e-02   2.2962e-03 
  2.5583e-03   1.0877e-03   7.9882e-05   4.1882e-05   4.4069e-05 
 -1.8113e+01  -8.0976e-01   1.0000e+00 

########################
# 00000081
########################
RSS 43.41873912557184
BP 0:
a0:   4.0022e+00   e0:  -3.9112e+00   b0:   2.1208e+02   
P: 
 -1.8207e+02   2.4795e+00  -4.3396e+00  -1.0134e+01  -3.1140e+01 
  1.1007e+01  -1.1683e+00   3.3392e-06  -8.5072e-01  -1.3398e+00 
 -5.5894e-01   1.4221e+00   5.0936e-01  -5.5269e-01   4.3194e-01 
 -1.7403e-01   1.6664e-02   0.0000e+00  -1.9494e+00   3.0356e+01 
  2.4336e+01   3.4958e+01   1.6230e+01   1.7858e+01   7.6644e+00 
  1.2400e+00   4.4252e-01   1.0904e-01   2.0054e-02   2.2962e-03 
  2.5583e-03   1.0877e-03   7.9882e-05   4.1882e-05   4.4069e-05 
 -1.8113e+01  -8.0976e-01   1.0000e+00 

########################
# 00000082
########################
RSS 43.418762876842706
BP 0:
a0:   4.0022e+00   e0:  -3.9113e+00   b0:   2.1207e+02   
P: 
 -1.8207e+02   2.4796e+00  -4.3397e+00  -1.0134e+01  -3.1140e+01 
  1.1007e+01  -1.1683e+00   3.1690e-06  -8.5072e-01  -1.3398e+00 
 -5.5894e-01   1.4221e+00   5.0937e-01  -5.5269e-01   4.3194e-01 
 -1.7403e-01   1.6664e-02   0.0000e+00  -1.9494e+00   3.0356e+01 
  2.4336e+01   3.4958e+01   1.6230e+01   1.7858e+01   7.6644e+00 
  1.2400e+00   4.4252e-01   1.0904e-01   2.0054e-02   2.2962e-03 
  2.5583e-03   1.0877e-03   7.9882e-05   4.1882e-05   4.4069e-05 
 -1.8113e+01  -8.0976e-01   1.0000e+00 

########################
# 00000083
########################
RSS 43.41878480401613
BP 0:
a0:   4.0022e+00   e0:  -3.9112e+00   b0:   2.1208e+02   
P: 
 -1.8207e+02   2.4795e+00  -4.3396e+00  -1.0134e+01  -3.1140e+01 
  1.1007e+01  -1.1683e+00   3.0738e-06  -8.5072e-01  -1.3398e+00 
 -5.5894e-01   1.4221e+00   5.0937e-01  -5.5269e-01   4.3194e-01 
 -1.7403e-01   1.6665e-02   0.0000e+00  -1.9494e+00   3.0356e+01 
  2.4336e+01   3.4958e+01   1.6230e+01   1.7858e+01   7.6644e+00 
  1.2400e+00   4.4252e-01   1.0904e-01   2.0054e-02   2.2962e-03 
  2.5583e-03   1.0877e-03   7.9882e-05   4.1882e-05   4.4069e-05 
 -1.8113e+01  -8.0976e-01   1.0000e+00 

########################
# 00000084
########################
RSS 43.41879421475351
BP 0:
a0:   4.0022e+00   e0:  -3.9115e+00   b0:   2.1206e+02   
P: 
 -1.8207e+02   2.4796e+00  -4.3398e+00  -1.0134e+01  -3.1140e+01 
  1.1007e+01  -1.1683e+00   3.5778e-06  -8.5072e-01  -1.3398e+00 
 -5.5894e-01   1.4221e+00   5.0937e-01  -5.5269e-01   4.3194e-01 
 -1.7403e-01   1.6664e-02   0.0000e+00  -1.9494e+00   3.0356e+01 
  2.4336e+01   3.4958e+01   1.6230e+01   1.7858e+01   7.6644e+00 
  1.2400e+00   4.4252e-01   1.0904e-01   2.0054e-02   2.2962e-03 
  2.5583e-03   1.0877e-03   7.9882e-05   4.1882e-05   4.4069e-05 
 -1.8113e+01  -8.0976e-01   1.0000e+00 

########################
# 00000085
########################
RSS 43.41880758399414
BP 0:
a0:   4.0022e+00   e0:  -3.9113e+00   b0:   2.1207e+02   
P: 
 -1.8207e+02   2.4796e+00  -4.3397e+00  -1.0134e+01  -3.1140e+01 
  1.1007e+01  -1.1683e+00   3.5899e-06  -8.5072e-01  -1.3398e+00 
 -5.5894e-01   1.4221e+00   5.0937e-01  -5.5269e-01   4.3194e-01 
 -1.7403e-01   1.6664e-02   0.0000e+00  -1.9494e+00   3.0356e+01 
  2.4336e+01   3.4958e+01   1.6230e+01   1.7858e+01   7.6644e+00 
  1.2400e+00   4.4252e-01   1.0904e-01   2.0054e-02   2.2962e-03 
  2.5583e-03   1.0877e-03   7.9882e-05   4.1882e-05   4.4069e-05 
 -1.8113e+01  -8.0976e-01   1.0000e+00 

########################
# 00000086
########################
RSS 43.418824713703174
BP 0:
a0:   4.0022e+00   e0:  -3.9113e+00   b0:   2.1207e+02   
P: 
 -1.8207e+02   2.4796e+00  -4.3397e+00  -1.0134e+01  -3.1140e+01 
  1.1007e+01  -1.1683e+00   3.9438e-06  -8.5072e-01  -1.3398e+00 
 -5.5894e-01   1.4221e+00   5.0936e-01  -5.5269e-01   4.3194e-01 
 -1.7403e-01   1.6664e-02   0.0000e+00  -1.9494e+00   3.0356e+01 
  2.4336e+01   3.4958e+01   1.6230e+01   1.7858e+01   7.6644e+00 
  1.2400e+00   4.4252e-01   1.0904e-01   2.0054e-02   2.2962e-03 
  2.5583e-03   1.0877e-03   7.9882e-05   4.1882e-05   4.4069e-05 
 -1.8113e+01  -8.0976e-01   1.0000e+00 

########################
# 00000087
########################
RSS 43.418826352443325
BP 0:
a0:   4.0022e+00   e0:  -3.9113e+00   b0:   2.1207e+02   
P: 
 -1.8207e+02   2.4796e+00  -4.3397e+00  -1.0134e+01  -3.1140e+01 
  1.1007e+01  -1.1683e+00   3.3344e-06  -8.5072e-01  -1.3398e+00 
 -5.5894e-01   1.4221e+00   5.0937e-01  -5.5269e-01   4.3194e-01 
 -1.7403e-01   1.6664e-02   0.0000e+00  -1.9494e+00   3.0356e+01 
  2.4336e+01   3.4958e+01   1.6230e+01   1.7858e+01   7.6644e+00 
  1.2400e+00   4.4252e-01   1.0904e-01   2.0054e-02   2.2962e-03 
  2.5583e-03   1.0877e-03   7.9882e-05   4.1882e-05   4.4069e-05 
 -1.8113e+01  -8.0976e-01   1.0000e+00 

########################
# 00000088
########################
RSS 43.4188347900597
BP 0:
a0:   4.0022e+00   e0:  -3.9113e+00   b0:   2.1207e+02   
P: 
 -1.8207e+02   2.4796e+00  -4.3397e+00  -1.0134e+01  -3.1140e+01 
  1.1007e+01  -1.1683e+00   2.7345e-06  -8.5072e-01  -1.3398e+00 
 -5.5894e-01   1.4221e+00   5.0937e-01  -5.5269e-01   4.3194e-01 
 -1.7403e-01   1.6664e-02   0.0000e+00  -1.9494e+00   3.0356e+01 
  2.4336e+01   3.4958e+01   1.6230e+01   1.7858e+01   7.6644e+00 
  1.2400e+00   4.4252e-01   1.0904e-01   2.0054e-02   2.2962e-03 
  2.5583e-03   1.0877e-03   7.9882e-05   4.1882e-05   4.4069e-05 
 -1.8113e+01  -8.0976e-01   1.0000e+00 

########################
# 00000089
########################
RSS 43.41885596200994
BP 0:
a0:   4.0022e+00   e0:  -3.9112e+00   b0:   2.1208e+02   
P: 
 -1.8207e+02   2.4795e+00  -4.3397e+00  -1.0134e+01  -3.1140e+01 
  1.1007e+01  -1.1683e+00   3.6315e-06  -8.5072e-01  -1.3398e+00 
 -5.5894e-01   1.4221e+00   5.0936e-01  -5.5269e-01   4.3194e-01 
 -1.7403e-01   1.6665e-02   0.0000e+00  -1.9494e+00   3.0356e+01 
  2.4336e+01   3.4958e+01   1.6230e+01   1.7858e+01   7.6644e+00 
  1.2400e+00   4.4252e-01   1.0904e-01   2.0054e-02   2.2962e-03 
  2.5583e-03   1.0877e-03   7.9882e-05   4.1882e-05   4.4069e-05 
 -1.8113e+01  -8.0976e-01   1.0000e+00 

########################
# 00000090
########################
RSS 43.418887089416714
BP 0:
a0:   4.0022e+00   e0:  -3.9115e+00   b0:   2.1206e+02   
P: 
 -1.8207e+02   2.4796e+00  -4.3396e+00  -1.0134e+01  -3.1140e+01 
  1.1007e+01  -1.1683e+00   2.2584e-06  -8.5072e-01  -1.3398e+00 
 -5.5894e-01   1.4221e+00   5.0936e-01  -5.5269e-01   4.3194e-01 
 -1.7403e-01   1.6663e-02   0.0000e+00  -1.9494e+00   3.0356e+01 
  2.4336e+01   3.4958e+01   1.6230e+01   1.7858e+01   7.6644e+00 
  1.2400e+00   4.4252e-01   1.0904e-01   2.0054e-02   2.2962e-03 
  2.5583e-03   1.0877e-03   7.9882e-05   4.1882e-05   4.4069e-05 
 -1.8113e+01  -8.0976e-01   1.0000e+00 

########################
# 00000091
########################
RSS 43.41889065770297
BP 0:
a0:   4.0022e+00   e0:  -3.9112e+00   b0:   2.1208e+02   
P: 
 -1.8207e+02   2.4796e+00  -4.3397e+00  -1.0134e+01  -3.1140e+01 
  1.1007e+01  -1.1683e+00   3.7638e-06  -8.5072e-01  -1.3398e+00 
 -5.5894e-01   1.4221e+00   5.0937e-01  -5.5269e-01   4.3194e-01 
 -1.7403e-01   1.6664e-02   0.0000e+00  -1.9494e+00   3.0356e+01 
  2.4336e+01   3.4958e+01   1.6230e+01   1.7858e+01   7.6644e+00 
  1.2400e+00   4.4252e-01   1.0904e-01   2.0054e-02   2.2962e-03 
  2.5583e-03   1.0877e-03   7.9882e-05   4.1882e-05   4.4069e-05 
 -1.8113e+01  -8.0976e-01   1.0000e+00 

########################
# 00000092
########################
RSS 43.41892004367986
BP 0:
a0:   4.0022e+00   e0:  -3.9113e+00   b0:   2.1207e+02   
P: 
 -1.8207e+02   2.4796e+00  -4.3396e+00  -1.0134e+01  -3.1140e+01 
  1.1007e+01  -1.1683e+00   3.2186e-06  -8.5072e-01  -1.3398e+00 
 -5.5894e-01   1.4221e+00   5.0936e-01  -5.5269e-01   4.3194e-01 
 -1.7403e-01   1.6664e-02   0.0000e+00  -1.9494e+00   3.0356e+01 
  2.4336e+01   3.4958e+01   1.6230e+01   1.7858e+01   7.6644e+00 
  1.2400e+00   4.4252e-01   1.0904e-01   2.0054e-02   2.2962e-03 
  2.5583e-03   1.0877e-03   7.9882e-05   4.1882e-05   4.4069e-05 
 -1.8113e+01  -8.0976e-01   1.0000e+00 

########################
# 00000093
########################
RSS 43.41893955913985
BP 0:
a0:   4.0022e+00   e0:  -3.9113e+00   b0:   2.1207e+02   
P: 
 -1.8207e+02   2.4796e+00  -4.3396e+00  -1.0134e+01  -3.1140e+01 
  1.1007e+01  -1.1683e+00   3.4306e-06  -8.5072e-01  -1.3398e+00 
 -5.5894e-01   1.4221e+00   5.0936e-01  -5.5269e-01   4.3194e-01 
 -1.7403e-01   1.6664e-02   0.0000e+00  -1.9494e+00   3.0356e+01 
  2.4336e+01   3.4958e+01   1.6230e+01   1.7858e+01   7.6644e+00 
  1.2400e+00   4.4252e-01   1.0904e-01   2.0054e-02   2.2962e-03 
  2.5583e-03   1.0877e-03   7.9882e-05   4.1882e-05   4.4069e-05 
 -1.8113e+01  -8.0976e-01   1.0000e+00 

########################
# 00000094
########################
RSS 43.41898769608797
BP 0:
a0:   4.0022e+00   e0:  -3.9114e+00   b0:   2.1207e+02   
P: 
 -1.8207e+02   2.4796e+00  -4.3397e+00  -1.0134e+01  -3.1140e+01 
  1.1007e+01  -1.1683e+00   3.5899e-06  -8.5072e-01  -1.3398e+00 
 -5.5894e-01   1.4221e+00   5.0936e-01  -5.5269e-01   4.3194e-01 
 -1.7403e-01   1.6664e-02   0.0000e+00  -1.9494e+00   3.0356e+01 
  2.4336e+01   3.4958e+01   1.6230e+01   1.7858e+01   7.6644e+00 
  1.2400e+00   4.4252e-01   1.0904e-01   2.0054e-02   2.2962e-03 
  2.5583e-03   1.0877e-03   7.9882e-05   4.1882e-05   4.4069e-05 
 -1.8113e+01  -8.0976e-01   1.0000e+00 

########################
# 00000095
########################
RSS 43.419027470367965
BP 0:
a0:   4.0022e+00   e0:  -3.9114e+00   b0:   2.1207e+02   
P: 
 -1.8207e+02   2.4796e+00  -4.3397e+00  -1.0134e+01  -3.1140e+01 
  1.1007e+01  -1.1683e+00   3.9402e-06  -8.5072e-01  -1.3398e+00 
 -5.5894e-01   1.4221e+00   5.0937e-01  -5.5269e-01   4.3194e-01 
 -1.7403e-01   1.6664e-02   0.0000e+00  -1.9494e+00   3.0356e+01 
  2.4336e+01   3.4958e+01   1.6230e+01   1.7858e+01   7.6644e+00 
  1.2400e+00   4.4252e-01   1.0904e-01   2.0054e-02   2.2962e-03 
  2.5583e-03   1.0877e-03   7.9882e-05   4.1882e-05   4.4069e-05 
 -1.8113e+01  -8.0976e-01   1.0000e+00 

########################
# 00000096
########################
RSS 43.419033890604496
BP 0:
a0:   4.0022e+00   e0:  -3.9114e+00   b0:   2.1207e+02   
P: 
 -1.8207e+02   2.4796e+00  -4.3397e+00  -1.0134e+01  -3.1140e+01 
  1.1007e+01  -1.1683e+00   2.9449e-06  -8.5072e-01  -1.3398e+00 
 -5.5894e-01   1.4221e+00   5.0937e-01  -5.5269e-01   4.3194e-01 
 -1.7403e-01   1.6664e-02   0.0000e+00  -1.9494e+00   3.0356e+01 
  2.4336e+01   3.4958e+01   1.6230e+01   1.7858e+01   7.6644e+00 
  1.2400e+00   4.4252e-01   1.0904e-01   2.0054e-02   2.2962e-03 
  2.5583e-03   1.0877e-03   7.9882e-05   4.1882e-05   4.4069e-05 
 -1.8113e+01  -8.0976e-01   1.0000e+00 

########################
# 00000097
########################
RSS 43.419133482747945
BP 0:
a0:   4.0040e+00   e0:  -3.9005e+00   b0:   2.1326e+02   
P: 
 -1.8207e+02   2.4949e+00  -3.0895e+00  -1.0132e+01  -3.1149e+01 
 -1.3560e-02  -1.1041e+00   1.3598e-04  -8.5769e-01  -1.3401e+00 
 -5.5893e-01   1.4221e+00   5.0942e-01  -5.5210e-01   4.3258e-01 
 -1.7411e-01   1.6592e-02   0.0000e+00  -1.9494e+00   3.0356e+01 
  2.4336e+01   3.4958e+01   1.6230e+01   1.7858e+01   7.6644e+00 
  1.2400e+00   4.4252e-01   1.0904e-01   2.0054e-02   2.2962e-03 
  2.5583e-03   1.0877e-03   7.9882e-05   4.1882e-05   4.4069e-05 
 -1.8113e+01  -8.0983e-01   1.0000e+00 

########################
# 00000098
########################
RSS 43.41915598987284
BP 0:
a0:   4.0022e+00   e0:  -3.9114e+00   b0:   2.1206e+02   
P: 
 -1.8207e+02   2.4984e+00  -4.3398e+00  -1.0134e+01  -3.1142e+01 
  1.1007e+01  -1.1683e+00   3.5316e-06  -8.5072e-01  -1.3398e+00 
 -5.5894e-01   1.4221e+00   5.0936e-01  -5.5269e-01   4.3194e-01 
 -1.7403e-01   1.6664e-02   0.0000e+00  -1.9494e+00   3.0356e+01 
  2.4336e+01   3.4958e+01   1.6230e+01   1.7858e+01   7.6644e+00 
  1.2400e+00   4.4252e-01   1.0904e-01   2.0054e-02   2.2962e-03 
  2.5583e-03   1.0877e-03   7.9882e-05   4.1882e-05   4.4069e-05 
 -1.8113e+01  -8.0976e-01   1.0000e+00 

########################
# 00000099
########################
RSS 43.419234153613424
BP 0:
a0:   4.0022e+00   e0:  -3.9115e+00   b0:   2.1206e+02   
P: 
 -1.8207e+02   2.4797e+00  -4.3397e+00  -1.0134e+01  -3.1140e+01 
  1.1007e+01  -1.1683e+00   3.7490e-06  -8.5072e-01  -1.3398e+00 
 -5.5894e-01   1.4221e+00   5.0937e-01  -5.5269e-01   4.3194e-01 
 -1.7403e-01   1.6663e-02   0.0000e+00  -1.9494e+00   3.0356e+01 
  2.4336e+01   3.4958e+01   1.6230e+01   1.7858e+01   7.6644e+00 
  1.2400e+00   4.4252e-01   1.0904e-01   2.0054e-02   2.2962e-03 
  2.5583e-03   1.0877e-03   7.9882e-05   4.1882e-05   4.4069e-05 
 -1.8113e+01  -8.0976e-01   1.0000e+00 

########################
# 00000100
########################
RSS 43.419252557242864
BP 0:
a0:   4.0022e+00   e0:  -3.9114e+00   b0:   2.1206e+02   
P: 
 -1.8207e+02   2.4796e+00  -4.3396e+00  -1.0134e+01  -3.1140e+01 
  1.1007e+01  -1.1683e+00   2.7605e-06  -8.5072e-01  -1.3398e+00 
 -5.5894e-01   1.4221e+00   5.0937e-01  -5.5269e-01   4.3194e-01 
 -1.7403e-01   1.6664e-02   0.0000e+00  -1.9494e+00   3.0356e+01 
  2.4336e+01   3.4958e+01   1.6230e+01   1.7858e+01   7.6644e+00 
  1.2400e+00   4.4252e-01   1.0904e-01   2.0054e-02   2.2962e-03 
  2.5583e-03   1.0877e-03   7.9882e-05   4.1882e-05   4.4069e-05 
 -1.8113e+01  -8.0976e-01   1.0000e+00 

