########################
# 00000001
########################
RSS 11620.34522103004
BP 0:
a0:   3.6581e+00   e0:  -4.3985e+00   b0:   2.4267e+02   
P: 
 -1.2139e+00   5.6125e+01   2.0000e+00   5.0000e-01  -1.0000e+00 
  5.0000e-01   3.4635e-01  -8.5370e-01  -8.6766e-01   1.5130e-01 
  2.6310e-02  -8.9878e-02  -3.2453e-03   1.9368e-02  -1.9494e+00 
  3.0356e+01   2.4336e+01   3.4958e+01   1.6230e+01   1.7858e+01 
  7.6644e+00   1.2400e+00   4.4252e-01   1.0904e-01   2.0054e-02 
  2.2962e-03   2.5583e-03   1.0877e-03   7.9882e-05   4.1882e-05 
  4.4069e-05   2.6414e-06   1.1025e-06   6.3515e-07   3.8751e-07 
  2.2807e-07   1.2762e-07   6.8033e-08   3.4710e-08  -6.8390e-02 
  1.0236e-03 

########################
# 00000002
########################
RSS 14861.595761317181
BP 0:
a0:   3.1137e+00   e0:  -4.4461e+00   b0:   5.1600e+01   
P: 
  7.0661e+01   2.7343e+01   2.0000e+00   5.0000e-01  -1.0000e+00 
  5.0000e-01   6.7580e-02  -4.4284e-01  -4.7238e-01   1.3338e-01 
 -4.8289e-02  -1.8289e-02   3.2156e-03   1.1060e-02  -1.9494e+00 
  3.0356e+01   2.4336e+01   3.4958e+01   1.6230e+01   1.7858e+01 
  7.6644e+00   1.2400e+00   4.4252e-01   1.0904e-01   2.0054e-02 
  2.2962e-03   2.5583e-03   1.0877e-03   7.9882e-05   4.1882e-05 
  4.4069e-05   2.6414e-06   1.1025e-06   6.3515e-07   3.8751e-07 
  2.2807e-07   1.2762e-07   6.8033e-08   3.4710e-08  -6.8390e-02 
  1.0236e-03 

########################
# 00000003
########################
RSS 15125.74921342055
BP 0:
a0:   3.1058e+00   e0:  -4.4121e+00   b0:   4.6785e+01   
P: 
  2.5798e+01   8.0633e+01   2.0000e+00   5.0000e-01  -1.0000e+00 
  5.0000e-01   9.9342e-01  -1.1086e+00  -6.1257e-01   2.0563e-01 
  1.1243e-01  -5.0248e-02  -1.2258e-02   1.0670e-02  -1.9494e+00 
  3.0356e+01   2.4336e+01   3.4958e+01   1.6230e+01   1.7858e+01 
  7.6644e+00   1.2400e+00   4.4252e-01   1.0904e-01   2.0054e-02 
  2.2962e-03   2.5583e-03   1.0877e-03   7.9882e-05   4.1882e-05 
  4.4069e-05   2.6414e-06   1.1025e-06   6.3515e-07   3.8751e-07 
  2.2807e-07   1.2762e-07   6.8033e-08   3.4710e-08  -6.8390e-02 
  1.0236e-03 

########################
# 00000004
########################
RSS 23574.35124494583
BP 0:
a0:   3.7199e+00   e0:  -4.5819e+00   b0:   2.5992e+02   
P: 
  6.0028e+01   2.7178e+01   2.0000e+00   5.0000e-01  -1.0000e+00 
  5.0000e-01  -3.2664e-01  -8.4702e-01  -1.2501e+00   1.8020e-01 
  1.9309e-02   1.1998e-03   2.4504e-04   1.0184e-02  -1.9494e+00 
  3.0356e+01   2.4336e+01   3.4958e+01   1.6230e+01   1.7858e+01 
  7.6644e+00   1.2400e+00   4.4252e-01   1.0904e-01   2.0054e-02 
  2.2962e-03   2.5583e-03   1.0877e-03   7.9882e-05   4.1882e-05 
  4.4069e-05   2.6414e-06   1.1025e-06   6.3515e-07   3.8751e-07 
  2.2807e-07   1.2762e-07   6.8033e-08   3.4710e-08  -6.8390e-02 
  1.0236e-03 

########################
# 00000005
########################
RSS 29518.633374437544
BP 0:
a0:   3.6414e+00   e0:  -4.2561e+00   b0:   2.8449e+02   
P: 
 -5.3646e+01   9.7189e+01   2.0000e+00   5.0000e-01  -1.0000e+00 
  5.0000e-01  -3.4299e-01  -7.9520e-01  -6.0719e-01   1.7674e-01 
  2.5720e-02  -1.6377e-01  -5.5654e-03   2.6491e-02  -1.9494e+00 
  3.0356e+01   2.4336e+01   3.4958e+01   1.6230e+01   1.7858e+01 
  7.6644e+00   1.2400e+00   4.4252e-01   1.0904e-01   2.0054e-02 
  2.2962e-03   2.5583e-03   1.0877e-03   7.9882e-05   4.1882e-05 
  4.4069e-05   2.6414e-06   1.1025e-06   6.3515e-07   3.8751e-07 
  2.2807e-07   1.2762e-07   6.8033e-08   3.4710e-08  -6.8390e-02 
  1.0236e-03 

########################
# 00000006
########################
RSS 54806.458945936305
BP 0:
a0:   3.5459e+00   e0:  -4.7760e+00   b0:   2.1510e+02   
P: 
  4.3026e+01   3.8601e+01   2.0000e+00   5.0000e-01  -1.0000e+00 
  5.0000e-01  -2.1910e-01  -8.4690e-01  -5.9830e-01   5.7234e-02 
  4.1613e-02  -4.8295e-02   7.2897e-03   1.2340e-02  -1.9494e+00 
  3.0356e+01   2.4336e+01   3.4958e+01   1.6230e+01   1.7858e+01 
  7.6644e+00   1.2400e+00   4.4252e-01   1.0904e-01   2.0054e-02 
  2.2962e-03   2.5583e-03   1.0877e-03   7.9882e-05   4.1882e-05 
  4.4069e-05   2.6414e-06   1.1025e-06   6.3515e-07   3.8751e-07 
  2.2807e-07   1.2762e-07   6.8033e-08   3.4710e-08  -6.8390e-02 
  1.0236e-03 

########################
# 00000007
########################
RSS 57220.39480215654
BP 0:
a0:   3.3909e+00   e0:  -4.7901e+00   b0:   1.6980e+02   
P: 
  4.5912e+01   1.8997e+01   2.0000e+00   5.0000e-01  -1.0000e+00 
  5.0000e-01  -9.0479e-01  -4.7401e-01  -3.8385e-01   2.7098e-02 
 -2.0772e-02   3.0041e-02   4.1962e-03   6.4484e-03  -1.9494e+00 
  3.0356e+01   2.4336e+01   3.4958e+01   1.6230e+01   1.7858e+01 
  7.6644e+00   1.2400e+00   4.4252e-01   1.0904e-01   2.0054e-02 
  2.2962e-03   2.5583e-03   1.0877e-03   7.9882e-05   4.1882e-05 
  4.4069e-05   2.6414e-06   1.1025e-06   6.3515e-07   3.8751e-07 
  2.2807e-07   1.2762e-07   6.8033e-08   3.4710e-08  -6.8390e-02 
  1.0236e-03 

########################
# 00000008
########################
RSS 62553.319210734015
BP 0:
a0:   3.7870e+00   e0:  -4.6803e+00   b0:   2.9217e+02   
P: 
  8.7192e+00   1.6675e+01   2.0000e+00   5.0000e-01  -1.0000e+00 
  5.0000e-01   5.4634e-01  -1.1867e+00  -1.0088e+00   9.6662e-02 
 -2.1673e-02  -1.0281e-01   2.7718e-03   2.3408e-02  -1.9494e+00 
  3.0356e+01   2.4336e+01   3.4958e+01   1.6230e+01   1.7858e+01 
  7.6644e+00   1.2400e+00   4.4252e-01   1.0904e-01   2.0054e-02 
  2.2962e-03   2.5583e-03   1.0877e-03   7.9882e-05   4.1882e-05 
  4.4069e-05   2.6414e-06   1.1025e-06   6.3515e-07   3.8751e-07 
  2.2807e-07   1.2762e-07   6.8033e-08   3.4710e-08  -6.8390e-02 
  1.0236e-03 

########################
# 00000009
########################
RSS 108319.80902406547
BP 0:
a0:   3.5845e+00   e0:  -3.7673e+00   b0:   1.4006e+02   
P: 
  3.6243e+01   5.4721e+01   2.0000e+00   5.0000e-01  -1.0000e+00 
  5.0000e-01   2.8065e-01  -1.3171e+00  -4.0010e-01   1.4231e-01 
 -5.6957e-02   2.7295e-02   8.9608e-04   6.7043e-03  -1.9494e+00 
  3.0356e+01   2.4336e+01   3.4958e+01   1.6230e+01   1.7858e+01 
  7.6644e+00   1.2400e+00   4.4252e-01   1.0904e-01   2.0054e-02 
  2.2962e-03   2.5583e-03   1.0877e-03   7.9882e-05   4.1882e-05 
  4.4069e-05   2.6414e-06   1.1025e-06   6.3515e-07   3.8751e-07 
  2.2807e-07   1.2762e-07   6.8033e-08   3.4710e-08  -6.8390e-02 
  1.0236e-03 

########################
# 00000010
########################
RSS 120172.96832648407
BP 0:
a0:   3.6060e+00   e0:  -5.0938e+00   b0:   2.5983e+02   
P: 
  1.4364e+02   6.8378e+01   2.0000e+00   5.0000e-01  -1.0000e+00 
  5.0000e-01  -9.2520e-01  -9.3748e-01  -4.5729e-01   8.3663e-02 
 -1.0466e-02  -8.4859e-02   1.6812e-03   2.0096e-02  -1.9494e+00 
  3.0356e+01   2.4336e+01   3.4958e+01   1.6230e+01   1.7858e+01 
  7.6644e+00   1.2400e+00   4.4252e-01   1.0904e-01   2.0054e-02 
  2.2962e-03   2.5583e-03   1.0877e-03   7.9882e-05   4.1882e-05 
  4.4069e-05   2.6414e-06   1.1025e-06   6.3515e-07   3.8751e-07 
  2.2807e-07   1.2762e-07   6.8033e-08   3.4710e-08  -6.8390e-02 
  1.0236e-03 

########################
# 00000011
########################
RSS 135162.9120783092
BP 0:
a0:   3.7402e+00   e0:  -4.3691e+00   b0:   3.5850e+02   
P: 
  6.9555e+01  -9.4714e+00   2.0000e+00   5.0000e-01  -1.0000e+00 
  5.0000e-01   9.5148e-02  -1.0624e+00  -1.0955e+00   7.4847e-02 
  1.1206e-01  -1.4472e-01   4.1635e-03   2.1590e-02  -1.9494e+00 
  3.0356e+01   2.4336e+01   3.4958e+01   1.6230e+01   1.7858e+01 
  7.6644e+00   1.2400e+00   4.4252e-01   1.0904e-01   2.0054e-02 
  2.2962e-03   2.5583e-03   1.0877e-03   7.9882e-05   4.1882e-05 
  4.4069e-05   2.6414e-06   1.1025e-06   6.3515e-07   3.8751e-07 
  2.2807e-07   1.2762e-07   6.8033e-08   3.4710e-08  -6.8390e-02 
  1.0236e-03 

########################
# 00000012
########################
RSS 152808.18940229458
BP 0:
a0:   3.7017e+00   e0:  -5.3842e+00   b0:   2.3058e+02   
P: 
  1.4349e+02  -1.4303e+01   2.0000e+00   5.0000e-01  -1.0000e+00 
  5.0000e-01  -8.6931e-01  -5.4470e-01  -9.5326e-01   9.0706e-02 
 -6.4739e-02  -3.3607e-02   5.4075e-03   1.8138e-02  -1.9494e+00 
  3.0356e+01   2.4336e+01   3.4958e+01   1.6230e+01   1.7858e+01 
  7.6644e+00   1.2400e+00   4.4252e-01   1.0904e-01   2.0054e-02 
  2.2962e-03   2.5583e-03   1.0877e-03   7.9882e-05   4.1882e-05 
  4.4069e-05   2.6414e-06   1.1025e-06   6.3515e-07   3.8751e-07 
  2.2807e-07   1.2762e-07   6.8033e-08   3.4710e-08  -6.8390e-02 
  1.0236e-03 

########################
# 00000013
########################
RSS 199187.32142562617
BP 0:
a0:   3.6667e+00   e0:  -3.7813e+00   b0:   2.6121e+02   
P: 
 -1.8868e+01   7.7192e+01   2.0000e+00   5.0000e-01  -1.0000e+00 
  5.0000e-01  -9.3368e-01  -5.8085e-01  -7.0959e-01   2.0765e-02 
  8.1226e-02  -6.7753e-02   9.4699e-03   1.1230e-02  -1.9494e+00 
  3.0356e+01   2.4336e+01   3.4958e+01   1.6230e+01   1.7858e+01 
  7.6644e+00   1.2400e+00   4.4252e-01   1.0904e-01   2.0054e-02 
  2.2962e-03   2.5583e-03   1.0877e-03   7.9882e-05   4.1882e-05 
  4.4069e-05   2.6414e-06   1.1025e-06   6.3515e-07   3.8751e-07 
  2.2807e-07   1.2762e-07   6.8033e-08   3.4710e-08  -6.8390e-02 
  1.0236e-03 

########################
# 00000014
########################
RSS 202698.73164619182
BP 0:
a0:   3.3751e+00   e0:  -5.1715e+00   b0:   1.1828e+02   
P: 
  1.1737e+02   9.9339e+00   2.0000e+00   5.0000e-01  -1.0000e+00 
  5.0000e-01   7.4308e-01  -1.1356e+00  -6.9020e-01   2.8348e-03 
  1.2232e-01   5.2292e-03   5.1084e-03   4.8762e-03  -1.9494e+00 
  3.0356e+01   2.4336e+01   3.4958e+01   1.6230e+01   1.7858e+01 
  7.6644e+00   1.2400e+00   4.4252e-01   1.0904e-01   2.0054e-02 
  2.2962e-03   2.5583e-03   1.0877e-03   7.9882e-05   4.1882e-05 
  4.4069e-05   2.6414e-06   1.1025e-06   6.3515e-07   3.8751e-07 
  2.2807e-07   1.2762e-07   6.8033e-08   3.4710e-08  -6.8390e-02 
  1.0236e-03 

########################
# 00000015
########################
RSS 206568.1943711424
BP 0:
a0:   3.6288e+00   e0:  -5.2170e+00   b0:   1.5307e+02   
P: 
  1.0710e+00   8.0990e+01   2.0000e+00   5.0000e-01  -1.0000e+00 
  5.0000e-01   6.0181e-01  -4.6441e-01  -7.4229e-01  -4.2251e-02 
 -3.6923e-02  -6.4614e-02   6.8491e-03   2.0557e-02  -1.9494e+00 
  3.0356e+01   2.4336e+01   3.4958e+01   1.6230e+01   1.7858e+01 
  7.6644e+00   1.2400e+00   4.4252e-01   1.0904e-01   2.0054e-02 
  2.2962e-03   2.5583e-03   1.0877e-03   7.9882e-05   4.1882e-05 
  4.4069e-05   2.6414e-06   1.1025e-06   6.3515e-07   3.8751e-07 
  2.2807e-07   1.2762e-07   6.8033e-08   3.4710e-08  -6.8390e-02 
  1.0236e-03 

########################
# 00000016
########################
RSS 209089.30165091442
BP 0:
a0:   3.7484e+00   e0:  -3.9218e+00   b0:   2.1410e+02   
P: 
  1.6086e+02   6.1970e+01   2.0000e+00   5.0000e-01  -1.0000e+00 
  5.0000e-01   1.3458e-01  -8.4264e-01  -8.6628e-01   2.2166e-01 
 -4.5848e-02  -1.0334e-01   5.7606e-03   1.9899e-02  -1.9494e+00 
  3.0356e+01   2.4336e+01   3.4958e+01   1.6230e+01   1.7858e+01 
  7.6644e+00   1.2400e+00   4.4252e-01   1.0904e-01   2.0054e-02 
  2.2962e-03   2.5583e-03   1.0877e-03   7.9882e-05   4.1882e-05 
  4.4069e-05   2.6414e-06   1.1025e-06   6.3515e-07   3.8751e-07 
  2.2807e-07   1.2762e-07   6.8033e-08   3.4710e-08  -6.8390e-02 
  1.0236e-03 

########################
# 00000017
########################
RSS 251610.2389472541
BP 0:
a0:   3.7127e+00   e0:  -3.7724e+00   b0:   2.8376e+02   
P: 
 -8.0265e+00   4.6154e+01   2.0000e+00   5.0000e-01  -1.0000e+00 
  5.0000e-01   9.6363e-01  -1.2095e+00  -9.3851e-01   1.2743e-01 
  4.8439e-02  -4.9237e-02  -1.2689e-02   1.5943e-02  -1.9494e+00 
  3.0356e+01   2.4336e+01   3.4958e+01   1.6230e+01   1.7858e+01 
  7.6644e+00   1.2400e+00   4.4252e-01   1.0904e-01   2.0054e-02 
  2.2962e-03   2.5583e-03   1.0877e-03   7.9882e-05   4.1882e-05 
  4.4069e-05   2.6414e-06   1.1025e-06   6.3515e-07   3.8751e-07 
  2.2807e-07   1.2762e-07   6.8033e-08   3.4710e-08  -6.8390e-02 
  1.0236e-03 

########################
# 00000018
########################
RSS 257737.86001465083
BP 0:
a0:   3.6466e+00   e0:  -5.4491e+00   b0:   2.4291e+02   
P: 
  8.4091e+00   9.8880e+01   2.0000e+00   5.0000e-01  -1.0000e+00 
  5.0000e-01  -1.0926e-01  -6.6524e-01  -9.6227e-01   2.1484e-01 
 -4.8971e-02  -9.4530e-02  -7.1012e-03   2.5636e-02  -1.9494e+00 
  3.0356e+01   2.4336e+01   3.4958e+01   1.6230e+01   1.7858e+01 
  7.6644e+00   1.2400e+00   4.4252e-01   1.0904e-01   2.0054e-02 
  2.2962e-03   2.5583e-03   1.0877e-03   7.9882e-05   4.1882e-05 
  4.4069e-05   2.6414e-06   1.1025e-06   6.3515e-07   3.8751e-07 
  2.2807e-07   1.2762e-07   6.8033e-08   3.4710e-08  -6.8390e-02 
  1.0236e-03 

########################
# 00000019
########################
RSS 262444.41582300793
BP 0:
a0:   3.7470e+00   e0:  -3.7870e+00   b0:   2.0315e+02   
P: 
  3.6203e+01   8.9079e+01   2.0000e+00   5.0000e-01  -1.0000e+00 
  5.0000e-01   7.5901e-02  -9.1817e-01  -5.5631e-01   1.0779e-01 
 -5.1849e-02  -8.4568e-02  -1.1684e-02   2.2893e-02  -1.9494e+00 
  3.0356e+01   2.4336e+01   3.4958e+01   1.6230e+01   1.7858e+01 
  7.6644e+00   1.2400e+00   4.4252e-01   1.0904e-01   2.0054e-02 
  2.2962e-03   2.5583e-03   1.0877e-03   7.9882e-05   4.1882e-05 
  4.4069e-05   2.6414e-06   1.1025e-06   6.3515e-07   3.8751e-07 
  2.2807e-07   1.2762e-07   6.8033e-08   3.4710e-08  -6.8390e-02 
  1.0236e-03 

########################
# 00000020
########################
RSS 268688.00176521536
BP 0:
a0:   3.6551e+00   e0:  -3.4646e+00   b0:   1.2282e+02   
P: 
  4.6004e+01   2.5454e+01   2.0000e+00   5.0000e-01  -1.0000e+00 
  5.0000e-01  -5.8604e-01   5.5834e-03  -4.8583e-01   7.3870e-02 
 -7.5858e-02  -6.8034e-02  -3.7367e-03   1.9229e-02  -1.9494e+00 
  3.0356e+01   2.4336e+01   3.4958e+01   1.6230e+01   1.7858e+01 
  7.6644e+00   1.2400e+00   4.4252e-01   1.0904e-01   2.0054e-02 
  2.2962e-03   2.5583e-03   1.0877e-03   7.9882e-05   4.1882e-05 
  4.4069e-05   2.6414e-06   1.1025e-06   6.3515e-07   3.8751e-07 
  2.2807e-07   1.2762e-07   6.8033e-08   3.4710e-08  -6.8390e-02 
  1.0236e-03 

########################
# 00000021
########################
RSS 278521.070810953
BP 0:
a0:   3.4835e+00   e0:  -5.3071e+00   b0:   1.6625e+02   
P: 
  1.8340e+01   4.0105e+00   2.0000e+00   5.0000e-01  -1.0000e+00 
  5.0000e-01  -2.2626e-02  -8.9194e-01  -8.7890e-01   2.2730e-01 
 -3.9340e-02   3.2969e-02   1.4289e-03   8.0782e-03  -1.9494e+00 
  3.0356e+01   2.4336e+01   3.4958e+01   1.6230e+01   1.7858e+01 
  7.6644e+00   1.2400e+00   4.4252e-01   1.0904e-01   2.0054e-02 
  2.2962e-03   2.5583e-03   1.0877e-03   7.9882e-05   4.1882e-05 
  4.4069e-05   2.6414e-06   1.1025e-06   6.3515e-07   3.8751e-07 
  2.2807e-07   1.2762e-07   6.8033e-08   3.4710e-08  -6.8390e-02 
  1.0236e-03 

########################
# 00000022
########################
RSS 301358.3907873494
BP 0:
a0:   3.7104e+00   e0:  -3.5644e+00   b0:   1.8002e+02   
P: 
  3.2746e+01   1.7757e+01   2.0000e+00   5.0000e-01  -1.0000e+00 
  5.0000e-01   2.2574e-01  -8.5884e-01  -5.8334e-01   2.2186e-01 
 -6.8301e-02  -9.5103e-02  -8.9404e-03   2.2084e-02  -1.9494e+00 
  3.0356e+01   2.4336e+01   3.4958e+01   1.6230e+01   1.7858e+01 
  7.6644e+00   1.2400e+00   4.4252e-01   1.0904e-01   2.0054e-02 
  2.2962e-03   2.5583e-03   1.0877e-03   7.9882e-05   4.1882e-05 
  4.4069e-05   2.6414e-06   1.1025e-06   6.3515e-07   3.8751e-07 
  2.2807e-07   1.2762e-07   6.8033e-08   3.4710e-08  -6.8390e-02 
  1.0236e-03 

########################
# 00000023
########################
RSS 444712.38913075055
BP 0:
a0:   3.6870e+00   e0:  -5.9180e+00   b0:   2.7871e+02   
P: 
  7.4583e+01   1.9231e+01   2.0000e+00   5.0000e-01  -1.0000e+00 
  5.0000e-01  -3.9796e-01  -9.7921e-01  -1.2533e+00   2.3926e-01 
 -2.7022e-02  -5.0349e-02   6.2058e-03   1.8226e-02  -1.9494e+00 
  3.0356e+01   2.4336e+01   3.4958e+01   1.6230e+01   1.7858e+01 
  7.6644e+00   1.2400e+00   4.4252e-01   1.0904e-01   2.0054e-02 
  2.2962e-03   2.5583e-03   1.0877e-03   7.9882e-05   4.1882e-05 
  4.4069e-05   2.6414e-06   1.1025e-06   6.3515e-07   3.8751e-07 
  2.2807e-07   1.2762e-07   6.8033e-08   3.4710e-08  -6.8390e-02 
  1.0236e-03 

########################
# 00000024
########################
RSS 445754.23037575517
BP 0:
a0:   3.2774e+00   e0:  -5.7694e+00   b0:   2.0419e+02   
P: 
  1.1706e+02   4.0747e+01   2.0000e+00   5.0000e-01  -1.0000e+00 
  5.0000e-01  -9.1340e-01  -8.4300e-01  -1.6185e-01   1.3866e-01 
  3.1441e-03  -5.7103e-02   5.5477e-03   1.3438e-02  -1.9494e+00 
  3.0356e+01   2.4336e+01   3.4958e+01   1.6230e+01   1.7858e+01 
  7.6644e+00   1.2400e+00   4.4252e-01   1.0904e-01   2.0054e-02 
  2.2962e-03   2.5583e-03   1.0877e-03   7.9882e-05   4.1882e-05 
  4.4069e-05   2.6414e-06   1.1025e-06   6.3515e-07   3.8751e-07 
  2.2807e-07   1.2762e-07   6.8033e-08   3.4710e-08  -6.8390e-02 
  1.0236e-03 

########################
# 00000025
########################
RSS 533385.0289996669
BP 0:
a0:   3.6968e+00   e0:  -3.3326e+00   b0:   3.0498e+02   
P: 
  9.0104e+01   1.5822e+01   2.0000e+00   5.0000e-01  -1.0000e+00 
  5.0000e-01   5.5960e-01  -1.2455e+00  -7.7671e-01   9.9627e-02 
  9.7899e-02  -7.3995e-02  -1.2649e-02   1.5408e-02  -1.9494e+00 
  3.0356e+01   2.4336e+01   3.4958e+01   1.6230e+01   1.7858e+01 
  7.6644e+00   1.2400e+00   4.4252e-01   1.0904e-01   2.0054e-02 
  2.2962e-03   2.5583e-03   1.0877e-03   7.9882e-05   4.1882e-05 
  4.4069e-05   2.6414e-06   1.1025e-06   6.3515e-07   3.8751e-07 
  2.2807e-07   1.2762e-07   6.8033e-08   3.4710e-08  -6.8390e-02 
  1.0236e-03 

########################
# 00000026
########################
RSS 636346.4640669313
BP 0:
a0:   3.7725e+00   e0:  -3.6904e+00   b0:   4.0387e+02   
P: 
 -2.8013e+01   9.2947e+01   2.0000e+00   5.0000e-01  -1.0000e+00 
  5.0000e-01   1.2366e+00  -9.9409e-01  -1.3233e+00   1.3522e-01 
  1.2563e-01  -1.7616e-01  -9.3999e-03   2.6348e-02  -1.9494e+00 
  3.0356e+01   2.4336e+01   3.4958e+01   1.6230e+01   1.7858e+01 
  7.6644e+00   1.2400e+00   4.4252e-01   1.0904e-01   2.0054e-02 
  2.2962e-03   2.5583e-03   1.0877e-03   7.9882e-05   4.1882e-05 
  4.4069e-05   2.6414e-06   1.1025e-06   6.3515e-07   3.8751e-07 
  2.2807e-07   1.2762e-07   6.8033e-08   3.4710e-08  -6.8390e-02 
  1.0236e-03 

########################
# 00000027
########################
RSS 680817.0345516078
BP 0:
a0:   3.5450e+00   e0:  -5.8718e+00   b0:   2.0820e+02   
P: 
 -1.0235e+01   7.9811e+01   2.0000e+00   5.0000e-01  -1.0000e+00 
  5.0000e-01   9.1646e-01  -7.6269e-01  -1.3160e+00   6.1018e-02 
  1.2551e-01  -1.3317e-02  -3.5321e-04   1.1142e-02  -1.9494e+00 
  3.0356e+01   2.4336e+01   3.4958e+01   1.6230e+01   1.7858e+01 
  7.6644e+00   1.2400e+00   4.4252e-01   1.0904e-01   2.0054e-02 
  2.2962e-03   2.5583e-03   1.0877e-03   7.9882e-05   4.1882e-05 
  4.4069e-05   2.6414e-06   1.1025e-06   6.3515e-07   3.8751e-07 
  2.2807e-07   1.2762e-07   6.8033e-08   3.4710e-08  -6.8390e-02 
  1.0236e-03 

########################
# 00000028
########################
RSS 765978.6993814232
BP 0:
a0:   3.7542e+00   e0:  -3.1127e+00   b0:   1.8574e+02   
P: 
  3.8170e+01   5.0577e+00   2.0000e+00   5.0000e-01  -1.0000e+00 
  5.0000e-01  -6.5608e-01  -5.3702e-01  -6.3653e-01   4.3311e-03 
 -3.1991e-02   1.7549e-02  -9.0575e-04   8.3758e-03  -1.9494e+00 
  3.0356e+01   2.4336e+01   3.4958e+01   1.6230e+01   1.7858e+01 
  7.6644e+00   1.2400e+00   4.4252e-01   1.0904e-01   2.0054e-02 
  2.2962e-03   2.5583e-03   1.0877e-03   7.9882e-05   4.1882e-05 
  4.4069e-05   2.6414e-06   1.1025e-06   6.3515e-07   3.8751e-07 
  2.2807e-07   1.2762e-07   6.8033e-08   3.4710e-08  -6.8390e-02 
  1.0236e-03 

########################
# 00000029
########################
RSS 852576.415327586
BP 0:
a0:   4.1612e+00   e0:  -7.7311e+00   b0:   3.0083e+02   
P: 
  8.5778e+02  -2.4288e+02   2.0000e+00   5.0000e-01  -1.0000e+00 
  5.0000e-01   3.5148e+00  -5.2320e+00  -1.5616e+00   7.4122e-01 
 -1.1732e+00   3.4430e-01   1.4077e-01  -1.0831e-02  -1.9494e+00 
  3.0356e+01   2.4336e+01   3.4958e+01   1.6230e+01   1.7858e+01 
  7.6644e+00   1.2400e+00   4.4252e-01   1.0904e-01   2.0054e-02 
  2.2962e-03   2.5583e-03   1.0877e-03   7.9882e-05   4.1882e-05 
  4.4069e-05   2.6414e-06   1.1025e-06   6.3515e-07   3.8751e-07 
  2.2807e-07   1.2762e-07   6.8033e-08   3.4710e-08  -6.8390e-02 
  1.0236e-03 

########################
# 00000030
########################
RSS 911560.8825904239
BP 0:
a0:   3.5593e+00   e0:  -6.1572e+00   b0:   2.1671e+02   
P: 
  9.5490e+01   8.2905e+01   2.0000e+00   5.0000e-01  -1.0000e+00 
  5.0000e-01  -4.3573e-01  -4.4362e-01  -1.0569e+00   1.9020e-01 
 -4.4970e-02  -3.9049e-02  -8.4110e-04   1.9539e-02  -1.9494e+00 
  3.0356e+01   2.4336e+01   3.4958e+01   1.6230e+01   1.7858e+01 
  7.6644e+00   1.2400e+00   4.4252e-01   1.0904e-01   2.0054e-02 
  2.2962e-03   2.5583e-03   1.0877e-03   7.9882e-05   4.1882e-05 
  4.4069e-05   2.6414e-06   1.1025e-06   6.3515e-07   3.8751e-07 
  2.2807e-07   1.2762e-07   6.8033e-08   3.4710e-08  -6.8390e-02 
  1.0236e-03 

########################
# 00000031
########################
RSS 982761.0135002754
BP 0:
a0:   3.6215e+00   e0:  -2.5545e+00   b0:   1.8058e+02   
P: 
 -2.0834e+01   6.9733e+01   2.0000e+00   5.0000e-01  -1.0000e+00 
  5.0000e-01   1.9120e-01  -7.8438e-01  -4.7391e-01   1.2340e-01 
  4.8964e-02  -5.4993e-02  -6.6543e-03   1.0752e-02  -1.9494e+00 
  3.0356e+01   2.4336e+01   3.4958e+01   1.6230e+01   1.7858e+01 
  7.6644e+00   1.2400e+00   4.4252e-01   1.0904e-01   2.0054e-02 
  2.2962e-03   2.5583e-03   1.0877e-03   7.9882e-05   4.1882e-05 
  4.4069e-05   2.6414e-06   1.1025e-06   6.3515e-07   3.8751e-07 
  2.2807e-07   1.2762e-07   6.8033e-08   3.4710e-08  -6.8390e-02 
  1.0236e-03 

########################
# 00000032
########################
RSS 988904.3492284336
BP 0:
a0:   3.7522e+00   e0:  -2.7777e+00   b0:   1.4241e+02   
P: 
 -1.6844e+01  -6.2718e+00   2.0000e+00   5.0000e-01  -1.0000e+00 
  5.0000e-01  -3.7995e-01  -4.0401e-01  -6.1535e-01   1.1467e-01 
 -5.0996e-02  -3.4639e-02   5.0795e-03   1.0997e-02  -1.9494e+00 
  3.0356e+01   2.4336e+01   3.4958e+01   1.6230e+01   1.7858e+01 
  7.6644e+00   1.2400e+00   4.4252e-01   1.0904e-01   2.0054e-02 
  2.2962e-03   2.5583e-03   1.0877e-03   7.9882e-05   4.1882e-05 
  4.4069e-05   2.6414e-06   1.1025e-06   6.3515e-07   3.8751e-07 
  2.2807e-07   1.2762e-07   6.8033e-08   3.4710e-08  -6.8390e-02 
  1.0236e-03 

########################
# 00000033
########################
RSS 1022394.2034015557
BP 0:
a0:   3.7292e+00   e0:  -2.8871e+00   b0:   2.3874e+02   
P: 
  7.0490e+01   8.2907e+01   2.0000e+00   5.0000e-01  -1.0000e+00 
  5.0000e-01  -5.2775e-01  -1.4386e+00  -3.4906e-01  -1.2375e-01 
  1.5677e-02   1.0213e-01  -1.5025e-03  -1.9262e-03  -1.9494e+00 
  3.0356e+01   2.4336e+01   3.4958e+01   1.6230e+01   1.7858e+01 
  7.6644e+00   1.2400e+00   4.4252e-01   1.0904e-01   2.0054e-02 
  2.2962e-03   2.5583e-03   1.0877e-03   7.9882e-05   4.1882e-05 
  4.4069e-05   2.6414e-06   1.1025e-06   6.3515e-07   3.8751e-07 
  2.2807e-07   1.2762e-07   6.8033e-08   3.4710e-08  -6.8390e-02 
  1.0236e-03 

########################
# 00000034
########################
RSS 1024854.1333573973
BP 0:
a0:   3.4529e+00   e0:  -6.2230e+00   b0:   1.6618e+02   
P: 
 -5.5893e+01   3.2342e+01   2.0000e+00   5.0000e-01  -1.0000e+00 
  5.0000e-01   1.5999e-01  -8.1226e-01  -8.2167e-01   1.0299e-01 
  2.3223e-03  -3.4327e-02   7.5870e-03   1.5142e-02  -1.9494e+00 
  3.0356e+01   2.4336e+01   3.4958e+01   1.6230e+01   1.7858e+01 
  7.6644e+00   1.2400e+00   4.4252e-01   1.0904e-01   2.0054e-02 
  2.2962e-03   2.5583e-03   1.0877e-03   7.9882e-05   4.1882e-05 
  4.4069e-05   2.6414e-06   1.1025e-06   6.3515e-07   3.8751e-07 
  2.2807e-07   1.2762e-07   6.8033e-08   3.4710e-08  -6.8390e-02 
  1.0236e-03 

########################
# 00000035
########################
RSS 1200641.7570813347
BP 0:
a0:   3.6203e+00   e0:  -2.3628e+00   b0:   2.0544e+02   
P: 
  2.2073e+01   7.2515e+01   2.0000e+00   5.0000e-01  -1.0000e+00 
  5.0000e-01   1.9614e-01  -4.7333e-01  -7.4980e-01   8.5747e-02 
  1.4141e-01  -8.4940e-02   1.6224e-02   4.9458e-03  -1.9494e+00 
  3.0356e+01   2.4336e+01   3.4958e+01   1.6230e+01   1.7858e+01 
  7.6644e+00   1.2400e+00   4.4252e-01   1.0904e-01   2.0054e-02 
  2.2962e-03   2.5583e-03   1.0877e-03   7.9882e-05   4.1882e-05 
  4.4069e-05   2.6414e-06   1.1025e-06   6.3515e-07   3.8751e-07 
  2.2807e-07   1.2762e-07   6.8033e-08   3.4710e-08  -6.8390e-02 
  1.0236e-03 

########################
# 00000036
########################
RSS 1240115.7303073306
BP 0:
a0:   3.8153e+00   e0:  -3.2218e+00   b0:   2.7585e+02   
P: 
 -2.5652e+01   6.5879e+01   2.0000e+00   5.0000e-01  -1.0000e+00 
  5.0000e-01  -3.9574e-01  -7.3960e-01  -8.9416e-01  -6.1897e-03 
  7.4845e-02  -1.3255e-01   9.3273e-03   1.8544e-02  -1.9494e+00 
  3.0356e+01   2.4336e+01   3.4958e+01   1.6230e+01   1.7858e+01 
  7.6644e+00   1.2400e+00   4.4252e-01   1.0904e-01   2.0054e-02 
  2.2962e-03   2.5583e-03   1.0877e-03   7.9882e-05   4.1882e-05 
  4.4069e-05   2.6414e-06   1.1025e-06   6.3515e-07   3.8751e-07 
  2.2807e-07   1.2762e-07   6.8033e-08   3.4710e-08  -6.8390e-02 
  1.0236e-03 

########################
# 00000037
########################
RSS 1308401.5997254879
BP 0:
a0:   3.3831e+00   e0:  -2.2074e+00   b0:   1.3433e+02   
P: 
  1.6053e+02   1.8733e+01   2.0000e+00   5.0000e-01  -1.0000e+00 
  5.0000e-01  -6.0026e-01  -4.3744e-01  -2.1007e-01   2.1260e-01 
  2.2788e-02  -5.5791e-02   5.7468e-03   5.2510e-03  -1.9494e+00 
  3.0356e+01   2.4336e+01   3.4958e+01   1.6230e+01   1.7858e+01 
  7.6644e+00   1.2400e+00   4.4252e-01   1.0904e-01   2.0054e-02 
  2.2962e-03   2.5583e-03   1.0877e-03   7.9882e-05   4.1882e-05 
  4.4069e-05   2.6414e-06   1.1025e-06   6.3515e-07   3.8751e-07 
  2.2807e-07   1.2762e-07   6.8033e-08   3.4710e-08  -6.8390e-02 
  1.0236e-03 

########################
# 00000038
########################
RSS 1311393.5683686838
BP 0:
a0:   3.6240e+00   e0:  -6.6510e+00   b0:   2.6469e+02   
P: 
  9.8413e+01   6.0185e+01   2.0000e+00   5.0000e-01  -1.0000e+00 
  5.0000e-01  -1.0387e+00  -8.0712e-01  -1.0122e+00   1.4473e-01 
 -5.7864e-02  -1.4515e-02   3.2028e-03   1.8227e-02  -1.9494e+00 
  3.0356e+01   2.4336e+01   3.4958e+01   1.6230e+01   1.7858e+01 
  7.6644e+00   1.2400e+00   4.4252e-01   1.0904e-01   2.0054e-02 
  2.2962e-03   2.5583e-03   1.0877e-03   7.9882e-05   4.1882e-05 
  4.4069e-05   2.6414e-06   1.1025e-06   6.3515e-07   3.8751e-07 
  2.2807e-07   1.2762e-07   6.8033e-08   3.4710e-08  -6.8390e-02 
  1.0236e-03 

########################
# 00000039
########################
RSS 1488294.601660443
BP 0:
a0:   3.2777e+00   e0:  -2.1161e+00   b0:   9.9645e+01   
P: 
  6.4477e+01   3.0292e+01   2.0000e+00   5.0000e-01  -1.0000e+00 
  5.0000e-01  -5.6138e-01  -1.7353e-01  -2.1747e-01   2.0995e-01 
 -1.7874e-02  -5.4470e-02   1.1360e-02   5.1459e-03  -1.9494e+00 
  3.0356e+01   2.4336e+01   3.4958e+01   1.6230e+01   1.7858e+01 
  7.6644e+00   1.2400e+00   4.4252e-01   1.0904e-01   2.0054e-02 
  2.2962e-03   2.5583e-03   1.0877e-03   7.9882e-05   4.1882e-05 
  4.4069e-05   2.6414e-06   1.1025e-06   6.3515e-07   3.8751e-07 
  2.2807e-07   1.2762e-07   6.8033e-08   3.4710e-08  -6.8390e-02 
  1.0236e-03 

########################
# 00000040
########################
RSS 1503016.7910747416
BP 0:
a0:   3.7204e+00   e0:  -2.3297e+00   b0:   1.7399e+02   
P: 
  1.0060e+02   8.2261e+01   2.0000e+00   5.0000e-01  -1.0000e+00 
  5.0000e-01  -5.6686e-02  -1.2419e+00  -1.1519e-01   1.5311e-01 
 -4.0437e-02  -1.0737e-01   4.1348e-03   1.6016e-02  -1.9494e+00 
  3.0356e+01   2.4336e+01   3.4958e+01   1.6230e+01   1.7858e+01 
  7.6644e+00   1.2400e+00   4.4252e-01   1.0904e-01   2.0054e-02 
  2.2962e-03   2.5583e-03   1.0877e-03   7.9882e-05   4.1882e-05 
  4.4069e-05   2.6414e-06   1.1025e-06   6.3515e-07   3.8751e-07 
  2.2807e-07   1.2762e-07   6.8033e-08   3.4710e-08  -6.8390e-02 
  1.0236e-03 

########################
# 00000041
########################
RSS 1507591.7833814172
BP 0:
a0:   3.5662e+00   e0:  -6.6722e+00   b0:   2.4673e+02   
P: 
  7.6809e+01   3.9837e+01   2.0000e+00   5.0000e-01  -1.0000e+00 
  5.0000e-01   6.7685e-01  -9.9359e-01  -1.2837e+00   1.9500e-01 
  3.3133e-02  -5.0024e-02  -1.9587e-03   1.9473e-02  -1.9494e+00 
  3.0356e+01   2.4336e+01   3.4958e+01   1.6230e+01   1.7858e+01 
  7.6644e+00   1.2400e+00   4.4252e-01   1.0904e-01   2.0054e-02 
  2.2962e-03   2.5583e-03   1.0877e-03   7.9882e-05   4.1882e-05 
  4.4069e-05   2.6414e-06   1.1025e-06   6.3515e-07   3.8751e-07 
  2.2807e-07   1.2762e-07   6.8033e-08   3.4710e-08  -6.8390e-02 
  1.0236e-03 

########################
# 00000042
########################
RSS 1554041.4102184856
BP 0:
a0:   3.7960e+00   e0:  -2.3990e+00   b0:   1.3627e+02   
P: 
 -4.5669e+01   2.6563e+01   2.0000e+00   5.0000e-01  -1.0000e+00 
  5.0000e-01  -1.7409e-01  -5.6761e-01  -4.6678e-01   4.4182e-02 
 -4.6574e-02  -2.6728e-02   3.6358e-03   1.0106e-02  -1.9494e+00 
  3.0356e+01   2.4336e+01   3.4958e+01   1.6230e+01   1.7858e+01 
  7.6644e+00   1.2400e+00   4.4252e-01   1.0904e-01   2.0054e-02 
  2.2962e-03   2.5583e-03   1.0877e-03   7.9882e-05   4.1882e-05 
  4.4069e-05   2.6414e-06   1.1025e-06   6.3515e-07   3.8751e-07 
  2.2807e-07   1.2762e-07   6.8033e-08   3.4710e-08  -6.8390e-02 
  1.0236e-03 

########################
# 00000043
########################
RSS 1682478.1639751268
BP 0:
a0:   3.5540e+00   e0:  -6.8249e+00   b0:   2.7098e+02   
P: 
  8.8349e+01  -2.0222e+00   2.0000e+00   5.0000e-01  -1.0000e+00 
  5.0000e-01  -1.4400e+00  -5.4785e-01  -8.5556e-01  -1.1271e-02 
 -1.9044e-02   4.6250e-02  -4.8614e-03   1.3564e-02  -1.9494e+00 
  3.0356e+01   2.4336e+01   3.4958e+01   1.6230e+01   1.7858e+01 
  7.6644e+00   1.2400e+00   4.4252e-01   1.0904e-01   2.0054e-02 
  2.2962e-03   2.5583e-03   1.0877e-03   7.9882e-05   4.1882e-05 
  4.4069e-05   2.6414e-06   1.1025e-06   6.3515e-07   3.8751e-07 
  2.2807e-07   1.2762e-07   6.8033e-08   3.4710e-08  -6.8390e-02 
  1.0236e-03 

########################
# 00000044
########################
RSS 1715397.0361572213
BP 0:
a0:   3.7060e+00   e0:  -2.0612e+00   b0:   1.4668e+02   
P: 
  1.1410e+02   4.8041e+01   2.0000e+00   5.0000e-01  -1.0000e+00 
  5.0000e-01   6.1680e-02  -5.4396e-01  -4.5961e-01   5.8848e-02 
  2.6346e-02  -4.8851e-02   5.8136e-03   7.7711e-03  -1.9494e+00 
  3.0356e+01   2.4336e+01   3.4958e+01   1.6230e+01   1.7858e+01 
  7.6644e+00   1.2400e+00   4.4252e-01   1.0904e-01   2.0054e-02 
  2.2962e-03   2.5583e-03   1.0877e-03   7.9882e-05   4.1882e-05 
  4.4069e-05   2.6414e-06   1.1025e-06   6.3515e-07   3.8751e-07 
  2.2807e-07   1.2762e-07   6.8033e-08   3.4710e-08  -6.8390e-02 
  1.0236e-03 

########################
# 00000045
########################
RSS 1807554.3303460472
BP 0:
a0:   3.3020e+00   e0:  -6.9491e+00   b0:   1.2999e+02   
P: 
  9.1617e+01   6.2624e+01   2.0000e+00   5.0000e-01  -1.0000e+00 
  5.0000e-01  -2.7672e-01  -4.2508e-01  -7.8258e-01   1.7411e-01 
  1.6272e-03  -1.0116e-01   2.0842e-03   2.3312e-02  -1.9494e+00 
  3.0356e+01   2.4336e+01   3.4958e+01   1.6230e+01   1.7858e+01 
  7.6644e+00   1.2400e+00   4.4252e-01   1.0904e-01   2.0054e-02 
  2.2962e-03   2.5583e-03   1.0877e-03   7.9882e-05   4.1882e-05 
  4.4069e-05   2.6414e-06   1.1025e-06   6.3515e-07   3.8751e-07 
  2.2807e-07   1.2762e-07   6.8033e-08   3.4710e-08  -6.8390e-02 
  1.0236e-03 

########################
# 00000046
########################
RSS 1838959.9609317444
BP 0:
a0:   3.8098e+00   e0:  -2.1497e+00   b0:   1.1271e+02   
P: 
  6.5817e+01   1.6647e+00   2.0000e+00   5.0000e-01  -1.0000e+00 
  5.0000e-01   1.1869e-01  -6.6728e-01  -4.9791e-01   8.3761e-02 
 -4.7980e-02   1.7508e-04   1.3728e-03   6.8889e-03  -1.9494e+00 
  3.0356e+01   2.4336e+01   3.4958e+01   1.6230e+01   1.7858e+01 
  7.6644e+00   1.2400e+00   4.4252e-01   1.0904e-01   2.0054e-02 
  2.2962e-03   2.5583e-03   1.0877e-03   7.9882e-05   4.1882e-05 
  4.4069e-05   2.6414e-06   1.1025e-06   6.3515e-07   3.8751e-07 
  2.2807e-07   1.2762e-07   6.8033e-08   3.4710e-08  -6.8390e-02 
  1.0236e-03 

########################
# 00000047
########################
RSS 1938790.8993180965
BP 0:
a0:   3.8093e+00   e0:  -2.2979e+00   b0:   1.7447e+02   
P: 
  1.5667e+02   2.9165e+01   2.0000e+00   5.0000e-01  -1.0000e+00 
  5.0000e-01  -5.0037e-01  -5.1422e-01  -5.1074e-01   4.1337e-02 
 -4.9754e-02  -4.1636e-02   7.2524e-03   1.0940e-02  -1.9494e+00 
  3.0356e+01   2.4336e+01   3.4958e+01   1.6230e+01   1.7858e+01 
  7.6644e+00   1.2400e+00   4.4252e-01   1.0904e-01   2.0054e-02 
  2.2962e-03   2.5583e-03   1.0877e-03   7.9882e-05   4.1882e-05 
  4.4069e-05   2.6414e-06   1.1025e-06   6.3515e-07   3.8751e-07 
  2.2807e-07   1.2762e-07   6.8033e-08   3.4710e-08  -6.8390e-02 
  1.0236e-03 

########################
# 00000048
########################
RSS 2016894.8045282909
BP 0:
a0:   3.7792e+00   e0:  -1.9482e+00   b0:   1.2071e+02   
P: 
 -1.7705e+01   6.6859e+00   2.0000e+00   5.0000e-01  -1.0000e+00 
  5.0000e-01   2.0794e-01  -4.1208e-01  -4.5028e-01   2.2785e-01 
 -5.8635e-02  -1.2279e-01  -1.8550e-03   1.8872e-02  -1.9494e+00 
  3.0356e+01   2.4336e+01   3.4958e+01   1.6230e+01   1.7858e+01 
  7.6644e+00   1.2400e+00   4.4252e-01   1.0904e-01   2.0054e-02 
  2.2962e-03   2.5583e-03   1.0877e-03   7.9882e-05   4.1882e-05 
  4.4069e-05   2.6414e-06   1.1025e-06   6.3515e-07   3.8751e-07 
  2.2807e-07   1.2762e-07   6.8033e-08   3.4710e-08  -6.8390e-02 
  1.0236e-03 

########################
# 00000049
########################
RSS 2239379.1650177916
BP 0:
a0:   3.8290e+00   e0:  -2.1503e+00   b0:   1.8181e+02   
P: 
  6.9622e+01   6.3171e+01   2.0000e+00   5.0000e-01  -1.0000e+00 
  5.0000e-01   3.2714e-01  -8.0904e-01  -5.8825e-01   1.0708e-01 
 -1.2901e-02  -6.4930e-02  -8.8881e-03   1.5019e-02  -1.9494e+00 
  3.0356e+01   2.4336e+01   3.4958e+01   1.6230e+01   1.7858e+01 
  7.6644e+00   1.2400e+00   4.4252e-01   1.0904e-01   2.0054e-02 
  2.2962e-03   2.5583e-03   1.0877e-03   7.9882e-05   4.1882e-05 
  4.4069e-05   2.6414e-06   1.1025e-06   6.3515e-07   3.8751e-07 
  2.2807e-07   1.2762e-07   6.8033e-08   3.4710e-08  -6.8390e-02 
  1.0236e-03 

########################
# 00000050
########################
RSS 2392463.836412134
BP 0:
a0:   3.6952e+00   e0:  -1.6141e+00   b0:   1.4221e+02   
P: 
 -9.0301e+00   1.6224e+00   2.0000e+00   5.0000e-01  -1.0000e+00 
  5.0000e-01  -1.7976e-01  -8.3855e-01  -1.5993e-01   1.1757e-01 
  8.9448e-03  -7.4245e-02  -1.0057e-03   1.0485e-02  -1.9494e+00 
  3.0356e+01   2.4336e+01   3.4958e+01   1.6230e+01   1.7858e+01 
  7.6644e+00   1.2400e+00   4.4252e-01   1.0904e-01   2.0054e-02 
  2.2962e-03   2.5583e-03   1.0877e-03   7.9882e-05   4.1882e-05 
  4.4069e-05   2.6414e-06   1.1025e-06   6.3515e-07   3.8751e-07 
  2.2807e-07   1.2762e-07   6.8033e-08   3.4710e-08  -6.8390e-02 
  1.0236e-03 

########################
# 00000051
########################
RSS 2410184.8297242154
BP 0:
a0:   3.6783e+00   e0:  -1.6007e+00   b0:   2.1392e+02   
P: 
  7.4833e+01   8.6659e+01   2.0000e+00   5.0000e-01  -1.0000e+00 
  5.0000e-01   5.8030e-01  -4.9449e-01  -6.4182e-01   1.9135e-01 
  1.1742e-01  -1.6735e-01   1.0565e-03   1.5598e-02  -1.9494e+00 
  3.0356e+01   2.4336e+01   3.4958e+01   1.6230e+01   1.7858e+01 
  7.6644e+00   1.2400e+00   4.4252e-01   1.0904e-01   2.0054e-02 
  2.2962e-03   2.5583e-03   1.0877e-03   7.9882e-05   4.1882e-05 
  4.4069e-05   2.6414e-06   1.1025e-06   6.3515e-07   3.8751e-07 
  2.2807e-07   1.2762e-07   6.8033e-08   3.4710e-08  -6.8390e-02 
  1.0236e-03 

########################
# 00000052
########################
RSS 2490128.9474635064
BP 0:
a0:   3.2616e+00   e0:  -7.4668e+00   b0:   1.5775e+02   
P: 
  6.1843e+01   3.7311e+01   2.0000e+00   5.0000e-01  -1.0000e+00 
  5.0000e-01  -1.8196e-01  -1.0200e+00  -4.1781e-01   5.2429e-02 
  4.1073e-03  -7.2177e-02   1.2942e-02   1.8721e-02  -1.9494e+00 
  3.0356e+01   2.4336e+01   3.4958e+01   1.6230e+01   1.7858e+01 
  7.6644e+00   1.2400e+00   4.4252e-01   1.0904e-01   2.0054e-02 
  2.2962e-03   2.5583e-03   1.0877e-03   7.9882e-05   4.1882e-05 
  4.4069e-05   2.6414e-06   1.1025e-06   6.3515e-07   3.8751e-07 
  2.2807e-07   1.2762e-07   6.8033e-08   3.4710e-08  -6.8390e-02 
  1.0236e-03 

########################
# 00000053
########################
RSS 2609133.680162275
BP 0:
a0:   3.8183e+00   e0:  -2.4672e+00   b0:   3.3518e+02   
P: 
  9.0522e+01   3.4530e+01   2.0000e+00   5.0000e-01  -1.0000e+00 
  5.0000e-01   6.9688e-02  -1.3000e+00  -9.1880e-01  -2.9441e-03 
  1.3859e-01  -1.0241e-01   1.9888e-03   1.3083e-02  -1.9494e+00 
  3.0356e+01   2.4336e+01   3.4958e+01   1.6230e+01   1.7858e+01 
  7.6644e+00   1.2400e+00   4.4252e-01   1.0904e-01   2.0054e-02 
  2.2962e-03   2.5583e-03   1.0877e-03   7.9882e-05   4.1882e-05 
  4.4069e-05   2.6414e-06   1.1025e-06   6.3515e-07   3.8751e-07 
  2.2807e-07   1.2762e-07   6.8033e-08   3.4710e-08  -6.8390e-02 
  1.0236e-03 

########################
# 00000054
########################
RSS 2620064.372362648
BP 0:
a0:   3.7152e+00   e0:  -8.2095e+00   b0:   5.0619e+02   
P: 
  1.5011e+02   1.4910e+01   2.0000e+00   5.0000e-01  -1.0000e+00 
  5.0000e-01  -1.8599e+00  -1.6384e+00  -1.2235e+00   4.5312e-03 
  2.0381e-03  -8.8009e-02   7.9756e-03   2.8849e-02  -1.9494e+00 
  3.0356e+01   2.4336e+01   3.4958e+01   1.6230e+01   1.7858e+01 
  7.6644e+00   1.2400e+00   4.4252e-01   1.0904e-01   2.0054e-02 
  2.2962e-03   2.5583e-03   1.0877e-03   7.9882e-05   4.1882e-05 
  4.4069e-05   2.6414e-06   1.1025e-06   6.3515e-07   3.8751e-07 
  2.2807e-07   1.2762e-07   6.8033e-08   3.4710e-08  -6.8390e-02 
  1.0236e-03 

########################
# 00000055
########################
RSS 2695994.337696652
BP 0:
a0:   3.9414e+00   e0:  -2.7246e+00   b0:   2.3318e+02   
P: 
  6.5001e+01   4.9152e+01   2.0000e+00   5.0000e-01  -1.0000e+00 
  5.0000e-01   5.2644e-01  -4.8682e-01  -1.0501e+00   5.9146e-02 
 -3.1283e-02  -1.1972e-01   4.7655e-04   2.2149e-02  -1.9494e+00 
  3.0356e+01   2.4336e+01   3.4958e+01   1.6230e+01   1.7858e+01 
  7.6644e+00   1.2400e+00   4.4252e-01   1.0904e-01   2.0054e-02 
  2.2962e-03   2.5583e-03   1.0877e-03   7.9882e-05   4.1882e-05 
  4.4069e-05   2.6414e-06   1.1025e-06   6.3515e-07   3.8751e-07 
  2.2807e-07   1.2762e-07   6.8033e-08   3.4710e-08  -6.8390e-02 
  1.0236e-03 

########################
# 00000056
########################
RSS 2834586.5669904095
BP 0:
a0:   3.7320e+00   e0:  -1.4080e+00   b0:   1.3266e+02   
P: 
 -9.9696e+00   7.2533e+01   2.0000e+00   5.0000e-01  -1.0000e+00 
  5.0000e-01   2.2430e-01  -1.0997e+00  -2.8810e-01   1.1114e-01 
  2.0649e-02  -6.4639e-03  -1.7288e-03   3.0068e-03  -1.9494e+00 
  3.0356e+01   2.4336e+01   3.4958e+01   1.6230e+01   1.7858e+01 
  7.6644e+00   1.2400e+00   4.4252e-01   1.0904e-01   2.0054e-02 
  2.2962e-03   2.5583e-03   1.0877e-03   7.9882e-05   4.1882e-05 
  4.4069e-05   2.6414e-06   1.1025e-06   6.3515e-07   3.8751e-07 
  2.2807e-07   1.2762e-07   6.8033e-08   3.4710e-08  -6.8390e-02 
  1.0236e-03 

########################
# 00000057
########################
RSS 2944694.9698899053
BP 0:
a0:   3.9187e+00   e0:  -2.5048e+00   b0:   2.2428e+02   
P: 
 -2.3699e+01   8.2268e+01   2.0000e+00   5.0000e-01  -1.0000e+00 
  5.0000e-01   9.7975e-02  -6.6568e-01  -1.0470e+00   8.3917e-02 
 -2.6897e-02  -4.9023e-02  -1.0278e-02   1.6448e-02  -1.9494e+00 
  3.0356e+01   2.4336e+01   3.4958e+01   1.6230e+01   1.7858e+01 
  7.6644e+00   1.2400e+00   4.4252e-01   1.0904e-01   2.0054e-02 
  2.2962e-03   2.5583e-03   1.0877e-03   7.9882e-05   4.1882e-05 
  4.4069e-05   2.6414e-06   1.1025e-06   6.3515e-07   3.8751e-07 
  2.2807e-07   1.2762e-07   6.8033e-08   3.4710e-08  -6.8390e-02 
  1.0236e-03 

########################
# 00000058
########################
RSS 2960042.8521499033
BP 0:
a0:   3.3190e+00   e0:  -7.6224e+00   b0:   1.1249e+02   
P: 
 -7.6441e+01   2.0963e+01   2.0000e+00   5.0000e-01  -1.0000e+00 
  5.0000e-01   1.0152e+00  -1.3305e+00  -9.2946e-01   2.3211e-01 
  2.2450e-02  -7.3487e-02  -1.2635e-02   2.4657e-02  -1.9494e+00 
  3.0356e+01   2.4336e+01   3.4958e+01   1.6230e+01   1.7858e+01 
  7.6644e+00   1.2400e+00   4.4252e-01   1.0904e-01   2.0054e-02 
  2.2962e-03   2.5583e-03   1.0877e-03   7.9882e-05   4.1882e-05 
  4.4069e-05   2.6414e-06   1.1025e-06   6.3515e-07   3.8751e-07 
  2.2807e-07   1.2762e-07   6.8033e-08   3.4710e-08  -6.8390e-02 
  1.0236e-03 

########################
# 00000059
########################
RSS 2994529.193738905
BP 0:
a0:   3.7859e+00   e0:  -1.7957e+00   b0:   2.4520e+02   
P: 
  7.9379e+01  -4.2257e+00   2.0000e+00   5.0000e-01  -1.0000e+00 
  5.0000e-01  -8.1443e-01  -8.5166e-01  -3.4756e-01   4.3302e-02 
 -5.9022e-03  -9.4111e-02   1.6179e-02   1.1101e-02  -1.9494e+00 
  3.0356e+01   2.4336e+01   3.4958e+01   1.6230e+01   1.7858e+01 
  7.6644e+00   1.2400e+00   4.4252e-01   1.0904e-01   2.0054e-02 
  2.2962e-03   2.5583e-03   1.0877e-03   7.9882e-05   4.1882e-05 
  4.4069e-05   2.6414e-06   1.1025e-06   6.3515e-07   3.8751e-07 
  2.2807e-07   1.2762e-07   6.8033e-08   3.4710e-08  -6.8390e-02 
  1.0236e-03 

########################
# 00000060
########################
RSS 3223228.9674892877
BP 0:
a0:   3.7803e+00   e0:  -1.7110e+00   b0:   2.6751e+02   
P: 
  7.8907e+01   2.9511e+01   2.0000e+00   5.0000e-01  -1.0000e+00 
  5.0000e-01  -5.9594e-01  -1.3135e+00  -5.3780e-01   1.1262e-01 
  5.2027e-03   1.1266e-02   1.4712e-04   2.9531e-03  -1.9494e+00 
  3.0356e+01   2.4336e+01   3.4958e+01   1.6230e+01   1.7858e+01 
  7.6644e+00   1.2400e+00   4.4252e-01   1.0904e-01   2.0054e-02 
  2.2962e-03   2.5583e-03   1.0877e-03   7.9882e-05   4.1882e-05 
  4.4069e-05   2.6414e-06   1.1025e-06   6.3515e-07   3.8751e-07 
  2.2807e-07   1.2762e-07   6.8033e-08   3.4710e-08  -6.8390e-02 
  1.0236e-03 

########################
# 00000061
########################
RSS 3349013.8489675713
BP 0:
a0:   3.8535e+00   e0:  -2.1132e+00   b0:   2.7364e+02   
P: 
  2.3987e+02   1.3434e+01   2.0000e+00   5.0000e-01  -1.0000e+00 
  5.0000e-01   6.6439e-01  -2.5916e+00  -8.4623e-01   3.4189e-01 
 -1.5430e-01   1.4375e-01   4.9658e-03  -6.4105e-03  -1.9494e+00 
  3.0356e+01   2.4336e+01   3.4958e+01   1.6230e+01   1.7858e+01 
  7.6644e+00   1.2400e+00   4.4252e-01   1.0904e-01   2.0054e-02 
  2.2962e-03   2.5583e-03   1.0877e-03   7.9882e-05   4.1882e-05 
  4.4069e-05   2.6414e-06   1.1025e-06   6.3515e-07   3.8751e-07 
  2.2807e-07   1.2762e-07   6.8033e-08   3.4710e-08  -6.8390e-02 
  1.0236e-03 

########################
# 00000062
########################
RSS 3433015.59193842
BP 0:
a0:   1.4673e+00   e0:  -8.5950e+00   b0:  -1.8886e+00   
P: 
  1.4051e+02  -5.6992e+00   2.0000e+00   5.0000e-01  -1.0000e+00 
  5.0000e-01   2.0491e-01  -9.3806e-01  -6.1305e-01   6.7148e-02 
 -2.2012e-02   2.3850e-02   2.5264e-04   1.3327e-02  -1.9494e+00 
  3.0356e+01   2.4336e+01   3.4958e+01   1.6230e+01   1.7858e+01 
  7.6644e+00   1.2400e+00   4.4252e-01   1.0904e-01   2.0054e-02 
  2.2962e-03   2.5583e-03   1.0877e-03   7.9882e-05   4.1882e-05 
  4.4069e-05   2.6414e-06   1.1025e-06   6.3515e-07   3.8751e-07 
  2.2807e-07   1.2762e-07   6.8033e-08   3.4710e-08  -6.8390e-02 
  1.0236e-03 

########################
# 00000063
########################
RSS 3635582.6177114695
BP 0:
a0:   3.8295e+00   e0:  -1.3977e+00   b0:   1.7276e+02   
P: 
  3.3650e+01   4.1811e+01   2.0000e+00   5.0000e-01  -1.0000e+00 
  5.0000e-01  -9.5899e-02  -5.4930e-01  -6.3182e-01   9.6220e-02 
  4.9212e-02  -8.4419e-02   5.7589e-03   9.3083e-03  -1.9494e+00 
  3.0356e+01   2.4336e+01   3.4958e+01   1.6230e+01   1.7858e+01 
  7.6644e+00   1.2400e+00   4.4252e-01   1.0904e-01   2.0054e-02 
  2.2962e-03   2.5583e-03   1.0877e-03   7.9882e-05   4.1882e-05 
  4.4069e-05   2.6414e-06   1.1025e-06   6.3515e-07   3.8751e-07 
  2.2807e-07   1.2762e-07   6.8033e-08   3.4710e-08  -6.8390e-02 
  1.0236e-03 

########################
# 00000064
########################
RSS 3880563.1694065235
BP 0:
a0:   3.8471e+00   e0:  -1.4552e+00   b0:   2.0522e+02   
P: 
  3.6309e+00   8.0045e+01   2.0000e+00   5.0000e-01  -1.0000e+00 
  5.0000e-01   2.7202e-01  -7.2814e-01  -7.7400e-01   2.6951e-02 
  1.0057e-01  -8.2510e-02   1.5147e-02   5.9925e-03  -1.9494e+00 
  3.0356e+01   2.4336e+01   3.4958e+01   1.6230e+01   1.7858e+01 
  7.6644e+00   1.2400e+00   4.4252e-01   1.0904e-01   2.0054e-02 
  2.2962e-03   2.5583e-03   1.0877e-03   7.9882e-05   4.1882e-05 
  4.4069e-05   2.6414e-06   1.1025e-06   6.3515e-07   3.8751e-07 
  2.2807e-07   1.2762e-07   6.8033e-08   3.4710e-08  -6.8390e-02 
  1.0236e-03 

########################
# 00000065
########################
RSS 4120420.0244955057
BP 0:
a0:   3.8837e+00   e0:  -2.4071e+00   b0:   3.5630e+02   
P: 
 -9.1709e+01   1.0051e+02   2.0000e+00   5.0000e-01  -1.0000e+00 
  5.0000e-01  -4.6690e-01  -9.6641e-01  -1.3032e+00   2.2363e-01 
 -2.0685e-02  -1.0461e-01  -1.0774e-02   2.1324e-02  -1.9494e+00 
  3.0356e+01   2.4336e+01   3.4958e+01   1.6230e+01   1.7858e+01 
  7.6644e+00   1.2400e+00   4.4252e-01   1.0904e-01   2.0054e-02 
  2.2962e-03   2.5583e-03   1.0877e-03   7.9882e-05   4.1882e-05 
  4.4069e-05   2.6414e-06   1.1025e-06   6.3515e-07   3.8751e-07 
  2.2807e-07   1.2762e-07   6.8033e-08   3.4710e-08  -6.8390e-02 
  1.0236e-03 

########################
# 00000066
########################
RSS 4158136.547531768
BP 0:
a0:   3.9650e+00   e0:  -1.9196e+00   b0:   2.2454e+02   
P: 
  8.7214e+01   1.3451e+01   2.0000e+00   5.0000e-01  -1.0000e+00 
  5.0000e-01   1.0486e+00  -5.2976e-01  -1.0990e+00   1.5490e-01 
 -3.3391e-02  -9.3467e-02   3.4956e-03   1.5752e-02  -1.9494e+00 
  3.0356e+01   2.4336e+01   3.4958e+01   1.6230e+01   1.7858e+01 
  7.6644e+00   1.2400e+00   4.4252e-01   1.0904e-01   2.0054e-02 
  2.2962e-03   2.5583e-03   1.0877e-03   7.9882e-05   4.1882e-05 
  4.4069e-05   2.6414e-06   1.1025e-06   6.3515e-07   3.8751e-07 
  2.2807e-07   1.2762e-07   6.8033e-08   3.4710e-08  -6.8390e-02 
  1.0236e-03 

########################
# 00000067
########################
RSS 4262622.78639167
BP 0:
a0:   3.7680e+00   e0:  -1.0139e+00   b0:   2.1838e+02   
P: 
  3.7046e+00   5.7644e+01   2.0000e+00   5.0000e-01  -1.0000e+00 
  5.0000e-01  -1.5800e+00  -4.9417e-01  -1.0213e-01   1.0011e-01 
 -1.1659e-01  -1.1368e-02  -3.0033e-03   8.7049e-03  -1.9494e+00 
  3.0356e+01   2.4336e+01   3.4958e+01   1.6230e+01   1.7858e+01 
  7.6644e+00   1.2400e+00   4.4252e-01   1.0904e-01   2.0054e-02 
  2.2962e-03   2.5583e-03   1.0877e-03   7.9882e-05   4.1882e-05 
  4.4069e-05   2.6414e-06   1.1025e-06   6.3515e-07   3.8751e-07 
  2.2807e-07   1.2762e-07   6.8033e-08   3.4710e-08  -6.8390e-02 
  1.0236e-03 

########################
# 00000068
########################
RSS 4590033.03880954
BP 0:
a0:   3.8691e+00   e0:  -1.7989e+00   b0:   3.0725e+02   
P: 
  9.1354e+01   6.5037e+01   2.0000e+00   5.0000e-01  -1.0000e+00 
  5.0000e-01  -5.8615e-01  -7.9214e-01  -9.8162e-01  -1.7486e-02 
  4.4725e-02  -4.8408e-02   1.3487e-02   7.2320e-03  -1.9494e+00 
  3.0356e+01   2.4336e+01   3.4958e+01   1.6230e+01   1.7858e+01 
  7.6644e+00   1.2400e+00   4.4252e-01   1.0904e-01   2.0054e-02 
  2.2962e-03   2.5583e-03   1.0877e-03   7.9882e-05   4.1882e-05 
  4.4069e-05   2.6414e-06   1.1025e-06   6.3515e-07   3.8751e-07 
  2.2807e-07   1.2762e-07   6.8033e-08   3.4710e-08  -6.8390e-02 
  1.0236e-03 

########################
# 00000069
########################
RSS 4776226.407880034
BP 0:
a0:   3.4215e+00   e0:  -2.0253e-01   b0:   2.2656e+01   
P: 
 -5.0000e+01  -1.0000e+01   2.0000e+00   5.0000e-01  -1.0000e+00 
  5.0000e-01  -2.0000e-01   1.0000e-03   1.0000e-03  -1.0000e-03 
 -1.0000e-03   1.0000e-03   1.0000e-03   1.0000e-05  -1.9494e+00 
  3.0356e+01   2.4336e+01   3.4958e+01   1.6230e+01   1.7858e+01 
  7.6644e+00   1.2400e+00   4.4252e-01   1.0904e-01   2.0054e-02 
  2.2962e-03   2.5583e-03   1.0877e-03   7.9882e-05   4.1882e-05 
  4.4069e-05   2.6414e-06   1.1025e-06   6.3515e-07   3.8751e-07 
  2.2807e-07   1.2762e-07   6.8033e-08   3.4710e-08  -6.8390e-02 
  1.0236e-03 

########################
# 00000070
########################
RSS 5249942.897642667
BP 0:
a0:   3.8715e+00   e0:  -1.2497e+00   b0:   2.7333e+02   
P: 
 -1.5773e+01   7.5034e+00   2.0000e+00   5.0000e-01  -1.0000e+00 
  5.0000e-01   3.4648e-01  -6.2206e-01  -1.2435e+00   2.1644e-01 
  9.4354e-02  -9.1763e-02  -6.4702e-03   1.1117e-02  -1.9494e+00 
  3.0356e+01   2.4336e+01   3.4958e+01   1.6230e+01   1.7858e+01 
  7.6644e+00   1.2400e+00   4.4252e-01   1.0904e-01   2.0054e-02 
  2.2962e-03   2.5583e-03   1.0877e-03   7.9882e-05   4.1882e-05 
  4.4069e-05   2.6414e-06   1.1025e-06   6.3515e-07   3.8751e-07 
  2.2807e-07   1.2762e-07   6.8033e-08   3.4710e-08  -6.8390e-02 
  1.0236e-03 

########################
# 00000071
########################
RSS 5445271.455430616
BP 0:
a0:   3.8190e+00   e0:  -7.3819e-01   b0:   2.2161e+02   
P: 
 -5.3588e+00   8.0647e+01   2.0000e+00   5.0000e-01  -1.0000e+00 
  5.0000e-01   8.2177e-02  -1.2714e+00  -4.3325e-01   1.8258e-01 
  5.5461e-02  -9.2305e-02  -4.5931e-03   9.7452e-03  -1.9494e+00 
  3.0356e+01   2.4336e+01   3.4958e+01   1.6230e+01   1.7858e+01 
  7.6644e+00   1.2400e+00   4.4252e-01   1.0904e-01   2.0054e-02 
  2.2962e-03   2.5583e-03   1.0877e-03   7.9882e-05   4.1882e-05 
  4.4069e-05   2.6414e-06   1.1025e-06   6.3515e-07   3.8751e-07 
  2.2807e-07   1.2762e-07   6.8033e-08   3.4710e-08  -6.8390e-02 
  1.0236e-03 

########################
# 00000072
########################
RSS 5815720.580845296
BP 0:
a0:   3.2378e+00   e0:  -9.0727e+00   b0:   1.3612e+02   
P: 
  3.8848e+00   4.9823e+01   2.0000e+00   5.0000e-01  -1.0000e+00 
  5.0000e-01   4.1390e-02  -1.0306e+00  -9.1255e-01   7.0586e-02 
  1.0785e-01  -4.8753e-02  -9.0892e-03   2.1307e-02  -1.9494e+00 
  3.0356e+01   2.4336e+01   3.4958e+01   1.6230e+01   1.7858e+01 
  7.6644e+00   1.2400e+00   4.4252e-01   1.0904e-01   2.0054e-02 
  2.2962e-03   2.5583e-03   1.0877e-03   7.9882e-05   4.1882e-05 
  4.4069e-05   2.6414e-06   1.1025e-06   6.3515e-07   3.8751e-07 
  2.2807e-07   1.2762e-07   6.8033e-08   3.4710e-08  -6.8390e-02 
  1.0236e-03 

########################
# 00000073
########################
RSS 6556173.078942696
BP 0:
a0:   3.9260e+00   e0:  -7.3217e-01   b0:   1.8839e+02   
P: 
 -1.1339e+01  -2.3007e+01   2.0000e+00   5.0000e-01  -1.0000e+00 
  5.0000e-01  -9.1354e-01  -2.8089e-01  -4.2521e-01  -5.7887e-02 
 -1.1488e-01   5.0882e-02  -1.7787e-03   3.7466e-03  -1.9494e+00 
  3.0356e+01   2.4336e+01   3.4958e+01   1.6230e+01   1.7858e+01 
  7.6644e+00   1.2400e+00   4.4252e-01   1.0904e-01   2.0054e-02 
  2.2962e-03   2.5583e-03   1.0877e-03   7.9882e-05   4.1882e-05 
  4.4069e-05   2.6414e-06   1.1025e-06   6.3515e-07   3.8751e-07 
  2.2807e-07   1.2762e-07   6.8033e-08   3.4710e-08  -6.8390e-02 
  1.0236e-03 

########################
# 00000074
########################
RSS 7091880.746349357
BP 0:
a0:   3.9024e+00   e0:  -1.2282e+00   b0:   3.2724e+02   
P: 
 -3.1600e+01   5.5850e+01   2.0000e+00   5.0000e-01  -1.0000e+00 
  5.0000e-01  -4.6597e-01  -8.1973e-01  -9.8490e-01   1.5150e-01 
 -1.5242e-03  -1.4234e-01   1.9467e-03   1.8794e-02  -1.9494e+00 
  3.0356e+01   2.4336e+01   3.4958e+01   1.6230e+01   1.7858e+01 
  7.6644e+00   1.2400e+00   4.4252e-01   1.0904e-01   2.0054e-02 
  2.2962e-03   2.5583e-03   1.0877e-03   7.9882e-05   4.1882e-05 
  4.4069e-05   2.6414e-06   1.1025e-06   6.3515e-07   3.8751e-07 
  2.2807e-07   1.2762e-07   6.8033e-08   3.4710e-08  -6.8390e-02 
  1.0236e-03 

########################
# 00000075
########################
RSS 7183909.181992018
BP 0:
a0:   3.8632e+00   e0:  -1.6055e-01   b0:   1.8820e+02   
P: 
 -4.0939e+01   7.3693e+01   2.0000e+00   5.0000e-01  -1.0000e+00 
  5.0000e-01  -2.6266e-01  -5.6096e-01  -5.8762e-01   1.4863e-01 
  4.0306e-02  -7.1659e-02   7.3430e-03   4.5596e-03  -1.9494e+00 
  3.0356e+01   2.4336e+01   3.4958e+01   1.6230e+01   1.7858e+01 
  7.6644e+00   1.2400e+00   4.4252e-01   1.0904e-01   2.0054e-02 
  2.2962e-03   2.5583e-03   1.0877e-03   7.9882e-05   4.1882e-05 
  4.4069e-05   2.6414e-06   1.1025e-06   6.3515e-07   3.8751e-07 
  2.2807e-07   1.2762e-07   6.8033e-08   3.4710e-08  -6.8390e-02 
  1.0236e-03 

########################
# 00000076
########################
RSS 7254379.999982988
BP 0:
a0:   3.9130e+00   e0:  -8.8796e-01   b0:   2.6619e+02   
P: 
  1.1831e+02   8.5388e+01   2.0000e+00   5.0000e-01  -1.0000e+00 
  5.0000e-01  -5.2890e-01  -5.2125e-01  -7.2873e-01   3.7172e-03 
  3.5822e-03  -1.0855e-01   1.3851e-02   1.2265e-02  -1.9494e+00 
  3.0356e+01   2.4336e+01   3.4958e+01   1.6230e+01   1.7858e+01 
  7.6644e+00   1.2400e+00   4.4252e-01   1.0904e-01   2.0054e-02 
  2.2962e-03   2.5583e-03   1.0877e-03   7.9882e-05   4.1882e-05 
  4.4069e-05   2.6414e-06   1.1025e-06   6.3515e-07   3.8751e-07 
  2.2807e-07   1.2762e-07   6.8033e-08   3.4710e-08  -6.8390e-02 
  1.0236e-03 

########################
# 00000077
########################
RSS 7275055.3769686315
BP 0:
a0:   3.9356e+00   e0:  -5.4209e-01   b0:   1.8975e+02   
P: 
 -3.8039e+01  -1.5963e+01   2.0000e+00   5.0000e-01  -1.0000e+00 
  5.0000e-01  -7.3007e-01  -1.6484e-01  -5.8987e-01   7.8972e-02 
 -9.1037e-02  -3.4780e-02   3.6920e-03   8.7216e-03  -1.9494e+00 
  3.0356e+01   2.4336e+01   3.4958e+01   1.6230e+01   1.7858e+01 
  7.6644e+00   1.2400e+00   4.4252e-01   1.0904e-01   2.0054e-02 
  2.2962e-03   2.5583e-03   1.0877e-03   7.9882e-05   4.1882e-05 
  4.4069e-05   2.6414e-06   1.1025e-06   6.3515e-07   3.8751e-07 
  2.2807e-07   1.2762e-07   6.8033e-08   3.4710e-08  -6.8390e-02 
  1.0236e-03 

########################
# 00000078
########################
RSS 7583159.100315062
BP 0:
a0:   3.8717e+00   e0:  -2.6151e-02   b0:   1.8018e+02   
P: 
  9.8763e+01   5.2099e+01   2.0000e+00   5.0000e-01  -1.0000e+00 
  5.0000e-01  -3.4383e-01  -5.9874e-01  -2.5385e-01   3.9575e-02 
  2.0244e-02  -9.4269e-02   1.1167e-02   7.1180e-03  -1.9494e+00 
  3.0356e+01   2.4336e+01   3.4958e+01   1.6230e+01   1.7858e+01 
  7.6644e+00   1.2400e+00   4.4252e-01   1.0904e-01   2.0054e-02 
  2.2962e-03   2.5583e-03   1.0877e-03   7.9882e-05   4.1882e-05 
  4.4069e-05   2.6414e-06   1.1025e-06   6.3515e-07   3.8751e-07 
  2.2807e-07   1.2762e-07   6.8033e-08   3.4710e-08  -6.8390e-02 
  1.0236e-03 

########################
# 00000079
########################
RSS 7857793.934299844
BP 0:
a0:   3.1531e+00   e0:  -1.0083e+01   b0:   1.8527e+02   
P: 
  6.0816e+01   8.0168e+01   2.0000e+00   5.0000e-01  -1.0000e+00 
  5.0000e-01  -8.2153e-01  -9.8852e-01  -4.5364e-01  -2.1226e-02 
  1.0577e-01  -1.0599e-01   1.5726e-02   2.1963e-02  -1.9494e+00 
  3.0356e+01   2.4336e+01   3.4958e+01   1.6230e+01   1.7858e+01 
  7.6644e+00   1.2400e+00   4.4252e-01   1.0904e-01   2.0054e-02 
  2.2962e-03   2.5583e-03   1.0877e-03   7.9882e-05   4.1882e-05 
  4.4069e-05   2.6414e-06   1.1025e-06   6.3515e-07   3.8751e-07 
  2.2807e-07   1.2762e-07   6.8033e-08   3.4710e-08  -6.8390e-02 
  1.0236e-03 

########################
# 00000080
########################
RSS 8250642.812672491
BP 0:
a0:   4.1892e+00   e0:  -2.9513e-01   b0:   7.6820e+01   
P: 
  7.5053e+01   1.8936e+01   2.0000e+00   5.0000e-01  -1.0000e+00 
  5.0000e-01   4.2121e-02  -1.4005e-02  -1.6699e-01   1.0630e-02 
 -1.1895e-01  -6.8488e-02  -5.6662e-03   1.4247e-02  -1.9494e+00 
  3.0356e+01   2.4336e+01   3.4958e+01   1.6230e+01   1.7858e+01 
  7.6644e+00   1.2400e+00   4.4252e-01   1.0904e-01   2.0054e-02 
  2.2962e-03   2.5583e-03   1.0877e-03   7.9882e-05   4.1882e-05 
  4.4069e-05   2.6414e-06   1.1025e-06   6.3515e-07   3.8751e-07 
  2.2807e-07   1.2762e-07   6.8033e-08   3.4710e-08  -6.8390e-02 
  1.0236e-03 

########################
# 00000081
########################
RSS 8995451.44135002
BP 0:
a0:   1.6839e+00   e0:  -1.1510e+01   b0:   5.5304e+00   
P: 
 -1.7914e+01   9.2403e+00   2.0000e+00   5.0000e-01  -1.0000e+00 
  5.0000e-01  -9.7027e-02  -6.6052e-01  -1.0670e+00   1.7550e-01 
  3.7189e-02  -2.1555e-02  -2.6072e-03   2.0040e-02  -1.9494e+00 
  3.0356e+01   2.4336e+01   3.4958e+01   1.6230e+01   1.7858e+01 
  7.6644e+00   1.2400e+00   4.4252e-01   1.0904e-01   2.0054e-02 
  2.2962e-03   2.5583e-03   1.0877e-03   7.9882e-05   4.1882e-05 
  4.4069e-05   2.6414e-06   1.1025e-06   6.3515e-07   3.8751e-07 
  2.2807e-07   1.2762e-07   6.8033e-08   3.4710e-08  -6.8390e-02 
  1.0236e-03 

########################
# 00000082
########################
RSS 9144066.907826833
BP 0:
a0:   3.8786e+00   e0:   6.9055e-02   b0:   2.5266e+02   
P: 
 -2.7580e+01   3.4955e+01   2.0000e+00   5.0000e-01  -1.0000e+00 
  5.0000e-01  -5.2132e-01  -4.0737e-01  -8.3651e-01   2.1787e-01 
  7.3820e-02  -1.4236e-01   1.3567e-03   1.1515e-02  -1.9494e+00 
  3.0356e+01   2.4336e+01   3.4958e+01   1.6230e+01   1.7858e+01 
  7.6644e+00   1.2400e+00   4.4252e-01   1.0904e-01   2.0054e-02 
  2.2962e-03   2.5583e-03   1.0877e-03   7.9882e-05   4.1882e-05 
  4.4069e-05   2.6414e-06   1.1025e-06   6.3515e-07   3.8751e-07 
  2.2807e-07   1.2762e-07   6.8033e-08   3.4710e-08  -6.8390e-02 
  1.0236e-03 

########################
# 00000083
########################
RSS 9917931.53307726
BP 0:
a0:   3.9020e+00   e0:   1.9235e-01   b0:   2.4292e+02   
P: 
  5.0888e+01  -1.3968e+01   2.0000e+00   5.0000e-01  -1.0000e+00 
  5.0000e-01  -1.5368e+00  -2.5556e-02  -5.6518e-01  -6.5560e-02 
 -6.0961e-02   4.8072e-02   1.0055e-02  -2.6721e-03  -1.9494e+00 
  3.0356e+01   2.4336e+01   3.4958e+01   1.6230e+01   1.7858e+01 
  7.6644e+00   1.2400e+00   4.4252e-01   1.0904e-01   2.0054e-02 
  2.2962e-03   2.5583e-03   1.0877e-03   7.9882e-05   4.1882e-05 
  4.4069e-05   2.6414e-06   1.1025e-06   6.3515e-07   3.8751e-07 
  2.2807e-07   1.2762e-07   6.8033e-08   3.4710e-08  -6.8390e-02 
  1.0236e-03 

########################
# 00000084
########################
RSS 9938319.655413605
BP 0:
a0:   3.9588e+00   e0:  -2.4677e-01   b0:   2.4283e+02   
P: 
  2.8435e+01   7.8899e+01   2.0000e+00   5.0000e-01  -1.0000e+00 
  5.0000e-01  -1.6476e-01  -1.1672e+00  -2.7861e-01   1.8706e-01 
 -1.8141e-01  -1.1239e-01   1.2743e-02   1.6088e-02  -1.9494e+00 
  3.0356e+01   2.4336e+01   3.4958e+01   1.6230e+01   1.7858e+01 
  7.6644e+00   1.2400e+00   4.4252e-01   1.0904e-01   2.0054e-02 
  2.2962e-03   2.5583e-03   1.0877e-03   7.9882e-05   4.1882e-05 
  4.4069e-05   2.6414e-06   1.1025e-06   6.3515e-07   3.8751e-07 
  2.2807e-07   1.2762e-07   6.8033e-08   3.4710e-08  -6.8390e-02 
  1.0236e-03 

########################
# 00000085
########################
RSS 10726465.33625338
BP 0:
a0:   3.8746e+00   e0:  -3.1792e-01   b0:   4.2405e+02   
P: 
  7.8354e+01   6.8421e+01   2.0000e+00   5.0000e-01  -1.0000e+00 
  5.0000e-01  -1.2163e+00  -8.0131e-01  -9.9844e-01  -5.7288e-03 
  1.2021e-01  -1.3270e-01   8.9153e-03   1.1102e-02  -1.9494e+00 
  3.0356e+01   2.4336e+01   3.4958e+01   1.6230e+01   1.7858e+01 
  7.6644e+00   1.2400e+00   4.4252e-01   1.0904e-01   2.0054e-02 
  2.2962e-03   2.5583e-03   1.0877e-03   7.9882e-05   4.1882e-05 
  4.4069e-05   2.6414e-06   1.1025e-06   6.3515e-07   3.8751e-07 
  2.2807e-07   1.2762e-07   6.8033e-08   3.4710e-08  -6.8390e-02 
  1.0236e-03 

########################
# 00000086
########################
RSS 11242784.323504593
BP 0:
a0:   3.9294e+00   e0:   1.9072e-01   b0:   2.6956e+02   
P: 
 -5.1091e+01   6.4931e+01   2.0000e+00   5.0000e-01  -1.0000e+00 
  5.0000e-01  -3.0436e-02  -1.2568e+00  -4.5676e-01   1.9251e-01 
 -5.5791e-02  -1.2105e-01   5.6283e-03   1.2981e-02  -1.9494e+00 
  3.0356e+01   2.4336e+01   3.4958e+01   1.6230e+01   1.7858e+01 
  7.6644e+00   1.2400e+00   4.4252e-01   1.0904e-01   2.0054e-02 
  2.2962e-03   2.5583e-03   1.0877e-03   7.9882e-05   4.1882e-05 
  4.4069e-05   2.6414e-06   1.1025e-06   6.3515e-07   3.8751e-07 
  2.2807e-07   1.2762e-07   6.8033e-08   3.4710e-08  -6.8390e-02 
  1.0236e-03 

########################
# 00000087
########################
RSS 12039925.702117544
BP 0:
a0:   1.2047e+00   e0:  -1.1983e+01   b0:   2.1500e+00   
P: 
  9.2806e+01   2.2787e+01   2.0000e+00   5.0000e-01  -1.0000e+00 
  5.0000e-01  -3.8869e-01  -9.9505e-01  -5.0992e-01   1.9626e-01 
  4.7091e-02  -9.9244e-02  -7.1048e-03   2.6535e-02  -1.9494e+00 
  3.0356e+01   2.4336e+01   3.4958e+01   1.6230e+01   1.7858e+01 
  7.6644e+00   1.2400e+00   4.4252e-01   1.0904e-01   2.0054e-02 
  2.2962e-03   2.5583e-03   1.0877e-03   7.9882e-05   4.1882e-05 
  4.4069e-05   2.6414e-06   1.1025e-06   6.3515e-07   3.8751e-07 
  2.2807e-07   1.2762e-07   6.8033e-08   3.4710e-08  -6.8390e-02 
  1.0236e-03 

########################
# 00000088
########################
RSS 12220798.322552687
BP 0:
a0:   3.8627e+00   e0:   1.4335e+00   b0:   1.7434e+02   
P: 
  4.3940e+01   2.3910e+01   2.0000e+00   5.0000e-01  -1.0000e+00 
  5.0000e-01  -1.5355e+00  -1.8529e-01   2.9604e-02   4.9647e-02 
 -9.9452e-02   4.4312e-02  -1.1299e-03  -3.4569e-03  -1.9494e+00 
  3.0356e+01   2.4336e+01   3.4958e+01   1.6230e+01   1.7858e+01 
  7.6644e+00   1.2400e+00   4.4252e-01   1.0904e-01   2.0054e-02 
  2.2962e-03   2.5583e-03   1.0877e-03   7.9882e-05   4.1882e-05 
  4.4069e-05   2.6414e-06   1.1025e-06   6.3515e-07   3.8751e-07 
  2.2807e-07   1.2762e-07   6.8033e-08   3.4710e-08  -6.8390e-02 
  1.0236e-03 

########################
# 00000089
########################
RSS 12937997.938117163
BP 0:
a0:   3.9528e+00   e0:   2.5806e-01   b0:   2.9433e+02   
P: 
 -2.0868e+01   7.1479e+01   2.0000e+00   5.0000e-01  -1.0000e+00 
  5.0000e-01  -5.4272e-01  -8.4591e-01  -4.4469e-01  -3.7927e-02 
 -5.4941e-02  -9.0223e-02   1.2601e-02   1.0496e-02  -1.9494e+00 
  3.0356e+01   2.4336e+01   3.4958e+01   1.6230e+01   1.7858e+01 
  7.6644e+00   1.2400e+00   4.4252e-01   1.0904e-01   2.0054e-02 
  2.2962e-03   2.5583e-03   1.0877e-03   7.9882e-05   4.1882e-05 
  4.4069e-05   2.6414e-06   1.1025e-06   6.3515e-07   3.8751e-07 
  2.2807e-07   1.2762e-07   6.8033e-08   3.4710e-08  -6.8390e-02 
  1.0236e-03 

########################
# 00000090
########################
RSS 13445037.658116397
BP 0:
a0:   1.3190e+00   e0:  -1.2575e+01   b0:  -2.4975e+00   
P: 
 -3.6326e+01   3.9050e+01   2.0000e+00   5.0000e-01  -1.0000e+00 
  5.0000e-01  -5.8303e-01  -1.1199e+00  -5.4315e-01   1.3356e-01 
  1.2747e-01  -8.8385e-02   6.9819e-03   2.0042e-02  -1.9494e+00 
  3.0356e+01   2.4336e+01   3.4958e+01   1.6230e+01   1.7858e+01 
  7.6644e+00   1.2400e+00   4.4252e-01   1.0904e-01   2.0054e-02 
  2.2962e-03   2.5583e-03   1.0877e-03   7.9882e-05   4.1882e-05 
  4.4069e-05   2.6414e-06   1.1025e-06   6.3515e-07   3.8751e-07 
  2.2807e-07   1.2762e-07   6.8033e-08   3.4710e-08  -6.8390e-02 
  1.0236e-03 

########################
# 00000091
########################
RSS 13627219.404320452
BP 0:
a0:   3.9542e+00   e0:   1.3877e+00   b0:   1.6656e+02   
P: 
  4.4098e+01  -2.2137e+00   2.0000e+00   5.0000e-01  -1.0000e+00 
  5.0000e-01  -2.8482e-01  -5.7375e-01  -1.8193e-01   9.0562e-02 
 -2.1377e-02  -6.0093e-02   9.5446e-03   1.6667e-03  -1.9494e+00 
  3.0356e+01   2.4336e+01   3.4958e+01   1.6230e+01   1.7858e+01 
  7.6644e+00   1.2400e+00   4.4252e-01   1.0904e-01   2.0054e-02 
  2.2962e-03   2.5583e-03   1.0877e-03   7.9882e-05   4.1882e-05 
  4.4069e-05   2.6414e-06   1.1025e-06   6.3515e-07   3.8751e-07 
  2.2807e-07   1.2762e-07   6.8033e-08   3.4710e-08  -6.8390e-02 
  1.0236e-03 

########################
# 00000092
########################
RSS 13674222.09105427
BP 0:
a0:   4.0712e+00   e0:   5.8088e-01   b0:   1.7114e+02   
P: 
  8.6873e+01   5.6481e+01   2.0000e+00   5.0000e-01  -1.0000e+00 
  5.0000e-01   8.8706e-01  -7.1066e-01  -6.4647e-01   1.7358e-01 
  1.3289e-02  -1.5430e-01  -2.7602e-03   1.4660e-02  -1.9494e+00 
  3.0356e+01   2.4336e+01   3.4958e+01   1.6230e+01   1.7858e+01 
  7.6644e+00   1.2400e+00   4.4252e-01   1.0904e-01   2.0054e-02 
  2.2962e-03   2.5583e-03   1.0877e-03   7.9882e-05   4.1882e-05 
  4.4069e-05   2.6414e-06   1.1025e-06   6.3515e-07   3.8751e-07 
  2.2807e-07   1.2762e-07   6.8033e-08   3.4710e-08  -6.8390e-02 
  1.0236e-03 

########################
# 00000093
########################
RSS 13681589.782624193
BP 0:
a0:   3.9957e+00   e0:   5.9717e-01   b0:   2.2853e+02   
P: 
  7.9209e+01   3.9427e+01   2.0000e+00   5.0000e-01  -1.0000e+00 
  5.0000e-01   3.9935e-01  -8.9680e-01  -6.2026e-01   1.2745e-01 
  3.9117e-03  -1.3039e-01   7.6626e-03   1.0835e-02  -1.9494e+00 
  3.0356e+01   2.4336e+01   3.4958e+01   1.6230e+01   1.7858e+01 
  7.6644e+00   1.2400e+00   4.4252e-01   1.0904e-01   2.0054e-02 
  2.2962e-03   2.5583e-03   1.0877e-03   7.9882e-05   4.1882e-05 
  4.4069e-05   2.6414e-06   1.1025e-06   6.3515e-07   3.8751e-07 
  2.2807e-07   1.2762e-07   6.8033e-08   3.4710e-08  -6.8390e-02 
  1.0236e-03 

########################
# 00000094
########################
RSS 14579297.366747944
BP 0:
a0:   2.9951e+00   e0:  -1.2967e+01   b0:   2.7815e+02   
P: 
  1.9930e+02   2.9831e+01   2.0000e+00   5.0000e-01  -1.0000e+00 
  5.0000e-01  -1.8845e+00  -1.2904e+00  -7.3648e-01   1.9967e-01 
  2.1944e-01   1.7919e-02   1.8362e-02   2.8413e-03  -1.9494e+00 
  3.0356e+01   2.4336e+01   3.4958e+01   1.6230e+01   1.7858e+01 
  7.6644e+00   1.2400e+00   4.4252e-01   1.0904e-01   2.0054e-02 
  2.2962e-03   2.5583e-03   1.0877e-03   7.9882e-05   4.1882e-05 
  4.4069e-05   2.6414e-06   1.1025e-06   6.3515e-07   3.8751e-07 
  2.2807e-07   1.2762e-07   6.8033e-08   3.4710e-08  -6.8390e-02 
  1.0236e-03 

########################
# 00000095
########################
RSS 15355708.786210876
BP 0:
a0:   3.9218e+00   e0:   1.1291e+00   b0:   2.9903e+02   
P: 
  9.8319e+01  -1.0912e+01   2.0000e+00   5.0000e-01  -1.0000e+00 
  5.0000e-01  -4.6738e-01  -8.6159e-01  -7.6948e-01   2.2109e-01 
  2.1137e-02  -8.0651e-02  -4.2438e-03   6.2368e-03  -1.9494e+00 
  3.0356e+01   2.4336e+01   3.4958e+01   1.6230e+01   1.7858e+01 
  7.6644e+00   1.2400e+00   4.4252e-01   1.0904e-01   2.0054e-02 
  2.2962e-03   2.5583e-03   1.0877e-03   7.9882e-05   4.1882e-05 
  4.4069e-05   2.6414e-06   1.1025e-06   6.3515e-07   3.8751e-07 
  2.2807e-07   1.2762e-07   6.8033e-08   3.4710e-08  -6.8390e-02 
  1.0236e-03 

########################
# 00000096
########################
RSS 17738052.778495584
BP 0:
a0:   3.9593e+00   e0:   7.8881e-01   b0:   3.6650e+02   
P: 
 -9.9988e+01   5.5254e+01   2.0000e+00   5.0000e-01  -1.0000e+00 
  5.0000e-01  -1.1200e-01  -1.2769e+00  -5.7808e-01   5.6887e-02 
  6.2593e-03  -1.8840e-01  -1.1590e-03   1.9939e-02  -1.9494e+00 
  3.0356e+01   2.4336e+01   3.4958e+01   1.6230e+01   1.7858e+01 
  7.6644e+00   1.2400e+00   4.4252e-01   1.0904e-01   2.0054e-02 
  2.2962e-03   2.5583e-03   1.0877e-03   7.9882e-05   4.1882e-05 
  4.4069e-05   2.6414e-06   1.1025e-06   6.3515e-07   3.8751e-07 
  2.2807e-07   1.2762e-07   6.8033e-08   3.4710e-08  -6.8390e-02 
  1.0236e-03 

########################
# 00000097
########################
RSS 18171984.490023956
BP 0:
a0:   4.0818e+00   e0:   6.6293e-01   b0:   2.4183e+02   
P: 
  1.1615e+02  -2.2064e+01   2.0000e+00   5.0000e-01  -1.0000e+00 
  5.0000e-01   3.1142e-01  -4.5552e-01  -8.7568e-01   1.1364e-01 
 -8.1215e-02  -1.1712e-01   2.1346e-03   1.4440e-02  -1.9494e+00 
  3.0356e+01   2.4336e+01   3.4958e+01   1.6230e+01   1.7858e+01 
  7.6644e+00   1.2400e+00   4.4252e-01   1.0904e-01   2.0054e-02 
  2.2962e-03   2.5583e-03   1.0877e-03   7.9882e-05   4.1882e-05 
  4.4069e-05   2.6414e-06   1.1025e-06   6.3515e-07   3.8751e-07 
  2.2807e-07   1.2762e-07   6.8033e-08   3.4710e-08  -6.8390e-02 
  1.0236e-03 

########################
# 00000098
########################
RSS 18530670.82036205
BP 0:
a0:   3.9371e+00   e0:   1.5490e+00   b0:   3.2211e+02   
P: 
  5.8411e+01   5.6397e+01   2.0000e+00   5.0000e-01  -1.0000e+00 
  5.0000e-01  -1.1094e+00  -4.1713e-01  -6.5691e-01   7.1720e-02 
  4.5896e-03  -8.9214e-02   3.7368e-03   6.4574e-03  -1.9494e+00 
  3.0356e+01   2.4336e+01   3.4958e+01   1.6230e+01   1.7858e+01 
  7.6644e+00   1.2400e+00   4.4252e-01   1.0904e-01   2.0054e-02 
  2.2962e-03   2.5583e-03   1.0877e-03   7.9882e-05   4.1882e-05 
  4.4069e-05   2.6414e-06   1.1025e-06   6.3515e-07   3.8751e-07 
  2.2807e-07   1.2762e-07   6.8033e-08   3.4710e-08  -6.8390e-02 
  1.0236e-03 

########################
# 00000099
########################
RSS 18937687.924799625
BP 0:
a0:   3.9166e+00   e0:   1.0854e+00   b0:   4.4152e+02   
P: 
 -5.5562e+01   2.7173e+01   2.0000e+00   5.0000e-01  -1.0000e+00 
  5.0000e-01  -1.1547e+00  -8.2200e-01  -1.0136e+00  -1.7604e-02 
  9.5836e-02  -1.0993e-01   1.6780e-02   4.8541e-03  -1.9494e+00 
  3.0356e+01   2.4336e+01   3.4958e+01   1.6230e+01   1.7858e+01 
  7.6644e+00   1.2400e+00   4.4252e-01   1.0904e-01   2.0054e-02 
  2.2962e-03   2.5583e-03   1.0877e-03   7.9882e-05   4.1882e-05 
  4.4069e-05   2.6414e-06   1.1025e-06   6.3515e-07   3.8751e-07 
  2.2807e-07   1.2762e-07   6.8033e-08   3.4710e-08  -6.8390e-02 
  1.0236e-03 

########################
# 00000100
########################
RSS 19091819.585100204
BP 0:
a0:   4.0336e+00   e0:   1.2807e+00   b0:   2.5051e+02   
P: 
  4.6565e+01   1.9030e+01   2.0000e+00   5.0000e-01  -1.0000e+00 
  5.0000e-01   1.1236e-01  -5.4661e-01  -7.4367e-01   2.0147e-01 
 -3.8082e-02  -1.4340e-01  -1.1581e-02   1.6471e-02  -1.9494e+00 
  3.0356e+01   2.4336e+01   3.4958e+01   1.6230e+01   1.7858e+01 
  7.6644e+00   1.2400e+00   4.4252e-01   1.0904e-01   2.0054e-02 
  2.2962e-03   2.5583e-03   1.0877e-03   7.9882e-05   4.1882e-05 
  4.4069e-05   2.6414e-06   1.1025e-06   6.3515e-07   3.8751e-07 
  2.2807e-07   1.2762e-07   6.8033e-08   3.4710e-08  -6.8390e-02 
  1.0236e-03 

