Fn:0[A]  
  [0] -1.51886   [1] -4.40909   [2] -2.73954   [3] -3.02662   [4] 0.122044   [5] 0.715081   [6] -0.18143   [7] 0.221873   [8] -0.92276   [9] -0.17154   [10] 0.459656   [11] -0.67929   [12] -0.43076 
Fn:1[A]  
  [0] -1.03118   [1] -2.24666   [2] 0.396141   [3] 0.704182   [4] -1.11437   [5] -0.64860   [6] -0.53929   [7] -0.51568   [8] -0.54710   [9] -0.80092   [10] -0.73874   [11] 0.042184   [12] 0.443602 
Fn:2[A]  
  [0] 13.56853   [1] 0.810059   [2] 0.946456 
Fn:3[A]  
  [0] -0.06507   [1] -0.38278   [2] -0.04378 
Fn:4[A]  
  [0] -1.35564   [1] -1.87861   [2] -4.14887   [3] -0.54260   [4] -0.88003   [5] 0.208077   [6] -0.56861   [7] -0.11092   [8] -0.96641   [9] 0.667940   [10] 0.289537   [11] 0.130070   [12] 0.451372 
Fn:5[A]  
  [0] 16.05276   [1] 0.672059   [2] -0.64369 
Fn:6[A]  
  [0] 2.506050   [1] -0.28659   [2] -0.07061 
