########################
# 00000001
########################
RSS 403.3501913851915
BP 0:
a0:   3.4464e+00   e0:  -4.2815e+00   b0:   2.1596e+02   
BP 1:
a0:   3.6181e+00   e0:  -3.9573e+00   b0:   1.0204e+02   
P: 
  5.4907e-01   8.7257e-01   1.9273e+00  -7.9430e-02  -5.3622e-02 
  4.6927e-04   5.9024e-02   2.3053e-02  -6.7558e-03   5.6313e-01 
  8.4033e-01   1.5005e-01   5.7482e-02   6.3043e-02   1.2885e-02 
  1.9782e-02  -2.2988e-02  -2.3922e-03  -2.1464e-03  -1.9494e+00 
  3.0387e+01   2.4334e+01   3.4969e+01   1.6234e+01   1.7856e+01 
  7.6669e+00   1.2405e+00   4.4295e-01   1.0902e-01   2.0056e-02 
  2.2965e-03   2.5594e-03   1.0875e-03   7.9824e-05   4.1917e-05 
  4.4036e-05  -6.9731e+00   8.9867e+00   7.9815e-01  -5.6647e-01 
 -2.1623e-01  -3.4249e-02  -1.8670e-01   2.6764e-03  -1.4811e-02 
  1.5236e-02   2.5379e-02   5.1517e-01  -4.0662e-01   4.6471e-02 
  1.3858e-01   7.0533e-02   1.7211e-02   1.8464e-02  -8.6180e-03 
 -9.0902e-04  -1.6479e-03  -1.9508e+00   3.0360e+01   2.4347e+01 
  3.4980e+01   1.6228e+01   1.7863e+01   7.6642e+00   1.2391e+00 
  4.4253e-01   1.0914e-01   2.0056e-02   2.2994e-03   2.5553e-03 
  1.0878e-03   7.9846e-05   4.1843e-05   4.4053e-05  -2.2926e+01 
  5.5636e+00   6.8377e-01   2.1198e-01   2.5748e+00  -6.4074e-02 
 -1.2703e-01   3.5855e-03   1.7844e-02   1.1567e-01   5.0196e-02 
  8.1528e-01   5.4831e-01   1.1924e-01   2.8202e-02   4.6746e-02 
  2.2320e-02   2.1344e-02  -1.0137e-02   1.9050e-05  -7.6202e-04 


########################
# 00000002
########################
RSS 407.21378429479097
BP 0:
a0:   3.4318e+00   e0:  -4.3732e+00   b0:   2.1529e+02   
BP 1:
a0:   3.6326e+00   e0:  -3.8126e+00   b0:   1.0280e+02   
P: 
  5.6649e-01   8.5951e-01   1.9163e+00  -7.9912e-02  -5.2271e-02 
  4.8636e-04   5.9079e-02   2.4621e-02  -6.6529e-03   5.5431e-01 
  8.3934e-01   1.5812e-01   5.8224e-02   6.2026e-02   1.2732e-02 
  2.0763e-02  -2.3815e-02  -2.4192e-03  -2.2425e-03  -1.9494e+00 
  3.0356e+01   2.4336e+01   3.4958e+01   1.6230e+01   1.7858e+01 
  7.6644e+00   1.2400e+00   4.4252e-01   1.0904e-01   2.0054e-02 
  2.2962e-03   2.5583e-03   1.0877e-03   7.9882e-05   4.1882e-05 
  4.4069e-05  -6.6354e+00   8.5825e+00   7.9725e-01  -5.6751e-01 
 -2.2031e-01  -3.4276e-02  -1.8365e-01   2.6442e-03  -1.4242e-02 
  1.5590e-02   2.5380e-02   5.0428e-01  -4.1103e-01   4.6820e-02 
  1.3916e-01   7.1175e-02   1.7206e-02   1.8234e-02  -8.3843e-03 
 -8.9332e-04  -1.6051e-03  -1.9494e+00   3.0356e+01   2.4336e+01 
  3.4958e+01   1.6230e+01   1.7858e+01   7.6644e+00   1.2400e+00 
  4.4252e-01   1.0904e-01   2.0054e-02   2.2962e-03   2.5583e-03 
  1.0877e-03   7.9882e-05   4.1882e-05   4.4069e-05  -2.2402e+01 
  5.5740e+00   6.8666e-01   2.0245e-01   2.6008e+00  -6.2534e-02 
 -1.2877e-01   3.5963e-03   1.8530e-02   1.2218e-01   5.0996e-02 
  8.4490e-01   5.4017e-01   1.2233e-01   2.7381e-02   4.7109e-02 
  2.1960e-02   2.0425e-02  -9.7166e-03   1.8065e-05  -7.7485e-04 


