RSS:  
971346.5355982144

P:  
1529601.45871
-227.904883352
220.041616943
-327.407324535
-79.3354099
205.955001483
-30.2085327941
19.7230796187
-31.9058831379
6.7897346121
17.101786553
-7.14877031258
-16.8248848294
2.69001222608
-2.1779064077
0.407238871434
0.00301231696986
0.0
0.0576225361237
0.0348280342422
0.0174826866169
0.0102339213114
0.00573026721945
0.0029693365332
0.0021019645008
0.00197297942901
0.00158268319743
0.00107860671116
0.000563478180452
0.000318091535948
0.000110889758967
2.23611156482e-05
6.94464721792e-07
0.0
-9.42329430451
7.84973436452

Known:
a0:     3.89
e0:     -3.91
B0:     179.99999999949853
EC:     234.000 176.000 176.000  0.000  0.000  0.000 
        176.000 234.000 176.000  0.000  0.000  0.000 
        176.000 176.000 234.000  0.000  0.000  0.000 
         0.000  0.000  0.000 71.200  0.000  0.000 
         0.000  0.000  0.000  0.000 71.200  0.000 
         0.000  0.000  0.000  0.000  0.000 71.200 

Calculated:
a0:     4.606936126402498
e0:     6.104286069225135
B0:     2156.137447258161
EC:     3087.557 3175.998 3175.998  0.000  0.000  0.000 
        3175.998 3087.557 3175.998  0.000  0.000  0.000 
        3175.998 3175.998 3087.557  0.000  0.000  0.000 
         0.000  0.000  0.000 661.581  0.000  0.000 
         0.000  0.000  0.000  0.000 661.581  0.000 
         0.000  0.000  0.000  0.000  0.000 661.581 



