########################
# 00000001
########################
RSS 6681.419320738794
BP 0:
a0:   2.8473e+00   e0:  -3.6727e+00   b0:   5.4929e+01   
BP 1:
a0:   3.1487e+00   e0:  -1.5239e+00   b0:   1.5231e+01   
P: 
  9.9978e-01   9.9504e-01   1.0452e+00   2.0087e-02   2.6703e-02 
  8.4824e-03   3.3464e-04  -1.1110e-02  -1.8265e-03   3.6063e-03 
 -4.7454e-03   6.5043e-03   1.4978e-02   2.1378e-02  -1.5159e-03 
 -7.5047e-03  -8.7504e-03   4.1749e-04   1.2558e-04  -1.9494e+00 
  3.0356e+01   2.4336e+01   3.4958e+01   1.6230e+01   1.7858e+01 
  7.6644e+00   1.2400e+00   4.4252e-01   1.0904e-01   2.0054e-02 
  2.2962e-03   2.5583e-03   1.0877e-03   7.9882e-05   4.1882e-05 
  4.4069e-05  -9.1225e+00   5.4742e+00   9.9160e-01   1.0066e+00 
  8.2933e-01   1.9295e-02   7.6123e-03   8.2599e-03  -2.6619e-03 
 -8.5734e-03   3.1778e-03   1.3493e-02   7.7010e-04  -6.1494e-03 
 -1.5703e-02  -1.4408e-02   1.3149e-03  -4.7161e-04  -7.7069e-04 
  2.8480e-04   6.5042e-04  -1.9494e+00   3.0356e+01   2.4336e+01 
  3.4958e+01   1.6230e+01   1.7858e+01   7.6644e+00   1.2400e+00 
  4.4252e-01   1.0904e-01   2.0054e-02   2.2962e-03   2.5583e-03 
  1.0877e-03   7.9882e-05   4.1882e-05   4.4069e-05  -9.1155e+00 
  5.4613e+00   9.8507e-01   9.9465e-01   1.0252e+00   3.4911e-04 
  5.0728e-03  -9.7076e-04   1.0088e-02  -1.9787e-02   5.1372e-03 
  3.6797e-03  -2.3955e-03  -8.5848e-03  -5.1588e-04   4.9268e-03 
  3.9206e-03   1.3895e-02   1.7482e-02  -2.6479e-04   5.8727e-04 


########################
# 00000002
########################
RSS 6683.424293784464
BP 0:
a0:   2.8570e+00   e0:  -3.6538e+00   b0:   5.5136e+01   
BP 1:
a0:   3.1422e+00   e0:  -1.5289e+00   b0:   1.5074e+01   
P: 
  9.9981e-01   9.9496e-01   1.0464e+00   1.9560e-02   2.6134e-02 
  8.6410e-03   2.9674e-05  -1.1389e-02  -1.6712e-03   3.7378e-03 
 -4.6797e-03   6.5269e-03   1.5213e-02   2.1526e-02  -1.2682e-03 
 -7.3650e-03  -8.8290e-03   4.3800e-04   1.1283e-04  -1.9494e+00 
  3.0356e+01   2.4336e+01   3.4958e+01   1.6230e+01   1.7858e+01 
  7.6644e+00   1.2400e+00   4.4252e-01   1.0904e-01   2.0054e-02 
  2.2962e-03   2.5583e-03   1.0877e-03   7.9882e-05   4.1882e-05 
  4.4069e-05  -9.1224e+00   5.4740e+00   9.9186e-01   1.0068e+00 
  8.3122e-01   1.8486e-02   7.3837e-03   8.3042e-03  -2.8090e-03 
 -8.5935e-03   3.0610e-03   1.3641e-02   6.0119e-04  -6.0063e-03 
 -1.5564e-02  -1.4382e-02   1.0981e-03  -5.8044e-04  -7.5814e-04 
  2.6653e-04   6.7434e-04  -1.9494e+00   3.0356e+01   2.4336e+01 
  3.4958e+01   1.6230e+01   1.7858e+01   7.6644e+00   1.2400e+00 
  4.4252e-01   1.0904e-01   2.0054e-02   2.2962e-03   2.5583e-03 
  1.0877e-03   7.9882e-05   4.1882e-05   4.4069e-05  -9.1156e+00 
  5.4614e+00   9.8508e-01   9.9480e-01   1.0250e+00   7.4989e-04 
  5.2476e-03  -9.6533e-04   1.0190e-02  -1.9835e-02   5.1553e-03 
  3.6678e-03  -2.5584e-03  -8.4316e-03  -4.4475e-04   4.7265e-03 
  3.8443e-03   1.3744e-02   1.7537e-02  -2.8068e-04   6.0975e-04 


########################
# 00000003
########################
RSS 6712.744987384903
BP 0:
a0:   2.8643e+00   e0:  -3.6348e+00   b0:   5.5275e+01   
BP 1:
a0:   3.1488e+00   e0:  -1.5218e+00   b0:   1.5243e+01   
P: 
  9.9984e-01   9.9501e-01   1.0467e+00   1.9323e-02   2.6079e-02 
  8.5896e-03   3.4256e-05  -1.1430e-02  -1.6700e-03   3.6931e-03 
 -4.6405e-03   6.5359e-03   1.5211e-02   2.1448e-02  -1.2339e-03 
 -7.3279e-03  -8.8100e-03   4.4336e-04   1.1598e-04  -1.9494e+00 
  3.0356e+01   2.4336e+01   3.4958e+01   1.6230e+01   1.7858e+01 
  7.6644e+00   1.2400e+00   4.4252e-01   1.0904e-01   2.0054e-02 
  2.2962e-03   2.5583e-03   1.0877e-03   7.9882e-05   4.1882e-05 
  4.4069e-05  -9.1224e+00   5.4741e+00   9.9191e-01   1.0068e+00 
  8.3107e-01   1.8810e-02   7.4007e-03   8.3837e-03  -2.8368e-03 
 -8.6215e-03   3.0411e-03   1.3684e-02   6.0150e-04  -5.9501e-03 
 -1.5560e-02  -1.4365e-02   1.1185e-03  -5.6081e-04  -7.7192e-04 
  2.6659e-04   6.8307e-04  -1.9494e+00   3.0356e+01   2.4336e+01 
  3.4958e+01   1.6230e+01   1.7858e+01   7.6644e+00   1.2400e+00 
  4.4252e-01   1.0904e-01   2.0054e-02   2.2962e-03   2.5583e-03 
  1.0877e-03   7.9882e-05   4.1882e-05   4.4069e-05  -9.1156e+00 
  5.4614e+00   9.8512e-01   9.9480e-01   1.0251e+00   9.4570e-04 
  5.2879e-03  -9.7250e-04   1.0248e-02  -1.9865e-02   5.1448e-03 
  3.7174e-03  -2.5242e-03  -8.4568e-03  -4.5503e-04   4.6757e-03 
  3.7944e-03   1.3823e-02   1.7563e-02  -2.8108e-04   6.1474e-04 


########################
# 00000004
########################
RSS 6773.5249831111705
BP 0:
a0:   2.9202e+00   e0:  -3.7770e+00   b0:   7.9566e+01   
BP 1:
a0:   3.1754e+00   e0:  -1.4828e+00   b0:   1.5904e+01   
P: 
  1.0003e+00   9.9447e-01   1.0502e+00   1.8377e-02   2.5997e-02 
  8.1304e-03  -7.2975e-04  -1.0744e-02  -1.3797e-03   3.0191e-03 
 -4.1967e-03   6.1052e-03   1.5548e-02   2.1488e-02  -5.7128e-04 
 -7.4658e-03  -9.3466e-03   4.0184e-04   8.6264e-05  -1.9494e+00 
  3.0356e+01   2.4336e+01   3.4958e+01   1.6230e+01   1.7858e+01 
  7.6644e+00   1.2400e+00   4.4252e-01   1.0904e-01   2.0054e-02 
  2.2962e-03   2.5583e-03   1.0877e-03   7.9882e-05   4.1882e-05 
  4.4069e-05  -9.1218e+00   5.4739e+00   9.9125e-01   1.0069e+00 
  8.2748e-01   1.8122e-02   7.7574e-03   9.0714e-03  -2.8459e-03 
 -8.7293e-03   2.9126e-03   1.3342e-02   6.7363e-04  -5.4714e-03 
 -1.6138e-02  -1.4743e-02   8.3377e-04  -2.8496e-04  -8.8947e-04 
  2.9389e-04   7.4129e-04  -1.9494e+00   3.0356e+01   2.4336e+01 
  3.4958e+01   1.6230e+01   1.7858e+01   7.6644e+00   1.2400e+00 
  4.4252e-01   1.0904e-01   2.0054e-02   2.2962e-03   2.5583e-03 
  1.0877e-03   7.9882e-05   4.1882e-05   4.4069e-05  -9.1152e+00 
  5.4612e+00   9.8504e-01   9.9515e-01   1.0222e+00   1.4639e-03 
  4.5625e-03  -1.0948e-03   9.7384e-03  -2.0080e-02   4.5993e-03 
  3.7890e-03  -2.5812e-03  -8.5041e-03  -8.3882e-04   5.0116e-03 
  3.8313e-03   1.4045e-02   1.7065e-02  -3.1243e-04   6.0155e-04 


########################
# 00000005
########################
RSS 6973.527800787732
BP 0:
a0:   2.7821e+00   e0:  -3.8495e+00   b0:   5.3871e+01   
BP 1:
a0:   3.2740e+00   e0:  -1.3678e+00   b0:   1.8827e+01   
P: 
  9.9985e-01   9.9351e-01   1.0575e+00   1.5392e-02   2.7353e-02 
  7.4822e-03  -1.4462e-03  -1.1679e-02  -2.1715e-03   2.4513e-03 
 -4.2109e-03   6.6531e-03   1.5045e-02   2.1312e-02  -2.8957e-04 
 -6.5873e-03  -1.0154e-02   4.5280e-04   1.5835e-04  -1.9494e+00 
  3.0356e+01   2.4336e+01   3.4958e+01   1.6230e+01   1.7858e+01 
  7.6644e+00   1.2400e+00   4.4252e-01   1.0904e-01   2.0054e-02 
  2.2962e-03   2.5583e-03   1.0877e-03   7.9882e-05   4.1882e-05 
  4.4069e-05  -9.1219e+00   5.4741e+00   9.9064e-01   1.0061e+00 
  8.3728e-01   1.6872e-02   9.4753e-03   8.5900e-03  -2.0401e-03 
 -8.5541e-03   2.0430e-03   1.3895e-02   1.5326e-03  -5.8305e-03 
 -1.5826e-02  -1.5697e-02   1.6797e-03  -6.9137e-04  -2.8787e-04 
  2.4220e-04   7.8485e-04  -1.9494e+00   3.0356e+01   2.4336e+01 
  3.4958e+01   1.6230e+01   1.7858e+01   7.6644e+00   1.2400e+00 
  4.4252e-01   1.0904e-01   2.0054e-02   2.2962e-03   2.5583e-03 
  1.0877e-03   7.9882e-05   4.1882e-05   4.4069e-05  -9.1153e+00 
  5.4610e+00   9.8621e-01   9.9541e-01   1.0283e+00  -1.5698e-03 
  3.5867e-03  -8.9519e-04   9.7223e-03  -1.9797e-02   4.5361e-03 
  4.2049e-03  -2.7370e-03  -7.9242e-03  -7.4385e-04   4.4705e-03 
  3.8456e-03   1.3910e-02   1.6840e-02  -3.2802e-04   5.9427e-04 


########################
# 00000006
########################
RSS 7223.160083947436
BP 0:
a0:   2.9807e+00   e0:  -3.5554e+00   b0:   7.7276e+01   
BP 1:
a0:   3.2924e+00   e0:  -1.3491e+00   b0:   1.9452e+01   
P: 
  1.0006e+00   9.9381e-01   1.0489e+00   1.1942e-02   2.7552e-02 
  8.0176e-03  -2.2288e-03  -1.0747e-02  -2.3035e-03   3.9881e-03 
 -4.6955e-03   8.0103e-03   1.6323e-02   2.2254e-02  -1.1752e-03 
 -6.4147e-03  -9.3826e-03   4.4710e-04   1.5055e-04  -1.9494e+00 
  3.0356e+01   2.4336e+01   3.4958e+01   1.6230e+01   1.7858e+01 
  7.6644e+00   1.2400e+00   4.4252e-01   1.0904e-01   2.0054e-02 
  2.2962e-03   2.5583e-03   1.0877e-03   7.9882e-05   4.1882e-05 
  4.4069e-05  -9.1204e+00   5.4748e+00   9.9059e-01   1.0065e+00 
  8.4377e-01   2.4290e-02   1.1020e-02   9.0357e-03  -2.6921e-03 
 -8.1094e-03   1.3106e-03   1.2291e-02  -2.5164e-04  -6.7561e-03 
 -1.5977e-02  -1.4426e-02   1.8669e-03  -1.1048e-03  -3.2521e-04 
  2.5001e-04   8.3228e-04  -1.9494e+00   3.0356e+01   2.4336e+01 
  3.4958e+01   1.6230e+01   1.7858e+01   7.6644e+00   1.2400e+00 
  4.4252e-01   1.0904e-01   2.0054e-02   2.2962e-03   2.5583e-03 
  1.0877e-03   7.9882e-05   4.1882e-05   4.4069e-05  -9.1161e+00 
  5.4616e+00   9.8710e-01   9.9529e-01   1.0357e+00  -2.9310e-03 
  2.5808e-03  -5.6045e-04   8.6130e-03  -1.8460e-02   4.5510e-03 
  3.9010e-03  -2.5512e-03  -8.5083e-03   2.5973e-04   4.4175e-03 
  3.9113e-03   1.4104e-02   1.8115e-02  -3.6818e-04   6.1393e-04 


########################
# 00000007
########################
RSS 7334.835247898581
BP 0:
a0:   2.9491e+00   e0:  -3.6372e+00   b0:   7.8120e+01   
BP 1:
a0:   3.3504e+00   e0:  -1.2878e+00   b0:   2.1544e+01   
P: 
  9.9709e-01   9.9587e-01   1.0788e+00   1.3740e-02   3.2208e-02 
  7.1312e-03  -3.3314e-03  -1.2527e-02   7.7142e-05   4.2390e-03 
 -6.5718e-03   7.3836e-03   1.5199e-02   1.7634e-02  -1.8926e-04 
 -5.0787e-03  -1.0588e-02   8.1341e-04   8.0879e-05  -1.9494e+00 
  3.0356e+01   2.4336e+01   3.4958e+01   1.6230e+01   1.7858e+01 
  7.6644e+00   1.2400e+00   4.4252e-01   1.0904e-01   2.0054e-02 
  2.2962e-03   2.5583e-03   1.0877e-03   7.9882e-05   4.1882e-05 
  4.4069e-05  -9.1171e+00   5.4729e+00   9.8938e-01   1.0071e+00 
  8.7692e-01   2.6021e-02   9.9641e-03   1.0244e-02   2.8048e-04 
 -7.9826e-03   4.0997e-04   1.3453e-02  -1.4962e-03  -7.9979e-03 
 -1.5225e-02  -1.6098e-02   3.1904e-03  -1.1683e-03   9.2450e-04 
  1.2098e-04   6.3509e-04  -1.9494e+00   3.0356e+01   2.4336e+01 
  3.4958e+01   1.6230e+01   1.7858e+01   7.6644e+00   1.2400e+00 
  4.4252e-01   1.0904e-01   2.0054e-02   2.2962e-03   2.5583e-03 
  1.0877e-03   7.9882e-05   4.1882e-05   4.4069e-05  -9.1158e+00 
  5.4596e+00   9.8651e-01   9.9910e-01   1.0428e+00  -1.0050e-03 
  4.8834e-03  -1.4186e-03   8.1271e-03  -1.7797e-02   6.8207e-03 
  1.7986e-03  -6.3663e-03  -6.1765e-03   7.9532e-04   3.6098e-03 
  3.7523e-03   1.1095e-02   1.7178e-02  -5.0379e-04   3.9253e-04 


########################
# 00000008
########################
RSS 9974.584901372582
BP 0:
a0:   3.4666e+00   e0:  -1.6602e+00   b0:   8.5095e+01   
BP 1:
a0:   3.1893e+00   e0:  -1.7063e+00   b0:   1.7100e+01   
P: 
  1.0000e+00   1.0000e+00   1.0000e+00   0.0000e+00   0.0000e+00 
  0.0000e+00   0.0000e+00   0.0000e+00   0.0000e+00   0.0000e+00 
  0.0000e+00   0.0000e+00   0.0000e+00   0.0000e+00   0.0000e+00 
  0.0000e+00   0.0000e+00   0.0000e+00   0.0000e+00  -1.9494e+00 
  3.0356e+01   2.4336e+01   3.4958e+01   1.6230e+01   1.7858e+01 
  7.6644e+00   1.2400e+00   4.4252e-01   1.0904e-01   2.0054e-02 
  2.2962e-03   2.5583e-03   1.0877e-03   7.9882e-05   4.1882e-05 
  4.4069e-05  -9.1292e+00   5.4653e+00   1.0000e+00   1.0000e+00 
  1.0000e+00   0.0000e+00   0.0000e+00   0.0000e+00   0.0000e+00 
  0.0000e+00   0.0000e+00   0.0000e+00   0.0000e+00   0.0000e+00 
  0.0000e+00   0.0000e+00   0.0000e+00   0.0000e+00   0.0000e+00 
  0.0000e+00   0.0000e+00  -1.9494e+00   3.0356e+01   2.4336e+01 
  3.4958e+01   1.6230e+01   1.7858e+01   7.6644e+00   1.2400e+00 
  4.4252e-01   1.0904e-01   2.0054e-02   2.2962e-03   2.5583e-03 
  1.0877e-03   7.9882e-05   4.1882e-05   4.4069e-05  -9.1292e+00 
  5.4653e+00   1.0000e+00   1.0000e+00   1.0000e+00   0.0000e+00 
  0.0000e+00   0.0000e+00   0.0000e+00   0.0000e+00   0.0000e+00 
  0.0000e+00   0.0000e+00   0.0000e+00   0.0000e+00   0.0000e+00 
  0.0000e+00   0.0000e+00   0.0000e+00   0.0000e+00   0.0000e+00 


