########################
# 00000001
########################
RSS 236.12301264605242
BP 0:
a0:   3.4185e+00   e0:  -4.3044e+00   b0:   2.3240e+02   
BP 1:
a0:   3.7778e+00   e0:  -3.8351e+00   b0:   1.6071e+02   
P: 
  7.3165e-01   5.2908e-01   1.4400e+00  -7.5152e-02  -6.5506e-02 
 -1.6869e-05   4.6558e-02   2.5548e-02  -6.8228e-03   8.7457e-01 
  8.2985e-01   4.6754e-02   4.0386e-02   5.7642e-02   1.0113e-02 
  1.7572e-02  -2.1306e-02  -2.8885e-03  -1.6519e-03  -1.9769e+00 
  3.0564e+01   2.4170e+01   3.5288e+01   1.5987e+01   1.7741e+01 
  7.6452e+00   1.2413e+00   4.4383e-01   1.0818e-01   2.0159e-02 
  2.2932e-03   2.5780e-03   1.0915e-03   8.0756e-05   4.1639e-05 
  4.3696e-05  -6.7636e+00   3.9235e+00   1.1372e+00  -8.1489e-01 
 -3.1042e-01  -1.6573e-02  -1.9720e-01   3.6926e-03  -1.5909e-02 
  1.2686e-02   2.0477e-02   5.5524e-01  -7.1464e-01   8.5898e-02 
  2.8889e-01   1.3042e-01   1.3389e-02   2.1456e-02  -1.1236e-02 
 -1.1074e-03  -1.9679e-03  -1.9471e+00   3.0382e+01   2.4238e+01 
  3.5117e+01   1.6063e+01   1.7720e+01   7.6827e+00   1.2330e+00 
  4.3643e-01   1.0960e-01   1.9888e-02   2.3144e-03   2.5658e-03 
  1.0872e-03   7.9250e-05   4.1464e-05   4.4549e-05  -2.3564e+01 
  5.8561e+00   7.0424e-01   1.2274e-01   3.7188e+00  -8.4397e-02 
 -1.5179e-01   3.5908e-03   1.0827e-02   9.0805e-02   4.6210e-02 
  1.1428e+00   1.4345e-02   1.7758e-01   3.0502e-02   5.8327e-02 
  1.5289e-02   2.0022e-02  -8.9600e-03   4.9745e-06  -1.0099e-03 


########################
# 00000002
########################
RSS 241.88438299650775
BP 0:
a0:   3.4124e+00   e0:  -4.3151e+00   b0:   2.2846e+02   
BP 1:
a0:   3.7575e+00   e0:  -3.8465e+00   b0:   1.4810e+02   
P: 
  7.5652e-01   4.7415e-01   1.3882e+00  -6.6261e-02  -5.8178e-02 
 -2.5684e-05   4.3211e-02   2.9728e-02  -7.6971e-03   8.2342e-01 
  8.1552e-01   5.2268e-02   4.0285e-02   5.9520e-02   9.7814e-03 
  1.6694e-02  -2.1291e-02  -2.4841e-03  -1.8362e-03  -1.9751e+00 
  3.0525e+01   2.4121e+01   3.5303e+01   1.5995e+01   1.7750e+01 
  7.6462e+00   1.2427e+00   4.4378e-01   1.0822e-01   2.0172e-02 
  2.2898e-03   2.5750e-03   1.0893e-03   8.0809e-05   4.1686e-05 
  4.3721e-05  -6.7054e+00   3.6476e+00   1.0820e+00  -8.2045e-01 
 -3.0657e-01  -1.6485e-02  -1.9645e-01   3.5887e-03  -1.5622e-02 
  1.2053e-02   2.0212e-02   5.5159e-01  -7.1628e-01   8.2379e-02 
  2.8304e-01   1.1798e-01   1.3475e-02   1.9948e-02  -1.0856e-02 
 -1.0501e-03  -2.0516e-03  -1.9477e+00   3.0433e+01   2.4178e+01 
  3.5089e+01   1.6066e+01   1.7726e+01   7.6900e+00   1.2301e+00 
  4.3731e-01   1.0966e-01   1.9821e-02   2.3119e-03   2.5601e-03 
  1.0881e-03   7.9383e-05   4.1441e-05   4.4534e-05  -2.2765e+01 
  8.4310e+00   6.8362e-01   1.1964e-01   3.8586e+00  -8.2564e-02 
 -1.5806e-01   3.4172e-03   1.0110e-02   8.2353e-02   5.4520e-02 
  1.1425e+00   1.5253e-02   1.7244e-01   2.7456e-02   5.3966e-02 
  1.7049e-02   1.8038e-02  -7.9573e-03   5.1619e-06  -1.0197e-03 


########################
# 00000003
########################
RSS 242.0217555075253
BP 0:
a0:   3.4142e+00   e0:  -4.3248e+00   b0:   2.2964e+02   
BP 1:
a0:   3.7588e+00   e0:  -3.8615e+00   b0:   1.5025e+02   
P: 
  7.6089e-01   4.7725e-01   1.4008e+00  -6.5516e-02  -5.7631e-02 
 -2.5704e-05   4.1934e-02   2.9608e-02  -7.7180e-03   8.2156e-01 
  8.2094e-01   5.3398e-02   3.9397e-02   5.9724e-02   9.4594e-03 
  1.7001e-02  -2.1270e-02  -2.4518e-03  -1.8714e-03  -1.9752e+00 
  3.0520e+01   2.4125e+01   3.5295e+01   1.6001e+01   1.7756e+01 
  7.6444e+00   1.2428e+00   4.4363e-01   1.0825e-01   2.0171e-02 
  2.2899e-03   2.5755e-03   1.0891e-03   8.0815e-05   4.1681e-05 
  4.3728e-05  -6.8001e+00   3.6821e+00   1.0845e+00  -8.0806e-01 
 -3.1010e-01  -1.6348e-02  -1.9406e-01   3.5789e-03  -1.5409e-02 
  1.2013e-02   2.0163e-02   5.4813e-01  -7.1317e-01   8.3310e-02 
  2.8902e-01   1.1626e-01   1.3307e-02   1.9782e-02  -1.0646e-02 
 -1.0486e-03  -2.0306e-03  -1.9475e+00   3.0429e+01   2.4178e+01 
  3.5090e+01   1.6068e+01   1.7728e+01   7.6886e+00   1.2302e+00 
  4.3730e-01   1.0967e-01   1.9817e-02   2.3122e-03   2.5596e-03 
  1.0879e-03   7.9399e-05   4.1455e-05   4.4547e-05  -2.2993e+01 
  8.2855e+00   6.9323e-01   1.1982e-01   3.8583e+00  -8.1103e-02 
 -1.5854e-01   3.4943e-03   9.9302e-03   8.4792e-02   5.3492e-02 
  1.1298e+00   1.5258e-02   1.7015e-01   2.6970e-02   5.3339e-02 
  1.7458e-02   1.7946e-02  -8.0096e-03   5.2628e-06  -9.9227e-04 


