RSS:  
601.1422861634428

P:  
-2.04365684786
-3.84154321502
-0.170689196204
0.0866131914909
-0.0970420020066
0.0476275973151
0.0512387539058
0.0278102472696
-0.0562374177748
-0.124577968139
-0.162431873288
-0.210400684119
-0.0568297971098
-2.45754523688
-3.7707378288
1.07216675946
-0.0704557329726
0.0129816491959
0.0705148318719
0.0964919120631
0.0428108213396
0.0307146505874
-0.35987389054
-0.185455776713
-0.222485948595
0.0438508555051
-2.00857456256
-3.80284841803
-0.429208676593
-0.0739418400099
-0.00727150860918
0.0321248090146
0.116499749141
0.0440256958761
0.0474111459767
-0.346602294086
-0.418083967768
-0.218191925263
0.0510354966011
-2.95015596501
-0.0573194688331
0.00175366064271
-1.94503038917
-0.0869070822536
0.00284182386748
4.89950148574
0.0294244441166
-0.0991747885301
7.11810374935
0.198256327886
-0.286825699604

EFS Density:
0.010826646568817235

BP Density:
0.02807260945283237


Known:
a0:     3.89
e0:     -3.91
B0:     179.99999999949853
EC:     234.000 176.000 176.000  0.000  0.000  0.000 
        176.000 234.000 176.000  0.000  0.000  0.000 
        176.000 176.000 234.000  0.000  0.000  0.000 
         0.000  0.000  0.000 71.200  0.000  0.000 
         0.000  0.000  0.000  0.000 71.200  0.000 
         0.000  0.000  0.000  0.000  0.000 71.200 

Calculated:
a0:     3.9389972725145475
e0:     -3.9169657983060477
B0:     170.41218023484672
EC:     239.349 157.990 157.990  0.000  0.000  0.000 
        157.990 239.349 157.990  0.000  0.000  0.000 
        157.990 157.990 239.349  0.000  0.000  0.000 
         0.000  0.000  0.000 115.963  0.000  0.000 
         0.000  0.000  0.000  0.000 115.963  0.000 
         0.000  0.000  0.000  0.000  0.000 115.963 

Known:
a0:     3.42
e0:     -4.27
B0:     210.99999999941215
EC:     365.000 137.000 137.000  0.000  0.000  0.000 
        137.000 365.000 137.000  0.000  0.000  0.000 
        137.000 137.000 365.000  0.000  0.000  0.000 
         0.000  0.000  0.000 186.000  0.000  0.000 
         0.000  0.000  0.000  0.000 186.000  0.000 
         0.000  0.000  0.000  0.000  0.000 186.000 

Calculated:
a0:     3.399068426614069
e0:     -4.272237673472386
B0:     226.18737008889187
EC:     362.958 149.496 149.496  0.000  0.000  0.000 
        149.496 362.958 149.496  0.000  0.000  0.000 
        149.496 149.496 362.958  0.000  0.000  0.000 
         0.000  0.000  0.000 161.186  0.000  0.000 
         0.000  0.000  0.000  0.000 161.186  0.000 
         0.000  0.000  0.000  0.000  0.000 161.186 

Known:
a0:     2.86
e0:     -4.32
B0:     169.99999999952638
EC:     243.000 145.000 145.000  0.000  0.000  0.000 
        145.000 243.000 145.000  0.000  0.000  0.000 
        145.000 145.000 243.000  0.000  0.000  0.000 
         0.000  0.000  0.000 116.000  0.000  0.000 
         0.000  0.000  0.000  0.000 116.000  0.000 
         0.000  0.000  0.000  0.000  0.000 116.000 

Calculated:
a0:     2.897575819576873
e0:     -4.323379124344986
B0:     165.8298215847106
EC:     242.789 137.073 137.073  0.000  0.000  0.000 
        137.073 242.789 137.073  0.000  0.000  0.000 
        137.073 137.073 242.789  0.000  0.000  0.000 
         0.000  0.000  0.000 129.261  0.000  0.000 
         0.000  0.000  0.000  0.000 129.261  0.000 
         0.000  0.000  0.000  0.000  0.000 129.261 




RSS Details:  
===============================  
Total:      601.1422861634428
a0:         0.00425080569515
e0:         6.49480099484e-05
b0:         0.0132419714509
ec:         0.457453004085
g:          0.0
e:          0.0
v:          0.0
a0 (w):     106.270142379
e0 (w):     1.62370024871
b0 (w):     13.2419714509
ec (w):     457.453004085
g (w):      0.0
e (w):      0.0
v (w):      0.0


