RSS:  
550.3782730311974

P:  
-37.2582058137
22.8033093361
-1.11898595061
2.06737050028
6.87480125924
2.58694274017
8.16141357321
-0.574460442381
-5.88498548572
3.75508727753
0.253223623717
0.0611065450904
-0.00343418660559
-0.180296025816
0.127617048011
-0.0323635756904
0.000545758610195
0.0
-1.94938564301
30.3556213379
24.3362083435
34.9576034546
16.2302913666
17.857875824
7.66438293457
1.23997938633
0.442521393299
0.109044238925
0.0200536046177
0.00229621282779
0.00255827326328
0.00108765787445
7.98819164629e-05
4.18824820372e-05
4.40689618699e-05
-17.5957638387
0.541339313053
1.0
-159.042805431
-3.3912087686
68.4731198008
-1.33505853279
-52.5307652149
10.1250917325
-1.21745493341
0.0930418045355
-0.902895047196
-2.21371206266
-0.433827826609
1.66023797605
0.412428411229
-0.789825323001
0.650627444881
-0.217297675575
0.0150148631242
0.0
-1.94938564301
30.3556213379
24.3362083435
34.9576034546
16.2302913666
17.857875824
7.66438293457
1.23997938633
0.442521393299
0.109044238925
0.0200536046177
0.00229621282779
0.00255827326328
0.00108765787445
7.98819164629e-05
4.18824820372e-05
4.40689618699e-05
-18.4007293298
-0.364325659869
1.0
-146.750804208
-3.13503675625
56.8484588181
-1.43730969322
-45.5804587448
11.0080233269
-1.15086289481
0.0877500445418
-0.987970770657
-2.46889999157
-0.450356923362
1.40283221559
0.437813005943
-0.742518555242
0.682335639894
-0.233128210702
0.0164867748721
0.0

Known:
a0:     3.42
e0:     -4.27
B0:     221.99999999938152
EC:     365.600 141.600 141.600  0.000  0.000  0.000 
        141.600 365.600 141.600  0.000  0.000  0.000 
        141.600 141.600 365.600  0.000  0.000  0.000 
         0.000  0.000  0.000 186.000  0.000  0.000 
         0.000  0.000  0.000  0.000 186.000  0.000 
         0.000  0.000  0.000  0.000  0.000 186.000 

Known:
a0:     3.89
e0:     -3.91
B0:     179.99999999949853
EC:     234.000 176.000 176.000  0.000  0.000  0.000 
        176.000 234.000 176.000  0.000  0.000  0.000 
        176.000 176.000 234.000  0.000  0.000  0.000 
         0.000  0.000  0.000 71.200  0.000  0.000 
         0.000  0.000  0.000  0.000 71.200  0.000 
         0.000  0.000  0.000  0.000  0.000 71.200 

Calculated:
a0:     3.482723338541109
e0:     -4.151369745403342
B0:     330.06353301227057
EC:     408.594 257.192 257.192  0.000  0.000  0.000 
        257.192 408.594 257.192  0.000  0.000  0.000 
        257.192 257.192 408.594  0.000  0.000  0.000 
         0.000  0.000  0.000 271.804  0.000  0.000 
         0.000  0.000  0.000  0.000 271.804  0.000 
         0.000  0.000  0.000  0.000  0.000 271.804 

Calculated:
a0:     3.9880131857291428
e0:     -3.6409143027609128
B0:     192.49188252526923
EC:     259.060 179.773 179.773  0.000  0.000  0.000 
        179.773 259.060 179.773  0.000  0.000  0.000 
        179.773 179.773 259.060  0.000  0.000  0.000 
         0.000  0.000  0.000 67.126  0.000  0.000 
         0.000  0.000  0.000  0.000 67.126  0.000 
         0.000  0.000  0.000  0.000  0.000 67.126 



