RSS:  
25.65565671891417

P:  
3.25883085213
67.9422561333
10.2410998639
15.1083946279
0.0497277817859
-0.673619592644
-0.554129225869
-0.203430905952
-0.10308112329
0.648009993311
0.698978098444
-0.964785899075
0.69697922258
-0.267085674656
0.0283197360652
-1.94938564301
30.3556213379
24.3362083435
34.9576034546
16.2302913666
17.857875824
7.66438293457
1.23997938633
0.442521393299
0.109044238925
0.0200536046177
0.00229621282779
0.00255827326328
0.00108765787445
7.98819164629e-05
4.18824820372e-05
4.40689618699e-05
0.0111653985668
0.0381987833573

Known:
a0:     3.42
e0:     -4.27
B0:     221.99999999938152
EC:     365.600 141.600 141.600  0.000  0.000  0.000 
        141.600 365.600 141.600  0.000  0.000  0.000 
        141.600 141.600 365.600  0.000  0.000  0.000 
         0.000  0.000  0.000 186.000  0.000  0.000 
         0.000  0.000  0.000  0.000 186.000  0.000 
         0.000  0.000  0.000  0.000  0.000 186.000 

Calculated:
a0:     3.3468174579907366
e0:     -4.310811505169358
B0:     183.86877781453532
EC:     362.805 165.565 165.608  0.000  0.000  0.000 
        165.565 362.805 165.565  0.000  0.000  0.000 
        165.608 165.565 362.805  0.000  0.000  0.000 
         0.000  0.000  0.000 182.950  0.000  0.000 
         0.000  0.000  0.000  0.000 182.950  0.000 
         0.000  0.000  0.000  0.000  0.000 182.950 



