RSS:  
9.492487834250104

P:  
52028.9170295
905.381411882
284.401803673
213.521765113
109.429846159
58.0909099289
62.9943953072
33.7771522227
20.7715672419
12.6812491312
23.8911078881
21.9002053942
13.6561743447
9.20033777877
2.60039195188
1.39405316503
0.645056137553
0.458373411244
0.334919916992
0.170162481477
0.0312938271021
-0.00113543577008
-0.0372129143304
-0.0686030986594
-0.103045035711
-0.0731689791167
-0.0876022843502
-0.0399980139651
-0.033338253701
-0.0298640196537
-0.014431486755
-0.0111097439994
-0.010531798605
-0.0115785415047
-0.0111062095739
-0.00688698489676
-0.00285114843406
0.000587250972795
0.00188087787906
0.00277682831987
0.00196318260136
0.000830568702043
-0.000627907826591
-0.000707015124449
-0.00125626948849
-0.000561477976557
-0.000204846782778
-2.30781766831e-08
0.0
0.0
0.600241247651
0.799635122418
0.388628017594
0.189479898167
0.0600078058302
0.0246258179745
0.0147684323822
0.00982631685729
0.00504767894698
0.00259533318575
0.00203316000622
0.002574387917
0.00192242857715
0.000697750006728
0.000748439240804
0.000377768495469
0.000127360011483
1.54196171468e-05
8.4137043311e-07
0.0
-11.0033405413
4.82696795442

Known:
a0:     3.42
e0:     -4.27
B0:     221.99999999938152
EC:     365.600 141.600 141.600  0.000  0.000  0.000 
        141.600 365.600 141.600  0.000  0.000  0.000 
        141.600 141.600 365.600  0.000  0.000  0.000 
         0.000  0.000  0.000 186.000  0.000  0.000 
         0.000  0.000  0.000  0.000 186.000  0.000 
         0.000  0.000  0.000  0.000  0.000 186.000 

Calculated:
a0:     3.4963417006628665
e0:     -4.26961589963497
B0:     228.4138089113021
EC:     366.215 141.503 141.503  0.000  0.000  0.000 
        141.503 366.215 141.503  0.000  0.000  0.000 
        141.503 141.503 366.215  0.000  0.000  0.000 
         0.000  0.000  0.000 186.784  0.000  0.000 
         0.000  0.000  0.000  0.000 186.784  0.000 
         0.000  0.000  0.000  0.000  0.000 186.784 



