RSS:  
15025.729461630686

P:  
0.026458797951
-0.0951064417396
-0.0374697873499
0.169168119186
0.0686295355584
-0.568088118022
-0.400652091813
-0.00195604270279
0.115319958498
0.000855171826985
0.0667259536791
0.0645003962006
-0.0143328111104
-0.00103236836276
2.75837416452e-06
-5.55816745649e-05
0.262041299772
3.95653667293
-5.35825525091
1.17731398153
0.0514215943884

Known:
a0:     3.42
e0:     -4.27
B0:     210.99999999941215
EC:     365.000 137.000 137.000  0.000  0.000  0.000 
        137.000 365.000 137.000  0.000  0.000  0.000 
        137.000 137.000 365.000  0.000  0.000  0.000 
         0.000  0.000  0.000 186.000  0.000  0.000 
         0.000  0.000  0.000  0.000 186.000  0.000 
         0.000  0.000  0.000  0.000  0.000 186.000 

Calculated:
a0:     3.2724125656739296
e0:     -4.652908762576637
B0:     271.8635017787798
EC:     367.010 138.805 138.805  0.000  0.000  0.000 
        138.805 367.010 138.805  0.000  0.000  0.000 
        138.805 138.805 367.010  0.000  0.000  0.000 
         0.000  0.000  0.000 160.319  0.000  0.000 
         0.000  0.000  0.000  0.000 160.319  0.000 
         0.000  0.000  0.000  0.000  0.000 160.319 



