RSS:  
582.6538969445826

P:  
-0.7
-0.451986498212
-0.55
-0.676887205495
-0.793411507178
-0.770168760352
-0.894670831092
-0.629114787177
-0.120098908759
0.049416032914
0.0489374381138
0.0467551903377
-0.0124874894374
0.000881205250163
-1.94938564301
30.3556213379
24.3362083435
34.9576034546
16.2302913666
17.857875824
7.66438293457
1.23997938633
0.442521393299
0.109044238925
0.0200536046177
0.00229621282779
0.00255827326328
0.00108765787445
7.98819164629e-05
4.18824820372e-05
4.40689618699e-05
-0.0699423274831
0.00105210716991

Known:
a0:     3.42
e0:     -4.27
B0:     221.99999999938152
EC:     365.600 141.600 141.600  0.000  0.000  0.000 
        141.600 365.600 141.600  0.000  0.000  0.000 
        141.600 141.600 365.600  0.000  0.000  0.000 
         0.000  0.000  0.000 186.000  0.000  0.000 
         0.000  0.000  0.000  0.000 186.000  0.000 
         0.000  0.000  0.000  0.000  0.000 186.000 

Calculated:
a0:     3.3404162339283694
e0:     -4.360454616716111
B0:     305.5545759238641
EC:     351.690 157.312 157.312  0.000  0.000  0.000 
        157.312 351.690 157.312  0.000  0.000  0.000 
        157.312 157.312 351.690  0.000  0.000  0.000 
         0.000  0.000  0.000 170.273  0.000  0.000 
         0.000  0.000  0.000  0.000 170.273  0.000 
         0.000  0.000  0.000  0.000  0.000 170.273 



