RSS:  
617.9133259850678

P:  
0.632840271759
-0.98100825269
0.203290055652
0.0476318779403
0.0503630764005
0.660319954477
0.0017924018784
0.000189572345681
-0.00739648472491
0.271124152606
0.633603578681
-0.0326496431652
-0.0440267930491
0.0234794531688
-0.016356568076
0.0120265340129
-0.0110171811186
0.0
-1.94938564301
30.3556213379
24.3362083435
34.9576034546
16.2302913666
17.857875824
7.66438293457
1.23997938633
0.442521393299
0.109044238925
0.0200536046177
0.00229621282779
0.00255827326328
0.00108765787445
7.98819164629e-05
4.18824820372e-05
4.40689618699e-05
-8.7049943188
4.94312703607
-6.44034110776
-0.402633838914
-0.407452867969
0.166776230878
-0.048123770574
-0.0574938654024
0.0198489990209
0.00497184318741
0.00030822694943
-0.424401678705
0.614307704238
0.214616815488
0.128701767499
0.0250326641645
-0.00734311115026
0.00376315268951
-0.0146207062536
0.0
-1.94938564301
30.3556213379
24.3362083435
34.9576034546
16.2302913666
17.857875824
7.66438293457
1.23997938633
0.442521393299
0.109044238925
0.0200536046177
0.00229621282779
0.00255827326328
0.00108765787445
7.98819164629e-05
4.18824820372e-05
4.40689618699e-05
-9.14306949361
5.44329717013
-0.150968320978
-0.0679799851752
3.67669713061
-0.0570555969763
-0.0851275006023
-0.718884711549
0.597477927242
-0.969785417973
-0.349253476813
0.51957824796
-1.0062524012
0.663335402129
-0.0197299263709
0.183375213491
-0.180443912232
0.0237516803279
-0.00587711714295
0.0

Known:
a0:     3.42
e0:     -4.27
B0:     221.99999999938152
EC:     365.600 141.600 141.600  0.000  0.000  0.000 
        141.600 365.600 141.600  0.000  0.000  0.000 
        141.600 141.600 365.600  0.000  0.000  0.000 
         0.000  0.000  0.000 186.000  0.000  0.000 
         0.000  0.000  0.000  0.000 186.000  0.000 
         0.000  0.000  0.000  0.000  0.000 186.000 

Known:
a0:     3.89
e0:     -3.91
B0:     179.99999999949853
EC:     234.000 176.000 176.000  0.000  0.000  0.000 
        176.000 234.000 176.000  0.000  0.000  0.000 
        176.000 176.000 234.000  0.000  0.000  0.000 
         0.000  0.000  0.000 71.200  0.000  0.000 
         0.000  0.000  0.000  0.000 71.200  0.000 
         0.000  0.000  0.000  0.000  0.000 71.200 

Calculated:
a0:     3.3498635970951147
e0:     -4.270548060078564
B0:     183.0310205322063
EC:     216.871 158.107 158.107  0.000  0.000  0.000 
        158.107 216.871 158.107  0.000  0.000  0.000 
        158.107 158.107 216.871  0.000  0.000  0.000 
         0.000  0.000  0.000 163.243  0.000  0.000 
         0.000  0.000  0.000  0.000 163.243  0.000 
         0.000  0.000  0.000  0.000  0.000 163.243 

Calculated:
a0:     3.6781300007342006
e0:     -3.81815648568029
B0:     104.19216783250687
EC:     183.062 77.890 77.890  0.000  0.000  0.000 
        77.890 183.062 77.890  0.000  0.000  0.000 
        77.890 77.890 183.062  0.000  0.000  0.000 
         0.000  0.000  0.000 110.260  0.000  0.000 
         0.000  0.000  0.000  0.000 110.260  0.000 
         0.000  0.000  0.000  0.000  0.000 110.260 



