RSS:  
17475.179581231205

P:  
-0.0517254499804
0.0346470919896
0.0250051536486
-0.00387127786096
0.00168564785906
-0.00262281641344
0.000865860972803
-0.000766892100705
0.00102482769675
-0.00105744024168
-4.40165609645e-06
1.55059422806e-05
4.87396927817e-05
2.0415201761e-05
3.09530529192e-06
1.09205339069e-06
3.91173775879e-07
-2.74319011632e-06
2.32778736675e-07
9.19190620578e-08
-2.16624312207e-06
1.40138167715e-06
1.42837203609e-07
-1.94938564301
30.3556213379
24.3362083435
34.9576034546
16.2302913666
17.857875824
7.66438293457
1.23997938633
0.442521393299
0.109044238925
0.0200536046177
0.00229621282779
0.00255827326328
0.00108765787445
7.98819164629e-05
4.18824820372e-05
4.40689618699e-05
2.6413863452e-06
1.10245503038e-06
6.35151934603e-07
3.87506304378e-07
2.28070874186e-07
1.27619927071e-07
6.8033251921e-08
3.47100943543e-08
-0.00172860221937
-0.03018823266
0.000999488420236

Known:
a0:     3.42
e0:     -4.27
B0:     221.99999999938152
EC:     365.600 141.600 141.600  0.000  0.000  0.000 
        141.600 365.600 141.600  0.000  0.000  0.000 
        141.600 141.600 365.600  0.000  0.000  0.000 
         0.000  0.000  0.000 186.000  0.000  0.000 
         0.000  0.000  0.000  0.000 186.000  0.000 
         0.000  0.000  0.000  0.000  0.000 186.000 

Calculated:
a0:     3.147680521551396
e0:     -5.498474748506532
B0:     142.7276257858125
EC:     438.985 146.961 146.961  0.000  0.000  0.000 
        146.961 438.985 146.961  0.000  0.000  0.000 
        146.961 146.961 438.985  0.000  0.000  0.000 
         0.000  0.000  0.000 218.449  0.000  0.000 
         0.000  0.000  0.000  0.000 218.449  0.000 
         0.000  0.000  0.000  0.000  0.000 218.449 



