---START---
00000001
PARAMETERS 
19
-0.340221142037
-1.43365449627
-5.18648577461
-0.032915493759
0.392593184924
-0.675923557087
0.333471422269
-1.15128489855
-0.717125268293
-0.838978020163
-0.348570964537
0.473885654329
-0.660915539137
11.8543920795
0.248190916832
-0.00497470491346
-0.674681915139
0.243143716007
0.0209486066312
RSS 714.6225312661211
BP MaxDensity 0.09151461832057538
EFS MaxDensity 0.08759232396262624
a0 3.92510539237738
e0 -3.9170354592030683
b0 1.1358815131149347
---END---
---START---
00000002
PARAMETERS 
19
-0.340377339744
-1.43387000181
-5.18670068224
-0.0331155685501
0.392434180431
-0.675846920975
0.333359856516
-1.1513474568
-0.717223221926
-0.838881876957
-0.34862820132
0.473985137147
-0.660745349686
11.8543911892
0.248437039664
-0.00497822453238
-0.674409474055
0.242754992777
0.0209675259389
RSS 715.0129551368105
BP MaxDensity 0.09151461832057538
EFS MaxDensity 0.08759232396262624
a0 3.92383238461768
e0 -3.915891793637357
b0 1.1691964024854304
---END---
---START---
00000003
PARAMETERS 
19
-0.340466985335
-1.43386441482
-5.18641363752
-0.033607757794
0.39261118197
-0.675957794368
0.333509972126
-1.15144107172
-0.716790143986
-0.839507586858
-0.34944385403
0.473889228821
-0.660827681222
11.8542951775
0.247980543438
-0.00496794669289
-0.674465941543
0.242962067973
0.0208819869094
RSS 721.3160993398558
BP MaxDensity 0.09151461832057538
EFS MaxDensity 0.08759232396262624
a0 3.9240114400614536
e0 -3.919996253783768
b0 1.1415867076205317
---END---
---START---
00000004
PARAMETERS 
19
-0.342358962098
-1.43504486339
-5.18735155985
-0.0317247581029
0.390173938557
-0.677983003725
0.333072514411
-1.15207952457
-0.720924814941
-0.838817704005
-0.350353983085
0.475574490065
-0.6598020855
11.8548297165
0.245872219526
-0.00516223453377
-0.672645825026
0.245015131404
0.0155216705452
RSS 764.9491129033736
BP MaxDensity 0.09151461832057538
EFS MaxDensity 0.08759232396262624
a0 3.9069149716098974
e0 -3.9151893636983996
b0 1.2835885543508483
---END---
---START---
00000005
PARAMETERS 
19
-0.342687384545
-1.44213738524
-5.17864251862
-0.0302140370591
0.389645389834
-0.680944160888
0.334672252797
-1.14049951636
-0.726103660236
-0.847196691815
-0.346304466963
0.478315066105
-0.664247888684
11.8682248095
0.244394193873
-0.00512613057206
-0.682286260199
0.249321747428
0.0101256363929
RSS 1133.7801680074738
BP MaxDensity 0.09151461832057538
EFS MaxDensity 0.08759232396262624
a0 3.9220433799336862
e0 -3.912891214947622
b0 1.1994029852674126
---END---
---START---
00000006
PARAMETERS 
19
-0.335801988549
-1.41747964692
-5.18414089368
-0.0395370785433
0.376638129148
-0.671974955136
0.327171228508
-1.11377278467
-0.754779175155
-0.925878202809
-0.348529105387
0.521472492759
-0.679569827255
11.8523667939
0.242129702842
0.00752482962977
-0.67062912472
0.257861440335
0.0288006033335
RSS 5665.845916378781
BP MaxDensity 0.09151461832057538
EFS MaxDensity 0.08759232396262624
a0 4.048638690267146
e0 -4.03962632107846
b0 1.0275155815066919
---END---
---START---
00000007
PARAMETERS 
19
-0.358418697942
-1.41574591012
-5.18452733486
-0.0390155763536
0.376536461291
-0.671753691536
0.329040576527
-1.11377277011
-0.754781307137
-0.925877765231
-0.347912048142
0.521394923994
-0.679568901082
11.8523666948
0.242183751004
0.00752483382693
-0.670617899644
0.257300789475
0.0287831832009
RSS 5669.345913126637
BP MaxDensity 0.09151461832057538
EFS MaxDensity 0.08759232396262624
a0 4.05140341068233
e0 -4.041425434756765
b0 1.0280393420871738
---END---
---START---
00000008
PARAMETERS 
19
-0.358326195256
-1.41746921667
-5.18452758151
-0.0385959578493
0.376930685003
-0.671974984691
0.327176856668
-1.11377278729
-0.754773894278
-0.925859725447
-0.348511721172
0.521394930417
-0.679573762674
11.8523665617
0.241687712107
0.00752482351846
-0.670617800362
0.25785856292
0.0287831928383
RSS 5669.498807554098
BP MaxDensity 0.09151461832057538
EFS MaxDensity 0.08759232396262624
a0 4.048708748262082
e0 -4.040152574869121
b0 1.0336318407776137
---END---
---START---
00000009
PARAMETERS 
19
-0.367997544041
-1.4174819433
-5.18413560293
-0.0394908211623
0.376639928182
-0.671974892464
0.329128324504
-1.11363609788
-0.754773714705
-0.925874297625
-0.348528816129
0.521402978749
-0.679573116523
11.8530841377
0.242256905657
0.00752433837702
-0.670579471903
0.257262735741
0.028783202613
RSS 5670.341297224819
BP MaxDensity 0.09151461832057538
EFS MaxDensity 0.08759232396262624
a0 4.050025069501818
e0 -4.042113890966403
b0 1.021796220757743
---END---
---START---
00000010
PARAMETERS 
19
-0.367998572065
-1.4157462397
-5.18413644509
-0.0390122342038
0.376637984024
-0.671974952041
0.329128610667
-1.11377279296
-0.754778828696
-0.925877756047
-0.348527253177
0.521393509387
-0.679568550342
11.8523662686
0.242256859889
0.00752499092578
-0.670606045616
0.257364836299
0.0287831916282
RSS 5673.15928874913
BP MaxDensity 0.09151461832057538
EFS MaxDensity 0.08759232396262624
a0 4.049664636347437
e0 -4.0426084235411786
b0 1.0273448743101294
---END---
---START---
00000011
PARAMETERS 
19
-0.335481186671
-1.41749937471
-5.18452766284
-0.0390150058859
0.376636954892
-0.67197504001
0.329128622172
-1.11377261688
-0.754774170995
-0.925857399192
-0.348529440359
0.521395857092
-0.679569793979
11.8523653239
0.242257011915
0.00752598071792
-0.670616538074
0.257482654569
0.0288006033335
RSS 5673.48733314399
BP MaxDensity 0.09151461832057538
EFS MaxDensity 0.08759232396262624
a0 4.049463309354445
e0 -4.042585479630757
b0 1.0289708393275905
---END---
---START---
00000012
PARAMETERS 
19
-0.358325956955
-1.41574567584
-5.18452779637
-0.0390160261072
0.37664030421
-0.671974956797
0.329128410876
-1.11377316601
-0.754773664729
-0.925877370161
-0.348528878573
0.521395286972
-0.679568202094
11.8523642292
0.242256996222
0.00752429815136
-0.670617580826
0.257262686446
0.0287832060524
RSS 5674.55007256906
BP MaxDensity 0.09151461832057538
EFS MaxDensity 0.08759232396262624
a0 4.04955109437857
e0 -4.04265283435736
b0 1.0284872191194485
---END---
---START---
00000013
PARAMETERS 
19
-0.358325973533
-1.41574561773
-5.1845277965
-0.0390160713609
0.376640287458
-0.671974964783
0.329128415325
-1.11377317712
-0.754773684022
-0.925877355766
-0.348528867305
0.521395290045
-0.679568195094
11.8523642914
0.242257013634
0.0075243116208
-0.670617627122
0.257262689892
0.0287832052366
RSS 5674.551027184202
BP MaxDensity 0.09151461832057538
EFS MaxDensity 0.08759232396262624
a0 4.049551071697481
e0 -4.0426528940862605
b0 1.02848748258
---END---
---START---
00000014
PARAMETERS 
19
-0.358325927346
-1.41574567586
-5.18452778278
-0.0390160337185
0.376640270547
-0.671974948742
0.329128422792
-1.11377318127
-0.754773653606
-0.925877386153
-0.348528884278
0.521395266897
-0.679568213981
11.8523642356
0.242256983027
0.00752430169453
-0.670617675264
0.257262689811
0.0287832078212
RSS 5674.554160794136
BP MaxDensity 0.09151461832057538
EFS MaxDensity 0.08759232396262624
a0 4.049551035348549
e0 -4.042653359529988
b0 1.0284878576501582
---END---
---START---
00000015
PARAMETERS 
19
-0.358325900902
-1.41574566626
-5.1845278398
-0.0390159765261
0.376640267152
-0.671974942785
0.329128440101
-1.11377316205
-0.754773665135
-0.925877399483
-0.348528872135
0.521395285126
-0.679568227399
11.8523644349
0.242256989457
0.00752430441495
-0.670617612411
0.257262693829
0.0287832093164
RSS 5674.554981739276
BP MaxDensity 0.09151461832057538
EFS MaxDensity 0.08759232396262624
a0 4.049550978543865
e0 -4.042653306927185
b0 1.0284887141206271
---END---
---START---
00000016
PARAMETERS 
19
-0.358325939919
-1.41574570159
-5.18452773564
-0.0390159765134
0.37664021218
-0.671974944525
0.329128424052
-1.11377317664
-0.754773648295
-0.925877384319
-0.348528866935
0.521395258052
-0.679568211723
11.8523642928
0.2422569747
0.00752431616423
-0.670617693879
0.257262694643
0.0287832080392
RSS 5674.558686771855
BP MaxDensity 0.09151461832057538
EFS MaxDensity 0.08759232396262624
a0 4.049550941735761
e0 -4.0426538160724474
b0 1.028489572281886
---END---
---START---
00000017
PARAMETERS 
19
-0.358325953133
-1.41574566186
-5.18452771017
-0.039015952766
0.376640153421
-0.671974944004
0.329128408978
-1.11377318038
-0.75477363227
-0.925877403998
-0.348528868458
0.521395275131
-0.679568224986
11.8523641414
0.242256989216
0.00752431722998
-0.67061760351
0.257262698827
0.0287832098379
RSS 5674.560715825761
BP MaxDensity 0.09151461832057538
EFS MaxDensity 0.08759232396262624
a0 4.049550796051607
e0 -4.042653952600083
b0 1.028490758107947
---END---
---START---
00000018
PARAMETERS 
19
-0.358325916712
-1.41574572599
-5.18452772034
-0.039015940597
0.376640160099
-0.671974951544
0.329128432494
-1.11377316478
-0.75477363516
-0.925877388365
-0.348528857869
0.52139524887
-0.679568200555
11.8523641541
0.242256971887
0.00752430760892
-0.67061767001
0.257262694738
0.0287832086208
RSS 5674.561044031254
BP MaxDensity 0.09151461832057538
EFS MaxDensity 0.08759232396262624
a0 4.049550900323487
e0 -4.042653995639974
b0 1.0284903652386415
---END---
---START---
00000019
PARAMETERS 
19
-0.35832594925
-1.41574583766
-5.18452770567
-0.0390159194508
0.37664004837
-0.671974977741
0.329128417747
-1.11377319982
-0.754773655314
-0.925877374085
-0.348528862139
0.521395241343
-0.679568231783
11.8523639557
0.242256942524
0.00752430959295
-0.670617484472
0.257262707176
0.0287832079635
RSS 5674.5672594380585
BP MaxDensity 0.09151461832057538
EFS MaxDensity 0.08759232396262624
a0 4.049550467460761
e0 -4.0426545773915725
b0 1.0284925912275868
---END---
---START---
00000020
PARAMETERS 
19
-0.358325970419
-1.41574591009
-5.184527923
-0.0390160043204
0.376639959288
-0.671974922434
0.329128351019
-1.1137731167
-0.754773688362
-0.925877421728
-0.34852879086
0.521395330003
-0.679568128551
11.8523637323
0.24225690421
0.00752433360574
-0.670617949724
0.257262732312
0.0287832019664
RSS 5674.569225604012
BP MaxDensity 0.09151461832057538
EFS MaxDensity 0.08759232396262624
a0 4.049550464717312
e0 -4.042653512818086
b0 1.028494892114063
---END---
---START---
00000021
PARAMETERS 
19
-0.358325974808
-1.41574591457
-5.18452788608
-0.0390160108275
0.376639909184
-0.671974907495
0.329128333597
-1.11377311797
-0.754773695294
-0.925877433369
-0.348528802807
0.521395350471
-0.679568120369
11.8523637569
0.242256895859
0.00752433769962
-0.670617961844
0.257262730263
0.0287832025442
RSS 5674.571393120404
BP MaxDensity 0.09151461832057538
EFS MaxDensity 0.08759232396262624
a0 4.049550245146293
e0 -4.0426534186423595
b0 1.0284959556266842
---END---
---START---
00000022
PARAMETERS 
19
-0.358325950814
-1.4157459329
-5.18452783373
-0.0390159799401
0.376639928182
-0.671974892464
0.329128324504
-1.11377313608
-0.754773714705
-0.925877420597
-0.348528816129
0.521395334265
-0.679568127203
11.8523636469
0.242256905657
0.00752433837702
-0.670618033088
0.257262735741
0.028783202613
RSS 5674.571454362023
BP MaxDensity 0.09151461832057538
EFS MaxDensity 0.08759232396262624
a0 4.049550115015762
e0 -4.042653536311034
b0 1.0284961586915329
---END---
---START---
00000023
PARAMETERS 
19
-0.358325960269
-1.41574588763
-5.18452793161
-0.0390159507203
0.376639959803
-0.671974918418
0.329128343052
-1.1137731039
-0.754773690378
-0.925877453067
-0.348528797075
0.521395357769
-0.679568120058
11.8523637954
0.242256880958
0.00752435262238
-0.670617988229
0.257262739937
0.0287832026696
RSS 5674.571470229658
BP MaxDensity 0.09151461832057538
EFS MaxDensity 0.08759232396262624
a0 4.049550478285847
e0 -4.042653516074705
b0 1.0284958928706132
---END---
---START---
00000024
PARAMETERS 
19
-0.358325971973
-1.41574587217
-5.18452788758
-0.0390159138353
0.376639935277
-0.671974910511
0.329128346135
-1.11377310092
-0.754773708232
-0.925877439484
-0.348528784841
0.521395360007
-0.679568109522
11.8523636158
0.242256879122
0.00752434794745
-0.670618047475
0.257262737828
0.0287832019184
RSS 5674.572925893056
BP MaxDensity 0.09151461832057538
EFS MaxDensity 0.08759232396262624
a0 4.049550321763352
e0 -4.042653390763548
b0 1.028496745879174
---END---
---START---
00000025
PARAMETERS 
19
-0.35832595107
-1.41574593375
-5.18452793245
-0.0390159287051
0.376639927309
-0.67197493654
0.329128336486
-1.11377310423
-0.754773710413
-0.925877463644
-0.34852880542
0.521395364349
-0.679568128472
11.8523639767
0.242256897401
0.0075243620835
-0.670618046127
0.257262749168
0.028783204022
RSS 5674.5754625719555
BP MaxDensity 0.09151461832057538
EFS MaxDensity 0.08759232396262624
a0 4.0495503238820625
e0 -4.042653832770592
b0 1.028497001388621
---END---
---START---
00000026
PARAMETERS 
19
-0.358325955105
-1.41574597299
-5.1845280493
-0.0390159208332
0.376639879782
-0.671974968465
0.329128316684
-1.11377310578
-0.754773697552
-0.925877447652
-0.348528816108
0.521395398634
-0.679568144005
11.8523637565
0.242256911095
0.00752436446839
-0.670617896664
0.257262731481
0.0287832056679
RSS 5674.576179804956
BP MaxDensity 0.09151461832057538
EFS MaxDensity 0.08759232396262624
a0 4.049550048072761
e0 -4.042653741767189
b0 1.0284983742972054
---END---
---START---
00000027
PARAMETERS 
19
-0.358325943191
-1.41574595287
-5.18452803414
-0.0390159401987
0.376639865444
-0.671974979963
0.329128336483
-1.11377308904
-0.754773699376
-0.9258774554
-0.34852882943
0.52139538165
-0.679568159274
11.8523637837
0.242256919196
0.00752435093104
-0.670617869963
0.257262724772
0.0287832055971
RSS 5674.5781018231655
BP MaxDensity 0.09151461832057538
EFS MaxDensity 0.08759232396262624
a0 4.049550011034816
e0 -4.04265398547791
b0 1.0284978722506217
---END---
---START---
00000028
PARAMETERS 
19
-0.358325894223
-1.41574597293
-5.18452810341
-0.0390158916132
0.376639834442
-0.671974991793
0.329128333049
-1.11377308714
-0.754773663528
-0.925877468698
-0.348528836083
0.521395373255
-0.679568153075
11.8523638025
0.242256945248
0.00752434580567
-0.670618010668
0.257262731962
0.0287832041957
RSS 5674.581408825533
BP MaxDensity 0.09151461832057538
EFS MaxDensity 0.08759232396262624
a0 4.049549973450816
e0 -4.042654348449147
b0 1.0284989247862792
---END---
---START---
00000029
PARAMETERS 
19
-0.35832591768
-1.41574601017
-5.18452812505
-0.039015858184
0.376639838473
-0.671975009104
0.329128342936
-1.11377309512
-0.754773647452
-0.925877451914
-0.348528825027
0.521395358774
-0.679568157045
11.8523638153
0.242256925869
0.00752435487465
-0.670618021108
0.257262730152
0.0287832050304
RSS 5674.582749703016
BP MaxDensity 0.09151461832057538
EFS MaxDensity 0.08759232396262624
a0 4.049550064287573
e0 -4.042654683329248
b0 1.0284991650837763
---END---
---START---
00000030
PARAMETERS 
19
-0.358325946124
-1.41574605372
-5.18452813119
-0.0390158491828
0.376639871966
-0.67197501319
0.329128337233
-1.11377308542
-0.754773666592
-0.925877456366
-0.348528843597
0.521395345671
-0.679568174856
11.8523639542
0.242256906924
0.0075243740964
-0.670618018593
0.25726273119
0.0287832042359
RSS 5674.583874863538
BP MaxDensity 0.09151461832057538
EFS MaxDensity 0.08759232396262624
a0 4.049550068187766
e0 -4.042655070992042
b0 1.0284991860015256
---END---
---START---
00000031
PARAMETERS 
19
-0.358325953316
-1.415746067
-5.18452807376
-0.0390157671332
0.376639877212
-0.671975037855
0.329128371456
-1.11377310059
-0.754773627016
-0.925877454616
-0.348528821739
0.521395338217
-0.679568147564
11.852363695
0.242256872483
0.00752439239389
-0.670618175355
0.257262739041
0.0287832082756
RSS 5674.584228581482
BP MaxDensity 0.09151461832057538
EFS MaxDensity 0.08759232396262624
a0 4.049550391098905
e0 -4.042655461132685
b0 1.0284995267048473
---END---
---START---
00000032
PARAMETERS 
19
-0.358325952237
-1.4157460014
-5.18452818536
-0.0390159027144
0.376639860291
-0.671975025612
0.329128343474
-1.11377310083
-0.754773685023
-0.92587746923
-0.348528845528
0.521395360742
-0.679568181263
11.8523637659
0.242256896913
0.00752437125195
-0.670618051438
0.257262734798
0.0287832048682
RSS 5674.584294550567
BP MaxDensity 0.09151461832057538
EFS MaxDensity 0.08759232396262624
a0 4.049550069647511
e0 -4.04265501870859
b0 1.028498708364796
---END---
---START---
00000033
PARAMETERS 
19
-0.358325908147
-1.41574599217
-5.18452809565
-0.0390158815342
0.376639785093
-0.671974972066
0.329128313161
-1.11377308673
-0.754773662784
-0.925877462986
-0.348528849828
0.521395367313
-0.679568152541
11.852363919
0.2422569318
0.00752436376001
-0.670617966866
0.257262734605
0.0287832032782
RSS 5674.584617520042
BP MaxDensity 0.09151461832057538
EFS MaxDensity 0.08759232396262624
a0 4.049549710492296
e0 -4.042654656699532
b0 1.0285007307450889
---END---
---START---
00000034
PARAMETERS 
19
-0.35832596188
-1.41574606725
-5.18452816298
-0.0390158041079
0.37663982641
-0.671975028114
0.329128325399
-1.11377306533
-0.754773669289
-0.925877463184
-0.348528863747
0.521395349759
-0.679568177633
11.8523640863
0.242256906596
0.00752438739242
-0.670617980912
0.257262736805
0.0287832031288
RSS 5674.589260409807
BP MaxDensity 0.09151461832057538
EFS MaxDensity 0.08759232396262624
a0 4.049549800775699
e0 -4.042655411136468
b0 1.028501258428033
---END---
---START---
00000035
PARAMETERS 
19
-0.358325981382
-1.41574603019
-5.18452821661
-0.039015745691
0.376639862458
-0.671975034964
0.329128320265
-1.1137730554
-0.754773648991
-0.925877446601
-0.34852887106
0.521395335825
-0.679568176381
11.8523642033
0.24225689385
0.00752440011748
-0.670618067674
0.257262726713
0.0287832037817
RSS 5674.589701464261
BP MaxDensity 0.09151461832057538
EFS MaxDensity 0.08759232396262624
a0 4.04954984762786
e0 -4.042655686680542
b0 1.0285016581415118
---END---
---START---
00000036
PARAMETERS 
19
-0.358325956836
-1.41574607492
-5.18452820139
-0.0390157679916
0.376639834237
-0.671975021192
0.329128339427
-1.11377304736
-0.754773655688
-0.925877428849
-0.34852888404
0.521395356019
-0.679568163658
11.8523643713
0.242256894262
0.00752441728999
-0.670618109624
0.257262724098
0.0287832033568
RSS 5674.589907684231
BP MaxDensity 0.09151461832057538
EFS MaxDensity 0.08759232396262624
a0 4.049549632882051
e0 -4.042655580726768
b0 1.0285026631698055
---END---
---START---
00000037
PARAMETERS 
19
-0.358325936951
-1.41574601835
-5.18452824311
-0.0390157976735
0.376639837364
-0.671975036947
0.329128355089
-1.11377305821
-0.754773672019
-0.925877438074
-0.348528895071
0.521395343967
-0.679568165683
11.852364446
0.242256890581
0.00752442652729
-0.670618052412
0.257262732916
0.0287832014951
RSS 5674.591368289394
BP MaxDensity 0.09151461832057538
EFS MaxDensity 0.08759232396262624
a0 4.0495497061308
e0 -4.0426558765307945
b0 1.0285024144550206
---END---
---START---
00000038
PARAMETERS 
19
-0.358325981305
-1.41574610507
-5.18452817532
-0.03901582486
0.376639802737
-0.671975042281
0.329128370118
-1.11377308345
-0.754773661215
-0.925877434325
-0.348528930103
0.521395338977
-0.679568166354
11.852364138
0.242256922996
0.00752446721934
-0.670617959102
0.257262751645
0.0287831975707
RSS 5674.593679866263
BP MaxDensity 0.09151461832057538
EFS MaxDensity 0.08759232396262624
a0 4.049549629384572
e0 -4.042656521424196
b0 1.0285034802265969
---END---
---START---
00000039
PARAMETERS 
19
-0.35832598203
-1.41574612251
-5.18452814716
-0.0390158246777
0.376639784871
-0.671975061894
0.32912835186
-1.11377309267
-0.754773678896
-0.925877452607
-0.348528925232
0.521395352071
-0.679568155995
11.8523642283
0.242256914566
0.00752448517352
-0.670618006641
0.257262753001
0.0287831959579
RSS 5674.595626975457
BP MaxDensity 0.09151461832057538
EFS MaxDensity 0.08759232396262624
a0 4.049549715316269
e0 -4.042656706857226
b0 1.0285037912054764
---END---
---START---
00000040
PARAMETERS 
19
-0.358325968323
-1.41574595807
-5.18452793503
-0.0390155954034
0.376639766167
-0.67197500529
0.329128428519
-1.11377307275
-0.75477370664
-0.925877504043
-0.348528856573
0.521395287561
-0.67956819419
11.852364145
0.242256867131
0.0075245056443
-0.670618075542
0.257262739984
0.0287831945051
RSS 5674.605845230408
BP MaxDensity 0.09151461832057538
EFS MaxDensity 0.08759232396262624
a0 4.049549893496781
e0 -4.042658026712447
b0 1.0285060067577814
---END---
---START---
00000041
PARAMETERS 
19
-0.358325969241
-1.4157459915
-5.18452789151
-0.0390155637363
0.376639789851
-0.671975004633
0.329128433448
-1.11377308063
-0.754773705188
-0.92587750534
-0.348528865346
0.521395275709
-0.679568209976
11.8523639841
0.242256883717
0.0075245247489
-0.670618152578
0.257262741638
0.0287831939692
RSS 5674.6080007734845
BP MaxDensity 0.09151461832057538
EFS MaxDensity 0.08759232396262624
a0 4.049549910007173
e0 -4.042658459715748
b0 1.0285063900030122
---END---
---START---
00000042
PARAMETERS 
19
-0.358326016605
-1.41574595228
-5.18452793846
-0.0390155607703
0.376639777129
-0.671974987082
0.329128445526
-1.11377303768
-0.75477374446
-0.925877541416
-0.348528874736
0.521395256414
-0.679568185228
11.8523644956
0.242256863068
0.00752453451542
-0.670617972291
0.257262749417
0.0287831981805
RSS 5674.610885238998
BP MaxDensity 0.09151461832057538
EFS MaxDensity 0.08759232396262624
a0 4.049549944461917
e0 -4.042658618728713
b0 1.0285070119755249
---END---
---START---
00000043
PARAMETERS 
19
-0.358326005023
-1.41574595157
-5.18452792509
-0.0390155983134
0.37663977665
-0.671974969401
0.329128445963
-1.11377302407
-0.754773743254
-0.92587753836
-0.34852887826
0.521395254174
-0.679568184114
11.852364514
0.242256854228
0.00752454419737
-0.670617938444
0.257262740896
0.0287831962263
RSS 5674.611249165552
BP MaxDensity 0.09151461832057538
EFS MaxDensity 0.08759232396262624
a0 4.0495499228837915
e0 -4.04265861606965
b0 1.0285070246487642
---END---
---START---
00000044
PARAMETERS 
19
-0.358326005018
-1.41574592657
-5.18452789579
-0.0390155983323
0.376639750169
-0.671975003706
0.32912844375
-1.11377304307
-0.754773743254
-0.925877545918
-0.348528868529
0.521395246914
-0.679568172154
11.8523643162
0.242256865097
0.00752453675588
-0.670618057588
0.257262741894
0.0287831998679
RSS 5674.611804546601
BP MaxDensity 0.09151461832057538
EFS MaxDensity 0.08759232396262624
a0 4.049550055767376
e0 -4.042658859279367
b0 1.0285066154698943
---END---
---START---
00000045
PARAMETERS 
19
-0.35832604301
-1.41574591165
-5.18452787761
-0.0390156111571
0.376639724686
-0.671974980223
0.329128444744
-1.11377304899
-0.754773740355
-0.925877534475
-0.34852886658
0.52139525605
-0.679568181192
11.8523646975
0.242256872257
0.007524540496
-0.670618021111
0.257262743708
0.0287831969984
RSS 5674.612520130617
BP MaxDensity 0.09151461832057538
EFS MaxDensity 0.08759232396262624
a0 4.049549856860795
e0 -4.042658758164767
b0 1.0285074629447917
---END---
---START---
00000046
PARAMETERS 
19
-0.358326030542
-1.41574596394
-5.18452797916
-0.0390156183607
0.376639812391
-0.671974986337
0.329128426629
-1.11377304052
-0.754773761819
-0.925877558411
-0.348528877179
0.521395237191
-0.67956819209
11.8523645387
0.242256846832
0.0075245484983
-0.670618056361
0.257262739547
0.028783197878
RSS 5674.612866316318
BP MaxDensity 0.09151461832057538
EFS MaxDensity 0.08759232396262624
a0 4.049550122612249
e0 -4.042658946661853
b0 1.0285061351184148
---END---
---START---
00000047
PARAMETERS 
19
-0.358326021198
-1.41574589652
-5.18452796958
-0.0390155939164
0.376639721694
-0.671974997788
0.329128459117
-1.11377302505
-0.75477373686
-0.925877532978
-0.34852886381
0.521395249643
-0.679568192164
11.8523643747
0.242256867327
0.00752454085812
-0.670617906561
0.25726275615
0.0287831964709
RSS 5674.613919299597
BP MaxDensity 0.09151461832057538
EFS MaxDensity 0.08759232396262624
a0 4.049549867479258
e0 -4.042658938717659
b0 1.0285077694245002
---END---
---START---
00000048
PARAMETERS 
19
-0.358326003183
-1.41574589367
-5.18452791323
-0.0390156136022
0.376639719294
-0.671975007436
0.329128439852
-1.11377305268
-0.754773740199
-0.925877553278
-0.348528880239
0.521395251509
-0.679568192735
11.8523644382
0.242256880835
0.00752451829329
-0.670618056985
0.257262754117
0.0287831988799
RSS 5674.614096329894
BP MaxDensity 0.09151461832057538
EFS MaxDensity 0.08759232396262624
a0 4.049549843745938
e0 -4.042658840571501
b0 1.028506947332787
---END---
---START---
00000049
PARAMETERS 
19
-0.358325973609
-1.41574597185
-5.18452793106
-0.0390154493968
0.376639788909
-0.671974982965
0.329128465382
-1.11377304269
-0.75477373909
-0.925877545529
-0.348528842431
0.521395226896
-0.679568225921
11.8523645539
0.242256841897
0.00752453344268
-0.6706180759
0.257262740521
0.0287831949394
RSS 5674.615030739406
BP MaxDensity 0.09151461832057538
EFS MaxDensity 0.08759232396262624
a0 4.049550004483916
e0 -4.042659262019135
b0 1.028507646492623
---END---
---START---
00000050
PARAMETERS 
19
-0.358326051361
-1.41574594631
-5.18452793379
-0.0390156390759
0.376639754913
-0.671974966041
0.32912844368
-1.11377303259
-0.754773749929
-0.925877566124
-0.34852888593
0.52139525026
-0.67956820575
11.8523645358
0.242256839232
0.00752455193393
-0.670618038292
0.257262737314
0.0287831972371
RSS 5674.615039000371
BP MaxDensity 0.09151461832057538
EFS MaxDensity 0.08759232396262624
a0 4.049549899402503
e0 -4.042659054638358
b0 1.0285070878202367
---END---
---START---
00000051
PARAMETERS 
19
-0.358326031079
-1.41574588513
-5.18452795003
-0.0390155296945
0.37663967669
-0.671974970022
0.329128468133
-1.11377303433
-0.754773749251
-0.92587758207
-0.34852891538
0.521395228003
-0.67956821134
11.8523647199
0.242256869219
0.0075245197004
-0.670618039228
0.257262723046
0.0287831975177
RSS 5674.621267956304
BP MaxDensity 0.09151461832057538
EFS MaxDensity 0.08759232396262624
a0 4.049549466811807
e0 -4.042659431302715
b0 1.0285092260601851
---END---
---START---
00000052
PARAMETERS 
19
-0.358326189387
-1.4157459281
-5.18452805305
-0.0390157807707
0.376639409606
-0.671974961194
0.329128438906
-1.11377315076
-0.754773738308
-0.925877578262
-0.348528883169
0.521395268261
-0.679568202677
11.8523659474
0.242257030407
0.00752461532538
-0.670617510518
0.25726273232
0.028783197689
RSS 5674.627431696076
BP MaxDensity 0.09151461832057538
EFS MaxDensity 0.08759232396262624
a0 4.049549199356232
e0 -4.042660407084036
b0 1.0285136113994817
---END---
---START---
00000053
PARAMETERS 
19
-0.358326216841
-1.41574592746
-5.18452804371
-0.0390158120864
0.376639366971
-0.67197496221
0.329128446561
-1.11377313582
-0.754773755864
-0.925877592054
-0.348528888568
0.521395270449
-0.679568204228
11.8523659126
0.242257023635
0.0075246346419
-0.670617439956
0.257262739188
0.0287831981951
RSS 5674.631486681788
BP MaxDensity 0.09151461832057538
EFS MaxDensity 0.08759232396262624
a0 4.049549104316557
e0 -4.042660707738118
b0 1.0285145655105852
---END---
---START---
00000054
PARAMETERS 
19
-0.35832623543
-1.41574592342
-5.18452809474
-0.0390158448276
0.376639344447
-0.671974950879
0.329128461389
-1.1137731268
-0.754773765191
-0.925877595346
-0.348528887657
0.521395264787
-0.679568208342
11.8523659382
0.242257028156
0.00752464212906
-0.670617393447
0.257262748609
0.0287831995486
RSS 5674.6334172073675
BP MaxDensity 0.09151461832057538
EFS MaxDensity 0.08759232396262624
a0 4.049549034439699
e0 -4.042660871464742
b0 1.0285150809742898
---END---
---START---
00000055
PARAMETERS 
19
-0.358326327028
-1.41574587109
-5.18452789306
-0.0390156431835
0.376639186512
-0.671974990738
0.329128425303
-1.11377314756
-0.754773760817
-0.925877639514
-0.348528815059
0.521395285697
-0.679568234378
11.8523658768
0.242256994605
0.00752458246465
-0.670617027515
0.257262713513
0.0287831973873
RSS 5674.638052174689
BP MaxDensity 0.09151461832057538
EFS MaxDensity 0.08759232396262624
a0 4.049548876240436
e0 -4.042660754778802
b0 1.0285170173441147
---END---
---START---
00000056
PARAMETERS 
19
-0.358326179734
-1.41574591981
-5.18452819138
-0.039015801539
0.376639298099
-0.671974961486
0.329128443071
-1.11377310779
-0.754773804699
-0.925877625923
-0.348528885521
0.52139525567
-0.679568246484
11.8523662698
0.242257053704
0.00752468276344
-0.670617469516
0.257262729836
0.0287831990153
RSS 5674.64315294588
BP MaxDensity 0.09151461832057538
EFS MaxDensity 0.08759232396262624
a0 4.0495488473398495
e0 -4.04266198256818
b0 1.0285175951388932
---END---
---START---
00000057
PARAMETERS 
19
-0.358326200607
-1.4157459655
-5.18452815823
-0.0390157759942
0.376639288656
-0.671974977304
0.329128458398
-1.11377308799
-0.754773813333
-0.925877621386
-0.348528882603
0.521395240848
-0.679568259456
11.8523661413
0.242257073896
0.00752468015447
-0.670617493884
0.257262727759
0.028783200393
RSS 5674.646906722259
BP MaxDensity 0.09151461832057538
EFS MaxDensity 0.08759232396262624
a0 4.049548822191825
e0 -4.042662302812293
b0 1.0285176743950795
---END---
---START---
00000058
PARAMETERS 
19
-0.358326225676
-1.41574593257
-5.18452820905
-0.0390157399104
0.37663925421
-0.671974973764
0.329128458747
-1.11377310273
-0.754773793213
-0.925877628728
-0.348528896851
0.521395234767
-0.67956826762
11.8523663014
0.242257055923
0.00752466734031
-0.670617410441
0.257262724618
0.0287832011925
RSS 5674.647139253557
BP MaxDensity 0.09151461832057538
EFS MaxDensity 0.08759232396262624
a0 4.049548650184438
e0 -4.0426624222605945
b0 1.028518619699941
---END---
---START---
00000059
PARAMETERS 
19
-0.358326443665
-1.4157463587
-5.18452850175
-0.0390159870899
0.376638966304
-0.67197513085
0.329128589759
-1.11377294454
-0.754773953962
-0.925877530854
-0.348529011006
0.521395144864
-0.679568411666
11.8523671238
0.242256994744
0.00752456447909
-0.670616957366
0.25726269261
0.0287832056437
RSS 5674.668226547879
BP MaxDensity 0.09151461832057538
EFS MaxDensity 0.08759232396262624
a0 4.049546849308827
e0 -4.042663909520941
b0 1.0285196098018932
---END---
---START---
00000060
PARAMETERS 
19
-0.358326438625
-1.41574636162
-5.18452854726
-0.0390159291681
0.376638947427
-0.671975139523
0.329128579331
-1.11377292434
-0.754773955899
-0.925877512758
-0.348528991278
0.521395146149
-0.679568414199
11.8523669391
0.242256981125
0.00752456748555
-0.67061704899
0.25726269005
0.0287832056062
RSS 5674.670618900263
BP MaxDensity 0.09151461832057538
EFS MaxDensity 0.08759232396262624
a0 4.04954673364583
e0 -4.042664035396333
b0 1.0285207868868527
---END---
---START---
00000061
PARAMETERS 
19
-0.358326455389
-1.41574641938
-5.18452857772
-0.0390159091871
0.376638957499
-0.67197514208
0.329128582406
-1.11377292662
-0.754773952236
-0.925877531821
-0.348528993408
0.521395154159
-0.679568406203
11.8523669049
0.24225697499
0.00752456189543
-0.670617109431
0.257262691559
0.0287832041936
RSS 5674.670890371636
BP MaxDensity 0.09151461832057538
EFS MaxDensity 0.08759232396262624
a0 4.049546797268226
e0 -4.042663934819167
b0 1.0285207167873547
---END---
---START---
00000062
PARAMETERS 
19
-0.358326448565
-1.41574631008
-5.18452849463
-0.0390159086219
0.376638937393
-0.671975121605
0.329128584158
-1.11377291005
-0.754773965128
-0.925877501605
-0.34852899103
0.521395135248
-0.679568404871
11.8523668237
0.242256972821
0.00752458135461
-0.670617010066
0.257262688556
0.0287832037201
RSS 5674.671151884477
BP MaxDensity 0.09151461832057538
EFS MaxDensity 0.08759232396262624
a0 4.049546640298269
e0 -4.0426641462956105
b0 1.0285216997132012
---END---
---START---
00000063
PARAMETERS 
19
-0.358326396476
-1.41574640894
-5.18452851518
-0.0390157323797
0.376638951713
-0.671975083199
0.329128508451
-1.11377294345
-0.754774022646
-0.925877527046
-0.348529054956
0.521395082456
-0.679568464718
11.8523669775
0.242256894215
0.00752451870474
-0.670616998291
0.257262673282
0.0287832073353
RSS 5674.676690681603
BP MaxDensity 0.09151461832057538
EFS MaxDensity 0.08759232396262624
a0 4.049545937728489
e0 -4.042664355051022
b0 1.0285229105623173
---END---
---START---
00000064
PARAMETERS 
19
-0.335481316079
-1.41749926142
-5.18452789579
-0.0390174230467
0.376639750169
-0.671975003706
0.32912844375
-1.11377304307
-0.754773743254
-0.925877545918
-0.348529467646
0.521395246914
-0.679568172154
11.8523643162
0.24225735878
0.00752608328967
-0.670618057588
0.257262741894
0.0287831998679
RSS 5674.681386939293
BP MaxDensity 0.09151461832057538
EFS MaxDensity 0.08759232396262624
a0 4.0495514181309815
e0 -4.042675741029229
b0 1.0285257257089975
---END---
---START---
00000065
PARAMETERS 
19
-0.358326221571
-1.41574607738
-5.18452809346
-0.0390160561662
0.37663900205
-0.671974959601
0.329128539384
-1.11377289688
-0.754773986151
-0.925877608845
-0.348529087164
0.521395133972
-0.679568620643
11.8523666909
0.242256821155
0.00752465250861
-0.670617517395
0.257262592192
0.0287832002561
RSS 5674.685430454602
BP MaxDensity 0.09151461832057538
EFS MaxDensity 0.08759232396262624
a0 4.049546073005485
e0 -4.042665874581665
b0 1.0285212278526263
---END---
---START---
00000066
PARAMETERS 
19
-0.358326198855
-1.41574612704
-5.18452803225
-0.0390160785706
0.376638967897
-0.671974950864
0.329128549843
-1.1137729141
-0.754773986861
-0.925877611793
-0.348529097895
0.521395138918
-0.679568609235
11.8523667777
0.242256810917
0.00752463473273
-0.670617611767
0.257262601574
0.0287832005891
RSS 5674.685844616215
BP MaxDensity 0.09151461832057538
EFS MaxDensity 0.08759232396262624
a0 4.0495459448632625
e0 -4.04266569037707
b0 1.0285210958212063
---END---
---START---
00000067
PARAMETERS 
19
-0.358326198549
-1.4157461317
-5.18452809831
-0.0390160654348
0.376639002677
-0.671974968816
0.329128530993
-1.11377287893
-0.754774002824
-0.925877599545
-0.348529104014
0.521395136808
-0.679568633328
11.8523664981
0.242256840295
0.00752465458343
-0.670617497254
0.257262583907
0.028783199845
RSS 5674.687024632519
BP MaxDensity 0.09151461832057538
EFS MaxDensity 0.08759232396262624
a0 4.049545895022886
e0 -4.042665900402201
b0 1.0285215309286988
---END---
---START---
00000068
PARAMETERS 
19
-0.358326249693
-1.41574606592
-5.18452814654
-0.0390160072981
0.376638976186
-0.671974970956
0.32912852611
-1.11377290317
-0.754773985233
-0.925877611476
-0.34852908651
0.52139514353
-0.679568608852
11.8523665534
0.242256822597
0.00752466039011
-0.670617512114
0.257262591319
0.0287831983542
RSS 5674.687745725668
BP MaxDensity 0.09151461832057538
EFS MaxDensity 0.08759232396262624
a0 4.049545988558999
e0 -4.042665954027728
b0 1.0285225706974486
---END---
---START---
00000069
PARAMETERS 
19
-0.358326326062
-1.41574597853
-5.1845279335
-0.0390159813602
0.376638813341
-0.671974908637
0.329128610899
-1.11377287908
-0.754773958405
-0.925877558323
-0.348529124608
0.521395103239
-0.679568686118
11.8523669129
0.242256871596
0.00752468458392
-0.670617744418
0.257262562385
0.0287831955238
RSS 5674.700954797437
BP MaxDensity 0.09151461832057538
EFS MaxDensity 0.08759232396262624
a0 4.04954496275529
e0 -4.042667473257742
b0 1.0285270046944988
---END---
---START---
00000070
PARAMETERS 
19
-0.358326325502
-1.4157459174
-5.18452798287
-0.0390160007653
0.376638764794
-0.671974903492
0.329128622596
-1.1137728948
-0.754773962962
-0.925877578221
-0.348529122876
0.521395089766
-0.67956869518
11.8523669943
0.242256857064
0.00752469090392
-0.670617799512
0.257262554099
0.0287831964297
RSS 5674.704752229172
BP MaxDensity 0.09151461832057538
EFS MaxDensity 0.08759232396262624
a0 4.049544924535393
e0 -4.042668004712071
b0 1.0285276454638828
---END---
---START---
00000071
PARAMETERS 
19
-0.358326322615
-1.41574591922
-5.18452798303
-0.039016002439
0.37663872557
-0.671974900287
0.329128637529
-1.113772891
-0.75477396616
-0.925877578338
-0.348529124653
0.521395084585
-0.67956868797
11.852367146
0.242256877142
0.00752467518007
-0.670617775724
0.257262561354
0.0287831966956
RSS 5674.705692525756
BP MaxDensity 0.09151461832057538
EFS MaxDensity 0.08759232396262624
a0 4.0495447910186515
e0 -4.042667953535778
b0 1.028528055362801
---END---
---START---
00000072
PARAMETERS 
19
-0.358326186082
-1.41574672321
-5.18452903663
-0.0390167926689
0.376638062225
-0.671974890055
0.329128794889
-1.1137728368
-0.754773922004
-0.925877342038
-0.348529201457
0.521395293644
-0.679568748296
11.8523647231
0.242256736125
0.00752457584382
-0.670616624401
0.257262737248
0.0287832185656
RSS 5674.706303187541
BP MaxDensity 0.09151461832057538
EFS MaxDensity 0.08759232396262624
a0 4.049541543912689
e0 -4.042665218069549
b0 1.0285350348619522
---END---
---START---
00000073
PARAMETERS 
19
-0.358326370125
-1.41574588823
-5.18452788826
-0.0390159456292
0.376638721455
-0.67197492218
0.329128654462
-1.11377292518
-0.754773931103
-0.925877584221
-0.348529156897
0.521395074665
-0.679568687592
11.8523667718
0.24225684619
0.00752465966457
-0.670617948598
0.257262569414
0.0287831962464
RSS 5674.706690766533
BP MaxDensity 0.09151461832057538
EFS MaxDensity 0.08759232396262624
a0 4.049544795588418
e0 -4.042668242893607
b0 1.0285276693525507
---END---
---START---
00000074
PARAMETERS 
19
-0.358326362644
-1.41574587171
-5.18452787709
-0.0390159855152
0.376638701385
-0.671974907419
0.329128661191
-1.11377292466
-0.754773912326
-0.925877592607
-0.348529166462
0.52139507452
-0.679568693082
11.8523666555
0.242256844721
0.00752465425634
-0.670617985987
0.257262570816
0.0287831966148
RSS 5674.707692045914
BP MaxDensity 0.09151461832057538
EFS MaxDensity 0.08759232396262624
a0 4.049544714274883
e0 -4.042668256042417
b0 1.028527732697683
---END---
---START---
00000075
PARAMETERS 
19
-0.358326322648
-1.41574581476
-5.18452786911
-0.0390159658945
0.376638655307
-0.671974884742
0.32912866133
-1.11377294433
-0.754773914422
-0.925877622676
-0.348529149223
0.521395105161
-0.679568707977
11.8523671712
0.242256846611
0.00752466914879
-0.670617812384
0.25726258758
0.0287831978234
RSS 5674.708834416091
BP MaxDensity 0.09151461832057538
EFS MaxDensity 0.08759232396262624
a0 4.049544656539325
e0 -4.042668243751225
b0 1.0285290358191879
---END---
---START---
00000076
PARAMETERS 
19
-0.358326386493
-1.41574588675
-5.18452792802
-0.039015960744
0.376638664921
-0.671974914428
0.329128636901
-1.11377290719
-0.754773936856
-0.925877569043
-0.348529145725
0.521395074934
-0.679568683089
11.8523669761
0.242256841877
0.00752465864355
-0.670617976946
0.257262575327
0.028783197386
RSS 5674.709747117577
BP MaxDensity 0.09151461832057538
EFS MaxDensity 0.08759232396262624
a0 4.049544537303955
e0 -4.042668246762133
b0 1.0285290820932471
---END---
---START---
00000077
PARAMETERS 
19
-0.358326312366
-1.41574600969
-5.18452787276
-0.039015894952
0.376638689141
-0.671974956457
0.329128681975
-1.11377293198
-0.754773911453
-0.925877543817
-0.348529152788
0.521395038791
-0.679568688046
11.8523665685
0.242256861908
0.00752467870026
-0.670618102537
0.257262576778
0.0287831985836
RSS 5674.710150185723
BP MaxDensity 0.09151461832057538
EFS MaxDensity 0.08759232396262624
a0 4.049544753900194
e0 -4.042669125656748
b0 1.0285288988399455
---END---
---START---
00000078
PARAMETERS 
19
-0.358326283678
-1.41574600994
-5.18452784007
-0.0390159103641
0.37663867901
-0.671974957385
0.329128690805
-1.11377291621
-0.754773905361
-0.92587754028
-0.348529168299
0.521395047579
-0.679568671804
11.8523666626
0.242256865263
0.0075246830245
-0.670618202594
0.257262569109
0.0287831986165
RSS 5674.710206167933
BP MaxDensity 0.09151461832057538
EFS MaxDensity 0.08759232396262624
a0 4.049544694753486
e0 -4.0426690729185335
b0 1.0285290147392814
---END---
---START---
00000079
PARAMETERS 
19
-0.358326293255
-1.41574595626
-5.18452789163
-0.0390158495652
0.376638733543
-0.67197495902
0.329128700147
-1.11377290425
-0.754773907297
-0.925877535488
-0.348529188167
0.521395041333
-0.679568675086
11.8523667595
0.242256849083
0.00752469103245
-0.670618275564
0.257262577353
0.0287831980087
RSS 5674.7102874226985
BP MaxDensity 0.09151461832057538
EFS MaxDensity 0.08759232396262624
a0 4.049544677440593
e0 -4.042669168086271
b0 1.028529298781145
---END---
---START---
00000080
PARAMETERS 
19
-0.358326254799
-1.41574594048
-5.18452795621
-0.0390160101167
0.376638585372
-0.671974956038
0.329128720865
-1.11377294634
-0.75477389849
-0.925877543852
-0.348529197018
0.521395076437
-0.679568659937
11.8523666731
0.242256892688
0.00752467722176
-0.67061805691
0.257262553784
0.0287831954431
RSS 5674.710998332522
BP MaxDensity 0.09151461832057538
EFS MaxDensity 0.08759232396262624
a0 4.049544385585084
e0 -4.042668874123852
b0 1.028529943946192
---END---
---START---
00000081
PARAMETERS 
19
-0.358326282453
-1.41574601428
-5.18452779253
-0.0390159109765
0.376638627727
-0.671974947661
0.329128686474
-1.11377293577
-0.754773917948
-0.925877531807
-0.34852915472
0.521395057011
-0.679568652291
11.8523668327
0.242256853859
0.00752469954273
-0.67061817037
0.257262569356
0.0287832000419
RSS 5674.711550358345
BP MaxDensity 0.09151461832057538
EFS MaxDensity 0.08759232396262624
a0 4.049544600676277
e0 -4.042669089958771
b0 1.0285302156546876
---END---
---START---
00000082
PARAMETERS 
19
-0.358326333021
-1.41574597529
-5.18452788829
-0.0390158435037
0.376638678302
-0.671974958204
0.329128664928
-1.11377292043
-0.754773896684
-0.925877532591
-0.34852913623
0.521395044495
-0.679568675685
11.8523666639
0.242256860215
0.00752469744852
-0.670618181719
0.25726257473
0.0287832003769
RSS 5674.711967848676
BP MaxDensity 0.09151461832057538
EFS MaxDensity 0.08759232396262624
a0 4.049544746610519
e0 -4.042669261006932
b0 1.0285302083556467
---END---
---START---
00000083
PARAMETERS 
19
-0.358326320719
-1.41574596965
-5.1845278297
-0.0390158634316
0.376638646078
-0.67197496667
0.329128678144
-1.11377292683
-0.754773925625
-0.925877543183
-0.348529141964
0.521395029745
-0.679568706721
11.8523667636
0.24225685445
0.00752466908877
-0.670618045774
0.257262574453
0.0287831995331
RSS 5674.714014730541
BP MaxDensity 0.09151461832057538
EFS MaxDensity 0.08759232396262624
a0 4.0495445945289745
e0 -4.04266934391381
b0 1.0285296488594726
---END---
---START---
00000084
PARAMETERS 
19
-0.358326297846
-1.41574598093
-5.18452790532
-0.0390159346621
0.376638627868
-0.671974965226
0.329128688611
-1.1137729367
-0.754773914962
-0.925877544785
-0.34852917294
0.521395037158
-0.679568682171
11.8523665755
0.242256855107
0.00752469598212
-0.670618159184
0.257262582251
0.0287831985363
RSS 5674.714229696506
BP MaxDensity 0.09151461832057538
EFS MaxDensity 0.08759232396262624
a0 4.0495445803273205
e0 -4.042669581394113
b0 1.0285300183225576
---END---
---START---
00000085
PARAMETERS 
19
-0.35832626262
-1.41574599023
-5.18452785667
-0.0390158768814
0.376638643467
-0.671974969745
0.329128705222
-1.11377290261
-0.754773907604
-0.925877557815
-0.348529187754
0.521395044275
-0.679568655896
11.8523666225
0.242256877209
0.00752469469126
-0.670618131581
0.257262576742
0.0287831984709
RSS 5674.7148856999775
BP MaxDensity 0.09151461832057538
EFS MaxDensity 0.08759232396262624
a0 4.049544601105495
e0 -4.04266936897073
b0 1.0285304429654174
---END---
---START---
00000086
PARAMETERS 
19
-0.358326302327
-1.41574604113
-5.18452784436
-0.0390158083121
0.376638690402
-0.671974994799
0.329128709856
-1.11377288048
-0.754773892373
-0.925877587069
-0.348529189992
0.521395010926
-0.679568625919
11.8523666614
0.242256892417
0.00752472547331
-0.670618323057
0.257262582106
0.0287831977696
RSS 5674.717998933577
BP MaxDensity 0.09151461832057538
EFS MaxDensity 0.08759232396262624
a0 4.049545045276365
e0 -4.042670149768446
b0 1.0285303590203396
---END---
---START---
00000087
PARAMETERS 
19
-0.358326306625
-1.41574600713
-5.18452778512
-0.0390158088958
0.376638631046
-0.671975001188
0.329128725872
-1.11377289704
-0.754773880762
-0.925877600508
-0.348529191234
0.521395017123
-0.679568642341
11.8523666341
0.242256877314
0.00752472436259
-0.670618337419
0.257262579994
0.0287831972867
RSS 5674.720273702726
BP MaxDensity 0.09151461832057538
EFS MaxDensity 0.08759232396262624
a0 4.049544960165866
e0 -4.0426704751955995
b0 1.028530821289378
---END---
---START---
00000088
PARAMETERS 
19
-0.358326292796
-1.41574602885
-5.18452786427
-0.039015749882
0.376638677391
-0.671974997234
0.329128721067
-1.11377287425
-0.754773908575
-0.92587759805
-0.348529169703
0.521394991618
-0.679568631648
11.8523667146
0.242256872593
0.00752474090738
-0.67061835291
0.257262587183
0.0287831965315
RSS 5674.721141844517
BP MaxDensity 0.09151461832057538
EFS MaxDensity 0.08759232396262624
a0 4.049545121087062
e0 -4.042670708302602
b0 1.0285312382987377
---END---
---START---
00000089
PARAMETERS 
19
-0.358326299947
-1.4157460562
-5.18452785478
-0.0390157569049
0.376638679345
-0.671975017121
0.329128706077
-1.11377287756
-0.754773902387
-0.925877606387
-0.348529150068
0.521394973652
-0.679568641493
11.8523667499
0.242256854035
0.00752473121405
-0.670618325826
0.257262595478
0.0287831954018
RSS 5674.721735193857
BP MaxDensity 0.09151461832057538
EFS MaxDensity 0.08759232396262624
a0 4.049545323250434
e0 -4.042670911660854
b0 1.0285303412865634
---END---
---START---
00000090
PARAMETERS 
19
-0.358326319945
-1.41574604864
-5.18452783537
-0.0390157771877
0.376638635521
-0.671975015587
0.32912869238
-1.11377288614
-0.754773885045
-0.925877603777
-0.348529156817
0.521394958471
-0.679568635542
11.8523666972
0.24225683513
0.00752473731101
-0.670618305611
0.257262599232
0.0287831970082
RSS 5674.723115732096
BP MaxDensity 0.09151461832057538
EFS MaxDensity 0.08759232396262624
a0 4.049545278725612
e0 -4.042671245750618
b0 1.0285308257620378
---END---
---START---
00000091
PARAMETERS 
19
-0.358326285174
-1.41574603888
-5.18452786129
-0.0390156996834
0.376638659898
-0.671975007473
0.329128704475
-1.11377288266
-0.754773905672
-0.925877609464
-0.348529137566
0.521394973841
-0.679568660238
11.8523667522
0.242256871192
0.00752474282714
-0.670618411853
0.25726259832
0.0287831939262
RSS 5674.724458187093
BP MaxDensity 0.09151461832057538
EFS MaxDensity 0.08759232396262624
a0 4.049545211883755
e0 -4.042671268054017
b0 1.0285316667203375
---END---
---START---
00000092
PARAMETERS 
19
-0.35832626211
-1.41574606587
-5.1845278875
-0.0390157487874
0.376638657459
-0.671975021389
0.329128707724
-1.11377289764
-0.754773924752
-0.925877623829
-0.348529122502
0.521394956755
-0.679568654009
11.8523665731
0.242256881876
0.0075247592808
-0.670618455602
0.257262602356
0.0287831949847
RSS 5674.726452334365
BP MaxDensity 0.09151461832057538
EFS MaxDensity 0.08759232396262624
a0 4.049545441867065
e0 -4.042671688204374
b0 1.028531213151776
---END---
---START---
00000093
PARAMETERS 
19
-0.358326301691
-1.41574607729
-5.18452788257
-0.0390156951272
0.376638667602
-0.67197500673
0.329128686059
-1.11377286619
-0.754773908627
-0.925877605604
-0.348529147072
0.521394956213
-0.67956864734
11.852366854
0.242256883018
0.00752475258942
-0.670618442569
0.257262600545
0.0287831947402
RSS 5674.7265647075865
BP MaxDensity 0.09151461832057538
EFS MaxDensity 0.08759232396262624
a0 4.049545191497511
e0 -4.042671457247997
b0 1.0285321584053628
---END---
---START---
00000094
PARAMETERS 
19
-0.358326611881
-1.41574522628
-5.18452854839
-0.0390153405247
0.376638187719
-0.671975165018
0.329128927859
-1.11377320849
-0.754774199356
-0.925877457306
-0.348528913146
0.521395073124
-0.679568399915
11.8523641299
0.242257084958
0.007524687702
-0.67061885787
0.257262618481
0.0287832214994
RSS 5674.7271534594465
BP MaxDensity 0.09151461832057538
EFS MaxDensity 0.08759232396262624
a0 4.049544150543834
e0 -4.0426700635445165
b0 1.0285429600841467
---END---
---START---
00000095
PARAMETERS 
19
-0.358326263104
-1.41574602602
-5.18452787255
-0.0390155961507
0.37663855512
-0.671974971989
0.32912871515
-1.11377285782
-0.754773930894
-0.925877572136
-0.348529130052
0.521394944898
-0.679568630417
11.8523668671
0.24225685525
0.0075247557427
-0.67061824468
0.25726261269
0.0287831941254
RSS 5674.731226215464
BP MaxDensity 0.09151461832057538
EFS MaxDensity 0.08759232396262624
a0 4.04954468101009
e0 -4.042671574490255
b0 1.0285357672159374
---END---
---START---
00000096
PARAMETERS 
19
-0.358326264902
-1.41574602526
-5.18452784031
-0.0390155735108
0.376638494742
-0.671974975623
0.329128711611
-1.11377286399
-0.75477393455
-0.925877560141
-0.34852914898
0.521394948723
-0.679568632216
11.8523667067
0.242256849196
0.00752477219094
-0.670618149668
0.257262620738
0.0287831956126
RSS 5674.733386460871
BP MaxDensity 0.09151461832057538
EFS MaxDensity 0.08759232396262624
a0 4.049544377260781
e0 -4.042671864517839
b0 1.0285376560571484
---END---
---START---
00000097
PARAMETERS 
19
-0.358326291291
-1.41574605011
-5.18452784234
-0.0390156051091
0.376638502685
-0.671974955838
0.329128705255
-1.11377285896
-0.754773944846
-0.925877560826
-0.34852912943
0.521394945882
-0.679568638465
11.852366899
0.242256833569
0.00752478777106
-0.670618243279
0.257262626422
0.0287831954683
RSS 5674.73435986934
BP MaxDensity 0.09151461832057538
EFS MaxDensity 0.08759232396262624
a0 4.049544447713008
e0 -4.042671996545594
b0 1.0285375942282369
---END---
---START---
00000098
PARAMETERS 
19
-0.358326272951
-1.41574599927
-5.18452781329
-0.0390155737644
0.376638502148
-0.67197495034
0.329128720877
-1.11377283954
-0.754773934027
-0.925877550351
-0.348529135538
0.521394956138
-0.679568620232
11.8523669105
0.242256852435
0.00752479440674
-0.67061828323
0.257262624502
0.0287831939811
RSS 5674.735225929999
BP MaxDensity 0.09151461832057538
EFS MaxDensity 0.08759232396262624
a0 4.049544357428992
e0 -4.042671835303051
b0 1.028538455779495
---END---
---START---
00000099
PARAMETERS 
19
-0.358326267363
-1.41574602095
-5.18452786665
-0.0390155772586
0.376638478472
-0.671974958167
0.329128704275
-1.11377285918
-0.754773941674
-0.925877580141
-0.348529129274
0.521394933407
-0.679568642959
11.8523670547
0.242256817732
0.00752478149589
-0.670618167454
0.257262620063
0.0287831957629
RSS 5674.737718586426
BP MaxDensity 0.09151461832057538
EFS MaxDensity 0.08759232396262624
a0 4.049544412728919
e0 -4.042672210129806
b0 1.0285382636623375
---END---
---START---
00000100
PARAMETERS 
19
-0.367999840883
-1.4173145964
-5.18452820905
-0.0390157399104
0.37663925421
-0.671974973764
0.329128458747
-1.11377310273
-0.754779184564
-0.925877628728
-0.348528896851
0.521395234767
-0.67956826762
11.8523663014
0.242257055923
0.00752466734031
-0.670617410441
0.257262786007
0.0287832011925
RSS 5674.742357969269
BP MaxDensity 0.09151461832057538
EFS MaxDensity 0.08759232396262624
a0 4.049536989488831
e0 -4.042656249012575
b0 1.0285368748199433
---END---
