########################
# 00000001
########################
RSS 23327.12642268739
BP 0:
a0:   3.5809e+00   e0:  -4.2546e+00   b0:   2.7472e+02   
P: 
  1.9592e+02   1.7517e+01   2.6136e+00   6.1710e+00  -6.8157e+00 
 -3.7848e+00   2.4158e+00   1.7997e+00   6.5516e-01   1.6258e+00 
 -6.4164e-01  -2.2359e-01  -1.3307e-01   9.5646e-02  -7.2871e-03 
 -1.9494e+00   3.0356e+01   2.4336e+01   3.4958e+01   1.6230e+01 
  1.7858e+01   7.6644e+00   1.2400e+00   4.4252e-01   1.0904e-01 
  2.0054e-02   2.2962e-03   2.5583e-03   1.0877e-03   7.9882e-05 
  4.1882e-05   4.4069e-05   2.6414e-06   1.1025e-06   6.3515e-07 
  3.8751e-07   2.2807e-07   1.2762e-07   6.8033e-08   3.4710e-08 
 -6.9975e-02   1.0511e-03 

########################
# 00000002
########################
RSS 25580.54585698284
BP 0:
a0:   3.2395e+00   e0:  -4.7052e+00   b0:   2.0528e+02   
P: 
  1.9592e+02   1.7517e+01   1.4927e+00   6.4129e+00  -6.8157e+00 
 -3.7848e+00   7.5347e+00   1.7997e+00  -1.4789e+00   1.6258e+00 
 -6.4164e-01  -3.3969e-01  -1.8892e-01   1.2706e-01   3.0721e-03 
 -1.9494e+00   3.0356e+01   2.4336e+01   3.4958e+01   1.6230e+01 
  1.7858e+01   7.6644e+00   1.2400e+00   4.4252e-01   1.0904e-01 
  2.0054e-02   2.2962e-03   2.5583e-03   1.0877e-03   7.9882e-05 
  4.1882e-05   4.4069e-05   2.6414e-06   1.1025e-06   6.3515e-07 
  3.8751e-07   2.2807e-07   1.2762e-07   6.8033e-08   3.4710e-08 
 -7.0123e-02   1.0538e-03 

########################
# 00000003
########################
RSS 28823.588395151626
BP 0:
a0:   3.2496e+00   e0:  -4.5643e+00   b0:   2.4333e+02   
P: 
  1.9592e+02   1.7517e+01   2.8690e+00   1.5194e+01  -6.8157e+00 
 -3.7848e+00   1.1081e+01   1.7997e+00  -3.3006e+00   1.6258e+00 
 -6.4164e-01  -3.1606e-02  -2.2211e-01   9.9539e-02  -5.2170e-04 
 -1.9494e+00   3.0356e+01   2.4336e+01   3.4958e+01   1.6230e+01 
  1.7858e+01   7.6644e+00   1.2400e+00   4.4252e-01   1.0904e-01 
  2.0054e-02   2.2962e-03   2.5583e-03   1.0877e-03   7.9882e-05 
  4.1882e-05   4.4069e-05   2.6414e-06   1.1025e-06   6.3515e-07 
  3.8751e-07   2.2807e-07   1.2762e-07   6.8033e-08   3.4710e-08 
 -7.0580e-02   1.0631e-03 

########################
# 00000004
########################
RSS 35002.60003383353
BP 0:
a0:   3.3669e+00   e0:  -4.5893e+00   b0:   2.6313e+02   
P: 
  1.9592e+02   1.7517e+01   3.5987e+00   1.4013e+01  -6.8157e+00 
 -3.7848e+00   4.2338e+00   1.7997e+00   2.2646e-01   1.6258e+00 
 -6.4164e-01  -5.5608e-01  -1.1586e-01   1.4983e-01  -6.3248e-03 
 -1.9494e+00   3.0356e+01   2.4336e+01   3.4958e+01   1.6230e+01 
  1.7858e+01   7.6644e+00   1.2400e+00   4.4252e-01   1.0904e-01 
  2.0054e-02   2.2962e-03   2.5583e-03   1.0877e-03   7.9882e-05 
  4.1882e-05   4.4069e-05   2.6414e-06   1.1025e-06   6.3515e-07 
  3.8751e-07   2.2807e-07   1.2762e-07   6.8033e-08   3.4710e-08 
 -6.9981e-02   1.0524e-03 

########################
# 00000005
########################
RSS 39034.37223721744
BP 0:
a0:   3.4898e+00   e0:  -4.5964e+00   b0:   3.3788e+02   
P: 
  1.9592e+02   1.7517e+01   1.4927e+00   6.4129e+00  -6.8157e+00 
 -6.2360e+00   7.8903e+00   1.7997e+00  -1.4789e+00   2.1739e+00 
 -6.4164e-01  -2.9496e-01  -1.6460e-01   1.2685e-01  -1.0840e-02 
 -1.9494e+00   3.0356e+01   2.4336e+01   3.4958e+01   1.6230e+01 
  1.7858e+01   7.6644e+00   1.2400e+00   4.4252e-01   1.0904e-01 
  2.0054e-02   2.2962e-03   2.5583e-03   1.0877e-03   7.9882e-05 
  4.1882e-05   4.4069e-05   2.6414e-06   1.1025e-06   6.3515e-07 
  3.8751e-07   2.2807e-07   1.2762e-07   6.8033e-08   3.4710e-08 
 -6.9786e-02   1.0624e-03 

########################
# 00000006
########################
RSS 39537.48344407044
BP 0:
a0:   3.6198e+00   e0:  -4.8042e+00   b0:   4.4969e+02   
P: 
  1.9592e+02   1.7517e+01   2.7066e+00   7.6424e-01  -6.8157e+00 
 -3.7848e+00   3.5635e+00   1.7997e+00   6.5286e-01   1.6258e+00 
 -6.4164e-01  -3.9614e-02  -1.7922e-01   8.7433e-02  -1.1750e-02 
 -1.9494e+00   3.0356e+01   2.4336e+01   3.4958e+01   1.6230e+01 
  1.7858e+01   7.6644e+00   1.2400e+00   4.4252e-01   1.0904e-01 
  2.0054e-02   2.2962e-03   2.5583e-03   1.0877e-03   7.9882e-05 
  4.1882e-05   4.4069e-05   2.6414e-06   1.1025e-06   6.3515e-07 
  3.8751e-07   2.2807e-07   1.2762e-07   6.8033e-08   3.4710e-08 
 -7.0574e-02   1.0600e-03 

########################
# 00000007
########################
RSS 48592.00348557283
BP 0:
a0:   3.5257e+00   e0:  -4.0062e+00   b0:   2.4209e+02   
P: 
  1.9592e+02   1.7517e+01   3.1841e-01  -1.7444e+00  -6.8157e+00 
 -3.7848e+00   3.6891e+00   1.7997e+00   2.0724e-01   1.6258e+00 
 -6.4164e-01  -1.4590e-01  -2.7100e-01   1.1001e-01   7.5431e-03 
 -1.9494e+00   3.0356e+01   2.4336e+01   3.4958e+01   1.6230e+01 
  1.7858e+01   7.6644e+00   1.2400e+00   4.4252e-01   1.0904e-01 
  2.0054e-02   2.2962e-03   2.5583e-03   1.0877e-03   7.9882e-05 
  4.1882e-05   4.4069e-05   2.6414e-06   1.1025e-06   6.3515e-07 
  3.8751e-07   2.2807e-07   1.2762e-07   6.8033e-08   3.4710e-08 
 -7.0120e-02   1.0543e-03 

########################
# 00000008
########################
RSS 52438.394397342636
BP 0:
a0:   3.2988e+00   e0:  -4.8506e+00   b0:   2.9973e+02   
P: 
  1.9592e+02   1.7517e+01   2.4069e+00   1.4860e+01  -6.8157e+00 
 -3.7848e+00   7.4828e+00   1.7997e+00  -1.1912e+00   1.6258e+00 
 -6.4164e-01  -5.5550e-01  -4.9501e-02   1.2839e-01  -7.1331e-03 
 -1.9494e+00   3.0356e+01   2.4336e+01   3.4958e+01   1.6230e+01 
  1.7858e+01   7.6644e+00   1.2400e+00   4.4252e-01   1.0904e-01 
  2.0054e-02   2.2962e-03   2.5583e-03   1.0877e-03   7.9882e-05 
  4.1882e-05   4.4069e-05   2.6414e-06   1.1025e-06   6.3515e-07 
  3.8751e-07   2.2807e-07   1.2762e-07   6.8033e-08   3.4710e-08 
 -6.9922e-02   1.0539e-03 

########################
# 00000009
########################
RSS 75151.77894849569
BP 0:
a0:   3.4435e+00   e0:  -4.6630e+00   b0:   5.1591e+02   
P: 
  1.9592e+02   1.7517e+01   1.3844e+00   1.3287e+00  -6.8157e+00 
 -3.7848e+00   8.1705e+00   1.7997e+00  -7.4600e-01   1.6258e+00 
 -6.4164e-01  -3.8031e-01  -1.7038e-01   1.3738e-01  -4.1667e-03 
 -1.9494e+00   3.0356e+01   2.4336e+01   3.4958e+01   1.6230e+01 
  1.7858e+01   7.6644e+00   1.2400e+00   4.4252e-01   1.0904e-01 
  2.0054e-02   2.2962e-03   2.5583e-03   1.0877e-03   7.9882e-05 
  4.1882e-05   4.4069e-05   2.6414e-06   1.1025e-06   6.3515e-07 
  3.8751e-07   2.2807e-07   1.2762e-07   6.8033e-08   3.4710e-08 
 -7.0281e-02   1.0476e-03 

########################
# 00000010
########################
RSS 78123.67542719658
BP 0:
a0:   3.7576e+00   e0:  -5.2370e+00   b0:   6.9339e+02   
P: 
  1.9592e+02   1.7517e+01   1.4927e+00   6.4129e+00  -6.8157e+00 
 -1.3470e+01   8.6602e+00   1.7997e+00  -1.4789e+00   4.1427e+00 
 -6.4164e-01  -5.4610e-01  -1.4182e-01   9.9382e-02   1.5269e-03 
 -1.9494e+00   3.0356e+01   2.4336e+01   3.4958e+01   1.6230e+01 
  1.7858e+01   7.6644e+00   1.2400e+00   4.4252e-01   1.0904e-01 
  2.0054e-02   2.2962e-03   2.5583e-03   1.0877e-03   7.9882e-05 
  4.1882e-05   4.4069e-05   2.6414e-06   1.1025e-06   6.3515e-07 
  3.8751e-07   2.2807e-07   1.2762e-07   6.8033e-08   3.4710e-08 
 -6.9484e-02   1.0439e-03 

########################
# 00000011
########################
RSS 80024.42358572366
BP 0:
a0:   3.7393e+00   e0:  -4.3998e+00   b0:   3.5779e+02   
P: 
  1.9592e+02   1.7517e+01   2.0539e+00   8.4256e+00  -6.8157e+00 
 -3.7848e+00   7.3453e-01   1.7997e+00   1.3954e+00   1.6258e+00 
 -6.4164e-01  -8.6546e-02  -1.6940e-01   1.1420e-01  -2.0697e-02 
 -1.9494e+00   3.0356e+01   2.4336e+01   3.4958e+01   1.6230e+01 
  1.7858e+01   7.6644e+00   1.2400e+00   4.4252e-01   1.0904e-01 
  2.0054e-02   2.2962e-03   2.5583e-03   1.0877e-03   7.9882e-05 
  4.1882e-05   4.4069e-05   2.6414e-06   1.1025e-06   6.3515e-07 
  3.8751e-07   2.2807e-07   1.2762e-07   6.8033e-08   3.4710e-08 
 -7.0625e-02   1.0413e-03 

########################
# 00000012
########################
RSS 86647.1566301367
BP 0:
a0:   3.4888e+00   e0:  -4.8002e+00   b0:   4.7245e+02   
P: 
  1.9592e+02   1.7517e+01   2.1941e+00   1.1388e+01  -6.8157e+00 
 -3.7848e+00   5.9657e+00   1.7997e+00  -2.8273e-02   1.6258e+00 
 -6.4164e-01  -3.2119e-01  -1.4635e-01   1.2707e-01  -1.0925e-02 
 -1.9494e+00   3.0356e+01   2.4336e+01   3.4958e+01   1.6230e+01 
  1.7858e+01   7.6644e+00   1.2400e+00   4.4252e-01   1.0904e-01 
  2.0054e-02   2.2962e-03   2.5583e-03   1.0877e-03   7.9882e-05 
  4.1882e-05   4.4069e-05   2.6414e-06   1.1025e-06   6.3515e-07 
  3.8751e-07   2.2807e-07   1.2762e-07   6.8033e-08   3.4710e-08 
 -7.0285e-02   1.0482e-03 

########################
# 00000013
########################
RSS 93762.03898190623
BP 0:
a0:   3.6557e+00   e0:  -5.1637e+00   b0:   5.4878e+02   
P: 
  1.9592e+02   1.7517e+01   1.4927e+00   6.4129e+00  -6.8157e+00 
  1.5357e-01   9.5043e-01   1.7997e+00  -1.4789e+00   3.7033e+00 
 -6.4164e-01  -3.3854e-01  -1.6843e-01   7.8022e-02   1.6626e-03 
 -1.9494e+00   3.0356e+01   2.4336e+01   3.4958e+01   1.6230e+01 
  1.7858e+01   7.6644e+00   1.2400e+00   4.4252e-01   1.0904e-01 
  2.0054e-02   2.2962e-03   2.5583e-03   1.0877e-03   7.9882e-05 
  4.1882e-05   4.4069e-05   2.6414e-06   1.1025e-06   6.3515e-07 
  3.8751e-07   2.2807e-07   1.2762e-07   6.8033e-08   3.4710e-08 
 -6.8950e-02   1.0453e-03 

########################
# 00000014
########################
RSS 101231.28951006103
BP 0:
a0:   3.7038e+00   e0:  -5.0988e+00   b0:   5.9467e+02   
P: 
  1.9592e+02   1.7517e+01   1.4927e+00   6.4129e+00  -6.8157e+00 
  9.2478e+00  -2.3924e+00   1.7997e+00  -1.4789e+00   3.8812e+00 
 -6.4164e-01  -1.4265e-01  -1.6281e-01   5.3251e-02  -5.2301e-03 
 -1.9494e+00   3.0356e+01   2.4336e+01   3.4958e+01   1.6230e+01 
  1.7858e+01   7.6644e+00   1.2400e+00   4.4252e-01   1.0904e-01 
  2.0054e-02   2.2962e-03   2.5583e-03   1.0877e-03   7.9882e-05 
  4.1882e-05   4.4069e-05   2.6414e-06   1.1025e-06   6.3515e-07 
  3.8751e-07   2.2807e-07   1.2762e-07   6.8033e-08   3.4710e-08 
 -6.8752e-02   1.0542e-03 

########################
# 00000015
########################
RSS 131656.1027106349
BP 0:
a0:   3.5255e+00   e0:  -4.0516e+00   b0:   6.9653e+02   
P: 
  1.9592e+02   1.7517e+01   2.1509e+00   4.4890e+00  -6.8157e+00 
 -3.7848e+00   7.2373e+00   1.7997e+00   1.4375e-01   1.6258e+00 
 -6.4164e-01  -3.9667e-01  -1.0762e-01   9.1358e-02   5.0418e-03 
 -1.9494e+00   3.0356e+01   2.4336e+01   3.4958e+01   1.6230e+01 
  1.7858e+01   7.6644e+00   1.2400e+00   4.4252e-01   1.0904e-01 
  2.0054e-02   2.2962e-03   2.5583e-03   1.0877e-03   7.9882e-05 
  4.1882e-05   4.4069e-05   2.6414e-06   1.1025e-06   6.3515e-07 
  3.8751e-07   2.2807e-07   1.2762e-07   6.8033e-08   3.4710e-08 
 -7.0259e-02   1.0460e-03 

########################
# 00000016
########################
RSS 146561.51233625825
BP 0:
a0:   3.5145e+00   e0:  -5.0669e+00   b0:   4.2287e+02   
P: 
  1.9592e+02   1.7517e+01   1.5472e+00   1.0209e+01  -6.8157e+00 
 -3.7848e+00   7.3170e+00   1.7997e+00  -1.1121e+00   1.6258e+00 
 -6.4164e-01   3.6886e-02  -1.4891e-01   6.9868e-02  -1.4002e-02 
 -1.9494e+00   3.0356e+01   2.4336e+01   3.4958e+01   1.6230e+01 
  1.7858e+01   7.6644e+00   1.2400e+00   4.4252e-01   1.0904e-01 
  2.0054e-02   2.2962e-03   2.5583e-03   1.0877e-03   7.9882e-05 
  4.1882e-05   4.4069e-05   2.6414e-06   1.1025e-06   6.3515e-07 
  3.8751e-07   2.2807e-07   1.2762e-07   6.8033e-08   3.4710e-08 
 -6.9392e-02   1.0504e-03 

########################
# 00000017
########################
RSS 150926.95855967078
BP 0:
a0:   3.5861e+00   e0:  -4.8398e+00   b0:   9.2771e+02   
P: 
  1.9592e+02   1.7517e+01   1.4772e+00   1.2749e+01  -6.8157e+00 
 -3.7848e+00   4.7696e+00   1.7997e+00   2.1729e+00   1.6258e+00 
 -6.4164e-01  -4.6004e-01  -6.5126e-02   7.5853e-02   3.1648e-03 
 -1.9494e+00   3.0356e+01   2.4336e+01   3.4958e+01   1.6230e+01 
  1.7858e+01   7.6644e+00   1.2400e+00   4.4252e-01   1.0904e-01 
  2.0054e-02   2.2962e-03   2.5583e-03   1.0877e-03   7.9882e-05 
  4.1882e-05   4.4069e-05   2.6414e-06   1.1025e-06   6.3515e-07 
  3.8751e-07   2.2807e-07   1.2762e-07   6.8033e-08   3.4710e-08 
 -7.0038e-02   1.0521e-03 

########################
# 00000018
########################
RSS 151137.69556633628
BP 0:
a0:   2.7682e+00   e0:  -7.2335e+00   b0:   3.8112e+02   
P: 
  1.9592e+02   1.7517e+01   1.4927e+00   6.4129e+00  -6.8157e+00 
  8.8200e+00   9.0066e-01   1.7997e+00  -1.4789e+00   2.0456e-01 
 -6.4164e-01   1.4165e-03  -2.5017e-01   1.4691e-01  -7.4561e-03 
 -1.9494e+00   3.0356e+01   2.4336e+01   3.4958e+01   1.6230e+01 
  1.7858e+01   7.6644e+00   1.2400e+00   4.4252e-01   1.0904e-01 
  2.0054e-02   2.2962e-03   2.5583e-03   1.0877e-03   7.9882e-05 
  4.1882e-05   4.4069e-05   2.6414e-06   1.1025e-06   6.3515e-07 
  3.8751e-07   2.2807e-07   1.2762e-07   6.8033e-08   3.4710e-08 
 -7.0333e-02   1.0461e-03 

########################
# 00000019
########################
RSS 164370.29321272235
BP 0:
a0:   3.2479e+00   e0:  -5.2659e+00   b0:   1.4714e+02   
P: 
  1.9592e+02   1.7517e+01   2.5313e-01   5.2736e+00  -6.8157e+00 
 -3.7848e+00   5.1649e+00   1.7997e+00  -4.7629e-01   1.6258e+00 
 -6.4164e-01  -2.6041e-01  -2.4321e-01   1.3759e-01  -1.5423e-03 
 -1.9494e+00   3.0356e+01   2.4336e+01   3.4958e+01   1.6230e+01 
  1.7858e+01   7.6644e+00   1.2400e+00   4.4252e-01   1.0904e-01 
  2.0054e-02   2.2962e-03   2.5583e-03   1.0877e-03   7.9882e-05 
  4.1882e-05   4.4069e-05   2.6414e-06   1.1025e-06   6.3515e-07 
  3.8751e-07   2.2807e-07   1.2762e-07   6.8033e-08   3.4710e-08 
 -6.9535e-02   1.0491e-03 

########################
# 00000020
########################
RSS 171398.91273407012
BP 0:
a0:   3.3674e+00   e0:  -3.6586e+00   b0:   1.6002e+02   
P: 
  1.9592e+02   1.7517e+01   2.1537e+00   1.2550e+01  -6.8157e+00 
 -3.7848e+00   3.2494e+00   1.7997e+00   6.4489e-02   1.6258e+00 
 -6.4164e-01  -4.3382e-01  -1.3749e-01   1.2974e-01  -8.0796e-04 
 -1.9494e+00   3.0356e+01   2.4336e+01   3.4958e+01   1.6230e+01 
  1.7858e+01   7.6644e+00   1.2400e+00   4.4252e-01   1.0904e-01 
  2.0054e-02   2.2962e-03   2.5583e-03   1.0877e-03   7.9882e-05 
  4.1882e-05   4.4069e-05   2.6414e-06   1.1025e-06   6.3515e-07 
  3.8751e-07   2.2807e-07   1.2762e-07   6.8033e-08   3.4710e-08 
 -7.0177e-02   1.0435e-03 

########################
# 00000021
########################
RSS 171842.87538031593
BP 0:
a0:   3.5822e+00   e0:  -5.0250e+00   b0:   7.2686e+02   
P: 
  1.9592e+02   1.7517e+01   2.9926e+00   1.0863e+01  -6.8157e+00 
 -3.7848e+00   9.5745e+00   1.7997e+00  -1.0756e-02   1.6258e+00 
 -6.4164e-01  -4.4262e-02  -2.6725e-01   1.0271e-01  -1.4839e-03 
 -1.9494e+00   3.0356e+01   2.4336e+01   3.4958e+01   1.6230e+01 
  1.7858e+01   7.6644e+00   1.2400e+00   4.4252e-01   1.0904e-01 
  2.0054e-02   2.2962e-03   2.5583e-03   1.0877e-03   7.9882e-05 
  4.1882e-05   4.4069e-05   2.6414e-06   1.1025e-06   6.3515e-07 
  3.8751e-07   2.2807e-07   1.2762e-07   6.8033e-08   3.4710e-08 
 -6.9511e-02   1.0621e-03 

########################
# 00000022
########################
RSS 182411.23483628893
BP 0:
a0:   3.5639e+00   e0:  -3.6603e+00   b0:   3.9428e+02   
P: 
  1.9592e+02   1.7517e+01   3.1089e+00   5.2609e+00  -6.8157e+00 
 -3.7848e+00   2.5266e+00   1.7997e+00   9.3653e-01   1.6258e+00 
 -6.4164e-01  -4.1792e-01  -5.3227e-02   8.8779e-02  -2.2628e-03 
 -1.9494e+00   3.0356e+01   2.4336e+01   3.4958e+01   1.6230e+01 
  1.7858e+01   7.6644e+00   1.2400e+00   4.4252e-01   1.0904e-01 
  2.0054e-02   2.2962e-03   2.5583e-03   1.0877e-03   7.9882e-05 
  4.1882e-05   4.4069e-05   2.6414e-06   1.1025e-06   6.3515e-07 
  3.8751e-07   2.2807e-07   1.2762e-07   6.8033e-08   3.4710e-08 
 -6.9840e-02   1.0513e-03 

########################
# 00000023
########################
RSS 182606.36273871263
BP 0:
a0:   3.6826e+00   e0:  -5.7268e+00   b0:   8.1667e+02   
P: 
  1.9592e+02   1.7517e+01   1.4927e+00   6.4129e+00  -6.8157e+00 
  1.7858e+00   9.1448e-01   1.7997e+00  -1.4789e+00   4.1183e+00 
 -6.4164e-01  -2.5467e-01  -1.3826e-01   4.5699e-02  -1.3677e-03 
 -1.9494e+00   3.0356e+01   2.4336e+01   3.4958e+01   1.6230e+01 
  1.7858e+01   7.6644e+00   1.2400e+00   4.4252e-01   1.0904e-01 
  2.0054e-02   2.2962e-03   2.5583e-03   1.0877e-03   7.9882e-05 
  4.1882e-05   4.4069e-05   2.6414e-06   1.1025e-06   6.3515e-07 
  3.8751e-07   2.2807e-07   1.2762e-07   6.8033e-08   3.4710e-08 
 -6.8858e-02   1.0401e-03 

########################
# 00000024
########################
RSS 206949.07173205673
BP 0:
a0:   3.5199e+00   e0:  -4.3247e+00   b0:   8.3785e+02   
P: 
  1.9592e+02   1.7517e+01   2.0525e+00   6.3346e+00  -6.8157e+00 
 -3.7848e+00   1.2571e+01   1.7997e+00  -1.1733e+00   1.6258e+00 
 -6.4164e-01  -2.3793e-01  -2.0823e-01   9.8747e-02   8.9671e-03 
 -1.9494e+00   3.0356e+01   2.4336e+01   3.4958e+01   1.6230e+01 
  1.7858e+01   7.6644e+00   1.2400e+00   4.4252e-01   1.0904e-01 
  2.0054e-02   2.2962e-03   2.5583e-03   1.0877e-03   7.9882e-05 
  4.1882e-05   4.4069e-05   2.6414e-06   1.1025e-06   6.3515e-07 
  3.8751e-07   2.2807e-07   1.2762e-07   6.8033e-08   3.4710e-08 
 -7.0482e-02   1.0479e-03 

########################
# 00000025
########################
RSS 209461.2083964832
BP 0:
a0:   3.4583e+00   e0:  -4.7035e+00   b0:   8.1131e+02   
P: 
  1.9592e+02   1.7517e+01   1.4927e+00   6.4129e+00  -6.8157e+00 
  1.7265e+01  -4.8770e-01   1.7997e+00  -1.4789e+00   1.4266e+00 
 -6.4164e-01   6.8836e-02  -1.3248e-01   6.7464e-02  -1.4363e-02 
 -1.9494e+00   3.0356e+01   2.4336e+01   3.4958e+01   1.6230e+01 
  1.7858e+01   7.6644e+00   1.2400e+00   4.4252e-01   1.0904e-01 
  2.0054e-02   2.2962e-03   2.5583e-03   1.0877e-03   7.9882e-05 
  4.1882e-05   4.4069e-05   2.6414e-06   1.1025e-06   6.3515e-07 
  3.8751e-07   2.2807e-07   1.2762e-07   6.8033e-08   3.4710e-08 
 -6.9139e-02   1.0494e-03 

########################
# 00000026
########################
RSS 223698.564585148
BP 0:
a0:   3.4626e+00   e0:  -3.5026e+00   b0:   2.8532e+02   
P: 
  1.9592e+02   1.7517e+01   3.4510e+00   3.7740e+00  -6.8157e+00 
 -3.7848e+00   3.1803e+00   1.7997e+00   7.1917e-01   1.6258e+00 
 -6.4164e-01  -4.8693e-01  -2.1253e-01   1.4652e-01   9.3788e-03 
 -1.9494e+00   3.0356e+01   2.4336e+01   3.4958e+01   1.6230e+01 
  1.7858e+01   7.6644e+00   1.2400e+00   4.4252e-01   1.0904e-01 
  2.0054e-02   2.2962e-03   2.5583e-03   1.0877e-03   7.9882e-05 
  4.1882e-05   4.4069e-05   2.6414e-06   1.1025e-06   6.3515e-07 
  3.8751e-07   2.2807e-07   1.2762e-07   6.8033e-08   3.4710e-08 
 -7.0563e-02   1.0515e-03 

########################
# 00000027
########################
RSS 227640.43297533228
BP 0:
a0:   3.5241e+00   e0:  -4.8981e+00   b0:   7.3861e+02   
P: 
  1.9592e+02   1.7517e+01   1.4927e+00   6.4129e+00  -6.8157e+00 
  1.7562e+01  -2.7274e+00   1.7997e+00  -1.4789e+00   2.3600e+00 
 -6.4164e-01  -6.6142e-02  -8.8882e-02   6.1109e-02  -1.7033e-02 
 -1.9494e+00   3.0356e+01   2.4336e+01   3.4958e+01   1.6230e+01 
  1.7858e+01   7.6644e+00   1.2400e+00   4.4252e-01   1.0904e-01 
  2.0054e-02   2.2962e-03   2.5583e-03   1.0877e-03   7.9882e-05 
  4.1882e-05   4.4069e-05   2.6414e-06   1.1025e-06   6.3515e-07 
  3.8751e-07   2.2807e-07   1.2762e-07   6.8033e-08   3.4710e-08 
 -6.8704e-02   1.0455e-03 

########################
# 00000028
########################
RSS 229607.03154760425
BP 0:
a0:   3.8893e+00   e0:  -7.9664e+00   b0:   8.9784e+02   
P: 
  1.9592e+02   1.7517e+01   1.4927e+00   6.4129e+00  -6.8157e+00 
  2.9522e+00  -7.1621e+00   1.7997e+00  -1.4789e+00   6.3162e+00 
 -6.4164e-01  -3.6659e-01  -1.2387e-01   3.2890e-02  -7.2389e-03 
 -1.9494e+00   3.0356e+01   2.4336e+01   3.4958e+01   1.6230e+01 
  1.7858e+01   7.6644e+00   1.2400e+00   4.4252e-01   1.0904e-01 
  2.0054e-02   2.2962e-03   2.5583e-03   1.0877e-03   7.9882e-05 
  4.1882e-05   4.4069e-05   2.6414e-06   1.1025e-06   6.3515e-07 
  3.8751e-07   2.2807e-07   1.2762e-07   6.8033e-08   3.4710e-08 
 -6.9370e-02   1.0589e-03 

########################
# 00000029
########################
RSS 233422.93981764838
BP 0:
a0:   3.3874e+00   e0:  -5.3502e+00   b0:   5.2346e+02   
P: 
  1.9592e+02   1.7517e+01   1.4927e+00   6.4129e+00  -6.8157e+00 
  2.5281e+01  -1.0430e+01   1.7997e+00  -1.4789e+00   1.8357e+00 
 -6.4164e-01   2.4600e-01  -1.0601e-01   3.6404e-02  -2.4236e-02 
 -1.9494e+00   3.0356e+01   2.4336e+01   3.4958e+01   1.6230e+01 
  1.7858e+01   7.6644e+00   1.2400e+00   4.4252e-01   1.0904e-01 
  2.0054e-02   2.2962e-03   2.5583e-03   1.0877e-03   7.9882e-05 
  4.1882e-05   4.4069e-05   2.6414e-06   1.1025e-06   6.3515e-07 
  3.8751e-07   2.2807e-07   1.2762e-07   6.8033e-08   3.4710e-08 
 -6.9255e-02   1.0424e-03 

########################
# 00000030
########################
RSS 257811.3196571115
BP 0:
a0:   3.7062e+00   e0:  -5.6321e+00   b0:   1.1784e+03   
P: 
  1.9592e+02   1.7517e+01   1.4927e+00   6.4129e+00  -6.8157e+00 
  2.5379e+00   7.8568e-01   1.7997e+00  -1.4789e+00   5.3112e+00 
 -6.4164e-01  -5.4984e-01  -1.0609e-01   6.4113e-02   3.8216e-04 
 -1.9494e+00   3.0356e+01   2.4336e+01   3.4958e+01   1.6230e+01 
  1.7858e+01   7.6644e+00   1.2400e+00   4.4252e-01   1.0904e-01 
  2.0054e-02   2.2962e-03   2.5583e-03   1.0877e-03   7.9882e-05 
  4.1882e-05   4.4069e-05   2.6414e-06   1.1025e-06   6.3515e-07 
  3.8751e-07   2.2807e-07   1.2762e-07   6.8033e-08   3.4710e-08 
 -6.9354e-02   1.0490e-03 

########################
# 00000031
########################
RSS 276772.74668196536
BP 0:
a0:   3.4429e+00   e0:  -3.7621e+00   b0:   6.9793e+02   
P: 
  1.9592e+02   1.7517e+01   3.3043e+00   2.5745e+00  -6.8157e+00 
 -3.7848e+00   1.3146e+01   1.7997e+00  -2.5799e+00   1.6258e+00 
 -6.4164e-01  -3.5546e-01  -1.5759e-01   1.5635e-01  -1.1269e-02 
 -1.9494e+00   3.0356e+01   2.4336e+01   3.4958e+01   1.6230e+01 
  1.7858e+01   7.6644e+00   1.2400e+00   4.4252e-01   1.0904e-01 
  2.0054e-02   2.2962e-03   2.5583e-03   1.0877e-03   7.9882e-05 
  4.1882e-05   4.4069e-05   2.6414e-06   1.1025e-06   6.3515e-07 
  3.8751e-07   2.2807e-07   1.2762e-07   6.8033e-08   3.4710e-08 
 -7.0067e-02   1.0438e-03 

########################
# 00000032
########################
RSS 287694.0742313271
BP 0:
a0:   3.5383e+00   e0:  -5.3741e+00   b0:   3.0149e+02   
P: 
  1.9592e+02   1.7517e+01   1.4927e+00   6.4129e+00  -6.8157e+00 
  4.4838e+00   8.0659e-01   1.7997e+00  -1.4789e+00   2.3802e+00 
 -6.4164e-01   1.5952e-01  -2.7998e-01   5.8011e-02   1.1644e-04 
 -1.9494e+00   3.0356e+01   2.4336e+01   3.4958e+01   1.6230e+01 
  1.7858e+01   7.6644e+00   1.2400e+00   4.4252e-01   1.0904e-01 
  2.0054e-02   2.2962e-03   2.5583e-03   1.0877e-03   7.9882e-05 
  4.1882e-05   4.4069e-05   2.6414e-06   1.1025e-06   6.3515e-07 
  3.8751e-07   2.2807e-07   1.2762e-07   6.8033e-08   3.4710e-08 
 -6.7795e-02   1.0543e-03 

########################
# 00000033
########################
RSS 289286.0971058777
BP 0:
a0:   3.4464e+00   e0:  -5.3379e+00   b0:   5.3456e+02   
P: 
  1.9592e+02   1.7517e+01   1.4927e+00   6.4129e+00  -6.8157e+00 
  1.4093e+01  -2.7965e+00   1.7997e+00  -1.4789e+00   2.0175e+00 
 -6.4164e-01  -4.1537e-02  -5.5127e-02   5.8446e-02  -2.2292e-02 
 -1.9494e+00   3.0356e+01   2.4336e+01   3.4958e+01   1.6230e+01 
  1.7858e+01   7.6644e+00   1.2400e+00   4.4252e-01   1.0904e-01 
  2.0054e-02   2.2962e-03   2.5583e-03   1.0877e-03   7.9882e-05 
  4.1882e-05   4.4069e-05   2.6414e-06   1.1025e-06   6.3515e-07 
  3.8751e-07   2.2807e-07   1.2762e-07   6.8033e-08   3.4710e-08 
 -6.8521e-02   1.0500e-03 

########################
# 00000034
########################
RSS 289732.69389174605
BP 0:
a0:   3.5785e+00   e0:  -5.0530e+00   b0:   9.9781e+02   
P: 
  1.9592e+02   1.7517e+01   3.9428e+00   5.4184e+00  -6.8157e+00 
 -3.7848e+00   8.8295e+00   1.7997e+00   1.2638e+00   1.6258e+00 
 -6.4164e-01  -4.2174e-01  -5.0293e-02   6.4123e-02   3.0036e-03 
 -1.9494e+00   3.0356e+01   2.4336e+01   3.4958e+01   1.6230e+01 
  1.7858e+01   7.6644e+00   1.2400e+00   4.4252e-01   1.0904e-01 
  2.0054e-02   2.2962e-03   2.5583e-03   1.0877e-03   7.9882e-05 
  4.1882e-05   4.4069e-05   2.6414e-06   1.1025e-06   6.3515e-07 
  3.8751e-07   2.2807e-07   1.2762e-07   6.8033e-08   3.4710e-08 
 -6.9815e-02   1.0589e-03 

########################
# 00000035
########################
RSS 291445.61521337763
BP 0:
a0:   3.6790e+00   e0:  -5.2887e+00   b0:   8.7846e+02   
P: 
  1.9592e+02   1.7517e+01   1.0739e+00   1.3626e+00  -6.8157e+00 
 -3.7848e+00   8.9285e+00   1.7997e+00   1.6587e+00   1.6258e+00 
 -6.4164e-01  -2.4808e-02  -1.3471e-01   7.2379e-02  -1.7860e-02 
 -1.9494e+00   3.0356e+01   2.4336e+01   3.4958e+01   1.6230e+01 
  1.7858e+01   7.6644e+00   1.2400e+00   4.4252e-01   1.0904e-01 
  2.0054e-02   2.2962e-03   2.5583e-03   1.0877e-03   7.9882e-05 
  4.1882e-05   4.4069e-05   2.6414e-06   1.1025e-06   6.3515e-07 
  3.8751e-07   2.2807e-07   1.2762e-07   6.8033e-08   3.4710e-08 
 -7.0147e-02   1.0432e-03 

########################
# 00000036
########################
RSS 301159.663507059
BP 0:
a0:   3.5496e+00   e0:  -4.0701e+00   b0:   9.1831e+02   
P: 
  1.9592e+02   1.7517e+01   4.3253e+00   1.0424e+01  -6.8157e+00 
 -3.7848e+00   1.0299e+01   1.7997e+00   9.2412e-02   1.6258e+00 
 -6.4164e-01  -4.2148e-01  -1.4095e-01   1.2180e-01  -2.0528e-04 
 -1.9494e+00   3.0356e+01   2.4336e+01   3.4958e+01   1.6230e+01 
  1.7858e+01   7.6644e+00   1.2400e+00   4.4252e-01   1.0904e-01 
  2.0054e-02   2.2962e-03   2.5583e-03   1.0877e-03   7.9882e-05 
  4.1882e-05   4.4069e-05   2.6414e-06   1.1025e-06   6.3515e-07 
  3.8751e-07   2.2807e-07   1.2762e-07   6.8033e-08   3.4710e-08 
 -7.0245e-02   1.0613e-03 

########################
# 00000037
########################
RSS 305886.27591449505
BP 0:
a0:   3.5736e+00   e0:  -3.4593e+00   b0:   4.4199e+02   
P: 
  1.9592e+02   1.7517e+01   4.2144e+00   1.9527e+00  -6.8157e+00 
 -3.7848e+00   7.4020e+00   1.7997e+00  -1.4991e+00   1.6258e+00 
 -6.4164e-01   1.0173e-01  -2.0813e-01   1.0989e-01  -2.0411e-02 
 -1.9494e+00   3.0356e+01   2.4336e+01   3.4958e+01   1.6230e+01 
  1.7858e+01   7.6644e+00   1.2400e+00   4.4252e-01   1.0904e-01 
  2.0054e-02   2.2962e-03   2.5583e-03   1.0877e-03   7.9882e-05 
  4.1882e-05   4.4069e-05   2.6414e-06   1.1025e-06   6.3515e-07 
  3.8751e-07   2.2807e-07   1.2762e-07   6.8033e-08   3.4710e-08 
 -6.9324e-02   1.0436e-03 

########################
# 00000038
########################
RSS 317244.85501392453
BP 0:
a0:   3.7234e+00   e0:  -5.0663e+00   b0:   7.5530e+02   
P: 
  1.9592e+02   1.7517e+01   1.4927e+00   6.4129e+00  -6.8157e+00 
  1.2067e+01  -3.9739e+00   1.7997e+00  -1.4789e+00   4.8243e+00 
 -6.4164e-01  -4.0895e-01  -1.0593e-01   6.1788e-02  -4.5209e-03 
 -1.9494e+00   3.0356e+01   2.4336e+01   3.4958e+01   1.6230e+01 
  1.7858e+01   7.6644e+00   1.2400e+00   4.4252e-01   1.0904e-01 
  2.0054e-02   2.2962e-03   2.5583e-03   1.0877e-03   7.9882e-05 
  4.1882e-05   4.4069e-05   2.6414e-06   1.1025e-06   6.3515e-07 
  3.8751e-07   2.2807e-07   1.2762e-07   6.8033e-08   3.4710e-08 
 -6.9246e-02   1.0501e-03 

########################
# 00000039
########################
RSS 317501.0652808954
BP 0:
a0:   3.5505e+00   e0:  -3.6188e+00   b0:   7.0542e+02   
P: 
  1.9592e+02   1.7517e+01   1.4927e+00   6.4129e+00  -6.8157e+00 
 -6.3044e+00   1.1662e+01   1.7997e+00  -1.4789e+00   1.9930e+00 
 -6.4164e-01  -1.7682e-01  -2.7521e-01   1.0523e-01   1.3394e-02 
 -1.9494e+00   3.0356e+01   2.4336e+01   3.4958e+01   1.6230e+01 
  1.7858e+01   7.6644e+00   1.2400e+00   4.4252e-01   1.0904e-01 
  2.0054e-02   2.2962e-03   2.5583e-03   1.0877e-03   7.9882e-05 
  4.1882e-05   4.4069e-05   2.6414e-06   1.1025e-06   6.3515e-07 
  3.8751e-07   2.2807e-07   1.2762e-07   6.8033e-08   3.4710e-08 
 -6.9774e-02   1.0517e-03 

########################
# 00000040
########################
RSS 318900.3584863518
BP 0:
a0:   3.6260e+00   e0:  -5.1472e+00   b0:   1.0999e+03   
P: 
  1.9592e+02   1.7517e+01   2.8513e+00   7.4241e+00  -6.8157e+00 
 -3.7848e+00   7.2394e+00   1.7997e+00   2.5225e+00   1.6258e+00 
 -6.4164e-01  -4.0046e-01  -1.0327e-01   1.3017e-01  -1.9691e-02 
 -1.9494e+00   3.0356e+01   2.4336e+01   3.4958e+01   1.6230e+01 
  1.7858e+01   7.6644e+00   1.2400e+00   4.4252e-01   1.0904e-01 
  2.0054e-02   2.2962e-03   2.5583e-03   1.0877e-03   7.9882e-05 
  4.1882e-05   4.4069e-05   2.6414e-06   1.1025e-06   6.3515e-07 
  3.8751e-07   2.2807e-07   1.2762e-07   6.8033e-08   3.4710e-08 
 -6.9495e-02   1.0428e-03 

########################
# 00000041
########################
RSS 324823.28671675874
BP 0:
a0:   3.6096e+00   e0:  -4.6352e+00   b0:   1.0658e+03   
P: 
  1.9592e+02   1.7517e+01   1.1732e+00   1.1808e+01  -6.8157e+00 
 -3.7848e+00   7.6860e+00   1.7997e+00   2.2782e+00   1.6258e+00 
 -6.4164e-01  -4.3145e-01  -1.5770e-01   1.0865e-01   4.2424e-03 
 -1.9494e+00   3.0356e+01   2.4336e+01   3.4958e+01   1.6230e+01 
  1.7858e+01   7.6644e+00   1.2400e+00   4.4252e-01   1.0904e-01 
  2.0054e-02   2.2962e-03   2.5583e-03   1.0877e-03   7.9882e-05 
  4.1882e-05   4.4069e-05   2.6414e-06   1.1025e-06   6.3515e-07 
  3.8751e-07   2.2807e-07   1.2762e-07   6.8033e-08   3.4710e-08 
 -7.0424e-02   1.0558e-03 

########################
# 00000042
########################
RSS 326267.61391501676
BP 0:
a0:   3.7419e+00   e0:  -5.9226e+00   b0:   7.8039e+02   
P: 
  1.9592e+02   1.7517e+01   1.4927e+00   6.4129e+00  -6.8157e+00 
  1.0242e+01  -4.8664e-01   1.7997e+00  -1.4789e+00   4.5847e+00 
 -6.4164e-01  -2.3181e-01  -7.6872e-02   7.6845e-02  -3.1474e-02 
 -1.9494e+00   3.0356e+01   2.4336e+01   3.4958e+01   1.6230e+01 
  1.7858e+01   7.6644e+00   1.2400e+00   4.4252e-01   1.0904e-01 
  2.0054e-02   2.2962e-03   2.5583e-03   1.0877e-03   7.9882e-05 
  4.1882e-05   4.4069e-05   2.6414e-06   1.1025e-06   6.3515e-07 
  3.8751e-07   2.2807e-07   1.2762e-07   6.8033e-08   3.4710e-08 
 -6.8214e-02   1.0475e-03 

########################
# 00000043
########################
RSS 339059.0851986604
BP 0:
a0:   3.4865e+00   e0:  -3.7710e+00   b0:   8.5912e+02   
P: 
  1.9592e+02   1.7517e+01   1.4927e+00   6.4129e+00  -6.8157e+00 
 -5.6372e+00   1.3669e+01   1.7997e+00  -1.4789e+00   1.7169e+00 
 -6.4164e-01  -5.1117e-01  -1.8882e-01   1.5924e-01   2.9862e-03 
 -1.9494e+00   3.0356e+01   2.4336e+01   3.4958e+01   1.6230e+01 
  1.7858e+01   7.6644e+00   1.2400e+00   4.4252e-01   1.0904e-01 
  2.0054e-02   2.2962e-03   2.5583e-03   1.0877e-03   7.9882e-05 
  4.1882e-05   4.4069e-05   2.6414e-06   1.1025e-06   6.3515e-07 
  3.8751e-07   2.2807e-07   1.2762e-07   6.8033e-08   3.4710e-08 
 -7.0174e-02   1.0560e-03 

########################
# 00000044
########################
RSS 340324.24474717834
BP 0:
a0:   3.4889e+00   e0:  -5.0122e+00   b0:   8.7746e+02   
P: 
  1.9592e+02   1.7517e+01   1.4927e+00   6.4129e+00  -6.8157e+00 
  6.2123e+00   8.2760e+00   1.7997e+00  -1.4789e+00   1.5551e+00 
 -6.4164e-01  -8.3365e-02  -2.5847e-01   1.1231e-01  -4.3087e-04 
 -1.9494e+00   3.0356e+01   2.4336e+01   3.4958e+01   1.6230e+01 
  1.7858e+01   7.6644e+00   1.2400e+00   4.4252e-01   1.0904e-01 
  2.0054e-02   2.2962e-03   2.5583e-03   1.0877e-03   7.9882e-05 
  4.1882e-05   4.4069e-05   2.6414e-06   1.1025e-06   6.3515e-07 
  3.8751e-07   2.2807e-07   1.2762e-07   6.8033e-08   3.4710e-08 
 -6.9583e-02   1.0560e-03 

########################
# 00000045
########################
RSS 349353.2343429316
BP 0:
a0:   3.5828e+00   e0:  -5.5390e+00   b0:   7.8060e+02   
P: 
  1.9592e+02   1.7517e+01   3.8948e+00   1.3278e+01  -6.8157e+00 
 -3.7848e+00   7.4894e+00   1.7997e+00   7.8083e-01   1.6258e+00 
 -6.4164e-01  -1.7436e-01  -1.8289e-01   1.2407e-01  -1.8751e-02 
 -1.9494e+00   3.0356e+01   2.4336e+01   3.4958e+01   1.6230e+01 
  1.7858e+01   7.6644e+00   1.2400e+00   4.4252e-01   1.0904e-01 
  2.0054e-02   2.2962e-03   2.5583e-03   1.0877e-03   7.9882e-05 
  4.1882e-05   4.4069e-05   2.6414e-06   1.1025e-06   6.3515e-07 
  3.8751e-07   2.2807e-07   1.2762e-07   6.8033e-08   3.4710e-08 
 -6.9314e-02   1.0443e-03 

########################
# 00000046
########################
RSS 351396.917230594
BP 0:
a0:   3.5622e+00   e0:  -5.0818e+00   b0:   9.9029e+02   
P: 
  1.9592e+02   1.7517e+01   1.4927e+00   6.4129e+00  -6.8157e+00 
  3.8596e+00   6.0084e+00   1.7997e+00  -1.4789e+00   3.2590e+00 
 -6.4164e-01  -6.0555e-01  -1.2044e-01   1.3136e-01  -5.7847e-03 
 -1.9494e+00   3.0356e+01   2.4336e+01   3.4958e+01   1.6230e+01 
  1.7858e+01   7.6644e+00   1.2400e+00   4.4252e-01   1.0904e-01 
  2.0054e-02   2.2962e-03   2.5583e-03   1.0877e-03   7.9882e-05 
  4.1882e-05   4.4069e-05   2.6414e-06   1.1025e-06   6.3515e-07 
  3.8751e-07   2.2807e-07   1.2762e-07   6.8033e-08   3.4710e-08 
 -6.9940e-02   1.0590e-03 

########################
# 00000047
########################
RSS 367913.7268102757
BP 0:
a0:   3.1730e+00   e0:  -4.4185e+00   b0:   5.9510e+02   
P: 
  1.9592e+02   1.7517e+01   1.4927e+00   6.4129e+00  -6.8157e+00 
  9.7230e+00   1.5201e+00   1.7997e+00  -1.4789e+00   2.0509e-01 
 -6.4164e-01  -8.8230e-02  -2.4253e-02   8.7258e-02  -1.5767e-02 
 -1.9494e+00   3.0356e+01   2.4336e+01   3.4958e+01   1.6230e+01 
  1.7858e+01   7.6644e+00   1.2400e+00   4.4252e-01   1.0904e-01 
  2.0054e-02   2.2962e-03   2.5583e-03   1.0877e-03   7.9882e-05 
  4.1882e-05   4.4069e-05   2.6414e-06   1.1025e-06   6.3515e-07 
  3.8751e-07   2.2807e-07   1.2762e-07   6.8033e-08   3.4710e-08 
 -6.8428e-02   1.0353e-03 

########################
# 00000048
########################
RSS 387397.3173454952
BP 0:
a0:   3.6832e+00   e0:  -5.9637e+00   b0:   1.0252e+03   
P: 
  1.9592e+02   1.7517e+01   3.9935e+00   2.0362e+00  -6.8157e+00 
 -3.7848e+00   7.9589e+00   1.7997e+00   2.7215e+00   1.6258e+00 
 -6.4164e-01  -5.6203e-02  -1.4331e-01   8.1656e-02  -2.1295e-02 
 -1.9494e+00   3.0356e+01   2.4336e+01   3.4958e+01   1.6230e+01 
  1.7858e+01   7.6644e+00   1.2400e+00   4.4252e-01   1.0904e-01 
  2.0054e-02   2.2962e-03   2.5583e-03   1.0877e-03   7.9882e-05 
  4.1882e-05   4.4069e-05   2.6414e-06   1.1025e-06   6.3515e-07 
  3.8751e-07   2.2807e-07   1.2762e-07   6.8033e-08   3.4710e-08 
 -7.0560e-02   1.0553e-03 

########################
# 00000049
########################
RSS 426745.3736687755
BP 0:
a0:   3.6048e+00   e0:  -4.4724e+00   b0:   1.0346e+03   
P: 
  1.9592e+02   1.7517e+01   1.4927e+00   6.4129e+00  -6.8157e+00 
 -5.8836e-01   1.0151e+01   1.7997e+00  -1.4789e+00   3.3187e+00 
 -6.4164e-01  -5.1175e-01  -2.1141e-01   1.1014e-01   1.3944e-02 
 -1.9494e+00   3.0356e+01   2.4336e+01   3.4958e+01   1.6230e+01 
  1.7858e+01   7.6644e+00   1.2400e+00   4.4252e-01   1.0904e-01 
  2.0054e-02   2.2962e-03   2.5583e-03   1.0877e-03   7.9882e-05 
  4.1882e-05   4.4069e-05   2.6414e-06   1.1025e-06   6.3515e-07 
  3.8751e-07   2.2807e-07   1.2762e-07   6.8033e-08   3.4710e-08 
 -6.9711e-02   1.0530e-03 

########################
# 00000050
########################
RSS 437256.66945063294
BP 0:
a0:   3.6324e+00   e0:  -4.8064e+00   b0:   9.3722e+02   
P: 
  1.9592e+02   1.7517e+01   1.4927e+00   6.4129e+00  -6.8157e+00 
  1.5362e+01   1.4948e+00   1.7997e+00  -1.4789e+00   2.8072e+00 
 -6.4164e-01   1.8441e-01  -1.6998e-01   2.4467e-02  -9.9086e-03 
 -1.9494e+00   3.0356e+01   2.4336e+01   3.4958e+01   1.6230e+01 
  1.7858e+01   7.6644e+00   1.2400e+00   4.4252e-01   1.0904e-01 
  2.0054e-02   2.2962e-03   2.5583e-03   1.0877e-03   7.9882e-05 
  4.1882e-05   4.4069e-05   2.6414e-06   1.1025e-06   6.3515e-07 
  3.8751e-07   2.2807e-07   1.2762e-07   6.8033e-08   3.4710e-08 
 -6.9295e-02   1.0532e-03 

########################
# 00000051
########################
RSS 464216.8389063692
BP 0:
a0:   3.5007e+00   e0:  -5.4200e+00   b0:   8.6217e+02   
P: 
  1.9592e+02   1.7517e+01   2.9617e+00   1.1995e+01  -6.8157e+00 
 -3.7848e+00   1.5379e+01   1.7997e+00  -2.1484e+00   1.6258e+00 
 -6.4164e-01  -9.8978e-02  -2.3541e-01   1.1104e-01  -4.1093e-03 
 -1.9494e+00   3.0356e+01   2.4336e+01   3.4958e+01   1.6230e+01 
  1.7858e+01   7.6644e+00   1.2400e+00   4.4252e-01   1.0904e-01 
  2.0054e-02   2.2962e-03   2.5583e-03   1.0877e-03   7.9882e-05 
  4.1882e-05   4.4069e-05   2.6414e-06   1.1025e-06   6.3515e-07 
  3.8751e-07   2.2807e-07   1.2762e-07   6.8033e-08   3.4710e-08 
 -7.0162e-02   1.0590e-03 

########################
# 00000052
########################
RSS 465379.82351099205
BP 0:
a0:   3.6215e+00   e0:  -5.1223e+00   b0:   1.2080e+03   
P: 
  1.9592e+02   1.7517e+01   1.4927e+00   6.4129e+00  -6.8157e+00 
 -2.9454e+00   1.2018e+01   1.7997e+00  -1.4789e+00   3.5651e+00 
 -6.4164e-01  -5.4810e-01  -1.7263e-01   1.4969e-01  -1.1457e-02 
 -1.9494e+00   3.0356e+01   2.4336e+01   3.4958e+01   1.6230e+01 
  1.7858e+01   7.6644e+00   1.2400e+00   4.4252e-01   1.0904e-01 
  2.0054e-02   2.2962e-03   2.5583e-03   1.0877e-03   7.9882e-05 
  4.1882e-05   4.4069e-05   2.6414e-06   1.1025e-06   6.3515e-07 
  3.8751e-07   2.2807e-07   1.2762e-07   6.8033e-08   3.4710e-08 
 -6.9734e-02   1.0625e-03 

########################
# 00000053
########################
RSS 473368.4824979318
BP 0:
a0:   3.5822e+00   e0:  -5.6316e+00   b0:   9.3064e+02   
P: 
  1.9592e+02   1.7517e+01   3.4610e+00   8.7353e-01  -6.8157e+00 
 -3.7848e+00   9.9067e+00   1.7997e+00   6.7073e-01   1.6258e+00 
 -6.4164e-01  -2.6235e-01  -7.0501e-02   7.1594e-02  -1.0173e-02 
 -1.9494e+00   3.0356e+01   2.4336e+01   3.4958e+01   1.6230e+01 
  1.7858e+01   7.6644e+00   1.2400e+00   4.4252e-01   1.0904e-01 
  2.0054e-02   2.2962e-03   2.5583e-03   1.0877e-03   7.9882e-05 
  4.1882e-05   4.4069e-05   2.6414e-06   1.1025e-06   6.3515e-07 
  3.8751e-07   2.2807e-07   1.2762e-07   6.8033e-08   3.4710e-08 
 -7.0597e-02   1.0441e-03 

########################
# 00000054
########################
RSS 475189.0648892553
BP 0:
a0:   3.5712e+00   e0:  -5.6066e+00   b0:   8.7332e+02   
P: 
  1.9592e+02   1.7517e+01   1.4927e+00   6.4129e+00  -6.8157e+00 
 -2.4970e-01   8.4470e+00   1.7997e+00  -1.4789e+00   2.9605e+00 
 -6.4164e-01  -3.9333e-01  -1.7883e-01   1.2165e-01  -7.2574e-03 
 -1.9494e+00   3.0356e+01   2.4336e+01   3.4958e+01   1.6230e+01 
  1.7858e+01   7.6644e+00   1.2400e+00   4.4252e-01   1.0904e-01 
  2.0054e-02   2.2962e-03   2.5583e-03   1.0877e-03   7.9882e-05 
  4.1882e-05   4.4069e-05   2.6414e-06   1.1025e-06   6.3515e-07 
  3.8751e-07   2.2807e-07   1.2762e-07   6.8033e-08   3.4710e-08 
 -6.9473e-02   1.0553e-03 

########################
# 00000055
########################
RSS 477253.9880983964
BP 0:
a0:   3.4950e+00   e0:  -3.1392e+00   b0:   4.6155e+02   
P: 
  1.9592e+02   1.7517e+01   2.0735e+00   6.9744e+00  -6.8157e+00 
 -3.7848e+00   8.2981e+00   1.7997e+00  -1.5008e+00   1.6258e+00 
 -6.4164e-01  -1.3550e-01  -2.0978e-01   1.1194e-01  -4.9058e-04 
 -1.9494e+00   3.0356e+01   2.4336e+01   3.4958e+01   1.6230e+01 
  1.7858e+01   7.6644e+00   1.2400e+00   4.4252e-01   1.0904e-01 
  2.0054e-02   2.2962e-03   2.5583e-03   1.0877e-03   7.9882e-05 
  4.1882e-05   4.4069e-05   2.6414e-06   1.1025e-06   6.3515e-07 
  3.8751e-07   2.2807e-07   1.2762e-07   6.8033e-08   3.4710e-08 
 -7.0004e-02   1.0577e-03 

########################
# 00000056
########################
RSS 496733.96773681085
BP 0:
a0:   3.1422e+00   e0:  -3.9502e+00   b0:   2.4669e+02   
P: 
  1.9592e+02   1.7517e+01   1.8737e+00  -7.2145e-01  -6.8157e+00 
 -3.7848e+00   1.0543e+01   1.7997e+00  -2.6181e+00   1.6258e+00 
 -6.4164e-01  -6.6138e-01  -1.4902e-01   1.5215e-01   1.7031e-02 
 -1.9494e+00   3.0356e+01   2.4336e+01   3.4958e+01   1.6230e+01 
  1.7858e+01   7.6644e+00   1.2400e+00   4.4252e-01   1.0904e-01 
  2.0054e-02   2.2962e-03   2.5583e-03   1.0877e-03   7.9882e-05 
  4.1882e-05   4.4069e-05   2.6414e-06   1.1025e-06   6.3515e-07 
  3.8751e-07   2.2807e-07   1.2762e-07   6.8033e-08   3.4710e-08 
 -7.0755e-02   1.0640e-03 

########################
# 00000057
########################
RSS 515369.0490762306
BP 0:
a0:   3.6329e+00   e0:  -3.9746e+00   b0:   1.0467e+03   
P: 
  1.9592e+02   1.7517e+01   4.3454e+00   1.3651e+01  -6.8157e+00 
 -3.7848e+00   4.9777e+00   1.7997e+00   2.5480e+00   1.6258e+00 
 -6.4164e-01  -3.6733e-01  -1.0303e-01   7.3979e-02   5.5432e-03 
 -1.9494e+00   3.0356e+01   2.4336e+01   3.4958e+01   1.6230e+01 
  1.7858e+01   7.6644e+00   1.2400e+00   4.4252e-01   1.0904e-01 
  2.0054e-02   2.2962e-03   2.5583e-03   1.0877e-03   7.9882e-05 
  4.1882e-05   4.4069e-05   2.6414e-06   1.1025e-06   6.3515e-07 
  3.8751e-07   2.2807e-07   1.2762e-07   6.8033e-08   3.4710e-08 
 -7.0264e-02   1.0490e-03 

########################
# 00000058
########################
RSS 521489.4617499359
BP 0:
a0:   3.5778e+00   e0:  -4.9810e+00   b0:   1.0686e+03   
P: 
  1.9592e+02   1.7517e+01   1.4927e+00   6.4129e+00  -6.8157e+00 
  2.7958e+01  -7.2259e+00   1.7997e+00  -1.4789e+00   3.3633e+00 
 -6.4164e-01  -2.0377e-01  -6.8204e-02   8.0912e-02  -2.6324e-02 
 -1.9494e+00   3.0356e+01   2.4336e+01   3.4958e+01   1.6230e+01 
  1.7858e+01   7.6644e+00   1.2400e+00   4.4252e-01   1.0904e-01 
  2.0054e-02   2.2962e-03   2.5583e-03   1.0877e-03   7.9882e-05 
  4.1882e-05   4.4069e-05   2.6414e-06   1.1025e-06   6.3515e-07 
  3.8751e-07   2.2807e-07   1.2762e-07   6.8033e-08   3.4710e-08 
 -6.8258e-02   1.0366e-03 

########################
# 00000059
########################
RSS 532526.824396655
BP 0:
a0:   3.6767e+00   e0:  -4.6145e+00   b0:   9.7395e+02   
P: 
  1.9592e+02   1.7517e+01   3.0877e+00   7.4235e+00  -6.8157e+00 
 -3.7848e+00   8.5339e+00   1.7997e+00   2.1112e+00   1.6258e+00 
 -6.4164e-01  -7.2762e-02  -2.1823e-01   8.9199e-02  -4.3307e-03 
 -1.9494e+00   3.0356e+01   2.4336e+01   3.4958e+01   1.6230e+01 
  1.7858e+01   7.6644e+00   1.2400e+00   4.4252e-01   1.0904e-01 
  2.0054e-02   2.2962e-03   2.5583e-03   1.0877e-03   7.9882e-05 
  4.1882e-05   4.4069e-05   2.6414e-06   1.1025e-06   6.3515e-07 
  3.8751e-07   2.2807e-07   1.2762e-07   6.8033e-08   3.4710e-08 
 -7.0005e-02   1.0550e-03 

########################
# 00000060
########################
RSS 540583.6737223064
BP 0:
a0:   3.7090e+00   e0:  -5.3725e+00   b0:   9.7900e+02   
P: 
  1.9592e+02   1.7517e+01   2.2930e+00  -2.4746e+00  -6.8157e+00 
 -3.7848e+00   9.1147e+00   1.7997e+00   2.6731e+00   1.6258e+00 
 -6.4164e-01  -4.1494e-02  -1.0146e-01   6.0962e-02  -1.9229e-02 
 -1.9494e+00   3.0356e+01   2.4336e+01   3.4958e+01   1.6230e+01 
  1.7858e+01   7.6644e+00   1.2400e+00   4.4252e-01   1.0904e-01 
  2.0054e-02   2.2962e-03   2.5583e-03   1.0877e-03   7.9882e-05 
  4.1882e-05   4.4069e-05   2.6414e-06   1.1025e-06   6.3515e-07 
  3.8751e-07   2.2807e-07   1.2762e-07   6.8033e-08   3.4710e-08 
 -6.9762e-02   1.0496e-03 

########################
# 00000061
########################
RSS 546129.0555512393
BP 0:
a0:   3.5303e+00   e0:  -3.5368e+00   b0:   8.9162e+02   
P: 
  1.9592e+02   1.7517e+01   1.5458e+00  -1.1626e+00  -6.8157e+00 
 -3.7848e+00   1.3502e+01   1.7997e+00  -1.4326e+00   1.6258e+00 
 -6.4164e-01  -3.4930e-01  -1.6203e-01   1.4204e-01  -6.8733e-03 
 -1.9494e+00   3.0356e+01   2.4336e+01   3.4958e+01   1.6230e+01 
  1.7858e+01   7.6644e+00   1.2400e+00   4.4252e-01   1.0904e-01 
  2.0054e-02   2.2962e-03   2.5583e-03   1.0877e-03   7.9882e-05 
  4.1882e-05   4.4069e-05   2.6414e-06   1.1025e-06   6.3515e-07 
  3.8751e-07   2.2807e-07   1.2762e-07   6.8033e-08   3.4710e-08 
 -7.0196e-02   1.0517e-03 

########################
# 00000062
########################
RSS 559315.7156514681
BP 0:
a0:   3.4851e+00   e0:  -5.2682e+00   b0:   1.0617e+03   
P: 
  1.9592e+02   1.7517e+01   1.4927e+00   6.4129e+00  -6.8157e+00 
 -1.7097e+00   1.5475e+01   1.7997e+00  -1.4789e+00   1.2917e+00 
 -6.4164e-01  -3.4672e-01  -1.3246e-01   1.1294e-01  -1.9504e-03 
 -1.9494e+00   3.0356e+01   2.4336e+01   3.4958e+01   1.6230e+01 
  1.7858e+01   7.6644e+00   1.2400e+00   4.4252e-01   1.0904e-01 
  2.0054e-02   2.2962e-03   2.5583e-03   1.0877e-03   7.9882e-05 
  4.1882e-05   4.4069e-05   2.6414e-06   1.1025e-06   6.3515e-07 
  3.8751e-07   2.2807e-07   1.2762e-07   6.8033e-08   3.4710e-08 
 -6.9947e-02   1.0545e-03 

########################
# 00000063
########################
RSS 560843.4137967366
BP 0:
a0:   3.4000e+00   e0:  -5.7900e+00   b0:   7.1412e+02   
P: 
  1.9592e+02   1.7517e+01   2.8538e+00  -2.8729e+00  -6.8157e+00 
 -3.7848e+00   1.4001e+01   1.7997e+00  -2.6705e+00   1.6258e+00 
 -6.4164e-01  -2.9620e-01  -1.2998e-01   9.6618e-02  -3.8603e-04 
 -1.9494e+00   3.0356e+01   2.4336e+01   3.4958e+01   1.6230e+01 
  1.7858e+01   7.6644e+00   1.2400e+00   4.4252e-01   1.0904e-01 
  2.0054e-02   2.2962e-03   2.5583e-03   1.0877e-03   7.9882e-05 
  4.1882e-05   4.4069e-05   2.6414e-06   1.1025e-06   6.3515e-07 
  3.8751e-07   2.2807e-07   1.2762e-07   6.8033e-08   3.4710e-08 
 -6.9509e-02   1.0626e-03 

########################
# 00000064
########################
RSS 567516.50099106
BP 0:
a0:   3.5451e+00   e0:  -2.9922e+00   b0:   3.1884e+02   
P: 
  1.9592e+02   1.7517e+01   1.6625e+00   1.5243e+01  -6.8157e+00 
 -3.7848e+00   3.9033e+00   1.7997e+00   1.4687e-02   1.6258e+00 
 -6.4164e-01  -2.7643e-01  -1.4671e-01   9.1103e-02   6.2144e-03 
 -1.9494e+00   3.0356e+01   2.4336e+01   3.4958e+01   1.6230e+01 
  1.7858e+01   7.6644e+00   1.2400e+00   4.4252e-01   1.0904e-01 
  2.0054e-02   2.2962e-03   2.5583e-03   1.0877e-03   7.9882e-05 
  4.1882e-05   4.4069e-05   2.6414e-06   1.1025e-06   6.3515e-07 
  3.8751e-07   2.2807e-07   1.2762e-07   6.8033e-08   3.4710e-08 
 -7.0475e-02   1.0612e-03 

########################
# 00000065
########################
RSS 607345.771248947
BP 0:
a0:   3.1064e+00   e0:  -6.3372e+00   b0:   1.3458e+02   
P: 
  1.9592e+02   1.7517e+01   4.0282e-01   1.0450e+01  -6.8157e+00 
 -3.7848e+00   6.5808e+00   1.7997e+00  -1.1411e+00   1.6258e+00 
 -6.4164e-01  -2.9197e-01  -1.1356e-01   7.6013e-02   2.7223e-03 
 -1.9494e+00   3.0356e+01   2.4336e+01   3.4958e+01   1.6230e+01 
  1.7858e+01   7.6644e+00   1.2400e+00   4.4252e-01   1.0904e-01 
  2.0054e-02   2.2962e-03   2.5583e-03   1.0877e-03   7.9882e-05 
  4.1882e-05   4.4069e-05   2.6414e-06   1.1025e-06   6.3515e-07 
  3.8751e-07   2.2807e-07   1.2762e-07   6.8033e-08   3.4710e-08 
 -6.9903e-02   1.0501e-03 

########################
# 00000066
########################
RSS 610744.5937937452
BP 0:
a0:   3.5541e+00   e0:  -3.1222e+00   b0:   6.3125e+02   
P: 
  1.9592e+02   1.7517e+01   3.9933e+00   1.4320e+01  -6.8157e+00 
 -3.7848e+00   8.6789e+00   1.7997e+00  -9.5870e-01   1.6258e+00 
 -6.4164e-01  -1.3454e-01  -1.8853e-01   9.7146e-02   6.9744e-04 
 -1.9494e+00   3.0356e+01   2.4336e+01   3.4958e+01   1.6230e+01 
  1.7858e+01   7.6644e+00   1.2400e+00   4.4252e-01   1.0904e-01 
  2.0054e-02   2.2962e-03   2.5583e-03   1.0877e-03   7.9882e-05 
  4.1882e-05   4.4069e-05   2.6414e-06   1.1025e-06   6.3515e-07 
  3.8751e-07   2.2807e-07   1.2762e-07   6.8033e-08   3.4710e-08 
 -7.0626e-02   1.0438e-03 

########################
# 00000067
########################
RSS 611627.9997365912
BP 0:
a0:   3.6694e+00   e0:  -4.2853e+00   b0:   8.1080e+02   
P: 
  1.9592e+02   1.7517e+01   1.4927e+00   6.4129e+00  -6.8157e+00 
  1.7375e+01  -3.5402e+00   1.7997e+00  -1.4789e+00   3.6156e+00 
 -6.4164e-01  -1.4054e-01  -5.0403e-02   6.8023e-02  -2.8865e-02 
 -1.9494e+00   3.0356e+01   2.4336e+01   3.4958e+01   1.6230e+01 
  1.7858e+01   7.6644e+00   1.2400e+00   4.4252e-01   1.0904e-01 
  2.0054e-02   2.2962e-03   2.5583e-03   1.0877e-03   7.9882e-05 
  4.1882e-05   4.4069e-05   2.6414e-06   1.1025e-06   6.3515e-07 
  3.8751e-07   2.2807e-07   1.2762e-07   6.8033e-08   3.4710e-08 
 -6.9046e-02   1.0436e-03 

########################
# 00000068
########################
RSS 634953.225585921
BP 0:
a0:   3.5611e+00   e0:  -5.8164e+00   b0:   9.1958e+02   
P: 
  1.9592e+02   1.7517e+01   4.6705e+00  -1.7681e-01  -6.8157e+00 
 -3.7848e+00   1.0156e+01   1.7997e+00   6.9706e-01   1.6258e+00 
 -6.4164e-01  -2.9621e-01  -1.5461e-01   9.0046e-02  -1.4375e-04 
 -1.9494e+00   3.0356e+01   2.4336e+01   3.4958e+01   1.6230e+01 
  1.7858e+01   7.6644e+00   1.2400e+00   4.4252e-01   1.0904e-01 
  2.0054e-02   2.2962e-03   2.5583e-03   1.0877e-03   7.9882e-05 
  4.1882e-05   4.4069e-05   2.6414e-06   1.1025e-06   6.3515e-07 
  3.8751e-07   2.2807e-07   1.2762e-07   6.8033e-08   3.4710e-08 
 -6.9909e-02   1.0548e-03 

########################
# 00000069
########################
RSS 636140.2757347018
BP 0:
a0:   3.5347e+00   e0:  -5.6613e+00   b0:   9.5603e+02   
P: 
  1.9592e+02   1.7517e+01   1.9406e+00   3.9040e+00  -6.8157e+00 
 -3.7848e+00   1.4470e+01   1.7997e+00  -9.0496e-01   1.6258e+00 
 -6.4164e-01  -1.8497e-01  -2.2524e-01   9.9167e-02   3.1320e-03 
 -1.9494e+00   3.0356e+01   2.4336e+01   3.4958e+01   1.6230e+01 
  1.7858e+01   7.6644e+00   1.2400e+00   4.4252e-01   1.0904e-01 
  2.0054e-02   2.2962e-03   2.5583e-03   1.0877e-03   7.9882e-05 
  4.1882e-05   4.4069e-05   2.6414e-06   1.1025e-06   6.3515e-07 
  3.8751e-07   2.2807e-07   1.2762e-07   6.8033e-08   3.4710e-08 
 -7.0612e-02   1.0558e-03 

########################
# 00000070
########################
RSS 662400.0928242144
BP 0:
a0:   3.6922e+00   e0:  -6.6360e+00   b0:   8.0270e+02   
P: 
  1.9592e+02   1.7517e+01   1.4927e+00   6.4129e+00  -6.8157e+00 
  7.6262e+00   2.8559e+00   1.7997e+00  -1.4789e+00   3.8933e+00 
 -6.4164e-01  -1.4758e-01  -2.7279e-02   4.2995e-02  -3.0763e-02 
 -1.9494e+00   3.0356e+01   2.4336e+01   3.4958e+01   1.6230e+01 
  1.7858e+01   7.6644e+00   1.2400e+00   4.4252e-01   1.0904e-01 
  2.0054e-02   2.2962e-03   2.5583e-03   1.0877e-03   7.9882e-05 
  4.1882e-05   4.4069e-05   2.6414e-06   1.1025e-06   6.3515e-07 
  3.8751e-07   2.2807e-07   1.2762e-07   6.8033e-08   3.4710e-08 
 -6.8986e-02   1.0371e-03 

########################
# 00000071
########################
RSS 681760.742860697
BP 0:
a0:   3.6031e+00   e0:  -5.9064e+00   b0:   9.4691e+02   
P: 
  1.9592e+02   1.7517e+01   1.4927e+00   6.4129e+00  -6.8157e+00 
  2.1693e+00   1.0728e+01   1.7997e+00  -1.4789e+00   2.7979e+00 
 -6.4164e-01  -1.4961e-01  -2.6990e-01   1.1700e-01  -7.7852e-03 
 -1.9494e+00   3.0356e+01   2.4336e+01   3.4958e+01   1.6230e+01 
  1.7858e+01   7.6644e+00   1.2400e+00   4.4252e-01   1.0904e-01 
  2.0054e-02   2.2962e-03   2.5583e-03   1.0877e-03   7.9882e-05 
  4.1882e-05   4.4069e-05   2.6414e-06   1.1025e-06   6.3515e-07 
  3.8751e-07   2.2807e-07   1.2762e-07   6.8033e-08   3.4710e-08 
 -6.9751e-02   1.0560e-03 

########################
# 00000072
########################
RSS 684812.6537782243
BP 0:
a0:   3.6908e+00   e0:  -6.5128e+00   b0:   6.2791e+02   
P: 
  1.9592e+02   1.7517e+01   1.4927e+00   6.4129e+00  -6.8157e+00 
  1.2138e+01  -6.8562e+00   1.7997e+00  -1.4789e+00   4.6769e+00 
 -6.4164e-01  -2.6774e-01  -1.9867e-01   7.7147e-02  -8.6817e-03 
 -1.9494e+00   3.0356e+01   2.4336e+01   3.4958e+01   1.6230e+01 
  1.7858e+01   7.6644e+00   1.2400e+00   4.4252e-01   1.0904e-01 
  2.0054e-02   2.2962e-03   2.5583e-03   1.0877e-03   7.9882e-05 
  4.1882e-05   4.4069e-05   2.6414e-06   1.1025e-06   6.3515e-07 
  3.8751e-07   2.2807e-07   1.2762e-07   6.8033e-08   3.4710e-08 
 -6.9283e-02   1.0600e-03 

########################
# 00000073
########################
RSS 700360.3029343386
BP 0:
a0:   3.6560e+00   e0:  -3.9993e+00   b0:   1.0768e+03   
P: 
  1.9592e+02   1.7517e+01   4.6640e+00   1.5135e+00  -6.8157e+00 
 -3.7848e+00   5.7180e+00   1.7997e+00   2.5528e+00   1.6258e+00 
 -6.4164e-01  -2.9918e-01  -1.3629e-01   1.2642e-01  -1.6483e-02 
 -1.9494e+00   3.0356e+01   2.4336e+01   3.4958e+01   1.6230e+01 
  1.7858e+01   7.6644e+00   1.2400e+00   4.4252e-01   1.0904e-01 
  2.0054e-02   2.2962e-03   2.5583e-03   1.0877e-03   7.9882e-05 
  4.1882e-05   4.4069e-05   2.6414e-06   1.1025e-06   6.3515e-07 
  3.8751e-07   2.2807e-07   1.2762e-07   6.8033e-08   3.4710e-08 
 -6.9466e-02   1.0582e-03 

########################
# 00000074
########################
RSS 700550.953742506
BP 0:
a0:   3.3788e+00   e0:  -3.5886e+00   b0:   1.0480e+03   
P: 
  1.9592e+02   1.7517e+01   1.4927e+00   6.4129e+00  -6.8157e+00 
  1.7554e+01   2.9662e+00   1.7997e+00  -1.4789e+00  -1.7776e-03 
 -6.4164e-01   8.6200e-02  -1.3932e-01   8.3485e-02  -5.6867e-03 
 -1.9494e+00   3.0356e+01   2.4336e+01   3.4958e+01   1.6230e+01 
  1.7858e+01   7.6644e+00   1.2400e+00   4.4252e-01   1.0904e-01 
  2.0054e-02   2.2962e-03   2.5583e-03   1.0877e-03   7.9882e-05 
  4.1882e-05   4.4069e-05   2.6414e-06   1.1025e-06   6.3515e-07 
  3.8751e-07   2.2807e-07   1.2762e-07   6.8033e-08   3.4710e-08 
 -6.9352e-02   1.0529e-03 

########################
# 00000075
########################
RSS 713176.4928056172
BP 0:
a0:   3.7784e+00   e0:  -5.1561e+00   b0:   1.1677e+03   
P: 
  1.9592e+02   1.7517e+01   1.4927e+00   6.4129e+00  -6.8157e+00 
 -1.1168e+00   2.5498e-01   1.7997e+00  -1.4789e+00   4.9114e+00 
 -6.4164e-01  -1.3722e-01  -1.3764e-01   3.8551e-02  -1.0016e-02 
 -1.9494e+00   3.0356e+01   2.4336e+01   3.4958e+01   1.6230e+01 
  1.7858e+01   7.6644e+00   1.2400e+00   4.4252e-01   1.0904e-01 
  2.0054e-02   2.2962e-03   2.5583e-03   1.0877e-03   7.9882e-05 
  4.1882e-05   4.4069e-05   2.6414e-06   1.1025e-06   6.3515e-07 
  3.8751e-07   2.2807e-07   1.2762e-07   6.8033e-08   3.4710e-08 
 -6.8495e-02   1.0382e-03 

########################
# 00000076
########################
RSS 716433.2618049517
BP 0:
a0:   3.5783e+00   e0:  -4.4515e+00   b0:   1.1896e+03   
P: 
  1.9592e+02   1.7517e+01   1.4927e+00   6.4129e+00  -6.8157e+00 
  2.3406e+01  -1.0184e-01   1.7997e+00  -1.4789e+00   2.3202e+00 
 -6.4164e-01   2.1583e-01  -2.3501e-01   6.0602e-02  -1.1336e-02 
 -1.9494e+00   3.0356e+01   2.4336e+01   3.4958e+01   1.6230e+01 
  1.7858e+01   7.6644e+00   1.2400e+00   4.4252e-01   1.0904e-01 
  2.0054e-02   2.2962e-03   2.5583e-03   1.0877e-03   7.9882e-05 
  4.1882e-05   4.4069e-05   2.6414e-06   1.1025e-06   6.3515e-07 
  3.8751e-07   2.2807e-07   1.2762e-07   6.8033e-08   3.4710e-08 
 -6.9076e-02   1.0604e-03 

########################
# 00000077
########################
RSS 720717.1973949247
BP 0:
a0:   3.6164e+00   e0:  -6.0090e+00   b0:   1.1792e+03   
P: 
  1.9592e+02   1.7517e+01   2.7796e+00  -2.0172e-01  -6.8157e+00 
 -3.7848e+00   1.0126e+01   1.7997e+00   2.5089e+00   1.6258e+00 
 -6.4164e-01  -3.8226e-01  -1.0187e-01   6.8728e-02   2.5640e-03 
 -1.9494e+00   3.0356e+01   2.4336e+01   3.4958e+01   1.6230e+01 
  1.7858e+01   7.6644e+00   1.2400e+00   4.4252e-01   1.0904e-01 
  2.0054e-02   2.2962e-03   2.5583e-03   1.0877e-03   7.9882e-05 
  4.1882e-05   4.4069e-05   2.6414e-06   1.1025e-06   6.3515e-07 
  3.8751e-07   2.2807e-07   1.2762e-07   6.8033e-08   3.4710e-08 
 -7.0192e-02   1.0434e-03 

########################
# 00000078
########################
RSS 729829.1731971389
BP 0:
a0:   3.3283e+00   e0:  -6.2308e+00   b0:   1.1526e+03   
P: 
  1.9592e+02   1.7517e+01   1.4927e+00   6.4129e+00  -6.8157e+00 
  9.4093e-01   1.5443e+01   1.7997e+00  -1.4789e+00   1.2994e-02 
 -6.4164e-01  -4.5182e-01  -1.5261e-01   1.2342e-01   1.6882e-02 
 -1.9494e+00   3.0356e+01   2.4336e+01   3.4958e+01   1.6230e+01 
  1.7858e+01   7.6644e+00   1.2400e+00   4.4252e-01   1.0904e-01 
  2.0054e-02   2.2962e-03   2.5583e-03   1.0877e-03   7.9882e-05 
  4.1882e-05   4.4069e-05   2.6414e-06   1.1025e-06   6.3515e-07 
  3.8751e-07   2.2807e-07   1.2762e-07   6.8033e-08   3.4710e-08 
 -6.9508e-02   1.0490e-03 

########################
# 00000079
########################
RSS 731319.3056286944
BP 0:
a0:   3.7800e+00   e0:  -5.3736e+00   b0:   8.1238e+02   
P: 
  1.9592e+02   1.7517e+01   1.4927e+00   6.4129e+00  -6.8157e+00 
  5.9042e+00   1.5796e+00   1.7997e+00  -1.4789e+00   4.8334e+00 
 -6.4164e-01  -2.2112e-01  -8.8923e-02   1.8235e-02  -4.0707e-03 
 -1.9494e+00   3.0356e+01   2.4336e+01   3.4958e+01   1.6230e+01 
  1.7858e+01   7.6644e+00   1.2400e+00   4.4252e-01   1.0904e-01 
  2.0054e-02   2.2962e-03   2.5583e-03   1.0877e-03   7.9882e-05 
  4.1882e-05   4.4069e-05   2.6414e-06   1.1025e-06   6.3515e-07 
  3.8751e-07   2.2807e-07   1.2762e-07   6.8033e-08   3.4710e-08 
 -6.8295e-02   1.0642e-03 

########################
# 00000080
########################
RSS 737556.1880096806
BP 0:
a0:   3.6283e+00   e0:  -5.6711e+00   b0:   1.1740e+03   
P: 
  1.9592e+02   1.7517e+01   1.4927e+00   6.4129e+00  -6.8157e+00 
  1.9560e+01  -9.0424e-01   1.7997e+00  -1.4789e+00   4.1359e+00 
 -6.4164e-01  -3.1422e-01  -1.1643e-01   5.6270e-02  -5.6931e-03 
 -1.9494e+00   3.0356e+01   2.4336e+01   3.4958e+01   1.6230e+01 
  1.7858e+01   7.6644e+00   1.2400e+00   4.4252e-01   1.0904e-01 
  2.0054e-02   2.2962e-03   2.5583e-03   1.0877e-03   7.9882e-05 
  4.1882e-05   4.4069e-05   2.6414e-06   1.1025e-06   6.3515e-07 
  3.8751e-07   2.2807e-07   1.2762e-07   6.8033e-08   3.4710e-08 
 -6.8069e-02   1.0458e-03 

########################
# 00000081
########################
RSS 743613.6364560507
BP 0:
a0:   3.5492e+00   e0:  -5.9945e+00   b0:   4.1930e+02   
P: 
  1.9592e+02   1.7517e+01   3.1290e+00   6.6681e+00  -6.8157e+00 
 -3.7848e+00   2.0381e+00   1.7997e+00   1.7329e+00   1.6258e+00 
 -6.4164e-01  -3.3492e-01  -8.0578e-02   7.3424e-02  -5.2624e-03 
 -1.9494e+00   3.0356e+01   2.4336e+01   3.4958e+01   1.6230e+01 
  1.7858e+01   7.6644e+00   1.2400e+00   4.4252e-01   1.0904e-01 
  2.0054e-02   2.2962e-03   2.5583e-03   1.0877e-03   7.9882e-05 
  4.1882e-05   4.4069e-05   2.6414e-06   1.1025e-06   6.3515e-07 
  3.8751e-07   2.2807e-07   1.2762e-07   6.8033e-08   3.4710e-08 
 -7.0021e-02   1.0518e-03 

########################
# 00000082
########################
RSS 755749.7778045231
BP 0:
a0:   3.7515e+00   e0:  -5.2079e+00   b0:   8.4935e+02   
P: 
  1.9592e+02   1.7517e+01   1.4927e+00   6.4129e+00  -6.8157e+00 
  1.3218e+01  -2.7365e+00   1.7997e+00  -1.4789e+00   5.4013e+00 
 -6.4164e-01  -3.9311e-01  -2.0573e-01   7.9766e-02   9.7048e-04 
 -1.9494e+00   3.0356e+01   2.4336e+01   3.4958e+01   1.6230e+01 
  1.7858e+01   7.6644e+00   1.2400e+00   4.4252e-01   1.0904e-01 
  2.0054e-02   2.2962e-03   2.5583e-03   1.0877e-03   7.9882e-05 
  4.1882e-05   4.4069e-05   2.6414e-06   1.1025e-06   6.3515e-07 
  3.8751e-07   2.2807e-07   1.2762e-07   6.8033e-08   3.4710e-08 
 -6.8854e-02   1.0550e-03 

########################
# 00000083
########################
RSS 760403.1681647964
BP 0:
a0:   3.6346e+00   e0:  -2.8451e+00   b0:   2.6693e+02   
P: 
  1.9592e+02   1.7517e+01   7.8229e-01  -2.0502e-01  -6.8157e+00 
 -3.7848e+00   2.1837e+00   1.7997e+00   4.5476e-01   1.6258e+00 
 -6.4164e-01  -2.6017e-01  -1.5971e-01   1.2646e-01  -8.1992e-03 
 -1.9494e+00   3.0356e+01   2.4336e+01   3.4958e+01   1.6230e+01 
  1.7858e+01   7.6644e+00   1.2400e+00   4.4252e-01   1.0904e-01 
  2.0054e-02   2.2962e-03   2.5583e-03   1.0877e-03   7.9882e-05 
  4.1882e-05   4.4069e-05   2.6414e-06   1.1025e-06   6.3515e-07 
  3.8751e-07   2.2807e-07   1.2762e-07   6.8033e-08   3.4710e-08 
 -6.9518e-02   1.0578e-03 

########################
# 00000084
########################
RSS 760918.1876222366
BP 0:
a0:   3.5400e+00   e0:  -5.9974e+00   b0:   3.4841e+02   
P: 
  1.9592e+02   1.7517e+01   3.8992e+00   1.3627e+01  -6.8157e+00 
 -3.7848e+00   1.6763e+00   1.7997e+00   1.7238e+00   1.6258e+00 
 -6.4164e-01  -3.2075e-01  -1.0575e-01   7.4668e-02  -2.1453e-03 
 -1.9494e+00   3.0356e+01   2.4336e+01   3.4958e+01   1.6230e+01 
  1.7858e+01   7.6644e+00   1.2400e+00   4.4252e-01   1.0904e-01 
  2.0054e-02   2.2962e-03   2.5583e-03   1.0877e-03   7.9882e-05 
  4.1882e-05   4.4069e-05   2.6414e-06   1.1025e-06   6.3515e-07 
  3.8751e-07   2.2807e-07   1.2762e-07   6.8033e-08   3.4710e-08 
 -7.0490e-02   1.0443e-03 

########################
# 00000085
########################
RSS 761477.2324909286
BP 0:
a0:   3.8521e+00   e0:  -5.7203e+00   b0:   1.0091e+03   
P: 
  1.9592e+02   1.7517e+01   1.4927e+00   6.4129e+00  -6.8157e+00 
 -1.3591e+01   4.7260e+00   1.7997e+00  -1.4789e+00   6.0395e+00 
 -6.4164e-01  -8.5075e-01  -1.4404e-01   1.2756e-01   2.1828e-03 
 -1.9494e+00   3.0356e+01   2.4336e+01   3.4958e+01   1.6230e+01 
  1.7858e+01   7.6644e+00   1.2400e+00   4.4252e-01   1.0904e-01 
  2.0054e-02   2.2962e-03   2.5583e-03   1.0877e-03   7.9882e-05 
  4.1882e-05   4.4069e-05   2.6414e-06   1.1025e-06   6.3515e-07 
  3.8751e-07   2.2807e-07   1.2762e-07   6.8033e-08   3.4710e-08 
 -6.9808e-02   1.0341e-03 

########################
# 00000086
########################
RSS 778512.8625827716
BP 0:
a0:   3.6138e+00   e0:  -6.1351e+00   b0:   4.0690e+02   
P: 
  1.9592e+02   1.7517e+01   4.1643e+00  -1.2588e-01  -6.8157e+00 
 -3.7848e+00   6.5969e-01   1.7997e+00   2.2063e+00   1.6258e+00 
 -6.4164e-01  -2.5712e-01  -9.5714e-02   7.6233e-02  -1.1097e-02 
 -1.9494e+00   3.0356e+01   2.4336e+01   3.4958e+01   1.6230e+01 
  1.7858e+01   7.6644e+00   1.2400e+00   4.4252e-01   1.0904e-01 
  2.0054e-02   2.2962e-03   2.5583e-03   1.0877e-03   7.9882e-05 
  4.1882e-05   4.4069e-05   2.6414e-06   1.1025e-06   6.3515e-07 
  3.8751e-07   2.2807e-07   1.2762e-07   6.8033e-08   3.4710e-08 
 -7.0237e-02   1.0430e-03 

########################
# 00000087
########################
RSS 794137.7082996551
BP 0:
a0:   3.4048e+00   e0:  -3.3682e+00   b0:   1.0094e+03   
P: 
  1.9592e+02   1.7517e+01   1.4927e+00   6.4129e+00  -6.8157e+00 
  4.5269e+00   1.1339e+01   1.7997e+00  -1.4789e+00   4.9347e-01 
 -6.4164e-01  -2.6745e-01  -2.6349e-01   1.4224e-01   1.6774e-02 
 -1.9494e+00   3.0356e+01   2.4336e+01   3.4958e+01   1.6230e+01 
  1.7858e+01   7.6644e+00   1.2400e+00   4.4252e-01   1.0904e-01 
  2.0054e-02   2.2962e-03   2.5583e-03   1.0877e-03   7.9882e-05 
  4.1882e-05   4.4069e-05   2.6414e-06   1.1025e-06   6.3515e-07 
  3.8751e-07   2.2807e-07   1.2762e-07   6.8033e-08   3.4710e-08 
 -6.9880e-02   1.0597e-03 

########################
# 00000088
########################
RSS 794763.6525429562
BP 0:
a0:   3.6251e+00   e0:  -4.0187e+00   b0:   9.7054e+02   
P: 
  1.9592e+02   1.7517e+01   3.1691e+00   3.6505e-01  -6.8157e+00 
 -3.7848e+00   1.5269e+01   1.7997e+00  -5.8325e-01   1.6258e+00 
 -6.4164e-01  -4.0791e-02  -2.0297e-01   1.0485e-01  -1.1267e-02 
 -1.9494e+00   3.0356e+01   2.4336e+01   3.4958e+01   1.6230e+01 
  1.7858e+01   7.6644e+00   1.2400e+00   4.4252e-01   1.0904e-01 
  2.0054e-02   2.2962e-03   2.5583e-03   1.0877e-03   7.9882e-05 
  4.1882e-05   4.4069e-05   2.6414e-06   1.1025e-06   6.3515e-07 
  3.8751e-07   2.2807e-07   1.2762e-07   6.8033e-08   3.4710e-08 
 -7.0279e-02   1.0590e-03 

########################
# 00000089
########################
RSS 808895.7745679589
BP 0:
a0:   3.6715e+00   e0:  -6.6814e+00   b0:   7.9172e+02   
P: 
  1.9592e+02   1.7517e+01   1.4927e+00   6.4129e+00  -6.8157e+00 
  1.4781e+01  -1.0563e+00   1.7997e+00  -1.4789e+00   3.7298e+00 
 -6.4164e-01   1.5872e-01  -2.2827e-01   3.4292e-02  -1.3086e-02 
 -1.9494e+00   3.0356e+01   2.4336e+01   3.4958e+01   1.6230e+01 
  1.7858e+01   7.6644e+00   1.2400e+00   4.4252e-01   1.0904e-01 
  2.0054e-02   2.2962e-03   2.5583e-03   1.0877e-03   7.9882e-05 
  4.1882e-05   4.4069e-05   2.6414e-06   1.1025e-06   6.3515e-07 
  3.8751e-07   2.2807e-07   1.2762e-07   6.8033e-08   3.4710e-08 
 -6.8691e-02   1.0564e-03 

########################
# 00000090
########################
RSS 817266.8853982681
BP 0:
a0:   3.7390e+00   e0:  -7.4915e+00   b0:   1.3932e+03   
P: 
  1.9592e+02   1.7517e+01   1.4927e+00   6.4129e+00  -6.8157e+00 
 -4.6992e-01   8.3449e+00   1.7997e+00  -1.4789e+00   6.0086e+00 
 -6.4164e-01  -4.8935e-01  -1.1746e-01   5.7277e-02  -9.4692e-03 
 -1.9494e+00   3.0356e+01   2.4336e+01   3.4958e+01   1.6230e+01 
  1.7858e+01   7.6644e+00   1.2400e+00   4.4252e-01   1.0904e-01 
  2.0054e-02   2.2962e-03   2.5583e-03   1.0877e-03   7.9882e-05 
  4.1882e-05   4.4069e-05   2.6414e-06   1.1025e-06   6.3515e-07 
  3.8751e-07   2.2807e-07   1.2762e-07   6.8033e-08   3.4710e-08 
 -6.9364e-02   1.0435e-03 

########################
# 00000091
########################
RSS 822284.1969767365
BP 0:
a0:   3.5224e+00   e0:  -2.6770e+00   b0:   2.3039e+02   
P: 
  1.9592e+02   1.7517e+01   1.4927e+00   6.4129e+00  -6.8157e+00 
  1.8630e+01  -1.0028e+01   1.7997e+00  -1.4789e+00   2.2939e+00 
 -6.4164e-01   1.8026e-02  -4.0654e-02   6.2228e-02  -2.6069e-02 
 -1.9494e+00   3.0356e+01   2.4336e+01   3.4958e+01   1.6230e+01 
  1.7858e+01   7.6644e+00   1.2400e+00   4.4252e-01   1.0904e-01 
  2.0054e-02   2.2962e-03   2.5583e-03   1.0877e-03   7.9882e-05 
  4.1882e-05   4.4069e-05   2.6414e-06   1.1025e-06   6.3515e-07 
  3.8751e-07   2.2807e-07   1.2762e-07   6.8033e-08   3.4710e-08 
 -6.8128e-02   1.0510e-03 

########################
# 00000092
########################
RSS 833915.2472192812
BP 0:
a0:   3.3764e+00   e0:  -6.1086e+00   b0:   1.1177e+03   
P: 
  1.9592e+02   1.7517e+01   1.4927e+00   6.4129e+00  -6.8157e+00 
  2.1060e+01  -1.5871e+00   1.7997e+00  -1.4789e+00   1.5004e+00 
 -6.4164e-01  -4.3141e-01  -7.6258e-03   7.7231e-02  -3.7386e-03 
 -1.9494e+00   3.0356e+01   2.4336e+01   3.4958e+01   1.6230e+01 
  1.7858e+01   7.6644e+00   1.2400e+00   4.4252e-01   1.0904e-01 
  2.0054e-02   2.2962e-03   2.5583e-03   1.0877e-03   7.9882e-05 
  4.1882e-05   4.4069e-05   2.6414e-06   1.1025e-06   6.3515e-07 
  3.8751e-07   2.2807e-07   1.2762e-07   6.8033e-08   3.4710e-08 
 -6.8939e-02   1.0358e-03 

########################
# 00000093
########################
RSS 852290.9356920604
BP 0:
a0:   3.5057e+00   e0:  -4.8490e+00   b0:   1.4048e+03   
P: 
  1.9592e+02   1.7517e+01   1.4927e+00   6.4129e+00  -6.8157e+00 
  2.5769e+01   1.5632e+00   1.7997e+00  -1.4789e+00   1.3140e+00 
 -6.4164e-01   1.1148e-01  -1.3073e-01   5.3276e-02  -1.2200e-02 
 -1.9494e+00   3.0356e+01   2.4336e+01   3.4958e+01   1.6230e+01 
  1.7858e+01   7.6644e+00   1.2400e+00   4.4252e-01   1.0904e-01 
  2.0054e-02   2.2962e-03   2.5583e-03   1.0877e-03   7.9882e-05 
  4.1882e-05   4.4069e-05   2.6414e-06   1.1025e-06   6.3515e-07 
  3.8751e-07   2.2807e-07   1.2762e-07   6.8033e-08   3.4710e-08 
 -6.9302e-02   1.0396e-03 

########################
# 00000094
########################
RSS 854554.566956277
BP 0:
a0:   3.7332e+00   e0:  -7.2389e+00   b0:   1.1785e+03   
P: 
  1.9592e+02   1.7517e+01   1.4927e+00   6.4129e+00  -6.8157e+00 
  2.2655e+01  -5.0083e+00   1.7997e+00  -1.4789e+00   5.8226e+00 
 -6.4164e-01  -2.2763e-02  -2.2933e-01   3.0332e-02  -1.2338e-02 
 -1.9494e+00   3.0356e+01   2.4336e+01   3.4958e+01   1.6230e+01 
  1.7858e+01   7.6644e+00   1.2400e+00   4.4252e-01   1.0904e-01 
  2.0054e-02   2.2962e-03   2.5583e-03   1.0877e-03   7.9882e-05 
  4.1882e-05   4.4069e-05   2.6414e-06   1.1025e-06   6.3515e-07 
  3.8751e-07   2.2807e-07   1.2762e-07   6.8033e-08   3.4710e-08 
 -6.9330e-02   1.0517e-03 

########################
# 00000095
########################
RSS 857487.0193773237
BP 0:
a0:   2.9031e+00   e0:  -6.6438e+00   b0:   5.7176e+01   
P: 
  1.9592e+02   1.7517e+01   2.8599e+00   1.4400e+01  -6.8157e+00 
 -3.7848e+00   3.2980e+00   1.7997e+00   2.1391e-01   1.6258e+00 
 -6.4164e-01  -3.6882e-01  -1.4807e-01   1.1168e-01  -3.0036e-03 
 -1.9494e+00   3.0356e+01   2.4336e+01   3.4958e+01   1.6230e+01 
  1.7858e+01   7.6644e+00   1.2400e+00   4.4252e-01   1.0904e-01 
  2.0054e-02   2.2962e-03   2.5583e-03   1.0877e-03   7.9882e-05 
  4.1882e-05   4.4069e-05   2.6414e-06   1.1025e-06   6.3515e-07 
  3.8751e-07   2.2807e-07   1.2762e-07   6.8033e-08   3.4710e-08 
 -7.0379e-02   1.0478e-03 

########################
# 00000096
########################
RSS 863906.9553471877
BP 0:
a0:   3.6571e+00   e0:  -3.5294e+00   b0:   7.9526e+02   
P: 
  1.9592e+02   1.7517e+01   1.0124e+00   1.3629e+01  -6.8157e+00 
 -3.7848e+00   8.9599e+00   1.7997e+00   3.7490e-04   1.6258e+00 
 -6.4164e-01  -2.5681e-02  -7.2597e-02   7.1299e-02  -2.1381e-02 
 -1.9494e+00   3.0356e+01   2.4336e+01   3.4958e+01   1.6230e+01 
  1.7858e+01   7.6644e+00   1.2400e+00   4.4252e-01   1.0904e-01 
  2.0054e-02   2.2962e-03   2.5583e-03   1.0877e-03   7.9882e-05 
  4.1882e-05   4.4069e-05   2.6414e-06   1.1025e-06   6.3515e-07 
  3.8751e-07   2.2807e-07   1.2762e-07   6.8033e-08   3.4710e-08 
 -6.9930e-02   1.0451e-03 

########################
# 00000097
########################
RSS 897921.9955993614
BP 0:
a0:   3.3996e+00   e0:  -5.8248e+00   b0:   1.3759e+03   
P: 
  1.9592e+02   1.7517e+01   1.4927e+00   6.4129e+00  -6.8157e+00 
  1.0128e+01   1.2898e+01   1.7997e+00  -1.4789e+00  -3.1066e-01 
 -6.4164e-01   9.8982e-03  -2.1807e-01   1.2837e-01  -8.6854e-03 
 -1.9494e+00   3.0356e+01   2.4336e+01   3.4958e+01   1.6230e+01 
  1.7858e+01   7.6644e+00   1.2400e+00   4.4252e-01   1.0904e-01 
  2.0054e-02   2.2962e-03   2.5583e-03   1.0877e-03   7.9882e-05 
  4.1882e-05   4.4069e-05   2.6414e-06   1.1025e-06   6.3515e-07 
  3.8751e-07   2.2807e-07   1.2762e-07   6.8033e-08   3.4710e-08 
 -6.9455e-02   1.0500e-03 

########################
# 00000098
########################
RSS 902562.0696584574
BP 0:
a0:   3.5934e+00   e0:  -6.2712e+00   b0:   4.6609e+02   
P: 
  1.9592e+02   1.7517e+01   1.4927e+00   6.4129e+00  -6.8157e+00 
  1.1139e+01  -4.7788e+00   1.7997e+00  -1.4789e+00   3.5828e+00 
 -6.4164e-01  -1.6329e-01  -9.8384e-02   1.2937e-02   3.2911e-04 
 -1.9494e+00   3.0356e+01   2.4336e+01   3.4958e+01   1.6230e+01 
  1.7858e+01   7.6644e+00   1.2400e+00   4.4252e-01   1.0904e-01 
  2.0054e-02   2.2962e-03   2.5583e-03   1.0877e-03   7.9882e-05 
  4.1882e-05   4.4069e-05   2.6414e-06   1.1025e-06   6.3515e-07 
  3.8751e-07   2.2807e-07   1.2762e-07   6.8033e-08   3.4710e-08 
 -6.8028e-02   1.0287e-03 

########################
# 00000099
########################
RSS 916043.3328312999
BP 0:
a0:   3.6830e+00   e0:  -4.5267e+00   b0:   1.0949e+03   
P: 
  1.9592e+02   1.7517e+01   4.7909e+00   5.0522e+00  -6.8157e+00 
 -3.7848e+00   9.8785e+00   1.7997e+00   2.4714e+00   1.6258e+00 
 -6.4164e-01  -1.4917e-01  -1.5783e-01   9.2554e-02  -1.1233e-02 
 -1.9494e+00   3.0356e+01   2.4336e+01   3.4958e+01   1.6230e+01 
  1.7858e+01   7.6644e+00   1.2400e+00   4.4252e-01   1.0904e-01 
  2.0054e-02   2.2962e-03   2.5583e-03   1.0877e-03   7.9882e-05 
  4.1882e-05   4.4069e-05   2.6414e-06   1.1025e-06   6.3515e-07 
  3.8751e-07   2.2807e-07   1.2762e-07   6.8033e-08   3.4710e-08 
 -6.9415e-02   1.0558e-03 

########################
# 00000100
########################
RSS 919053.4898375811
BP 0:
a0:   3.6341e+00   e0:  -3.6258e+00   b0:   8.4529e+02   
P: 
  1.9592e+02   1.7517e+01   1.4927e+00   6.4129e+00  -6.8157e+00 
  9.5033e+00   2.8488e+00   1.7997e+00  -1.4789e+00   3.4894e+00 
 -6.4164e-01  -3.7125e-01  -2.5031e-01   1.2977e-01   2.9966e-03 
 -1.9494e+00   3.0356e+01   2.4336e+01   3.4958e+01   1.6230e+01 
  1.7858e+01   7.6644e+00   1.2400e+00   4.4252e-01   1.0904e-01 
  2.0054e-02   2.2962e-03   2.5583e-03   1.0877e-03   7.9882e-05 
  4.1882e-05   4.4069e-05   2.6414e-06   1.1025e-06   6.3515e-07 
  3.8751e-07   2.2807e-07   1.2762e-07   6.8033e-08   3.4710e-08 
 -7.0052e-02   1.0507e-03 

