##############################################################################################################################
FORCE RESULTS
Config Count: 1
##############################################################################################################################

##################
Config 0
##################
1:          0.0                0.0                0.0                
1:          0.0                0.0                0.0                
1:          0.0                0.0                0.0                
1:          0.0                0.0                0.0                
1:          0.0                0.0                0.0                
1:          0.0                0.0                0.0                
1:          0.0                0.0                0.0                
1:          0.0                0.0                0.0                
1:          0.0                0.0                0.0                
1:          0.0                0.0                0.0                
1:          0.0                0.0                0.0                
1:          0.0                0.0                0.0                
1:          0.0                0.0                0.0                
1:          0.0                0.0                0.0                
1:          0.0                0.0                0.0                
1:          0.0                0.0                0.0                
1:          0.0                0.0                0.0                
1:          0.0                0.0                0.0                
1:          0.0                0.0                0.0                
1:          0.0                0.0                0.0                
1:          0.0                0.0                0.0                
1:          0.0                0.0                0.0                
1:          0.0                0.0                0.0                
1:          0.0                0.0                0.0                
1:          0.0                0.0                0.0                
1:          0.0                0.0                0.0                
1:          0.0                0.0                0.0                
1:          0.0                0.0                0.0                
1:          0.0                0.0                0.0                
1:          0.0                0.0                0.0                
1:          0.0                0.0                0.0                
1:          0.0                0.0                0.0                
1:          0.0                0.0                0.0                
1:          0.0                0.0                0.0                
1:          0.0                0.0                0.0                
1:          0.0                0.0                0.0                
1:          0.0                0.0                0.0                
1:          0.0                0.0                0.0                
1:          0.0                0.0                0.0                
1:          0.0                0.0                0.0                
1:          0.0                0.0                0.0                
1:          0.0                0.0                0.0                
1:          0.0                0.0                0.0                
1:          0.0                0.0                0.0                
1:          0.0                0.0                0.0                
1:          0.0                0.0                0.0                
1:          0.0                0.0                0.0                
1:          0.0                0.0                0.0                
1:          0.0                0.0                0.0                
1:          0.0                0.0                0.0                
1:          0.0                0.0                0.0                
1:          0.0                0.0                0.0                
1:          0.0                0.0                0.0                
1:          0.0                0.0                0.0                
1:          0.0                0.0                0.0                
1:          0.0                0.0                0.0                
1:          0.0                0.0                0.0                
1:          0.0                0.0                0.0                
1:          0.0                0.0                0.0                
1:          0.0                0.0                0.0                
1:          0.0                0.0                0.0                
1:          0.0                0.0                0.0                
1:          0.0                0.0                0.0                
1:          0.0                0.0                0.0                
1:          0.0                0.0                0.0                
1:          0.0                0.0                0.0                
1:          0.0                0.0                0.0                
1:          0.0                0.0                0.0                
1:          0.0                0.0                0.0                
1:          0.0                0.0                0.0                
1:          0.0                0.0                0.0                
1:          0.0                0.0                0.0                
1:          0.0                0.0                0.0                
1:          0.0                0.0                0.0                
1:          0.0                0.0                0.0                
1:          0.0                0.0                0.0                
1:          0.0                0.0                0.0                
1:          0.0                0.0                0.0                
1:          0.0                0.0                0.0                
1:          0.0                0.0                0.0                
1:          0.0                0.0                0.0                
1:          0.0                0.0                0.0                
1:          0.0                0.0                0.0                
1:          0.0                0.0                0.0                
1:          0.0                0.0                0.0                
1:          0.0                0.0                0.0                
1:          0.0                0.0                0.0                
1:          0.0                0.0                0.0                
1:          0.0                0.0                0.0                
1:          0.0                0.0                0.0                
1:          0.0                0.0                0.0                
1:          0.0                0.0                0.0                
1:          0.0                0.0                0.0                
1:          0.0                0.0                0.0                
1:          0.0                0.0                0.0                
1:          0.0                0.0                0.0                
1:          0.0                0.0                0.0                
1:          0.0                0.0                0.0                
1:          0.0                0.0                0.0                
1:          0.0                0.0                0.0                
1:          0.0                0.0                0.0                
1:          0.0                0.0                0.0                
1:          0.0                0.0                0.0                
1:          0.0                0.0                0.0                
1:          0.0                0.0                0.0                
1:          0.0                0.0                0.0                
1:          0.0                0.0                0.0                
1:          0.0                0.0                0.0                
1:          0.0                0.0                0.0                
1:          0.0                0.0                0.0                
1:          0.0                0.0                0.0                
1:          0.0                0.0                0.0                
1:          0.0                0.0                0.0                
1:          0.0                0.0                0.0                
1:          0.0                0.0                0.0                
1:          0.0                0.0                0.0                
1:          0.0                0.0                0.0                
1:          0.0                0.0                0.0                
1:          0.0                0.0                0.0                
1:          0.0                0.0                0.0                
1:          0.0                0.0                0.0                
1:          0.0                0.0                0.0                
1:          0.0                0.0                0.0                
1:          0.0                0.0                0.0                
1:          0.0                0.0                0.0                
1:          0.0                0.0                0.0                
1:          0.0                0.0                0.0                
1:          0.0                0.0                0.0                
1:          0.0                0.0                0.0                
1:          0.0                0.0                0.0                
1:          0.0                0.0                0.0                
1:          0.0                0.0                0.0                
1:          0.0                0.0                0.0                
1:          0.0                0.0                0.0                
1:          0.0                0.0                0.0                
1:          0.0                0.0                0.0                
1:          0.0                0.0                0.0                
1:          0.0                0.0                0.0                
1:          0.0                0.0                0.0                
1:          0.0                0.0                0.0                
1:          0.0                0.0                0.0                
1:          0.0                0.0                0.0                
1:          0.0                0.0                0.0                
1:          0.0                0.0                0.0                
1:          0.0                0.0                0.0                
1:          0.0                0.0                0.0                
1:          0.0                0.0                0.0                
1:          0.0                0.0                0.0                
1:          0.0                0.0                0.0                
1:          0.0                0.0                0.0                
1:          0.0                0.0                0.0                
1:          0.0                0.0                0.0                
1:          0.0                0.0                0.0                
1:          0.0                0.0                0.0                
1:          0.0                0.0                0.0                
1:          0.0                0.0                0.0                
1:          0.0                0.0                0.0                
1:          0.0                0.0                0.0                
1:          0.0                0.0                0.0                
1:          0.0                0.0                0.0                
1:          0.0                0.0                0.0                
1:          0.0                0.0                0.0                
1:          0.0                0.0                0.0                
1:          0.0                0.0                0.0                
1:          0.0                0.0                0.0                
1:          0.0                0.0                0.0                
1:          0.0                0.0                0.0                
1:          0.0                0.0                0.0                
1:          0.0                0.0                0.0                
1:          0.0                0.0                0.0                
1:          0.0                0.0                0.0                
1:          0.0                0.0                0.0                
1:          0.0                0.0                0.0                
1:          0.0                0.0                0.0                
1:          0.0                0.0                0.0                
1:          0.0                0.0                0.0                
1:          0.0                0.0                0.0                
1:          0.0                0.0                0.0                
1:          0.0                0.0                0.0                
1:          0.0                0.0                0.0                
1:          0.0                0.0                0.0                
1:          0.0                0.0                0.0                
1:          0.0                0.0                0.0                
1:          0.0                0.0                0.0                
1:          0.0                0.0                0.0                
1:          0.0                0.0                0.0                
1:          0.0                0.0                0.0                
1:          0.0                0.0                0.0                
1:          0.0                0.0                0.0                
1:          0.0                0.0                0.0                
1:          0.0                0.0                0.0                
1:          0.0                0.0                0.0                
1:          0.0                0.0                0.0                
1:          0.0                0.0                0.0                
1:          0.0                0.0                0.0                
1:          0.0                0.0                0.0                
1:          0.0                0.0                0.0                
1:          0.0                0.0                0.0                
1:          0.0                0.0                0.0                
1:          0.0                0.0                0.0                
1:          0.0                0.0                0.0                
1:          0.0                0.0                0.0                
1:          0.0                0.0                0.0                
1:          0.0                0.0                0.0                
1:          0.0                0.0                0.0                
1:          0.0                0.0                0.0                
1:          0.0                0.0                0.0                
1:          0.0                0.0                0.0                
1:          0.0                0.0                0.0                
1:          0.0                0.0                0.0                
1:          0.0                0.0                0.0                
1:          0.0                0.0                0.0                
1:          0.0                0.0                0.0                
1:          0.0                0.0                0.0                
1:          0.0                0.0                0.0                
1:          0.0                0.0                0.0                
1:          0.0                0.0                0.0                
1:          0.0                0.0                0.0                
1:          0.0                0.0                0.0                
1:          0.0                0.0                0.0                
1:          0.0                0.0                0.0                
1:          0.0                0.0                0.0                
1:          0.0                0.0                0.0                
1:          0.0                0.0                0.0                
1:          0.0                0.0                0.0                
1:          0.0                0.0                0.0                
1:          0.0                0.0                0.0                
1:          0.0                0.0                0.0                
1:          0.0                0.0                0.0                
1:          0.0                0.0                0.0                
1:          0.0                0.0                0.0                
1:          0.0                0.0                0.0                
1:          0.0                0.0                0.0                
1:          0.0                0.0                0.0                
1:          0.0                0.0                0.0                
1:          0.0                0.0                0.0                
1:          0.0                0.0                0.0                
1:          0.0                0.0                0.0                
1:          0.0                0.0                0.0                
1:          0.0                0.0                0.0                
1:          0.0                0.0                0.0                
1:          0.0                0.0                0.0                
1:          0.0                0.0                0.0                
1:          0.0                0.0                0.0                
1:          0.0                0.0                0.0                
1:          0.0                0.0                0.0                
1:          0.0                0.0                0.0                
1:          0.0                0.0                0.0                
1:          0.0                0.0                0.0                
1:          0.0                0.0                0.0                
1:          0.0                0.0                0.0                
1:          0.0                0.0                0.0                
1:          0.0                0.0                0.0                
1:          0.0                0.0                0.0                
1:          0.0                0.0                0.0                
1:          0.0                0.0                0.0                


##############################################################################################################################
