RSS:  
182.40810294721308

P:  
0.655209050963
0.546021684501
1.33379633377
-0.0660030072623
-0.0719885621681
-6.19155829058e-06
0.0613595227246
0.0231764296913
-0.00602492371219
1.12980731831
0.836876892686
0.049827313016
0.0372310282942
0.0480659648318
0.0104670820135
0.0161779198877
-0.0222616747519
-0.0029896976887
-0.00145993088711
-1.97670293308
30.6673488154
24.1515525948
35.2884327352
15.9615789645
17.7613211662
7.64451009567
1.24245642565
0.442660270473
0.10840649055
0.0202528804039
0.00229015058269
0.00257614232894
0.00109160512149
8.07666038628e-05
4.16380181938e-05
4.37168568492e-05
-5.30407542405
3.91570884336
1.10929878549
-0.680400418073
-0.25993578078
-0.0159858866989
-0.196474313199
0.00323825834326
-0.0169571512618
0.0108956511299
0.0191173947589
0.610731933069
-1.06382690959
0.0820764791146
0.433616383206
0.129080772793
0.0151384964841
0.017112921643
-0.0110234475676
-0.00112008410663
-0.00299968210976
-1.9642699567
30.6226668251
23.9302773266
35.3412880899
16.0812890461
17.7155844778
7.72901795435
1.23135500842
0.436947612146
0.110761625883
0.019847635765
0.00231041785194
0.002567482132
0.00108854575745
7.95908965657e-05
4.14381085237e-05
4.44098580306e-05
-20.5688807387
11.3680751809
1.07427833939
0.214317567734
2.98810325355
-0.101340013661
-0.153633437241
0.00299718700214
0.0103885603836
0.0739500302651
0.0661926873705
1.40364054647
0.0135068659059
0.15799551182
0.0316237155344
0.050981900456
0.0118170182438
0.0249893311495
-0.00724210560969
6.0765218016e-06
-0.000959888962115

Known:
a0:     3.42
e0:     -4.27
B0:     221.99999999938152
EC:     365.600 141.600 141.600  0.000  0.000  0.000 
        141.600 365.600 141.600  0.000  0.000  0.000 
        141.600 141.600 365.600  0.000  0.000  0.000 
         0.000  0.000  0.000 186.000  0.000  0.000 
         0.000  0.000  0.000  0.000 186.000  0.000 
         0.000  0.000  0.000  0.000  0.000 186.000 

Known:
a0:     3.89
e0:     -3.91
B0:     179.99999999949853
EC:     234.000 176.000 176.000  0.000  0.000  0.000 
        176.000 234.000 176.000  0.000  0.000  0.000 
        176.000 176.000 234.000  0.000  0.000  0.000 
         0.000  0.000  0.000 71.200  0.000  0.000 
         0.000  0.000  0.000  0.000 71.200  0.000 
         0.000  0.000  0.000  0.000  0.000 71.200 

Calculated:
a0:     3.4007078645329445
e0:     -4.313816582536468
B0:     242.40255500522517
EC:     310.083 180.461 180.461  0.000  0.000  0.000 
        180.461 310.083 180.461  0.000  0.000  0.000 
        180.461 180.461 310.083  0.000  0.000  0.000 
         0.000  0.000  0.000 195.157  0.000  0.000 
         0.000  0.000  0.000  0.000 195.157  0.000 
         0.000  0.000  0.000  0.000  0.000 195.157 

Calculated:
a0:     3.810440673385404
e0:     -3.8113483830577324
B0:     162.8486945559324
EC:     278.140 138.639 138.639  0.000  0.000  0.000 
        138.639 278.140 138.639  0.000  0.000  0.000 
        138.639 138.639 278.140  0.000  0.000  0.000 
         0.000  0.000  0.000 126.016  0.000  0.000 
         0.000  0.000  0.000  0.000 126.016  0.000 
         0.000  0.000  0.000  0.000  0.000 126.016 



