RSS:  
39242492.15311136

P:  
-0.392179921151
0.383235304121
-0.377843459982
-0.460774619004
0.269793125572
0.193549718956
0.0468616544664
0.0830729444637
-0.154069320793
-0.0745083057237
0.030731157778
0.0796752022786
0.0364454639647
0.0377497373811
0.0433552215507
0.0123930132281
-0.00241906637635
-0.00679499509941
-0.00729427766567
-0.00096277132771
-0.00829661791705
-0.000477737167653
-0.00045535821911
1.03787439828e-05
-5.29808089282e-05
7.44099796719e-05
1.67384090164
1.09897480946
0.807325278578
1.49359707585
1.78017621541
0.0203601029132
-0.0642911871119
0.493454671143
0.0545938767575
0.00260065484129
0.00858335825515
0.0194071721232
0.00125425693316
0.00806817578591
0.000793502347729
0.0
0.0745606600948
-0.454110005332
-1.91389160483
-0.892684735271
-0.739554762976
-0.468512864573
-1.4791338406
-0.189375243421
-1.46746667704
-2.42253869544
-0.694791506373
-2.91022508551
-0.163360542081
-2.72789964004
-2.43071601243
-1.45466191404
-2.19560940649
-0.297449406307
-2.82042549295
-1.70861247954
-0.446573005788
-1.06584084459
-2.20100041505

EFS Density:
7.92003332414504

BP Density:
7.733828992259447


Known:
a0:     3.42
e0:     -4.27
B0:     210.99999999941215
EC:     365.000 137.000 137.000  0.000  0.000  0.000 
        137.000 365.000 137.000  0.000  0.000  0.000 
        137.000 137.000 365.000  0.000  0.000  0.000 
         0.000  0.000  0.000 186.000  0.000  0.000 
         0.000  0.000  0.000  0.000 186.000  0.000 
         0.000  0.000  0.000  0.000  0.000 186.000 

Calculated:
a0:     3.3000814418029756
e0:     -17.300888907147865
B0:     2416.349721939271
EC:     8160.683 854.989 854.989  0.000  0.000  0.000 
        854.989 8160.683 854.989  0.000  0.000  0.000 
        854.989 854.989 8160.683  0.000  0.000  0.000 
         0.000  0.000  0.000 1336.051  0.000  0.000 
         0.000  0.000  0.000  0.000 1336.051  0.000 
         0.000  0.000  0.000  0.000  0.000 1336.051 

Known:
a0:     2.86
e0:     -4.32
B0:     169.99999999952638
EC:     243.000 145.000 145.000  0.000  0.000  0.000 
        145.000 243.000 145.000  0.000  0.000  0.000 
        145.000 145.000 243.000  0.000  0.000  0.000 
         0.000  0.000  0.000 116.000  0.000  0.000 
         0.000  0.000  0.000  0.000 116.000  0.000 
         0.000  0.000  0.000  0.000  0.000 116.000 

Calculated:
a0:     2.641058798761906
e0:     -13.859225379183158
B0:     1645.9388645483964
EC:     9392.153 577.437 577.437  0.000  0.000  0.000 
        577.437 9392.153 577.437  0.000  0.000  0.000 
        577.437 577.437 9392.153  0.000  0.000  0.000 
         0.000  0.000  0.000 1199.492  0.000  0.000 
         0.000  0.000  0.000  0.000 1199.492  0.000 
         0.000  0.000  0.000  0.000  0.000 1199.492 




RSS Details:  
===============================  
Total:      39242492.15311136
a0:         0.0623157101996
e0:         260.800886545
b0:         274.285026444
ec:         17338.3878577
g:          0.0
e:          0.0
v:          0.0
a0 (w):     1557.89275499
e0 (w):     6520022.16363
b0 (w):     274285.026444
ec (w):     17338387.8577
g (w):      0.0
e (w):      0.0
v (w):      0.0


