RSS:  
788.2886739453025

P:  
-36.5540536943
21.8144454622
-1.06882955227
2.17017966425
6.69737742394
2.58940859512
8.29763238337
-0.556459419716
-5.65030529508
3.78427535852
0.264082774201
0.062236557983
-0.00344996782068
-0.180560254415
0.124961363986
-0.0322144195924
0.000541478517592
0.0
-1.94938564301
30.3556213379
24.3362083435
34.9576034546
16.2302913666
17.857875824
7.66438293457
1.23997938633
0.442521393299
0.109044238925
0.0200536046177
0.00229621282779
0.00255827326328
0.00108765787445
7.98819164629e-05
4.18824820372e-05
4.40689618699e-05
-17.5580856865
0.544337185381
1.0
-157.76220519
-3.31817323234
68.6121717731
-1.33940834908
-53.0101320953
10.0763871798
-1.21712290791
0.0947891305101
-0.893882110989
-2.23197824179
-0.423895308664
1.64192147958
0.403963862804
-0.788554695765
0.645577716012
-0.216599468717
0.0146836221968
0.0
-1.94938564301
30.3556213379
24.3362083435
34.9576034546
16.2302913666
17.857875824
7.66438293457
1.23997938633
0.442521393299
0.109044238925
0.0200536046177
0.00229621282779
0.00255827326328
0.00108765787445
7.98819164629e-05
4.18824820372e-05
4.40689618699e-05
-18.5687698416
-0.411488146509
1.0
-157.76220519
-3.31817323234
68.6121717731
-1.33940834908
-53.0101320953
10.0763871798
-1.21712290791
0.0947891305101
-0.893882110989
-2.23197824179
-0.423895308664
1.64192147958
0.403963862804
-0.788554695765
0.645577716012
-0.216599468717
0.0146836221968
0.0

Known:
a0:     3.42
e0:     -4.27
B0:     210.99999999941215
EC:     365.000 137.000 137.000  0.000  0.000  0.000 
        137.000 365.000 137.000  0.000  0.000  0.000 
        137.000 137.000 365.000  0.000  0.000  0.000 
         0.000  0.000  0.000 186.000  0.000  0.000 
         0.000  0.000  0.000  0.000 186.000  0.000 
         0.000  0.000  0.000  0.000  0.000 186.000 

Known:
a0:     3.89
e0:     -3.91
B0:     179.99999999949853
EC:     234.000 176.000 176.000  0.000  0.000  0.000 
        176.000 234.000 176.000  0.000  0.000  0.000 
        176.000 176.000 234.000  0.000  0.000  0.000 
         0.000  0.000  0.000 71.200  0.000  0.000 
         0.000  0.000  0.000  0.000 71.200  0.000 
         0.000  0.000  0.000  0.000  0.000 71.200 

Calculated:
a0:     3.48651247262109
e0:     -4.286614961974
B0:     355.9828016566881
EC:     447.012 281.176 281.176  0.000  0.000  0.000 
        281.176 447.012 281.176  0.000  0.000  0.000 
        281.176 281.176 447.012  0.000  0.000  0.000 
         0.000  0.000  0.000 290.901  0.000  0.000 
         0.000  0.000  0.000  0.000 290.901  0.000 
         0.000  0.000  0.000  0.000  0.000 290.901 

Calculated:
a0:     3.9486463551892044
e0:     -3.912461888572267
B0:     171.29923366509516
EC:     248.888 167.165 167.165  0.000  0.000  0.000 
        167.165 248.888 167.165  0.000  0.000  0.000 
        167.165 167.165 248.888  0.000  0.000  0.000 
         0.000  0.000  0.000 67.618  0.000  0.000 
         0.000  0.000  0.000  0.000 67.618  0.000 
         0.000  0.000  0.000  0.000  0.000 67.618 



