##############################################################################################################################
FORCE RESULTS
Config Count: 1
##############################################################################################################################

##################
Config 0
##################
4:          0.00172976458221   4.11996825544e-17  -2.64545330086e-17 
4:          0.000265374190537  -1.56775634141e-16 1.35091590692e-16  
4:          -0.000997569386372 9.20961982891e-17  1.30971622436e-16  
4:          -0.000997569386372 -1.27292111313e-16 -2.62986789464e-17 
4:          0.00172976458221   1.15359111152e-16  -3.0800015316e-15  
4:          0.000265374190537  -9.54097911787e-18 1.94744394222e-15  
4:          -0.00099756938637  7.68496052385e-17  1.50021054607e-15  
4:          -0.000997569386372 5.94278315794e-18  -1.5669025322e-15  
4:          0.00172976458221   1.02782365952e-16  -5.29090660173e-17 
4:          0.000265374190537  2.32927284231e-16  -3.56579186751e-15 
4:          -0.000997569386371 -4.74338450462e-18 -3.66011745651e-15 
4:          -0.000997569386371 2.31802424477e-16  -4.94735003832e-17 
4:          0.00172976458221   1.09287578987e-16  4.64732419214e-15  
4:          0.000265374190537  1.53089346755e-16  -2.94686150482e-16 
4:          -0.000997569386371 7.4593109467e-17   -1.23314444593e-16 
4:          -0.000997569386371 1.31188462871e-16  2.89481980054e-15  
4:          0.00172976458221   -2.78119541286e-15 1.53523027624e-16  
4:          0.000265374190537  2.23107123054e-15  -5.20417042793e-18 
4:          -0.000997569386372 -1.53827959485e-15 9.47592698752e-17  
4:          -0.00099756938637  1.81830868721e-15  -7.67750663391e-18 
4:          0.00172976458221   -2.00447297649e-15 -2.07733136248e-15 
4:          0.000265374190537  1.71303943253e-15  1.69959532559e-15  
4:          -0.00099756938637  -1.12235253643e-15 2.0217185673e-15   
4:          -0.00099756938637  2.3374246874e-15   -1.17959841114e-15 
4:          0.00172976458221   -1.04864034123e-15 -1.38777878078e-17 
4:          0.000265374190537  1.10301308018e-15  -3.82932075806e-15 
4:          -0.000997569386371 -1.06730894739e-15 -4.1512881457e-15  
4:          -0.00099756938637  1.64272892164e-15  -1.58361279819e-16 
4:          0.00172976458221   -1.10458517333e-15 4.65469676691e-15  
4:          0.000265374190537  2.02854226472e-15  -9.61036805691e-16 
4:          -0.000997569386371 -1.15749423935e-15 -4.21720763779e-16 
4:          -0.00099756938637  1.45803508156e-15  3.84111145668e-15  
4:          0.00172976458221   -3.99853761213e-16 -3.55618312575e-16 
4:          0.000265374190537  -3.85672396797e-15 1.56558793707e-16  
4:          -0.000997569386371 -1.47051695907e-16 2.66063213128e-16  
4:          -0.00099756938637  -3.97361451469e-15 1.39319979164e-17  
4:          0.00172976458221   8.23993651089e-18  -1.1496879837e-15  
4:          0.000265374190537  -3.926112907e-15   1.08875582161e-15  
4:          -0.00099756938637  -1.09348565359e-16 1.57455971005e-15  
4:          -0.00099756938637  -4.49240525422e-15 -1.17009131334e-15 
4:          0.00172976458221   -1.19262238973e-16 -1.18394877235e-16 
4:          0.000265374190537  -3.644139027e-15   -3.57638994374e-15 
4:          -0.000997569386371 4.29344060304e-17  -4.56710678391e-15 
4:          -0.000997569386371 -4.61407984303e-15 3.90312782095e-18  
4:          0.00172976458221   3.03576608296e-18  4.68331970427e-15  
4:          0.000265374190537  -3.43193355679e-15 -6.210310044e-16   
4:          -0.000997569386371 -6.85215773011e-17 -9.03696063294e-16 
4:          -0.000997569386371 -4.55890750498e-15 3.80294754021e-15  
4:          0.00172976458221   4.23142423878e-15  -3.29597460436e-16 
4:          0.000265374190537  1.63064006742e-16  2.06648934076e-16  
4:          -0.000997569386371 3.08216993594e-15  2.81675724412e-16  
4:          -0.00099756938637  1.02633288153e-16  1.23165366794e-16  
4:          0.00172976458221   4.54931231575e-15  -1.20736753928e-15 
4:          0.000265374190537  -1.28998374482e-15 1.65102306826e-15  
4:          -0.00099756938637  3.6394498526e-15   1.50942626453e-15  
4:          -0.00099756938637  -3.03861211366e-16 -1.21170434797e-15 
4:          0.00172976458221   4.69286068339e-15  2.51534904017e-17  
4:          0.000265374190537  -9.08995101412e-16 -3.70211673817e-15 
4:          -0.000997569386371 3.65246027867e-15  -4.49792113277e-15 
4:          -0.00099756938637  -8.80710977237e-16 -1.12757025938e-17 
4:          0.00172976458221   4.57620052963e-15  4.58574150874e-15  
4:          0.000265374190537  -3.39788960857e-16 -4.57316476354e-16 
4:          -0.000997569386371 3.35018471298e-15  -5.07189776289e-16 
4:          -0.000997569386371 -4.61002763741e-16 3.46641118587e-15  
4:          0.0017297645822    -2.73652628335e-16 -2.7148422399e-16  
4:          0.000265374190535  1.82145964978e-17  1.4224732503e-16   
4:          -0.000997569386371 9.37631591293e-17  3.50942690706e-17  
4:          -0.000997569386371 4.43845264361e-17  1.87363687933e-17  
4:          0.0017297645822    -2.09467859724e-16 -2.13457723719e-15 
4:          0.000265374190536  1.17961196366e-16  2.60468729918e-15  
4:          -0.00099756938637  4.68578626421e-17  1.70233971234e-15  
4:          -0.00099756938637  -1.11808349038e-18 -1.235177325e-15   
4:          0.0017297645822    -3.15285991759e-16 -1.65666091956e-16 
4:          0.000265374190536  3.31589681928e-16  -4.10789295375e-15 
4:          -0.00099756938637  6.76271105088e-17  -3.8272472214e-15  
4:          -0.000997569386371 1.60550012954e-16  -2.69288714591e-17 
4:          0.0017297645822    -2.63244287479e-16 4.84811843449e-15  
4:          0.000265374190536  1.33790548085e-16  -3.43908929112e-16 
4:          -0.00099756938637  5.68121938382e-17  -6.91246647595e-17 
4:          -0.000997569386371 3.8380756906e-17   3.87233647925e-15  
4:          0.0017297645822    -2.09988276767e-15 -1.57426155445e-16 
4:          0.000265374190536  2.74238097508e-15  2.75387351811e-16  
4:          -0.00099756938637  -1.19440454706e-15 2.21827764491e-16  
4:          -0.00099756938637  1.76973642988e-15  -4.98732999343e-17 
4:          0.0017297645822    -1.29323635134e-15 -1.16833626107e-15 
4:          0.000265374190536  2.19550939928e-15  2.10140065071e-15  
4:          -0.00099756938637  -7.74513374442e-16 2.06424639751e-15  
4:          -0.00099756938637  2.26669404817e-15  -7.68001385144e-16 
4:          0.0017297645822    -2.99239799606e-16 -8.97719398818e-17 
4:          0.000265374190536  1.5584931891e-15   -4.13426617159e-15 
4:          -0.00099756938637  -7.81913054269e-16 -4.07009495551e-15 
4:          -0.000997569386371 1.62773982661e-15  -1.80248611176e-18 
4:          0.0017297645822    -2.74519990073e-16 4.85158788144e-15  
4:          0.000265374190536  2.47978720891e-15  -1.31730563957e-15 
4:          -0.00099756938637  -8.30932544993e-16 -5.35175744866e-16 
4:          -0.00099756938637  1.57512891619e-15  4.68505442774e-15  
4:          0.0017297645822    -4.26308294221e-16 -7.46798456408e-16 
4:          0.000265374190536  -4.26373346352e-15 3.58654078658e-16  
4:          -0.000997569386371 2.55600662163e-17  3.11999503923e-16  
4:          -0.00099756938637  -3.81987464663e-15 7.19639191987e-17  
4:          0.0017297645822    -1.30104260698e-16 -2.41126563161e-16 
4:          0.000265374190536  -4.31447412519e-15 1.54889122361e-15  
4:          -0.00099756938637  1.2942663434e-17   1.61774483783e-15  
4:          -0.00099756938637  -4.3206676301e-15  -7.59361649082e-16 
4:          0.0017297645822    8.50014503229e-17  -2.18141477104e-16 
4:          0.000265374190536  -4.05399455325e-15 -4.0712875779e-15  
4:          -0.00099756938637  1.0798653638e-16   -4.52241054934e-15 
4:          -0.00099756938637  -4.6733043867e-15  3.81639164715e-17  
4:          0.0017297645822    5.42101086243e-17  4.93225252307e-15  
4:          0.000265374190536  -3.94909799306e-15 -9.61253646126e-16 
4:          -0.00099756938637  4.68375338514e-17  -1.03703260172e-15 
4:          -0.00099756938637  -4.61756284251e-15 4.56405746529e-15  
4:          0.0017297645822    4.49250012191e-15  -7.87998138962e-16 
4:          0.000265374190536  -2.73218947466e-17 2.81892564846e-16  
4:          -0.000997569386371 3.97121571738e-15  2.91650384399e-16  
4:          -0.00099756938637  -1.65754183382e-16 1.63064006742e-16  
4:          0.0017297645822    4.8940886066e-15   -3.72965547335e-16 
4:          0.000265374190536  -1.54238601058e-15 2.14650346109e-15  
4:          -0.00099756938637  4.61870125479e-15  1.50769154106e-15  
4:          -0.00099756938637  -3.68533870955e-16 -7.99273841556e-16 
4:          0.0017297645822    4.63041063825e-15  -3.25260651746e-17 
4:          0.000265374190536  -1.23729151924e-15 -4.24573570745e-15 
4:          -0.00099756938637  4.49596956886e-15  -4.43829001329e-15 
4:          -0.00099756938637  -8.81259854587e-16 9.54097911787e-18  
4:          0.0017297645822    4.68505442774e-15  4.76008121808e-15  
4:          0.000265374190536  -6.22765727876e-16 -6.68519059555e-16 
4:          -0.00099756938637  4.20236762055e-15  -5.05238212378e-16 
4:          -0.00099756938637  -3.2981430087e-16  4.260480857e-15    
4:          0.00172976458221   -4.25440932483e-16 -3.69929781252e-16 
4:          0.000265374190537  2.18358317539e-16  2.98155597434e-16  
4:          -0.000997569386376 1.2490009027e-16   1.7694179455e-16   
4:          -0.000997569386376 1.55786299659e-16  9.06393016198e-17  
4:          0.00172976458221   -4.03756889034e-16 -2.52575738102e-15 
4:          0.000265374190537  2.04480529731e-16  2.02051916864e-15  
4:          -0.000997569386375 1.05818132035e-16  1.51571463713e-15  
4:          -0.000997569386376 1.7465141746e-16   -1.22124532709e-15 
4:          0.00172976458221   -3.105155022e-16   1.47451495458e-16  
4:          0.000265374190537  1.85500215449e-16  -4.49240525422e-15 
4:          -0.000997569386375 4.07660016855e-17  -3.14703233091e-15 
4:          -0.000997569386376 -1.02186054757e-17 1.44415729375e-16  
4:          0.00172976458221   -2.61943244872e-16 4.17417836407e-15  
4:          0.000265374190537  1.54824070231e-16  -9.87057657831e-16 
4:          -0.000997569386375 1.06251812904e-16  -1.87350135405e-16 
4:          -0.000997569386376 -1.49619899803e-17 3.72965547335e-15  
4:          0.00172976458221   -2.32583050042e-15 -4.76181594156e-16 
4:          0.000265374190537  2.06518829815e-15  3.17237555669e-16  
4:          -0.000997569386376 -1.25073562618e-15 3.0184188482e-16   
4:          -0.000997569386375 1.52776283378e-15  -2.16840434497e-18 
4:          0.00172976458221   -1.63497687611e-15 -1.63150742916e-15 
4:          0.000265374190537  1.73103718859e-15  1.70891946427e-15  
4:          -0.000997569386376 -7.5894152074e-16  1.99644988041e-15  
4:          -0.000997569386376 1.93845861671e-15  -7.18175519054e-16 
4:          0.00172976458221   -5.97178556605e-16 1.26634813746e-16  
4:          0.000265374190537  1.40673876627e-15  -4.5747910668e-15  
4:          -0.000997569386375 -7.31185945124e-16 -3.60323750004e-15 
4:          -0.000997569386376 1.7343846628e-15   9.75781955237e-17  
4:          0.00172976458221   -5.89805981832e-16 4.11953457458e-15  
4:          0.000265374190537  2.0925101929e-15   -1.91405051531e-15 
4:          -0.000997569386375 -8.3657039629e-16  -5.88504939225e-16 
4:          -0.000997569386376 1.70501633645e-15  4.54410814532e-15  
4:          0.00172976458221   -1.99493199737e-16 -7.71084585072e-16 
4:          0.000265374190537  -4.4465299498e-15  3.69496100383e-16  
4:          -0.000997569386376 2.00794242344e-16  2.84060969191e-16  
4:          -0.000997569386375 -3.11645782965e-15 -2.51534904017e-17 
4:          0.00172976458221   1.79977560633e-16  -6.83914730404e-16 
4:          0.000265374190537  -4.56362378443e-15 1.19457395364e-15  
4:          -0.000997569386376 5.16080234103e-17  1.59919820442e-15  
4:          -0.000997569386376 -3.60205843018e-15 -7.38558519897e-16 
4:          0.00172976458221   1.32706345912e-16  1.21430643318e-16  
4:          0.000265374190537  -4.66015843536e-15 -4.482064676e-15   
4:          -0.000997569386376 1.34441069388e-16  -4.06535157101e-15 
4:          -0.000997569386376 -4.27008959875e-15 1.50487261541e-16  
4:          0.00172976458221   1.25767452008e-16  4.2730576022e-15   
4:          0.000265374190537  -4.10739151024e-15 -1.47863492284e-15 
4:          -0.000997569386375 9.80118763927e-17  -1.06251812904e-15 
4:          -0.000997569386376 -4.26373346352e-15 4.3905851177e-15   
4:          0.00172976458221   3.7444006229e-15   -5.7332610881e-16  
4:          0.000265374190537  -8.07296937633e-16 3.33500588257e-16  
4:          -0.000997569386376 3.76868675156e-15  2.79941000936e-16  
4:          -0.000997569386375 -1.14193593817e-16 9.67108337857e-17  
4:          0.00172976458221   3.99810393126e-15  -7.36823796421e-16 
4:          0.000265374190537  -2.10140065071e-15 1.69157222951e-15  
4:          -0.000997569386376 4.42788167243e-15  1.43656787854e-15  
4:          -0.000997569386375 -5.51235489546e-16 -7.71084585072e-16 
4:          0.00172976458221   4.20583706751e-15  1.73472347598e-16  
4:          0.000265374190537  -1.5148472754e-15  -4.52155674013e-15 
4:          -0.000997569386376 4.31685936997e-15  -3.92589606657e-15 
4:          -0.000997569386376 -8.66142010544e-16 1.64365049349e-16  
4:          0.00172976458221   4.21277596141e-15  4.22925583443e-15  
4:          0.000265374190537  -1.26114396704e-15 -1.26548077573e-15 
4:          -0.000997569386376 4.07616648768e-15  -5.50557863188e-16 
4:          -0.000997569386376 -4.06358974248e-16 4.09871789286e-15  
4:          0.00172976458221   -2.08600497986e-16 -2.33753988388e-16 
4:          0.00026537419054   2.53771070997e-16  3.7625203517e-16   
4:          -0.000997569386372 2.33794645969e-16  2.58921031317e-16  
4:          -0.000997569386372 1.60326396256e-16  2.619567974e-16    
4:          0.00172976458221   -2.64111649217e-16 -3.09691508549e-15 
4:          0.000265374190541  2.29444284752e-16  1.92285965796e-15  
4:          -0.000997569386371 2.18859761043e-16  1.5108831612e-15   
4:          -0.000997569386372 1.48142674343e-16  -1.23510956237e-15 
4:          0.00172976458221   -2.86663054405e-16 1.13190706807e-16  
4:          0.000265374190541  1.29114926216e-16  -4.40184726776e-15 
4:          -0.000997569386372 1.46245320541e-16  -3.63911103942e-15 
4:          -0.000997569386373 2.8606674321e-16   -1.21701693861e-17 
4:          0.00172976458221   -2.25080371008e-16 4.60395610524e-15  
4:          0.00026537419054   1.975280833e-16    -4.08296985631e-16 
4:          -0.000997569386372 2.26327203506e-16  -6.11761075825e-17 
4:          -0.000997569386372 2.16406753628e-16  3.41697156681e-15  
4:          0.00172976458221   -2.84711490495e-15 -2.13804668414e-16 
4:          0.000265374190541  2.03220144705e-15  3.64142852156e-16  
4:          -0.000997569386372 -1.17579015101e-15 3.0600928692e-16   
4:          -0.000997569386371 1.72946509544e-15  1.9374015196e-16   
4:          0.00172976458221   -2.0560809999e-15  -2.11332687461e-15 
4:          0.000265374190541  1.76944505055e-15  1.63833112658e-15  
4:          -0.000997569386371 -7.73090359091e-16 2.04500180895e-15  
4:          -0.000997569386371 2.18754051332e-15  -7.77583021843e-16 
4:          0.00172976458221   -1.09764627942e-15 3.55618312575e-17  
4:          0.000265374190541  1.49293961525e-15  -4.53189731835e-15 
4:          -0.000997569386372 -6.8288473834e-16  -4.11873497547e-15 
4:          -0.000997569386372 1.60372474849e-15  -1.25767452008e-17 
4:          0.00172976458221   -1.15272374979e-15 4.7388308555e-15   
4:          0.000265374190541  2.08666905369e-15  -1.35711618809e-15 
4:          -0.000997569386372 -8.34049626239e-16 -3.53192410214e-16 
4:          -0.000997569386371 1.49750004064e-15  4.23402632399e-15  
4:          0.00172976458221   -3.4911309954e-16  -6.97358837343e-16 
4:          0.000265374190541  -4.39973984979e-15 4.02252558519e-16  
4:          -0.000997569386373 3.38813178902e-17  3.19202672107e-16  
4:          -0.000997569386372 -3.75003847419e-15 1.63497687611e-16  
4:          0.00172976458221   -2.94902990916e-17 -1.13147338721e-15 
4:          0.000265374190541  -4.57544158811e-15 1.1477906299e-15   
4:          -0.000997569386372 -1.3005005059e-16  1.54564539336e-15  
4:          -0.000997569386372 -4.32596666822e-15 -7.10802944281e-16 
4:          0.00172976458221   6.50521303491e-17  7.06899816461e-17  
4:          0.000265374190541  -4.65994837119e-15 -4.39317365038e-15 
4:          -0.000997569386372 -6.65429083363e-18 -4.5059713339e-15  
4:          -0.000997569386372 -4.59441512612e-15 4.64038529824e-17  
4:          0.00172976458221   1.41379963292e-16  4.65686517126e-15  
4:          0.000265374190541  -4.14539279639e-15 -9.78641538467e-16 
4:          -0.000997569386373 -4.85180472187e-17 -7.29878126254e-16 
4:          -0.000997569386372 -4.53413348533e-15 4.21451068489e-15  
4:          0.00172976458221   4.46409402499e-15  -6.53123388705e-16 
4:          0.00026537419054   -2.48844727376e-16 3.98715348932e-16  
4:          -0.000997569386372 3.52574414976e-15  3.91180143833e-16  
4:          -0.000997569386372 2.0391132359e-16   3.72098185597e-16  
4:          0.00172976458221   4.76593590981e-15  -1.18785190018e-15 
4:          0.000265374190541  -1.61484459702e-15 1.54313139957e-15  
4:          -0.000997569386372 4.29592071551e-15  1.43171607382e-15  
4:          -0.000997569386372 -1.6200013336e-16  -8.40473524111e-16 
4:          0.00172976458221   4.6338800852e-15   1.49619899803e-16  
4:          0.000265374190541  -1.1301723446e-15  -4.46864767412e-15 
4:          -0.000997569386372 4.28129753871e-15  -4.39925873508e-15 
4:          -0.000997569386373 -7.4888554559e-16  3.20923843056e-17  
4:          0.00172976458221   4.63171168086e-15  4.69416172599e-15  
4:          0.00026537419054   -7.1123662515e-16  -7.97972798949e-16 
4:          -0.000997569386372 3.86149445752e-15  -3.0184188482e-16  
4:          -0.000997569386372 -1.83880688454e-16 3.9135361618e-15   


##############################################################################################################################
