RSS:  
252.50913697105278

P:  
-2.00791534606
-3.86626481567
-0.16066413391
0.0922225510764
-0.0817091059852
0.0312549464137
0.0481494469991
0.0282311874866
-0.0524406862804
-0.125613378678
-0.165860977111
-0.207735867631
-0.061243911268
-2.95151534797
-0.032862670616
0.00544955355008
6.86492870099
0.0142709975373
-0.117463814269

EFS Density:
0.19705316662043243

BP Density:
0.1987139920893985


Known:
a0:     3.42
e0:     -4.27
B0:     210.99999999941215
EC:     365.000 137.000 137.000  0.000  0.000  0.000 
        137.000 365.000 137.000  0.000  0.000  0.000 
        137.000 137.000 365.000  0.000  0.000  0.000 
         0.000  0.000  0.000 186.000  0.000  0.000 
         0.000  0.000  0.000  0.000 186.000  0.000 
         0.000  0.000  0.000  0.000  0.000 186.000 

Calculated:
a0:     3.400278765158639
e0:     -4.298137256780254
B0:     232.78712038872905
EC:     363.587 148.484 148.484  0.000  0.000  0.000 
        148.484 363.587 148.484  0.000  0.000  0.000 
        148.484 148.484 363.587  0.000  0.000  0.000 
         0.000  0.000  0.000 160.730  0.000  0.000 
         0.000  0.000  0.000  0.000 160.730  0.000 
         0.000  0.000  0.000  0.000  0.000 160.730 

Known:
a0:     2.86
e0:     -4.32
B0:     169.99999999952638
EC:     243.000 145.000 145.000  0.000  0.000  0.000 
        145.000 243.000 145.000  0.000  0.000  0.000 
        145.000 145.000 243.000  0.000  0.000  0.000 
         0.000  0.000  0.000 116.000  0.000  0.000 
         0.000  0.000  0.000  0.000 116.000  0.000 
         0.000  0.000  0.000  0.000  0.000 116.000 

Calculated:
a0:     2.879982814840858
e0:     -4.335082366707325
B0:     169.77504785312786
EC:     240.132 136.465 136.465  0.000  0.000  0.000 
        136.465 240.132 136.465  0.000  0.000  0.000 
        136.465 136.465 240.132  0.000  0.000  0.000 
         0.000  0.000  0.000 134.757  0.000  0.000 
         0.000  0.000  0.000  0.000 134.757  0.000 
         0.000  0.000  0.000  0.000  0.000 134.757 




RSS Details:  
===============================  
Total:      252.50913697105278
a0:         0.000788239992632
e0:         0.00101918300461
b0:         0.018490741507
ec:         0.16476960047
g:          0.0
e:          0.0
v:          0.0
a0 (w):     19.7059998158
e0 (w):     25.4795751153
b0 (w):     18.490741507
ec (w):     164.76960047
g (w):      0.0
e (w):      0.0
v (w):      0.0


