##############################################################################################################################
ENERGY RESULTS
Config Count: 149
##############################################################################################################################
Config 1:   -97.6669563553     -1005.54582688     -1103.21278324     -0.381511548263    -3.92791338626     -4.30942493453     
Config 2:   -105.643040066     -987.589920944     -1093.23296101     -0.412668125256    -3.85777312869     -4.27044125394     
Config 3:   -96.1328445102     -1014.25691527     -1110.38975978     -0.375518923868    -3.96194107528     -4.33745999915     
Config 4:   -95.1712438953     -1023.71064721     -1118.88189111     -0.371762671466    -3.99886971567     -4.37063238714     
Config 5:   -112.650547544     -979.856964886     -1092.50751243     -0.440041201343    -3.82756626909     -4.26760747043     
Config 6:   -94.3483584497     -1033.47212172     -1127.82048017     -0.368548275194    -4.03700047548     -4.40554875067     
Config 7:   -100.579680137     -996.165728497     -1096.74540863     -0.392889375535    -3.89127237694     -4.28416175248     
Config 8:   -97.8284042478     -1005.44190724     -1103.27031149     -0.382142204093    -3.92750745015     -4.30964965425     
Config 9:   -97.9275517085     -1005.5121535      -1103.43970521     -0.382529498861    -3.9277818496      -4.31031134846     
Config 10:  -96.5698209623     -1006.31846296     -1102.88828392     -0.377225863134    -3.93093149594     -4.30815735907     
Config 11:  -97.6669563553     -1005.54582688     -1103.21278324     -0.381511548263    -3.92791338626     -4.30942493453     
Config 12:  -98.9042439093     -1004.62699661     -1103.53124052     -0.386344702771    -3.92432420551     -4.31066890828     
Config 13:  -97.2226133222     -1007.00789676     -1104.23051008     -0.37977583329     -3.9336245967      -4.31340042999     
Config 14:  -97.6669563553     -1005.54582688     -1103.21278324     -0.381511548263    -3.92791338626     -4.30942493453     
Config 15:  -98.0528355296     -1005.63397612     -1103.68681165     -0.383018888787    -3.92825771923     -4.31127660801     
Config 16:  -97.6669563553     -1005.54582688     -1103.21278324     -0.381511548263    -3.92791338626     -4.30942493453     
Config 17:  -96.2963481721     -1009.95599963     -1106.2523478      -0.376157610047    -3.94514062357     -4.32129823361     
Config 18:  -96.9897074713     -1007.74121069     -1104.73091816     -0.37886604481     -3.93648910425     -4.31535514906     
Config 19:  -97.7078352231     -1005.45539796     -1103.16323318     -0.38167123134     -3.92756014827     -4.30923137961     
Config 20:  -96.5226896583     -1009.21434863     -1105.73703829     -0.377041756478    -3.94224354934     -4.31928530582     
Config 21:  -97.7165511775     -1006.10256339     -1103.81911457     -0.381705278037    -3.93008813824     -4.31179341628     
Config 22:  -97.758432676      -1005.42223924     -1103.18067191     -0.38186887764     -3.92743062202     -4.30929949966     
Config 23:  -97.7582858751     -1005.42225861     -1103.18054449     -0.3818683042      -3.92743069771     -4.3092990019      
Config 24:  -98.0602174015     -1008.58027252     -1106.64048992     -0.383047724225    -3.93976668952     -4.32281441374     
Config 25:  -97.6786186739     -1005.16632671     -1102.84494539     -0.381557104195    -3.92643096373     -4.30798806792     
Config 26:  -96.9621572217     -1006.04901231     -1103.01116953     -0.378758426647    -3.92987895434     -4.30863738098     
Config 27:  -97.953742011      -1007.92205502     -1105.87579703     -0.382631804731    -3.93719552743     -4.31982733216     
Config 28:  -97.8561411467     -1007.28993669     -1105.14607784     -0.382250551354    -3.93472631521     -4.31697686657     
Config 29:  -97.6768219581     -1004.55904522     -1102.23586718     -0.381550085774    -3.92405877038     -4.30560885615     
Config 30:  -97.7225860232     -1005.51960954     -1103.24219556     -0.381728851653    -3.92781097477     -4.30953982642     
Config 31:  -97.4219623212     -1005.73309105     -1103.15505337     -0.380554540317    -3.9286448869      -4.30919942721     
Config 32:  -97.6669563553     -1005.54582688     -1103.21278324     -0.381511548263    -3.92791338626     -4.30942493453     
Config 33:  -96.296523617      -1009.95623605     -1106.25275966     -0.376158295379    -3.94514154706     -4.32129984244     
Config 34:  -98.1457896422     -1005.56613054     -1103.71192019     -0.38338199079     -3.92799269744     -4.31137468823     
Config 35:  -97.2225039905     -1007.0077996      -1104.2303036      -0.379775406213    -3.93362421721     -4.31339962342     
Config 36:  -97.9614500575     -1005.51354432     -1103.47499438     -0.382661914287    -3.92778728251     -4.3104491968      
Config 37:  -96.75362456       -1008.4767106      -1105.23033516     -0.377943845938    -3.93936215076     -4.3173059967      
Config 38:  -97.9277266484     -1005.51208978     -1103.43981643     -0.38253018222     -3.92778160069     -4.31031178291     
Config 39:  -97.6669563553     -1005.54582688     -1103.21278324     -0.381511548263    -3.92791338626     -4.30942493453     
Config 40:  -97.6669563553     -1005.54582688     -1103.21278324     -0.381511548263    -3.92791338626     -4.30942493453     
Config 41:  -97.6669563553     -1005.54582688     -1103.21278324     -0.381511548263    -3.92791338626     -4.30942493453     
Config 42:  -97.9343098659     -1005.36219271     -1103.29650258     -0.382555897914    -3.92719606527     -4.30975196319     
Config 43:  -97.6669563553     -1005.54582688     -1103.21278324     -0.381511548263    -3.92791338626     -4.30942493453     
Config 44:  -96.7536064226     -1008.47653478     -1105.2301412      -0.377943775088    -3.93936146398     -4.31730523907     
Config 45:  -97.6668646821     -1005.51474618     -1103.18161086     -0.381511190164    -3.92779197725     -4.30930316742     
Config 46:  -97.6669563553     -1005.54582688     -1103.21278324     -0.381511548263    -3.92791338626     -4.30942493453     
Config 47:  -96.9896355059     -1007.74107198     -1104.73070748     -0.378865763695    -3.93648856242     -4.31535432611     
Config 48:  -96.3958529963     -1006.45735357     -1102.85320657     -0.376546300767    -3.93147403739     -4.30802033815     
Config 49:  -96.5228024012     -1009.21455703     -1105.73735943     -0.37704219688     -3.94224436338     -4.31928656026     
Config 50:  -98.3791161861     -1005.65663825     -1104.03575444     -0.384293422602    -3.92834624318     -4.31263966578     
Config 51:  -98.0530842356     -1005.63391714     -1103.68700138     -0.383019860295    -3.92825748883     -4.31127734913     
Config 52:  -97.7766107926     -1006.68391484     -1104.46052564     -0.381939885909    -3.93235904236     -4.31429892827     
Config 53:  -97.4551947239     -1006.27663831     -1103.73183303     -0.38068435439     -3.93076811839     -4.31145247278     
Config 54:  -97.6740447922     -1005.51522298     -1103.18926777     -0.38153923747     -3.92779383976     -4.30933307723     
Config 55:  -97.828250321      -1005.44193755     -1103.27018787     -0.382141602817    -3.92750756855     -4.30964917136     
Config 56:  -97.6800455543     -1005.56436802     -1103.24441358     -0.381562677946    -3.9279858126      -4.30954849054     
Config 57:  -97.6741263059     -1005.51462465     -1103.18875095     -0.381539555882    -3.92779150253     -4.30933105842     
Config 58:  -97.8213729857     -1005.49730358     -1103.31867657     -0.382114738225    -3.92772384212     -4.30983858035     
Config 59:  -98.2297307079     -1005.13886792     -1103.36859863     -0.383709885578    -3.92632370281     -4.31003358838     
Config 60:  -97.7079349739     -1005.45538742     -1103.16332239     -0.381671620992    -3.92756010709     -4.30923172809     
Config 61:  -97.6775436432     -1005.34617816     -1103.02372181     -0.381552904856    -3.92713350845     -4.3086864133      
Config 62:  -97.6796446245     -1004.77365293     -1102.45329755     -0.381561111814    -3.92489708175     -4.30645819356     
Config 63:  -96.7589482821     -1006.1823779      -1102.94132618     -0.377964641727    -3.93039991367     -4.3083645554      
Config 64:  -97.4551388635     -1006.27658754     -1103.73172641     -0.380684136186    -3.93076792009     -4.31145205628     
Config 65:  -99.2725171116     -1004.3795204      -1103.65203752     -0.387783269967    -3.92335750158     -4.31114077155     
Config 66:  -99.656836633      -1004.13620015     -1103.79303679     -0.389284518098    -3.92240703185     -4.31169154995     
Config 67:  -97.6771218545     -1004.97566273     -1102.65278459     -0.381551257244    -3.92568618255     -4.30723743979     
Config 68:  -98.5539557407     -1004.87985488     -1103.43381062     -0.384976389612    -3.92531193311     -4.31028832272     
Config 69:  -97.1815249783     -1005.92019532     -1103.1017203      -0.379615331946    -3.92937576296     -4.3089910949      
Config 70:  -98.1775788037     -1009.26566109     -1107.44323989     -0.383506167202    -3.94244398863     -4.32595015583     
Config 71:  -59.7647214224     -515.258226035     -575.022947458     -0.466911886113    -4.0254548909      -4.49236677701     
Config 72:  -59.7465864325     -515.27022716      -575.016813593     -0.466770206504    -4.02554864969     -4.49231885619     
Config 73:  -59.7610081218     -515.217145146     -574.978153268     -0.466882875952    -4.02513394646     -4.49201682241     
Config 74:  -59.7931696817     -515.238239702     -575.031409384     -0.467134138138    -4.02529874767     -4.49243288581     
Config 75:  -59.772783942      -515.224719464     -574.997503406     -0.466974874547    -4.02519312081     -4.49216799536     
Config 76:  -59.7180937796     -515.495931858     -575.214025637     -0.466547607653    -4.02731196764     -4.49385957529     
Config 77:  -59.7931696817     -515.238239702     -575.031409384     -0.467134138138    -4.02529874767     -4.49243288581     
Config 78:  -59.7234789325     -515.283678553     -575.007157485     -0.46658967916     -4.02565373869     -4.49224341785     
Config 79:  -59.7931696817     -515.238239702     -575.031409384     -0.467134138138    -4.02529874767     -4.49243288581     
Config 80:  -59.5411816903     -516.008625035     -575.549806726     -0.465165481955    -4.03131738309     -4.49648286504     
Config 81:  -59.6771882862     -515.624180295     -575.301368581     -0.466228033486    -4.02831390855     -4.49454194204     
Config 82:  -59.7872184        -515.243530743     -575.030749143     -0.46708764375     -4.02534008393     -4.49242772768     
Config 83:  -59.5890278421     -515.879062559     -575.468090401     -0.465539280016    -4.03030517624     -4.49584445626     
Config 84:  -59.756829237      -515.367411318     -575.124240555     -0.466850228414    -4.02630790093     -4.49315812934     
Config 85:  -59.7783287421     -515.249431324     -575.027760066     -0.467018193297    -4.02538618222     -4.49240437552     
Config 86:  -59.778328742      -515.249431324     -575.027760066     -0.467018193297    -4.02538618222     -4.49240437552     
Config 87:  -59.5890278608     -515.879062501     -575.468090362     -0.465539280163    -4.03030517579     -4.49584445595     
Config 88:  -59.7818833438     -515.230441888     -575.012325231     -0.467045963623    -4.02523782725     -4.49228379087     
Config 89:  -59.7818833438     -515.230441888     -575.012325231     -0.467045963623    -4.02523782725     -4.49228379087     
Config 90:  -59.634238448      -515.751956326     -575.386194774     -0.465892487875    -4.0293121588      -4.49520464667     
Config 91:  -59.6771882864     -515.624180295     -575.301368581     -0.466228033488    -4.02831390855     -4.49454194204     
Config 92:  -59.7458621964     -515.208151796     -574.954013992     -0.466764548409    -4.02506368591     -4.49182823432     
Config 93:  -59.7872183999     -515.243530743     -575.030749143     -0.467087643749    -4.02534008393     -4.49242772768     
Config 94:  -59.7920399041     -515.23730775      -575.029347655     -0.467125311751    -4.0252914668      -4.49241677855     
Config 95:  -59.7931696817     -515.238239702     -575.031409384     -0.467134138138    -4.02529874767     -4.49243288581     
Config 96:  -59.5411816847     -516.008625053     -575.549806738     -0.465165481912    -4.03131738323     -4.49648286514     
Config 97:  -59.7465864329     -515.27022716      -575.016813592     -0.466770206507    -4.02554864968     -4.49231885619     
Config 98:  -59.7180937908     -515.495931822     -575.214025613     -0.466547607741    -4.02731196736     -4.4938595751      
Config 99:  -59.7647214224     -515.258226035     -575.022947458     -0.466911886113    -4.0254548909      -4.49236677701     
Config 100: -59.6342384469     -515.751956327     -575.386194774     -0.465892487867    -4.0293121588      -4.49520464667     
Config 101: -59.7465864329     -515.27022716      -575.016813592     -0.466770206507    -4.02554864968     -4.49231885619     
Config 102: -59.7931696817     -515.238239702     -575.031409384     -0.467134138138    -4.02529874767     -4.49243288581     
Config 103: -59.7931696817     -515.238239702     -575.031409384     -0.467134138138    -4.02529874767     -4.49243288581     
Config 104: -59.7931696817     -515.238239702     -575.031409384     -0.467134138138    -4.02529874767     -4.49243288581     
Config 105: -59.7920399123     -515.237307718     -575.02934763      -0.467125311815    -4.02529146654     -4.49241677836     
Config 106: -59.7931696817     -515.238239702     -575.031409384     -0.467134138138    -4.02529874767     -4.49243288581     
Config 107: -59.6342384408     -515.751956349     -575.38619479      -0.465892487819    -4.02931215898     -4.4952046468      
Config 108: -59.7920399039     -515.237307748     -575.029347652     -0.467125311749    -4.02529146678     -4.49241677853     
Config 109: -59.7931696817     -515.238239702     -575.031409384     -0.467134138138    -4.02529874767     -4.49243288581     
Config 110: -59.6771882887     -515.624180287     -575.301368576     -0.466228033506    -4.02831390849     -4.494541942       
Config 111: -59.7458621963     -515.208151796     -574.954013992     -0.466764548409    -4.02506368591     -4.49182823432     
Config 112: -59.5890278612     -515.879062498     -575.46809036      -0.465539280165    -4.03030517577     -4.49584445593     
Config 113: -59.7234789327     -515.283678553     -575.007157486     -0.466589679162    -4.02565373869     -4.49224341786     
Config 114: -59.7234789327     -515.283678553     -575.007157486     -0.466589679162    -4.02565373869     -4.49224341786     
Config 115: -59.7180937796     -515.49593186      -575.21402564      -0.466547607653    -4.02731196766     -4.49385957531     
Config 116: -59.7568292363     -515.367411319     -575.124240556     -0.466850228409    -4.02630790093     -4.49315812934     
Config 117: -59.7918308015     -515.239416448     -575.03124725      -0.467123678137    -4.025307941       -4.49243161914     
Config 118: -59.764721422      -515.258226036     -575.022947458     -0.466911886109    -4.0254548909      -4.49236677701     
Config 119: -59.7918308012     -515.239416448     -575.031247249     -0.467123678135    -4.025307941       -4.49243161914     
Config 120: -59.7918308012     -515.239416448     -575.031247249     -0.467123678135    -4.025307941       -4.49243161914     
Config 121: -59.7783287421     -515.249431324     -575.027760066     -0.467018193297    -4.02538618222     -4.49240437552     
Config 122: -59.7881908138     -515.234902512     -575.023093326     -0.467095240733    -4.02527267587     -4.49236791661     
Config 123: -59.7872183999     -515.243530743     -575.030749143     -0.467087643749    -4.02534008393     -4.49242772768     
Config 124: -59.7881908246     -515.234902473     -575.023093297     -0.467095240817    -4.02527267557     -4.49236791639     
Config 125: -59.7610081223     -515.217145146     -574.978153268     -0.466882875955    -4.02513394645     -4.49201682241     
Config 126: -59.772783936      -515.224719486     -574.997503422     -0.4669748745      -4.02519312098     -4.49216799548     
Config 127: -59.7568292284     -515.367411349     -575.124240577     -0.466850228347    -4.02630790116     -4.49315812951     
Config 128: -59.7610081379     -515.217145089     -574.978153227     -0.466882876077    -4.02513394601     -4.49201682208     
Config 129: -59.7458621923     -515.208151811     -574.954014004     -0.466764548377    -4.02506368603     -4.4918282344      
Config 130: -59.7727839359     -515.224719486     -574.997503422     -0.466974874499    -4.02519312099     -4.49216799549     
Config 131: -59.7818833417     -515.230441895     -575.012325237     -0.467045963607    -4.02523782731     -4.49228379091     
Config 132: -59.7881908251     -515.234902471     -575.023093296     -0.467095240821    -4.02527267556     -4.49236791638     
Config 133: -59.5411816851     -516.008625051     -575.549806736     -0.465165481915    -4.03131738321     -4.49648286513     
Config 134: -59.7603908721     -508.892378964     -568.652769836     -0.466878053688    -3.97572171066     -4.44259976435     
Config 135: -57.2926760173     -520.683560822     -577.97623684      -0.447599031385    -4.06784031892     -4.51543935031     
Config 136: -58.3546607178     -518.745815021     -577.100475739     -0.455895786858    -4.05270167986     -4.50859746671     
Config 137: -58.2896569502     -505.804699831     -564.094356782     -0.455387944924    -3.95159921743     -4.40698716236     
Config 138: -53.579436811      -526.876844243     -580.456281054     -0.418589350086    -4.11622534565     -4.53481469573     
Config 139: -60.1656448578     -510.432238642     -570.5978835       -0.470044100452    -3.98775186439     -4.45779596485     
Config 140: -60.2679174953     -511.96501684      -572.232934335     -0.470843105432    -3.99972669406     -4.47056979949     
Config 141: -56.0673274088     -522.70736506      -578.774692469     -0.438025995381    -4.08365128953     -4.52167728491     
Config 142: -54.8520596728     -524.749987459     -579.602047131     -0.428531716194    -4.09960927702     -4.52814099321     
Config 143: -59.2136411537     -516.91565961      -576.129300764     -0.462606571514    -4.0384035907      -4.50101016222     
Config 144: -59.7931696817     -515.238239702     -575.031409384     -0.467134138138    -4.02529874767     -4.49243288581     
Config 145: -57.3624545193     -504.338218328     -561.700672847     -0.448144175932    -3.94014233069     -4.38828650662     
Config 146: -52.2537826777     -529.092948776     -581.346731454     -0.40823267717     -4.13353866232     -4.54177133949     
Config 147: -60.1426155751     -513.58945836      -573.732073935     -0.46986418418     -4.01241764343     -4.48228182761     
Config 148: -59.0404963586     -507.322761631     -566.363257989     -0.461253877802    -3.96345907524     -4.42471295304     
Config 149: -105.705784084     -988.556095776     -1094.26187986     -0.41291321908     -3.86154724912     -4.2744604682      
##############################################################################################################################
