RSS:  
24843.60305968786

P:  
2767968.42715
-105.360210858
333.085939121
-337.469060931
-63.623528925
130.683531571
-38.134760571
7.65190463721
-23.4290796195
3.53980552139
11.4261824113
-5.59870762754
-8.63352586356
6.42869911336
-2.76050156137
0.489761430322
0.00271532676325
0.0
0.0576225361237
0.0348280342422
0.0174826866169
0.0102339213114
0.00573026721945
0.0029693365332
0.0021019645008
0.00197297942901
0.00158268319743
0.00107860671116
0.000563478180452
0.000318091535948
0.000110889758967
2.23611156482e-05
6.94464721792e-07
0.0
-9.47276365263
7.90877937456

Known:
a0:     3.89
e0:     -3.91
B0:     179.99999999949853
EC:     234.000 176.000 176.000  0.000  0.000  0.000 
        176.000 234.000 176.000  0.000  0.000  0.000 
        176.000 176.000 234.000  0.000  0.000  0.000 
         0.000  0.000  0.000 71.200  0.000  0.000 
         0.000  0.000  0.000  0.000 71.200  0.000 
         0.000  0.000  0.000  0.000  0.000 71.200 

Calculated:
a0:     4.245890817364953
e0:     -4.303081948180481
B0:     827.3775209058548
EC:     1071.892 952.626 952.626  0.000  0.000  0.000 
        952.626 1071.892 952.626  0.000  0.000  0.000 
        952.626 952.626 1071.892  0.000  0.000  0.000 
         0.000  0.000  0.000 28.517  0.000  0.000 
         0.000  0.000  0.000  0.000 28.517  0.000 
         0.000  0.000  0.000  0.000  0.000 28.517 



