RSS:  
13.015619964574139

P:  
-154.332068903
-3.32241343341
57.3415048047
-1.70588424075
-52.843279587
9.63484556989
-1.23224407062
0.112620126201
-0.837618824221
-1.20884801872
-0.427161369415
1.51806564731
0.446603972946
-0.739033366393
0.563672557105
-0.197682108426
0.0166905631897
0.0
-1.94938564301
30.3556213379
24.3362083435
34.9576034546
16.2302913666
17.857875824
7.66438293457
1.23997938633
0.442521393299
0.109044238925
0.0200536046177
0.00229621282779
0.00255827326328
0.00108765787445
7.98819164629e-05
4.18824820372e-05
4.40689618699e-05
-17.9496355646
-0.692959378586
1.0

Known:
a0:     3.89
e0:     -3.91
B0:     179.99999999949853
EC:     234.000 176.000 176.000  0.000  0.000  0.000 
        176.000 234.000 176.000  0.000  0.000  0.000 
        176.000 176.000 234.000  0.000  0.000  0.000 
         0.000  0.000  0.000 71.200  0.000  0.000 
         0.000  0.000  0.000  0.000 71.200  0.000 
         0.000  0.000  0.000  0.000  0.000 71.200 

Calculated:
a0:     3.918127445364149
e0:     -3.980377036855452
B0:     174.97636639959507
EC:     251.000 165.801 165.801  0.000  0.000  0.000 
        165.801 251.000 165.801  0.000  0.000  0.000 
        165.801 165.801 251.000  0.000  0.000  0.000 
         0.000  0.000  0.000 88.391  0.000  0.000 
         0.000  0.000  0.000  0.000 88.391  0.000 
         0.000  0.000  0.000  0.000  0.000 88.391 



