#L_UNITS ang
#E_UNITS eV
#S_UNITS GPA
#F_UNITS EV/ANG
#ALAT 15.56
#X 1.0 0.0 0.0
#Y 0.0 1.0 0.0
#Z 0.0 0.0 1.353
#C 1 1 1
#RCUT 6.5
#EPA -3.91
PD 0.0 0.0 0.0 
PD 0.0 0.125 0.0923872875092 
PD 0.125 0.0 0.0923872875092 
PD 0.125 0.125 0.0 
PD 0.0 0.0 0.184774575018 
PD 0.0 0.125 0.277161862528 
PD 0.125 0.0 0.277161862528 
PD 0.125 0.125 0.184774575018 
PD 0.0 0.0 0.369549150037 
PD 0.0 0.125 0.461936437546 
PD 0.125 0.0 0.461936437546 
PD 0.125 0.125 0.369549150037 
PD 0.0 0.0 0.554323725055 
PD 0.0 0.125 0.646711012565 
PD 0.125 0.0 0.646711012565 
PD 0.125 0.125 0.554323725055 
PD 0.0 0.25 0.0 
PD 0.0 0.375 0.0923872875092 
PD 0.125 0.25 0.0923872875092 
PD 0.125 0.375 0.0 
PD 0.0 0.25 0.184774575018 
PD 0.0 0.375 0.277161862528 
PD 0.125 0.25 0.277161862528 
PD 0.125 0.375 0.184774575018 
PD 0.0 0.25 0.369549150037 
PD 0.0 0.375 0.461936437546 
PD 0.125 0.25 0.461936437546 
PD 0.125 0.375 0.369549150037 
PD 0.0 0.25 0.554323725055 
PD 0.0 0.375 0.646711012565 
PD 0.125 0.25 0.646711012565 
PD 0.125 0.375 0.554323725055 
PD 0.0 0.5 0.0 
PD 0.0 0.625 0.0923872875092 
PD 0.125 0.5 0.0923872875092 
PD 0.125 0.625 0.0 
PD 0.0 0.5 0.184774575018 
PD 0.0 0.625 0.277161862528 
PD 0.125 0.5 0.277161862528 
PD 0.125 0.625 0.184774575018 
PD 0.0 0.5 0.369549150037 
PD 0.0 0.625 0.461936437546 
PD 0.125 0.5 0.461936437546 
PD 0.125 0.625 0.369549150037 
PD 0.0 0.5 0.554323725055 
PD 0.0 0.625 0.646711012565 
PD 0.125 0.5 0.646711012565 
PD 0.125 0.625 0.554323725055 
PD 0.0 0.75 0.0 
PD 0.0 0.875 0.0923872875092 
PD 0.125 0.75 0.0923872875092 
PD 0.125 0.875 0.0 
PD 0.0 0.75 0.184774575018 
PD 0.0 0.875 0.277161862528 
PD 0.125 0.75 0.277161862528 
PD 0.125 0.875 0.184774575018 
PD 0.0 0.75 0.369549150037 
PD 0.0 0.875 0.461936437546 
PD 0.125 0.75 0.461936437546 
PD 0.125 0.875 0.369549150037 
PD 0.0 0.75 0.554323725055 
PD 0.0 0.875 0.646711012565 
PD 0.125 0.75 0.646711012565 
PD 0.125 0.875 0.554323725055 
PD 0.25 0.0 0.0 
PD 0.25 0.125 0.0923872875092 
PD 0.375 0.0 0.0923872875092 
PD 0.375 0.125 0.0 
PD 0.25 0.0 0.184774575018 
PD 0.25 0.125 0.277161862528 
PD 0.375 0.0 0.277161862528 
PD 0.375 0.125 0.184774575018 
PD 0.25 0.0 0.369549150037 
PD 0.25 0.125 0.461936437546 
PD 0.375 0.0 0.461936437546 
PD 0.375 0.125 0.369549150037 
PD 0.25 0.0 0.554323725055 
PD 0.25 0.125 0.646711012565 
PD 0.375 0.0 0.646711012565 
PD 0.375 0.125 0.554323725055 
PD 0.25 0.25 0.0 
PD 0.25 0.375 0.0923872875092 
PD 0.375 0.25 0.0923872875092 
PD 0.375 0.375 0.0 
PD 0.25 0.25 0.184774575018 
PD 0.25 0.375 0.277161862528 
PD 0.375 0.25 0.277161862528 
PD 0.375 0.375 0.184774575018 
PD 0.25 0.25 0.369549150037 
PD 0.25 0.375 0.461936437546 
PD 0.375 0.25 0.461936437546 
PD 0.375 0.375 0.369549150037 
PD 0.25 0.25 0.554323725055 
PD 0.25 0.375 0.646711012565 
PD 0.375 0.25 0.646711012565 
PD 0.375 0.375 0.554323725055 
PD 0.25 0.5 0.0 
PD 0.25 0.625 0.0923872875092 
PD 0.375 0.5 0.0923872875092 
PD 0.375 0.625 0.0 
PD 0.25 0.5 0.184774575018 
PD 0.25 0.625 0.277161862528 
PD 0.375 0.5 0.277161862528 
PD 0.375 0.625 0.184774575018 
PD 0.25 0.5 0.369549150037 
PD 0.25 0.625 0.461936437546 
PD 0.375 0.5 0.461936437546 
PD 0.375 0.625 0.369549150037 
PD 0.25 0.5 0.554323725055 
PD 0.25 0.625 0.646711012565 
PD 0.375 0.5 0.646711012565 
PD 0.375 0.625 0.554323725055 
PD 0.25 0.75 0.0 
PD 0.25 0.875 0.0923872875092 
PD 0.375 0.75 0.0923872875092 
PD 0.375 0.875 0.0 
PD 0.25 0.75 0.184774575018 
PD 0.25 0.875 0.277161862528 
PD 0.375 0.75 0.277161862528 
PD 0.375 0.875 0.184774575018 
PD 0.25 0.75 0.369549150037 
PD 0.25 0.875 0.461936437546 
PD 0.375 0.75 0.461936437546 
PD 0.375 0.875 0.369549150037 
PD 0.25 0.75 0.554323725055 
PD 0.25 0.875 0.646711012565 
PD 0.375 0.75 0.646711012565 
PD 0.375 0.875 0.554323725055 
PD 0.5 0.0 0.0 
PD 0.5 0.125 0.0923872875092 
PD 0.625 0.0 0.0923872875092 
PD 0.625 0.125 0.0 
PD 0.5 0.0 0.184774575018 
PD 0.5 0.125 0.277161862528 
PD 0.625 0.0 0.277161862528 
PD 0.625 0.125 0.184774575018 
PD 0.5 0.0 0.369549150037 
PD 0.5 0.125 0.461936437546 
PD 0.625 0.0 0.461936437546 
PD 0.625 0.125 0.369549150037 
PD 0.5 0.0 0.554323725055 
PD 0.5 0.125 0.646711012565 
PD 0.625 0.0 0.646711012565 
PD 0.625 0.125 0.554323725055 
PD 0.5 0.25 0.0 
PD 0.5 0.375 0.0923872875092 
PD 0.625 0.25 0.0923872875092 
PD 0.625 0.375 0.0 
PD 0.5 0.25 0.184774575018 
PD 0.5 0.375 0.277161862528 
PD 0.625 0.25 0.277161862528 
PD 0.625 0.375 0.184774575018 
PD 0.5 0.25 0.369549150037 
PD 0.5 0.375 0.461936437546 
PD 0.625 0.25 0.461936437546 
PD 0.625 0.375 0.369549150037 
PD 0.5 0.25 0.554323725055 
PD 0.5 0.375 0.646711012565 
PD 0.625 0.25 0.646711012565 
PD 0.625 0.375 0.554323725055 
PD 0.5 0.5 0.0 
PD 0.5 0.625 0.0923872875092 
PD 0.625 0.5 0.0923872875092 
PD 0.625 0.625 0.0 
PD 0.5 0.5 0.184774575018 
PD 0.5 0.625 0.277161862528 
PD 0.625 0.5 0.277161862528 
PD 0.625 0.625 0.184774575018 
PD 0.5 0.5 0.369549150037 
PD 0.5 0.625 0.461936437546 
PD 0.625 0.5 0.461936437546 
PD 0.625 0.625 0.369549150037 
PD 0.5 0.5 0.554323725055 
PD 0.5 0.625 0.646711012565 
PD 0.625 0.5 0.646711012565 
PD 0.625 0.625 0.554323725055 
PD 0.5 0.75 0.0 
PD 0.5 0.875 0.0923872875092 
PD 0.625 0.75 0.0923872875092 
PD 0.625 0.875 0.0 
PD 0.5 0.75 0.184774575018 
PD 0.5 0.875 0.277161862528 
PD 0.625 0.75 0.277161862528 
PD 0.625 0.875 0.184774575018 
PD 0.5 0.75 0.369549150037 
PD 0.5 0.875 0.461936437546 
PD 0.625 0.75 0.461936437546 
PD 0.625 0.875 0.369549150037 
PD 0.5 0.75 0.554323725055 
PD 0.5 0.875 0.646711012565 
PD 0.625 0.75 0.646711012565 
PD 0.625 0.875 0.554323725055 
PD 0.75 0.0 0.0 
PD 0.75 0.125 0.0923872875092 
PD 0.875 0.0 0.0923872875092 
PD 0.875 0.125 0.0 
PD 0.75 0.0 0.184774575018 
PD 0.75 0.125 0.277161862528 
PD 0.875 0.0 0.277161862528 
PD 0.875 0.125 0.184774575018 
PD 0.75 0.0 0.369549150037 
PD 0.75 0.125 0.461936437546 
PD 0.875 0.0 0.461936437546 
PD 0.875 0.125 0.369549150037 
PD 0.75 0.0 0.554323725055 
PD 0.75 0.125 0.646711012565 
PD 0.875 0.0 0.646711012565 
PD 0.875 0.125 0.554323725055 
PD 0.75 0.25 0.0 
PD 0.75 0.375 0.0923872875092 
PD 0.875 0.25 0.0923872875092 
PD 0.875 0.375 0.0 
PD 0.75 0.25 0.184774575018 
PD 0.75 0.375 0.277161862528 
PD 0.875 0.25 0.277161862528 
PD 0.875 0.375 0.184774575018 
PD 0.75 0.25 0.369549150037 
PD 0.75 0.375 0.461936437546 
PD 0.875 0.25 0.461936437546 
PD 0.875 0.375 0.369549150037 
PD 0.75 0.25 0.554323725055 
PD 0.75 0.375 0.646711012565 
PD 0.875 0.25 0.646711012565 
PD 0.875 0.375 0.554323725055 
PD 0.75 0.5 0.0 
PD 0.75 0.625 0.0923872875092 
PD 0.875 0.5 0.0923872875092 
PD 0.875 0.625 0.0 
PD 0.75 0.5 0.184774575018 
PD 0.75 0.625 0.277161862528 
PD 0.875 0.5 0.277161862528 
PD 0.875 0.625 0.184774575018 
PD 0.75 0.5 0.369549150037 
PD 0.75 0.625 0.461936437546 
PD 0.875 0.5 0.461936437546 
PD 0.875 0.625 0.369549150037 
PD 0.75 0.5 0.554323725055 
PD 0.75 0.625 0.646711012565 
PD 0.875 0.5 0.646711012565 
PD 0.875 0.625 0.554323725055 
PD 0.75 0.75 0.0 
PD 0.75 0.875 0.0923872875092 
PD 0.875 0.75 0.0923872875092 
PD 0.875 0.875 0.0 
PD 0.75 0.75 0.184774575018 
PD 0.75 0.875 0.277161862528 
PD 0.875 0.75 0.277161862528 
PD 0.875 0.875 0.184774575018 
PD 0.75 0.75 0.369549150037 
PD 0.75 0.875 0.461936437546 
PD 0.875 0.75 0.461936437546 
PD 0.875 0.875 0.369549150037 
PD 0.75 0.75 0.554323725055 
PD 0.75 0.875 0.646711012565 
PD 0.875 0.75 0.646711012565 
PD 0.875 0.875 0.554323725055 
