RSS:  
122.43545942835682

P:  
1.86505443864
0.743727442643
-0.609805990007
-1.07293733633
-2.14153127628
-0.468341588627
-0.762694602341
-0.838380830345
-0.501110871914
-0.0780947567784
0.0294072336652
0.158757623788
0.0564849888855
-0.0128115078567
0.000109938352984
-3.23841428757
56.9552688599
51.2536506653
71.9797286987
53.9278030396
56.510761261
33.0753250122
16.0129852295
20.1976509094
15.297118187
7.96383523941
3.73623371124
1.70640695095
0.780170083046
0.353803098202
0.160490393639
0.0750296339393
0.0364681556821
0.0182912945747
0.00921274907887
0.00457642273977
0.00224253395572
0.00110084796324
0.000553363934159
0.000289990362944
0.000159374292707
9.11536626518e-05
7.60359180276e-05
-0.000976101998158
0.00489462998612

Known:
a0:     3.89
e0:     -3.91
B0:     179.99999999949853
EC:     234.000 176.000 176.000  0.000  0.000  0.000 
        176.000 234.000 176.000  0.000  0.000  0.000 
        176.000 176.000 234.000  0.000  0.000  0.000 
         0.000  0.000  0.000 71.200  0.000  0.000 
         0.000  0.000  0.000  0.000 71.200  0.000 
         0.000  0.000  0.000  0.000  0.000 71.200 

Calculated:
a0:     3.9996425444596544
e0:     -3.936207513051735
B0:     184.31600019881228
EC:     232.745 169.795 169.795  0.000  0.000  0.000 
        169.795 232.745 169.795  0.000  0.000  0.000 
        169.795 169.795 232.745  0.000  0.000  0.000 
         0.000  0.000  0.000 91.379  0.000  0.000 
         0.000  0.000  0.000  0.000 91.379  0.000 
         0.000  0.000  0.000  0.000  0.000 91.379 



