########################
# 00000001
########################
RSS 285407303.9848284
BP 0:
a0:   4.3489e+00   e0:  -1.1316e+02   b0:   1.9325e+04   
P: 
  5.8047e+00  -8.0750e+00  -6.0968e+00   7.6818e+00   1.9116e+00 
 -7.4071e-01   3.3929e+00   4.0160e-01  -3.8332e+00  -3.1274e+00 
 -3.5644e-01  -2.5385e-02   6.3602e-01   4.0833e-03   1.9706e-03 
  5.5988e-03   4.0796e+00   5.5675e+00   2.7298e+01   2.8973e+01 
  2.5631e+00 

########################
# 00000002
########################
RSS 286516849.3272095
BP 0:
a0:   4.3015e+00   e0:  -9.8883e+01   b0:   2.1709e+04   
P: 
  5.5631e+00  -8.4495e+00  -6.5721e+00   7.4043e+00   1.6249e+00 
 -3.6488e-01   3.2370e+00   4.8914e-01  -3.7227e+00  -2.9857e+00 
 -3.9353e-01  -4.6789e-02   6.7308e-01   3.2779e-03   1.0815e-03 
  6.5789e-03   4.4705e+00   5.4541e+00   2.4971e+01   2.9425e+01 
  2.1406e+00 

########################
# 00000003
########################
RSS 294890365.497884
BP 0:
a0:   4.3339e+00   e0:  -9.3832e+01   b0:   1.7939e+04   
P: 
  5.3553e+00  -7.5830e+00  -6.4364e+00   7.6355e+00   1.4998e+00 
 -8.0375e-01   3.2287e+00   8.6027e-01  -3.5687e+00  -3.1589e+00 
 -3.5082e-01  -3.7714e-02   6.4624e-01   4.1720e-03   1.9086e-03 
  6.5416e-03   4.4794e+00   5.5098e+00   2.4251e+01   3.0817e+01 
  3.0137e+00 

########################
# 00000004
########################
RSS 305971108.67154783
BP 0:
a0:   4.3582e+00   e0:  -1.1223e+02   b0:   1.8563e+04   
P: 
  5.7780e+00  -7.6942e+00  -5.6141e+00   7.2866e+00   1.4852e+00 
 -7.4488e-01   3.0032e+00   6.3422e-01  -4.0342e+00  -3.3700e+00 
 -3.2957e-01  -3.6488e-03   6.8585e-01   4.8073e-03   1.2538e-03 
  5.6342e-03   4.2608e+00   4.8176e+00   2.3278e+01   2.9577e+01 
  2.4069e+00 

########################
# 00000005
########################
RSS 312087132.95721483
BP 0:
a0:   4.3861e+00   e0:  -1.1253e+02   b0:   1.7321e+04   
P: 
  6.1126e+00  -8.2055e+00  -6.1786e+00   7.8952e+00   1.9542e+00 
 -4.3626e-01   3.1761e+00   7.2195e-01  -3.4178e+00  -2.8693e+00 
 -3.1523e-01  -2.0583e-02   5.9243e-01   3.6693e-03   1.5788e-03 
  5.9992e-03   4.4902e+00   4.1620e+00   2.7907e+01   2.8790e+01 
  2.8660e+00 

########################
# 00000006
########################
RSS 319288406.42850935
BP 0:
a0:   4.2824e+00   e0:  -9.6214e+01   b0:   2.3777e+04   
P: 
  5.6054e+00  -8.2561e+00  -6.2904e+00   7.6129e+00   2.2272e+00 
 -4.3447e-01   3.2005e+00   5.3601e-01  -3.8353e+00  -2.9654e+00 
 -3.7349e-01  -4.4861e-02   6.0866e-01   3.9218e-03   1.3987e-03 
  4.9297e-03   4.1443e+00   5.5398e+00   3.1913e+01   2.9209e+01 
  2.9736e+00 

########################
# 00000007
########################
RSS 325837530.53202605
BP 0:
a0:   4.3122e+00   e0:  -1.0161e+02   b0:   2.1697e+04   
P: 
  5.8929e+00  -7.6123e+00  -6.1818e+00   7.2055e+00   2.0234e+00 
 -5.2606e-01   3.5964e+00   8.8855e-01  -4.0925e+00  -3.3924e+00 
 -3.8147e-01  -5.9395e-02   6.0733e-01   4.9386e-03   2.3714e-03 
  5.8143e-03   4.3037e+00   5.0264e+00   2.3416e+01   2.8278e+01 
  2.2446e+00 

########################
# 00000008
########################
RSS 333263316.6565341
BP 0:
a0:   4.3256e+00   e0:  -1.1333e+02   b0:   2.1672e+04   
P: 
  5.7081e+00  -8.1422e+00  -6.1524e+00   7.2235e+00   1.9872e+00 
 -6.8756e-01   3.4070e+00   6.2802e-01  -4.2934e+00  -3.4947e+00 
 -3.8355e-01  -3.4709e-02   6.7150e-01   3.6006e-03   2.2809e-03 
  5.0030e-03   3.7012e+00   3.9585e+00   2.5468e+01   2.7278e+01 
  2.1926e+00 

########################
# 00000009
########################
RSS 338949631.70142347
BP 0:
a0:   4.3020e+00   e0:  -9.3916e+01   b0:   2.0792e+04   
P: 
  6.1881e+00  -7.8326e+00  -6.4533e+00   8.1294e+00   1.4212e+00 
 -7.9596e-01   3.5135e+00  -3.6894e-03  -3.8185e+00  -3.0205e+00 
 -3.6560e-01  -2.6411e-02   6.6447e-01   3.7080e-03   2.5294e-03 
  5.2396e-03   3.6045e+00   3.7826e+00   2.9439e+01   2.7968e+01 
  2.6190e+00 

########################
# 00000010
########################
RSS 353449528.59336233
BP 0:
a0:   4.3030e+00   e0:  -1.0120e+02   b0:   2.3264e+04   
P: 
  5.8143e+00  -8.3019e+00  -5.8046e+00   8.1069e+00   2.2614e+00 
 -9.0910e-01   2.9147e+00   8.7079e-01  -3.5367e+00  -2.8127e+00 
 -3.1966e-01   6.8074e-03   6.3304e-01   3.3641e-03   2.2070e-03 
  5.6459e-03   4.5143e+00   5.4925e+00   2.4965e+01   2.7675e+01 
  2.8522e+00 

########################
# 00000011
########################
RSS 366804108.6399025
BP 0:
a0:   4.2288e+00   e0:  -9.7149e+01   b0:   3.1205e+04   
P: 
  5.4795e+00  -8.2698e+00  -5.6993e+00   7.2806e+00   1.7617e+00 
 -2.6264e-01   3.8606e+00   6.1959e-01  -4.0521e+00  -2.8711e+00 
 -4.0457e-01  -2.0062e-02   6.4836e-01   3.1501e-03   2.7894e-03 
  5.3261e-03   3.6972e+00   5.1862e+00   2.4115e+01   2.8760e+01 
  2.3387e+00 

########################
# 00000012
########################
RSS 366873894.6089697
BP 0:
a0:   4.2392e+00   e0:  -8.5179e+01   b0:   2.6958e+04   
P: 
  5.6350e+00  -7.8612e+00  -6.0451e+00   7.5061e+00   1.4172e+00 
 -5.3093e-01   3.5730e+00   5.7646e-01  -3.6704e+00  -2.7625e+00 
 -3.5623e-01   2.6531e-03   6.7228e-01   3.7189e-03   1.9045e-03 
  4.6541e-03   3.8707e+00   5.5400e+00   2.7982e+01   3.0454e+01 
  2.8817e+00 

########################
# 00000013
########################
RSS 371451249.0736475
BP 0:
a0:   4.2820e+00   e0:  -9.6712e+01   b0:   2.3064e+04   
P: 
  5.3177e+00  -7.8560e+00  -6.1970e+00   8.0656e+00   1.7459e+00 
 -1.1871e+00   3.3648e+00   6.0791e-01  -4.1530e+00  -3.3821e+00 
 -3.1002e-01   1.7329e-02   6.7113e-01   4.9229e-03   1.5173e-03 
  5.5836e-03   4.1721e+00   4.9723e+00   2.5229e+01   2.8592e+01 
  2.1281e+00 

########################
# 00000014
########################
RSS 372287151.87777644
BP 0:
a0:   4.2651e+00   e0:  -9.2130e+01   b0:   2.6039e+04   
P: 
  6.0045e+00  -8.2628e+00  -6.1655e+00   7.3425e+00   1.6508e+00 
 -5.8787e-01   3.0537e+00   7.2009e-01  -3.7699e+00  -2.8455e+00 
 -3.4543e-01  -5.2281e-03   6.5203e-01   4.4719e-03   1.3283e-03 
  4.6108e-03   4.3593e+00   4.4489e+00   2.6448e+01   3.1219e+01 
  2.1609e+00 

########################
# 00000015
########################
RSS 377812007.6842323
BP 0:
a0:   4.2485e+00   e0:  -9.4912e+01   b0:   2.8853e+04   
P: 
  5.9690e+00  -8.4324e+00  -6.2343e+00   7.8644e+00   2.1569e+00 
 -9.4903e-01   2.9073e+00   6.4993e-01  -4.0757e+00  -2.9301e+00 
 -3.1830e-01   7.0306e-03   5.8644e-01   3.7098e-03   1.5996e-03 
  4.6612e-03   4.3096e+00   5.4386e+00   2.2089e+01   2.8902e+01 
  2.1517e+00 

########################
# 00000016
########################
RSS 377931551.29350907
BP 0:
a0:   4.2667e+00   e0:  -9.8823e+01   b0:   2.5861e+04   
P: 
  5.7715e+00  -8.1259e+00  -5.7382e+00   8.0453e+00   2.0671e+00 
 -1.0255e+00   3.3699e+00  -7.9266e-02  -3.9114e+00  -2.8832e+00 
 -3.8670e-01  -2.7379e-02   6.5507e-01   3.3500e-03   1.7879e-03 
  4.8293e-03   3.6323e+00   3.4644e+00   2.2819e+01   2.7557e+01 
  2.3702e+00 

########################
# 00000017
########################
RSS 378536280.0872202
BP 0:
a0:   4.2792e+00   e0:  -9.0672e+01   b0:   2.3567e+04   
P: 
  5.3197e+00  -7.9041e+00  -5.7866e+00   7.7592e+00   2.0565e+00 
 -5.0059e-01   3.7109e+00   8.8722e-01  -3.4381e+00  -2.8292e+00 
 -3.6987e-01  -5.2915e-02   6.0569e-01   3.3530e-03   1.9705e-03 
  5.8766e-03   3.6747e+00   4.5443e+00   2.8963e+01   2.8073e+01 
  3.0217e+00 

########################
# 00000018
########################
RSS 381662148.68634045
BP 0:
a0:   4.2334e+00   e0:  -7.7867e+01   b0:   2.6825e+04   
P: 
  5.9310e+00  -7.7817e+00  -6.5046e+00   7.8037e+00   1.8488e+00 
 -5.4904e-01   3.0777e+00   6.2136e-01  -3.7613e+00  -2.8750e+00 
 -3.7552e-01  -2.8691e-02   6.5940e-01   4.0044e-03   2.4132e-03 
  6.1615e-03   4.1002e+00   5.4706e+00   2.1805e+01   2.6888e+01 
  2.4675e+00 

########################
# 00000019
########################
RSS 387672237.13592887
BP 0:
a0:   4.2868e+00   e0:  -9.8416e+01   b0:   2.4354e+04   
P: 
  5.7571e+00  -8.1161e+00  -5.8453e+00   7.6449e+00   1.9360e+00 
 -4.5965e-01   3.3405e+00   7.0508e-01  -4.1485e+00  -3.2570e+00 
 -3.7957e-01  -7.0049e-02   5.8937e-01   3.1569e-03   1.3963e-03 
  5.3109e-03   3.7890e+00   3.6292e+00   2.2069e+01   2.9972e+01 
  2.9067e+00 

########################
# 00000020
########################
RSS 388514629.83891946
BP 0:
a0:   4.3617e+00   e0:  -1.2434e+02   b0:   2.0400e+04   
P: 
  6.1293e+00  -8.5040e+00  -5.7172e+00   7.5164e+00   1.4694e+00 
 -4.0196e-01   3.5065e+00   7.6640e-01  -4.3288e+00  -3.5082e+00 
 -3.0932e-01   1.4065e-02   6.8466e-01   4.1500e-03   2.3452e-03 
  5.1146e-03   4.4270e+00   4.9575e+00   2.4200e+01   2.9032e+01 
  2.4141e+00 

########################
# 00000021
########################
RSS 393211042.140219
BP 0:
a0:   4.3262e+00   e0:  -9.7361e+01   b0:   2.0108e+04   
P: 
  6.0033e+00  -7.7214e+00  -5.8980e+00   7.8558e+00   1.8024e+00 
 -7.4651e-01   3.2642e+00   8.4352e-01  -3.6000e+00  -3.0946e+00 
 -3.8726e-01  -7.4636e-02   6.3073e-01   3.5627e-03   1.6319e-03 
  5.3196e-03   4.1451e+00   5.6273e+00   2.6357e+01   2.7167e+01 
  2.4249e+00 

########################
# 00000022
########################
RSS 395551900.295819
BP 0:
a0:   4.2859e+00   e0:  -9.0273e+01   b0:   2.4418e+04   
P: 
  5.8258e+00  -7.8818e+00  -6.0587e+00   7.5174e+00   2.1970e+00 
 -9.9231e-01   2.9060e+00   2.4298e-01  -3.9009e+00  -3.0101e+00 
 -3.9098e-01  -6.6145e-02   5.8894e-01   4.7046e-03   2.2050e-03 
  6.0052e-03   4.2610e+00   3.0507e+00   2.3074e+01   2.7400e+01 
  2.5487e+00 

########################
# 00000023
########################
RSS 397837131.67855114
BP 0:
a0:   4.3056e+00   e0:  -9.8914e+01   b0:   2.2213e+04   
P: 
  5.6222e+00  -8.1495e+00  -6.3987e+00   8.1081e+00   1.8566e+00 
 -9.8804e-01   3.4093e+00   1.0334e+00  -3.8979e+00  -3.2930e+00 
 -3.4907e-01  -3.0963e-02   6.3344e-01   4.7100e-03   2.0157e-03 
  4.7059e-03   4.2314e+00   3.9255e+00   2.3143e+01   2.8094e+01 
  2.0714e+00 

########################
# 00000024
########################
RSS 403598356.6881452
BP 0:
a0:   4.2652e+00   e0:  -7.7171e+01   b0:   2.2434e+04   
P: 
  6.0839e+00  -7.6312e+00  -6.3603e+00   7.3582e+00   1.5966e+00 
 -2.4094e-01   3.1521e+00   2.6262e-01  -3.5140e+00  -2.7635e+00 
 -3.8846e-01  -6.6593e-02   6.5218e-01   4.6144e-03   1.7027e-03 
  5.4584e-03   3.6687e+00   5.4414e+00   2.3855e+01   2.8912e+01 
  2.8026e+00 

########################
# 00000025
########################
RSS 407210041.7933197
BP 0:
a0:   4.1878e+00   e0:  -7.9923e+01   b0:   3.3490e+04   
P: 
  5.9755e+00  -7.6999e+00  -6.2486e+00   7.7471e+00   1.9275e+00 
 -3.4421e-01   3.3202e+00  -4.5972e-02  -4.3294e+00  -2.8461e+00 
 -3.8643e-01  -3.4390e-02   5.8845e-01   3.1653e-03   1.6097e-03 
  5.4060e-03   3.9461e+00   4.7648e+00   2.4784e+01   2.7071e+01 
  2.2438e+00 

########################
# 00000026
########################
RSS 407716059.9897554
BP 0:
a0:   4.2292e+00   e0:  -8.2844e+01   b0:   2.8421e+04   
P: 
  5.3656e+00  -7.4887e+00  -5.9639e+00   7.8753e+00   2.1148e+00 
 -7.2742e-01   3.6022e+00   1.0195e+00  -4.0352e+00  -3.1662e+00 
 -3.1696e-01   1.4973e-02   6.4165e-01   4.2447e-03   6.5466e-04 
  5.4053e-03   4.2743e+00   5.4550e+00   3.0030e+01   2.6468e+01 
  2.3176e+00 

########################
# 00000027
########################
RSS 414409062.7674552
BP 0:
a0:   4.2511e+00   e0:  -8.5981e+01   b0:   2.5678e+04   
P: 
  6.0159e+00  -8.2594e+00  -6.3687e+00   7.7115e+00   1.6015e+00 
 -3.0575e-01   2.9085e+00   1.1072e-01  -4.1510e+00  -3.0000e+00 
 -3.1773e-01   8.2072e-03   6.6350e-01   3.0933e-03   1.7531e-03 
  4.7055e-03   4.5413e+00   4.2359e+00   2.8542e+01   3.0182e+01 
  2.3201e+00 

########################
# 00000028
########################
RSS 419560202.69391114
BP 0:
a0:   4.3487e+00   e0:  -1.1004e+02   b0:   2.1040e+04   
P: 
  5.3930e+00  -8.1398e+00  -5.6871e+00   7.3745e+00   2.2311e+00 
 -7.6003e-01   3.3858e+00   8.3693e-01  -3.8081e+00  -3.2525e+00 
 -3.9722e-01  -4.4898e-02   6.8130e-01   4.4006e-03   2.3481e-03 
  5.6201e-03   3.9831e+00   3.0857e+00   3.0108e+01   2.9180e+01 
  2.0852e+00 

########################
# 00000029
########################
RSS 433418502.0514337
BP 0:
a0:   4.3526e+00   e0:  -1.0054e+02   b0:   1.9213e+04   
P: 
  6.0858e+00  -7.9533e+00  -6.2908e+00   7.2347e+00   1.4517e+00 
 -9.1523e-01   2.9754e+00   5.4702e-01  -3.7667e+00  -3.1260e+00 
 -3.2697e-01  -1.8314e-02   6.3980e-01   4.5130e-03   2.6906e-03 
  4.9055e-03   4.3006e+00   3.1166e+00   2.1910e+01   2.8015e+01 
  3.0161e+00 

########################
# 00000030
########################
RSS 438772672.35519403
BP 0:
a0:   4.2878e+00   e0:  -9.1268e+01   b0:   2.3118e+04   
P: 
  5.0172e+00  -7.6156e+00  -6.0742e+00   7.4474e+00   2.3619e+00 
 -1.0841e+00   3.7500e+00   1.4887e+00  -3.5722e+00  -3.1795e+00 
 -2.6733e-01   3.5698e-02   6.5410e-01   4.9438e-03   3.7413e-04 
  5.5802e-03   3.9045e+00   5.1922e+00   3.3173e+01   2.5688e+01 
  2.6875e+00 

########################
# 00000031
########################
RSS 440272301.2666429
BP 0:
a0:   4.3203e+00   e0:  -1.0613e+02   b0:   2.1426e+04   
P: 
  5.7902e+00  -8.1592e+00  -5.8745e+00   7.3788e+00   2.1516e+00 
 -7.6170e-01   3.7567e+00   3.1659e-01  -3.6422e+00  -2.9963e+00 
 -3.7241e-01  -4.5907e-02   6.6758e-01   4.4429e-03   2.3433e-03 
  6.0963e-03   4.4109e+00   5.4275e+00   3.2142e+01   3.0432e+01 
  2.8968e+00 

########################
# 00000032
########################
RSS 442841637.8657989
BP 0:
a0:   4.2322e+00   e0:  -8.2891e+01   b0:   2.7187e+04   
P: 
  5.0978e+00  -8.0163e+00  -6.2360e+00   7.9009e+00   1.7513e+00 
 -7.5736e-01   3.6425e+00   5.8589e-01  -3.7736e+00  -2.9355e+00 
 -3.4108e-01  -7.5040e-03   6.6006e-01   5.3085e-03   7.4005e-04 
  5.0113e-03   3.7589e+00   3.8751e+00   2.2427e+01   2.8642e+01 
  2.2357e+00 

########################
# 00000033
########################
RSS 453202738.31549287
BP 0:
a0:   4.3065e+00   e0:  -9.5367e+01   b0:   2.3903e+04   
P: 
  5.1356e+00  -8.1729e+00  -6.1665e+00   7.7095e+00   1.5044e+00 
 -9.1508e-01   3.6804e+00   7.5076e-01  -4.0448e+00  -3.3760e+00 
 -3.5047e-01  -1.2138e-02   6.5013e-01   4.7643e-03   1.1304e-03 
  4.6116e-03   4.5966e+00   2.9946e+00   2.7904e+01   3.0442e+01 
  1.7619e+00 

########################
# 00000034
########################
RSS 454627389.74031895
BP 0:
a0:   4.3329e+00   e0:  -9.9940e+01   b0:   2.1794e+04   
P: 
  6.2062e+00  -7.9039e+00  -6.1739e+00   7.5603e+00   1.7605e+00 
 -1.1322e+00   3.4076e+00   3.7809e-01  -3.8640e+00  -3.1264e+00 
 -3.1600e-01   1.6800e-02   6.5604e-01   4.1135e-03   1.7786e-03 
  5.5689e-03   4.2820e+00   3.0493e+00   3.1657e+01   2.7994e+01 
  2.4622e+00 

########################
# 00000035
########################
RSS 472308471.33731806
BP 0:
a0:   4.2159e+00   e0:  -8.6535e+01   b0:   3.0994e+04   
P: 
  5.3674e+00  -8.2147e+00  -6.4443e+00   7.4856e+00   2.2380e+00 
 -8.5537e-01   3.7864e+00   1.3840e-01  -3.9174e+00  -2.7923e+00 
 -3.4892e-01   1.3283e-02   6.6558e-01   3.6053e-03   1.5949e-03 
  5.3724e-03   4.2634e+00   3.4936e+00   2.4555e+01   2.9052e+01 
  2.1212e+00 

########################
# 00000036
########################
RSS 473075158.12700164
BP 0:
a0:   4.2948e+00   e0:  -9.7521e+01   b0:   2.3150e+04   
P: 
  5.7880e+00  -8.5334e+00  -6.5039e+00   7.7935e+00   1.6369e+00 
 -1.1650e+00   3.5397e+00   1.9611e-01  -3.7702e+00  -2.9384e+00 
 -3.1496e-01  -1.6579e-02   6.0706e-01   3.7676e-03   2.6761e-03 
  5.4563e-03   3.6944e+00   3.3821e+00   2.4323e+01   2.6572e+01 
  2.9238e+00 

########################
# 00000037
########################
RSS 479685806.07475406
BP 0:
a0:   4.2374e+00   e0:  -8.3136e+01   b0:   2.8076e+04   
P: 
  5.5257e+00  -7.9020e+00  -5.8724e+00   7.6190e+00   1.5327e+00 
 -5.6200e-01   3.5233e+00   8.2781e-01  -4.0494e+00  -3.0847e+00 
 -3.1681e-01  -1.5195e-02   6.0071e-01   3.1555e-03   2.3327e-03 
  6.3537e-03   3.9750e+00   3.5928e+00   2.3869e+01   2.7054e+01 
  2.1140e+00 

########################
# 00000038
########################
RSS 495056224.9014744
BP 0:
a0:   4.3406e+00   e0:  -1.0638e+02   b0:   2.0737e+04   
P: 
  6.1354e+00  -8.2595e+00  -5.6733e+00   7.3575e+00   2.3627e+00 
 -8.1051e-01   3.2222e+00   5.8841e-01  -3.3365e+00  -2.7136e+00 
 -3.1008e-01  -2.5586e-02   5.9777e-01   3.2949e-03   2.7420e-03 
  5.0846e-03   3.6876e+00   4.5100e+00   2.4969e+01   2.6862e+01 
  3.0819e+00 

########################
# 00000039
########################
RSS 497041166.69742113
BP 0:
a0:   4.1696e+00   e0:  -7.3790e+01   b0:   3.6737e+04   
P: 
  5.5547e+00  -7.9340e+00  -6.4639e+00   7.8800e+00   1.7949e+00 
 -6.5398e-01   3.1103e+00   6.4919e-01  -4.0381e+00  -2.7029e+00 
 -3.6635e-01  -7.9505e-03   6.1826e-01   4.9643e-03   2.2190e-03 
  5.4162e-03   4.4585e+00   4.8586e+00   2.5151e+01   2.9102e+01 
  2.7027e+00 

########################
# 00000040
########################
RSS 497855835.78451484
BP 0:
a0:   4.2484e+00   e0:  -8.9797e+01   b0:   2.8277e+04   
P: 
  5.4391e+00  -7.5782e+00  -5.7883e+00   7.5721e+00   2.4276e+00 
 -1.0177e+00   4.0538e+00   1.2810e+00  -3.9755e+00  -3.1994e+00 
 -2.4188e-01   5.3429e-02   6.0621e-01   5.1420e-03   1.5157e-04 
  5.1537e-03   3.4825e+00   5.4251e+00   3.1096e+01   2.4160e+01 
  3.0458e+00 

########################
# 00000041
########################
RSS 498250524.5914122
BP 0:
a0:   4.3228e+00   e0:  -1.0579e+02   b0:   2.2888e+04   
P: 
  6.1292e+00  -8.4588e+00  -6.1974e+00   7.8286e+00   1.8475e+00 
 -1.1518e+00   3.3278e+00   5.6956e-02  -4.2874e+00  -3.3474e+00 
 -3.3778e-01  -2.1094e-02   6.4230e-01   3.8481e-03   1.5932e-03 
  4.9694e-03   4.1430e+00   3.1047e+00   3.1934e+01   2.7637e+01 
  2.5364e+00 

########################
# 00000042
########################
RSS 502343908.80738723
BP 0:
a0:   4.2138e+00   e0:  -8.3969e+01   b0:   3.0176e+04   
P: 
  5.0937e+00  -7.7628e+00  -5.9666e+00   7.8256e+00   2.1519e+00 
 -1.5971e+00   3.1864e+00   4.1943e-01  -3.9205e+00  -2.9101e+00 
 -2.7700e-01   4.0581e-02   6.3192e-01   3.9738e-03   1.0839e-03 
  6.5617e-03   4.1782e+00   4.3314e+00   3.0631e+01   3.1051e+01 
  1.6449e+00 

########################
# 00000043
########################
RSS 505358284.7700665
BP 0:
a0:   4.2417e+00   e0:  -7.0078e+01   b0:   2.6179e+04   
P: 
  5.2638e+00  -7.1959e+00  -6.5123e+00   7.9011e+00   2.0628e+00 
 -7.6599e-01   3.6249e+00   1.7587e+00  -4.0233e+00  -3.4671e+00 
 -2.2475e-01   6.7961e-02   6.5940e-01   5.2680e-03   7.4900e-06 
  5.7742e-03   3.9659e+00   3.4678e+00   3.7368e+01   2.5700e+01 
  3.1165e+00 

########################
# 00000044
########################
RSS 511115403.8357186
BP 0:
a0:   4.1977e+00   e0:  -6.7822e+01   b0:   2.9996e+04   
P: 
  5.5309e+00  -7.8132e+00  -6.5704e+00   7.7335e+00   1.8747e+00 
 -3.9674e-01   3.1696e+00   5.9680e-01  -3.7495e+00  -2.7156e+00 
 -3.0823e-01   4.8519e-03   6.2131e-01   3.9387e-03   1.7413e-03 
  4.7096e-03   3.8744e+00   4.2591e+00   2.4845e+01   3.1318e+01 
  3.0795e+00 

########################
# 00000045
########################
RSS 515761001.4046658
BP 0:
a0:   4.2025e+00   e0:  -7.1877e+01   b0:   3.1930e+04   
P: 
  5.0117e+00  -7.2491e+00  -5.9294e+00   8.0909e+00   2.5788e+00 
 -5.8375e-01   4.0129e+00   6.0345e-01  -4.3045e+00  -3.1922e+00 
 -2.7135e-01   5.2561e-02   6.1850e-01   4.4964e-03   1.1421e-03 
  4.7063e-03   4.6285e+00   3.1199e+00   2.4649e+01   2.4780e+01 
  2.2210e+00 

########################
# 00000046
########################
RSS 523219361.57386565
BP 0:
a0:   4.1942e+00   e0:  -7.5260e+01   b0:   3.0611e+04   
P: 
  5.5070e+00  -7.5891e+00  -6.5070e+00   7.9888e+00   1.7120e+00 
 -6.8232e-01   3.5860e+00   2.8179e-01  -4.2410e+00  -3.0993e+00 
 -3.6096e-01  -2.0140e-02   6.4121e-01   3.3342e-03   2.8685e-03 
  4.7813e-03   4.0741e+00   5.5620e+00   2.9527e+01   3.1219e+01 
  2.1608e+00 

########################
# 00000047
########################
RSS 524543629.9397757
BP 0:
a0:   4.2103e+00   e0:  -7.3852e+01   b0:   2.8936e+04   
P: 
  5.6816e+00  -7.7001e+00  -5.7491e+00   7.9384e+00   1.9561e+00 
 -2.7093e-01   3.3164e+00   9.7587e-02  -3.7689e+00  -2.6938e+00 
 -3.4142e-01  -6.7009e-03   6.7540e-01   3.5755e-03   2.0674e-03 
  5.7025e-03   3.9686e+00   4.0826e+00   3.0938e+01   2.8831e+01 
  2.0979e+00 

########################
# 00000048
########################
RSS 524962905.0772091
BP 0:
a0:   4.2146e+00   e0:  -8.8972e+01   b0:   3.3602e+04   
P: 
  6.2529e+00  -7.7780e+00  -5.8442e+00   7.3144e+00   2.1336e+00 
 -9.9628e-01   3.4439e+00   6.2963e-01  -4.2959e+00  -3.0982e+00 
 -3.5790e-01   7.8002e-03   6.8325e-01   4.5445e-03   1.1872e-03 
  5.8019e-03   3.7757e+00   3.9959e+00   2.7163e+01   3.0210e+01 
  2.6001e+00 

########################
# 00000049
########################
RSS 529074335.82903385
BP 0:
a0:   4.2150e+00   e0:  -8.2244e+01   b0:   2.8613e+04   
P: 
  4.9431e+00  -7.6266e+00  -5.7858e+00   7.6923e+00   2.0418e+00 
 -7.2414e-01   3.7724e+00   2.3422e-01  -3.9919e+00  -2.9953e+00 
 -3.4909e-01  -1.5281e-02   6.5135e-01   5.3481e-03   2.3230e-03 
  4.7458e-03   4.5573e+00   4.5486e+00   2.6017e+01   2.8044e+01 
  1.9945e+00 

########################
# 00000050
########################
RSS 533922865.76809937
BP 0:
a0:   4.1895e+00   e0:  -7.5413e+01   b0:   3.5089e+04   
P: 
  5.5029e+00  -7.9500e+00  -6.1197e+00   7.7941e+00   1.4438e+00 
 -7.9447e-01   3.7971e+00   6.6062e-01  -3.9547e+00  -2.7285e+00 
 -3.2207e-01   1.6032e-02   6.0365e-01   3.3798e-03   1.9087e-03 
  5.1938e-03   4.5144e+00   3.3255e+00   2.7209e+01   3.0454e+01 
  2.5989e+00 

########################
# 00000051
########################
RSS 545659851.7574115
BP 0:
a0:   4.2106e+00   e0:  -6.6683e+01   b0:   3.2308e+04   
P: 
  5.5370e+00  -7.7143e+00  -5.8587e+00   8.2089e+00   1.7834e+00 
 -7.7719e-01   3.0252e+00   4.4755e-01  -4.0647e+00  -2.9282e+00 
 -2.7488e-01   6.5511e-02   6.7835e-01   4.2643e-03   1.2018e-03 
  6.2325e-03   4.0643e+00   2.9610e+00   2.7536e+01   2.7196e+01 
  2.4622e+00 

########################
# 00000052
########################
RSS 548551380.5903174
BP 0:
a0:   4.2654e+00   e0:  -9.2070e+01   b0:   3.0343e+04   
P: 
  5.6844e+00  -8.5109e+00  -5.7859e+00   7.5200e+00   1.7143e+00 
 -1.0659e+00   2.9175e+00   7.8937e-01  -4.2872e+00  -3.2419e+00 
 -3.3633e-01   1.5986e-02   6.5968e-01   3.3310e-03   1.8865e-03 
  5.2156e-03   3.9694e+00   2.9227e+00   2.7873e+01   2.8254e+01 
  2.0640e+00 

########################
# 00000053
########################
RSS 552209031.7005787
BP 0:
a0:   4.2277e+00   e0:  -7.5004e+01   b0:   2.7846e+04   
P: 
  4.8223e+00  -7.8068e+00  -6.5649e+00   7.8476e+00   2.7180e+00 
 -6.8593e-01   4.2431e+00   1.4412e+00  -3.3787e+00  -2.8929e+00 
 -2.8633e-01   2.8729e-02   6.5652e-01   5.2323e-03   5.7314e-04 
  4.7386e-03   3.6805e+00   4.7091e+00   2.8280e+01   2.3363e+01 
  3.0724e+00 

########################
# 00000054
########################
RSS 558416045.8306952
BP 0:
a0:   4.2631e+00   e0:  -8.2954e+01   b0:   2.5375e+04   
P: 
  5.4365e+00  -7.1257e+00  -5.8731e+00   7.4256e+00   2.6085e+00 
 -1.4560e+00   4.0970e+00   1.1258e+00  -3.5352e+00  -2.9795e+00 
 -1.9615e-01   6.9619e-02   5.8197e-01   5.7433e-03   2.4792e-04 
  4.6611e-03   3.1391e+00   3.5298e+00   2.6422e+01   2.6521e+01 
  2.8842e+00 

########################
# 00000055
########################
RSS 571421824.8543847
BP 0:
a0:   4.1859e+00   e0:  -6.5698e+01   b0:   3.2548e+04   
P: 
  5.5601e+00  -7.6802e+00  -6.5383e+00   7.9518e+00   1.5948e+00 
 -1.0196e+00   2.9634e+00   7.3441e-01  -3.9841e+00  -2.9029e+00 
 -2.8018e-01   2.5590e-02   6.2782e-01   4.2449e-03   1.0596e-03 
  6.3741e-03   4.1804e+00   3.4735e+00   2.4547e+01   2.8284e+01 
  2.1246e+00 

########################
# 00000056
########################
RSS 572028539.7986381
BP 0:
a0:   4.1945e+00   e0:  -8.0946e+01   b0:   3.3926e+04   
P: 
  6.1048e+00  -7.8199e+00  -6.0746e+00   7.9422e+00   2.1576e+00 
 -6.6734e-01   3.5644e+00   1.5997e-01  -4.2563e+00  -2.9536e+00 
 -3.9696e-01  -4.9261e-02   6.2724e-01   3.1825e-03   1.1281e-03 
  4.6259e-03   3.5809e+00   4.7292e+00   2.7506e+01   2.7193e+01 
  2.1594e+00 

########################
# 00000057
########################
RSS 573515724.1734205
BP 0:
a0:   4.2682e+00   e0:  -7.6388e+01   b0:   2.1622e+04   
P: 
  5.3595e+00  -7.7275e+00  -6.1106e+00   7.9537e+00   2.1447e+00 
 -1.0085e+00   2.9563e+00   7.3395e-02  -3.4611e+00  -2.7939e+00 
 -3.1240e-01  -5.0429e-02   5.9975e-01   4.2683e-03   2.3315e-03 
  6.2074e-03   3.6469e+00   3.9288e+00   2.2186e+01   2.7942e+01 
  2.3130e+00 

########################
# 00000058
########################
RSS 574744751.6258425
BP 0:
a0:   4.2509e+00   e0:  -8.4754e+01   b0:   2.6859e+04   
P: 
  5.4035e+00  -8.0664e+00  -5.6787e+00   7.6604e+00   1.8474e+00 
 -1.1874e+00   2.9809e+00   7.1958e-01  -3.6786e+00  -2.8823e+00 
 -3.1688e-01  -6.3768e-03   6.5392e-01   3.1130e-03   1.9779e-03 
  5.3027e-03   3.7046e+00   3.5255e+00   2.8185e+01   2.6539e+01 
  2.6879e+00 

########################
# 00000059
########################
RSS 577519946.9730972
BP 0:
a0:   4.2584e+00   e0:  -8.5860e+01   b0:   2.6618e+04   
P: 
  4.8116e+00  -7.5017e+00  -5.8901e+00   7.7867e+00   2.8133e+00 
 -1.1909e+00   4.1246e+00   1.9289e+00  -3.7807e+00  -3.3823e+00 
 -2.2296e-01   5.1895e-02   6.2311e-01   5.1864e-03   1.7575e-04 
  6.5162e-03   3.6958e+00   4.5705e+00   2.9045e+01   2.4436e+01 
  2.2613e+00 

########################
# 00000060
########################
RSS 584348574.0390213
BP 0:
a0:   4.2565e+00   e0:  -7.2234e+01   b0:   2.2649e+04   
P: 
  5.7648e+00  -7.6383e+00  -6.1126e+00   8.0812e+00   1.6577e+00 
 -8.5333e-01   3.1949e+00   1.6027e-02  -3.3919e+00  -2.7580e+00 
 -3.7828e-01  -7.0746e-02   6.7791e-01   4.1424e-03   1.3845e-03 
  5.9991e-03   3.7245e+00   3.5272e+00   2.9207e+01   2.8877e+01 
  3.0191e+00 

########################
# 00000061
########################
RSS 587634167.5296209
BP 0:
a0:   4.2427e+00   e0:  -7.7138e+01   b0:   2.8324e+04   
P: 
  5.5169e+00  -7.7561e+00  -5.6878e+00   7.2346e+00   1.9678e+00 
 -3.5081e-01   3.5755e+00   6.6751e-01  -3.9955e+00  -3.0472e+00 
 -3.6383e-01  -5.1955e-02   6.0705e-01   4.8112e-03   2.1614e-03 
  4.6585e-03   3.6798e+00   3.0771e+00   3.0763e+01   2.8514e+01 
  2.5094e+00 

########################
# 00000062
########################
RSS 587913964.6838653
BP 0:
a0:   4.2763e+00   e0:  -8.7904e+01   b0:   2.3434e+04   
P: 
  5.9097e+00  -7.5953e+00  -5.7910e+00   7.4133e+00   2.1952e+00 
 -7.3288e-01   3.4007e+00   2.9874e-01  -3.9923e+00  -3.2282e+00 
 -3.5467e-01  -5.7652e-02   6.5498e-01   3.8383e-03   1.8187e-03 
  5.9389e-03   4.1585e+00   4.4142e+00   2.2270e+01   2.9388e+01 
  2.1144e+00 

########################
# 00000063
########################
RSS 589493043.82066
BP 0:
a0:   4.2282e+00   e0:  -7.0878e+01   b0:   2.7549e+04   
P: 
  5.6880e+00  -6.7680e+00  -6.1636e+00   7.5319e+00   2.6018e+00 
 -1.8165e+00   3.9183e+00   1.0641e+00  -3.2522e+00  -2.7378e+00 
 -2.1321e-01   6.8015e-02   6.0389e-01   4.8841e-03  -2.2185e-04 
  5.6419e-03   3.0584e+00   3.7408e+00   2.1328e+01   2.8382e+01 
  2.8613e+00 

########################
# 00000064
########################
RSS 590937809.6584246
BP 0:
a0:   4.2231e+00   e0:  -7.2715e+01   b0:   3.0448e+04   
P: 
  5.6843e+00  -7.9456e+00  -6.1947e+00   7.8349e+00   1.6467e+00 
 -9.5798e-01   3.0353e+00  -8.3814e-02  -4.2641e+00  -3.1457e+00 
 -4.0600e-01  -7.2482e-02   6.3939e-01   4.5028e-03   1.1110e-03 
  5.7047e-03   4.3268e+00   2.9801e+00   2.6011e+01   2.7564e+01 
  3.0785e+00 

########################
# 00000065
########################
RSS 592463349.7227046
BP 0:
a0:   4.1745e+00   e0:  -7.8330e+01   b0:   3.6766e+04   
P: 
  5.6654e+00  -8.1028e+00  -6.5866e+00   7.4341e+00   2.0810e+00 
 -1.1323e+00   3.0971e+00   2.5512e-01  -3.9657e+00  -2.6368e+00 
 -3.6338e-01   1.1281e-02   6.7528e-01   3.9027e-03   2.9494e-03 
  5.9924e-03   4.3762e+00   5.2913e+00   2.3607e+01   2.9293e+01 
  2.5086e+00 

########################
# 00000066
########################
RSS 600949854.2549715
BP 0:
a0:   4.2705e+00   e0:  -9.2655e+01   b0:   2.5228e+04   
P: 
  5.4896e+00  -8.4028e+00  -5.9869e+00   7.7290e+00   2.1239e+00 
 -9.8986e-01   3.4687e+00   3.5023e-01  -3.8171e+00  -2.9791e+00 
 -3.3323e-01  -4.5793e-02   6.0310e-01   3.4114e-03   2.3725e-03 
  5.1441e-03   4.0641e+00   3.7188e+00   2.6204e+01   2.7189e+01 
  2.9344e+00 

########################
# 00000067
########################
RSS 603500573.5958916
BP 0:
a0:   4.2128e+00   e0:  -7.1531e+01   b0:   2.8510e+04   
P: 
  5.7726e+00  -7.6465e+00  -6.5102e+00   7.4672e+00   1.9390e+00 
 -6.1591e-01   3.1501e+00   1.4018e-01  -4.2406e+00  -3.1587e+00 
 -3.4587e-01  -4.3868e-02   6.3385e-01   3.4643e-03   2.0929e-03 
  6.5029e-03   4.2059e+00   3.5991e+00   3.2434e+01   3.0175e+01 
  2.5484e+00 

########################
# 00000068
########################
RSS 607383952.9979082
BP 0:
a0:   4.2127e+00   e0:  -7.0605e+01   b0:   3.1307e+04   
P: 
  5.0175e+00  -7.0596e+00  -5.5002e+00   7.2597e+00   2.7693e+00 
 -1.2990e+00   3.6714e+00   1.5643e+00  -3.3524e+00  -2.6749e+00 
 -1.9331e-01   9.8098e-02   6.0722e-01   6.5740e-03   1.7948e-04 
  4.0177e-03   3.0971e+00   3.3377e+00   2.6719e+01   2.4870e+01 
  3.2687e+00 

########################
# 00000069
########################
RSS 610180867.4585867
BP 0:
a0:   4.2435e+00   e0:  -8.3804e+01   b0:   2.7674e+04   
P: 
  6.1918e+00  -8.1110e+00  -6.2981e+00   7.7937e+00   1.4589e+00 
 -9.9057e-01   2.9787e+00   7.7056e-01  -4.1821e+00  -3.2617e+00 
 -3.7266e-01  -6.6742e-02   6.3200e-01   3.4427e-03   2.3515e-03 
  5.5349e-03   4.0074e+00   5.2164e+00   3.1979e+01   3.0530e+01 
  2.4249e+00 

########################
# 00000070
########################
RSS 613258559.0176005
BP 0:
a0:   4.1658e+00   e0:  -6.7306e+01   b0:   3.7733e+04   
P: 
  5.0015e+00  -7.1834e+00  -6.0721e+00   6.9479e+00   2.3821e+00 
 -8.8609e-01   3.4657e+00   1.6414e+00  -3.7328e+00  -2.8186e+00 
 -3.0042e-01   5.2700e-02   6.8633e-01   4.6202e-03  -5.7169e-04 
  5.0506e-03   3.8038e+00   5.2896e+00   2.8228e+01   2.4751e+01 
  2.3212e+00 

########################
# 00000071
########################
RSS 615396011.9355469
BP 0:
a0:   4.2472e+00   e0:  -8.8979e+01   b0:   2.8051e+04   
P: 
  6.0222e+00  -8.5510e+00  -5.9711e+00   7.7045e+00   1.8224e+00 
 -9.3251e-01   3.1682e+00   1.9006e-01  -3.7510e+00  -2.7573e+00 
 -3.8942e-01  -7.3109e-02   6.2568e-01   3.3760e-03   2.4019e-03 
  5.1757e-03   3.8255e+00   3.8547e+00   3.0184e+01   2.9953e+01 
  2.8925e+00 

########################
# 00000072
########################
RSS 615811425.3219678
BP 0:
a0:   4.3172e+00   e0:  -8.7677e+01   b0:   2.2389e+04   
P: 
  5.5797e+00  -8.2897e+00  -5.9440e+00   7.6060e+00   2.1539e+00 
 -3.0511e-01   3.7132e+00   6.9809e-01  -3.4102e+00  -2.8575e+00 
 -3.1664e-01  -2.4679e-02   6.2981e-01   4.5862e-03   1.1193e-03 
  5.9329e-03   4.5075e+00   3.0534e+00   2.9419e+01   3.0846e+01 
  2.2311e+00 

########################
# 00000073
########################
RSS 625603271.4172795
BP 0:
a0:   4.1999e+00   e0:  -6.7849e+01   b0:   3.0980e+04   
P: 
  6.0698e+00  -6.5523e+00  -6.4387e+00   7.0444e+00   3.0767e+00 
 -1.7084e+00   3.6406e+00   6.8074e-01  -3.6350e+00  -2.8067e+00 
 -2.1335e-01   8.7757e-02   6.3084e-01   5.5984e-03   4.3821e-04 
  5.6921e-03   3.2730e+00   4.8863e+00   2.4563e+01   3.0057e+01 
  2.8101e+00 

########################
# 00000074
########################
RSS 625758259.1548706
BP 0:
a0:   4.3085e+00   e0:  -1.0330e+02   b0:   2.3569e+04   
P: 
  5.8737e+00  -8.4296e+00  -5.6559e+00   7.8878e+00   2.3927e+00 
 -1.1945e+00   3.4890e+00   8.5577e-01  -3.5185e+00  -2.9666e+00 
 -3.5081e-01  -5.2235e-02   6.3624e-01   4.7679e-03   2.4680e-03 
  5.2032e-03   3.9439e+00   5.5488e+00   2.9612e+01   2.7452e+01 
  2.5066e+00 

########################
# 00000075
########################
RSS 628960282.6314842
BP 0:
a0:   4.2254e+00   e0:  -8.0645e+01   b0:   2.7452e+04   
P: 
  5.0356e+00  -7.6814e+00  -6.3194e+00   8.2254e+00   1.6285e+00 
 -1.4559e+00   3.6047e+00   7.6152e-01  -4.2846e+00  -3.4742e+00 
 -2.7609e-01   1.7400e-02   6.5366e-01   4.6866e-03   1.7201e-03 
  5.8787e-03   4.4603e+00   4.7447e+00   3.0413e+01   3.0273e+01 
  2.2948e+00 

########################
# 00000076
########################
RSS 632582668.8249071
BP 0:
a0:   4.2327e+00   e0:  -8.1067e+01   b0:   2.7347e+04   
P: 
  4.9824e+00  -7.0325e+00  -5.5877e+00   7.7830e+00   2.2864e+00 
 -1.6320e+00   4.1769e+00   8.8689e-01  -3.8485e+00  -3.1443e+00 
 -1.7681e-01   9.1281e-02   6.1056e-01   5.4613e-03   1.0490e-03 
  5.1210e-03   3.1215e+00   5.1129e+00   2.6017e+01   2.4272e+01 
  2.7285e+00 

########################
# 00000077
########################
RSS 633838246.047445
BP 0:
a0:   4.1953e+00   e0:  -8.0957e+01   b0:   3.6380e+04   
P: 
  6.2528e+00  -8.4309e+00  -6.2367e+00   7.3899e+00   2.4050e+00 
 -2.5364e-01   3.3890e+00   6.2309e-01  -4.1103e+00  -2.7894e+00 
 -3.9606e-01  -5.3207e-02   6.2413e-01   3.9342e-03   1.1211e-03 
  5.1548e-03   4.1878e+00   4.4025e+00   2.9220e+01   3.0217e+01 
  2.5353e+00 

########################
# 00000078
########################
RSS 646142380.9094524
BP 0:
a0:   4.1944e+00   e0:  -8.3974e+01   b0:   3.6559e+04   
P: 
  6.1082e+00  -8.5366e+00  -6.3733e+00   7.7196e+00   2.3022e+00 
 -6.9524e-01   3.2938e+00   5.0971e-01  -4.3103e+00  -2.8831e+00 
 -3.1866e-01   1.5921e-02   6.2705e-01   3.6058e-03   1.9245e-03 
  4.8611e-03   4.3247e+00   4.7787e+00   2.7545e+01   2.9066e+01 
  2.8037e+00 

########################
# 00000079
########################
RSS 646217315.4439682
BP 0:
a0:   4.1708e+00   e0:  -6.5583e+01   b0:   3.4960e+04   
P: 
  5.7559e+00  -7.6279e+00  -6.5550e+00   7.9545e+00   1.7396e+00 
 -2.5658e-01   3.3686e+00   8.7508e-01  -4.2710e+00  -3.1165e+00 
 -3.8008e-01  -4.9113e-02   6.4373e-01   3.6604e-03   1.1063e-03 
  5.3861e-03   4.1376e+00   4.9991e+00   2.6380e+01   2.6590e+01 
  2.7646e+00 

########################
# 00000080
########################
RSS 647093770.8036617
BP 0:
a0:   4.2454e+00   e0:  -9.2614e+01   b0:   2.6655e+04   
P: 
  4.9209e+00  -8.1829e+00  -6.1219e+00   8.4141e+00   2.1442e+00 
 -1.3518e+00   3.8612e+00   2.9893e-01  -4.3348e+00  -3.4467e+00 
 -2.6628e-01   4.2146e-02   6.9801e-01   5.4064e-03   1.0421e-03 
  5.2670e-03   3.7543e+00   4.9711e+00   2.8949e+01   2.8136e+01 
  2.5722e+00 

########################
# 00000081
########################
RSS 648196644.2854588
BP 0:
a0:   4.2041e+00   e0:  -7.7785e+01   b0:   3.3322e+04   
P: 
  6.2492e+00  -8.0389e+00  -6.4708e+00   7.9822e+00   2.3628e+00 
 -1.0710e+00   3.4859e+00   4.5253e-01  -3.9779e+00  -2.8784e+00 
 -3.5993e-01  -3.4750e-02   6.2435e-01   4.3812e-03   1.4630e-03 
  6.2097e-03   4.4286e+00   3.8050e+00   3.0082e+01   3.0137e+01 
  2.2770e+00 

########################
# 00000082
########################
RSS 651537695.8980263
BP 0:
a0:   4.3001e+00   e0:  -1.0255e+02   b0:   2.4049e+04   
P: 
  5.5894e+00  -8.4569e+00  -5.8557e+00   7.5169e+00   1.9779e+00 
 -1.1076e+00   3.1797e+00   8.9955e-01  -4.2264e+00  -3.4787e+00 
 -3.2661e-01  -4.9433e-02   6.2222e-01   4.1619e-03   1.9913e-03 
  4.8484e-03   3.6847e+00   3.7110e+00   2.2900e+01   3.0984e+01 
  2.4132e+00 

########################
# 00000083
########################
RSS 653228079.5846692
BP 0:
a0:   4.1992e+00   e0:  -6.5060e+01   b0:   2.9349e+04   
P: 
  5.3219e+00  -7.1412e+00  -6.4242e+00   7.1976e+00   2.2974e+00 
 -1.4234e+00   3.7665e+00   6.9022e-01  -3.2688e+00  -2.5825e+00 
 -2.2544e-01   5.4455e-02   6.2158e-01   5.4377e-03   5.0610e-04 
  6.3645e-03   2.9459e+00   5.3793e+00   2.3122e+01   2.9137e+01 
  2.7753e+00 

########################
# 00000084
########################
RSS 665748514.6200132
BP 0:
a0:   4.2095e+00   e0:  -8.2592e+01   b0:   3.3112e+04   
P: 
  5.7622e+00  -8.1589e+00  -6.1296e+00   7.6855e+00   1.9212e+00 
 -1.1041e+00   3.4388e+00   9.3281e-01  -4.0662e+00  -3.0681e+00 
 -3.2140e-01   1.4425e-02   6.9407e-01   5.6196e-03   5.9621e-04 
  5.5106e-03   4.1826e+00   4.6956e+00   2.6643e+01   2.6369e+01 
  1.9350e+00 

########################
# 00000085
########################
RSS 666050420.0867463
BP 0:
a0:   4.2345e+00   e0:  -7.6399e+01   b0:   2.8404e+04   
P: 
  5.5098e+00  -7.0740e+00  -6.0826e+00   7.4185e+00   2.8753e+00 
 -1.4578e+00   4.1067e+00   1.4331e+00  -3.6497e+00  -3.0937e+00 
 -1.7449e-01   9.4245e-02   6.2402e-01   5.0513e-03  -9.4802e-04 
  5.0594e-03   3.1923e+00   4.7771e+00   1.5857e+01   2.5894e+01 
  2.4608e+00 

########################
# 00000086
########################
RSS 673509398.0785581
BP 0:
a0:   4.2441e+00   e0:  -8.3628e+01   b0:   2.8615e+04   
P: 
  5.5888e+00  -7.9942e+00  -5.9155e+00   8.1053e+00   2.0025e+00 
 -7.9692e-01   3.8605e+00   9.1151e-01  -4.2290e+00  -3.3723e+00 
 -3.3263e-01  -2.6624e-02   6.4118e-01   4.0828e-03   2.0424e-03 
  5.2590e-03   3.9080e+00   3.1917e+00   2.1515e+01   2.7297e+01 
  2.5658e+00 

########################
# 00000087
########################
RSS 674147923.5986688
BP 0:
a0:   4.2364e+00   e0:  -8.6799e+01   b0:   2.8558e+04   
P: 
  6.1082e+00  -8.2086e+00  -5.9760e+00   7.6321e+00   2.1928e+00 
 -8.8602e-01   3.2725e+00  -1.6521e-02  -3.9890e+00  -2.9601e+00 
 -3.8710e-01  -5.7345e-02   6.8402e-01   4.0034e-03   2.2528e-03 
  6.0398e-03   4.5340e+00   5.2483e+00   2.2207e+01   2.7630e+01 
  2.7932e+00 

########################
# 00000088
########################
RSS 680294540.6954017
BP 0:
a0:   4.2466e+00   e0:  -7.7544e+01   b0:   2.4552e+04   
P: 
  5.4013e+00  -7.7770e+00  -5.6887e+00   7.7642e+00   1.5206e+00 
 -3.2693e-01   3.5277e+00   8.9579e-02  -4.0887e+00  -3.2010e+00 
 -3.3741e-01  -5.9209e-02   6.5270e-01   4.6574e-03   1.0242e-03 
  5.9205e-03   4.4260e+00   3.5668e+00   2.2280e+01   2.6482e+01 
  2.4459e+00 

########################
# 00000089
########################
RSS 682288040.3179107
BP 0:
a0:   4.1623e+00   e0:  -6.5519e+01   b0:   4.0853e+04   
P: 
  5.9345e+00  -7.9739e+00  -6.5593e+00   7.4522e+00   1.5931e+00 
 -7.9053e-01   3.0434e+00   6.2966e-01  -4.2280e+00  -2.7854e+00 
 -3.8553e-01  -1.4331e-02   6.5950e-01   3.1511e-03   2.1449e-03 
  5.9866e-03   4.3380e+00   3.1305e+00   2.8293e+01   2.7937e+01 
  2.5056e+00 

########################
# 00000090
########################
RSS 686069620.908703
BP 0:
a0:   4.2212e+00   e0:  -7.0173e+01   b0:   2.5046e+04   
P: 
  5.0558e+00  -7.4846e+00  -6.3520e+00   8.0856e+00   1.7608e+00 
 -9.0733e-01   3.0971e+00   3.0672e-01  -4.2279e+00  -3.4066e+00 
 -3.0155e-01  -1.9430e-02   6.7560e-01   4.2348e-03   1.6218e-03 
  6.0742e-03   4.6186e+00   4.7356e+00   2.8423e+01   2.9523e+01 
  2.6343e+00 

########################
# 00000091
########################
RSS 688504538.326082
BP 0:
a0:   4.2835e+00   e0:  -8.2701e+01   b0:   2.8748e+04   
P: 
  5.6551e+00  -7.7024e+00  -5.9838e+00   7.8739e+00   2.3213e+00 
 -1.0694e+00   3.7020e+00  -4.0603e-03  -3.8580e+00  -3.1595e+00 
 -3.8637e-01  -2.9785e-02   6.0827e-01   3.8130e-03   2.9569e-03 
  5.9862e-03   3.5878e+00   2.7702e+00   2.6468e+01   2.7511e+01 
  2.3066e+00 

########################
# 00000092
########################
RSS 707821599.7451949
BP 0:
a0:   4.2360e+00   e0:  -7.7136e+01   b0:   2.7747e+04   
P: 
  6.2636e+00  -7.9009e+00  -6.5642e+00   8.0087e+00   2.2648e+00 
 -8.0895e-01   3.3833e+00   6.2028e-01  -4.0675e+00  -3.2011e+00 
 -3.2950e-01  -2.3219e-02   6.6849e-01   4.8511e-03   1.7276e-03 
  4.7537e-03   3.9413e+00   4.1220e+00   2.8749e+01   3.1236e+01 
  2.8661e+00 

########################
# 00000093
########################
RSS 708753063.1501881
BP 0:
a0:   4.2118e+00   e0:  -6.8254e+01   b0:   2.9259e+04   
P: 
  5.3614e+00  -7.9573e+00  -6.5288e+00   7.8604e+00   1.5137e+00 
 -7.0983e-01   3.6343e+00   9.9655e-01  -3.7924e+00  -3.0267e+00 
 -2.8144e-01   2.5781e-02   6.9659e-01   5.0695e-03   2.0061e-03 
  6.4541e-03   4.5283e+00   3.5235e+00   2.5819e+01   3.0642e+01 
  1.7247e+00 

########################
# 00000094
########################
RSS 724914934.8291355
BP 0:
a0:   4.2273e+00   e0:  -7.4114e+01   b0:   3.0798e+04   
P: 
  6.0581e+00  -7.1379e+00  -5.7474e+00   7.4000e+00   2.7622e+00 
 -1.7748e+00   3.8415e+00   1.1149e+00  -3.4122e+00  -2.7155e+00 
 -2.1775e-01   4.9730e-02   5.7170e-01   5.7776e-03  -1.0148e-04 
  5.8446e-03   2.9038e+00   3.1975e+00   2.1302e+01   2.7276e+01 
  3.2706e+00 

########################
# 00000095
########################
RSS 730172532.1464167
BP 0:
a0:   4.2028e+00   e0:  -7.6890e+01   b0:   3.2057e+04   
P: 
  5.7515e+00  -8.1059e+00  -6.2763e+00   7.3332e+00   1.7997e+00 
 -6.3977e-01   3.4708e+00   4.3325e-01  -4.2208e+00  -3.0643e+00 
 -3.0756e-01  -1.8321e-02   6.2536e-01   3.3772e-03   1.0490e-03 
  6.2711e-03   4.1248e+00   5.5684e+00   3.2551e+01   2.7620e+01 
  2.1488e+00 

########################
# 00000096
########################
RSS 730507761.074993
BP 0:
a0:   4.2929e+00   e0:  -8.3366e+01   b0:   2.3734e+04   
P: 
  5.6943e+00  -7.8352e+00  -5.7528e+00   7.3378e+00   2.3264e+00 
 -6.8037e-01   3.6821e+00   4.9293e-01  -3.7089e+00  -3.1124e+00 
 -3.5122e-01  -5.4634e-02   6.6282e-01   3.6106e-03   1.6118e-03 
  6.2908e-03   4.1842e+00   3.0571e+00   2.8307e+01   2.7433e+01 
  2.0561e+00 

########################
# 00000097
########################
RSS 737119257.3504201
BP 0:
a0:   4.1558e+00   e0:  -6.6773e+01   b0:   3.6038e+04   
P: 
  5.2437e+00  -7.5949e+00  -6.3535e+00   8.2558e+00   2.1712e+00 
 -8.9437e-01   3.1057e+00   1.1967e-01  -4.2295e+00  -2.8867e+00 
 -2.9552e-01   2.0264e-02   6.4340e-01   5.6906e-03   1.4874e-03 
  5.7706e-03   4.0882e+00   4.7252e+00   2.8592e+01   2.7504e+01 
  2.3329e+00 

########################
# 00000098
########################
RSS 739329527.6466051
BP 0:
a0:   4.2108e+00   e0:  -8.1815e+01   b0:   3.1509e+04   
P: 
  4.9589e+00  -7.6019e+00  -6.2415e+00   7.2584e+00   2.6422e+00 
 -1.5342e+00   4.5567e+00   8.2201e-01  -3.9139e+00  -3.0584e+00 
 -2.1435e-01   4.1616e-02   5.4802e-01   5.1808e-03  -6.4390e-04 
  4.4478e-03   2.7560e+00   4.8342e+00   2.9431e+01   2.8189e+01 
  2.6466e+00 

########################
# 00000099
########################
RSS 739645719.6079683
BP 0:
a0:   4.2480e+00   e0:  -7.8609e+01   b0:   2.5775e+04   
P: 
  6.0556e+00  -7.9462e+00  -6.0130e+00   7.7496e+00   2.0783e+00 
 -6.2150e-01   3.1879e+00   9.3222e-02  -3.9126e+00  -3.0401e+00 
 -3.7938e-01  -7.1639e-02   6.8168e-01   3.6248e-03   1.9154e-03 
  5.1778e-03   3.8713e+00   3.6777e+00   3.0482e+01   2.8216e+01 
  3.0138e+00 

########################
# 00000100
########################
RSS 739948060.8130236
BP 0:
a0:   4.2138e+00   e0:  -6.6570e+01   b0:   3.4770e+04   
P: 
  5.7571e+00  -8.0147e+00  -5.9063e+00   8.1440e+00   1.6844e+00 
 -8.2590e-01   3.1160e+00   2.4919e-01  -4.2697e+00  -3.0863e+00 
 -3.1533e-01   1.7876e-02   6.5221e-01   4.5635e-03   1.6473e-03 
  5.8322e-03   4.3460e+00   2.9168e+00   2.8777e+01   3.1260e+01 
  2.4124e+00 

