########################
# 00000001
########################
RSS 1164792415.3406384
BP 0:
a0:  -4.9383e+01   e0:  -1.0269e+03   b0:  -3.1691e+00   
P: 
  3.6880e+02   3.4654e+02  -1.5877e+02  -1.5639e+01   7.4588e+00 
 -4.7570e-01  -2.6277e+00   5.0621e+00   3.1018e+00  -1.0122e-02 
  2.4558e+00   3.5619e+00  -3.0291e+00   8.7915e-01  -2.9247e-01 
 -1.9494e+00   3.0356e+01   2.4336e+01   3.4958e+01   1.6230e+01 
  1.7858e+01   7.6644e+00   1.2400e+00   4.4252e-01   1.0904e-01 
  2.0054e-02   2.2962e-03   2.5583e-03   1.0877e-03   7.9882e-05 
  4.1882e-05   4.4069e-05   2.3850e+01   1.9810e+00 

########################
# 00000002
########################
RSS 1323151567.2657819
BP 0:
a0:  -5.4714e+01   e0:  -1.1716e+03   b0:  -1.9962e+00   
P: 
  3.7177e+02   3.4656e+02  -1.5848e+02  -1.5262e+01   7.4891e+00 
 -4.7570e-01  -2.5918e+00   5.0620e+00   3.1018e+00   9.3411e-03 
  2.4554e+00   3.5620e+00  -3.0294e+00   8.7915e-01  -2.9296e-01 
 -1.9494e+00   3.0356e+01   2.4336e+01   3.4958e+01   1.6230e+01 
  1.7858e+01   7.6644e+00   1.2400e+00   4.4252e-01   1.0904e-01 
  2.0054e-02   2.2962e-03   2.5583e-03   1.0877e-03   7.9882e-05 
  4.1882e-05   4.4069e-05   2.3866e+01   1.9732e+00 

########################
# 00000003
########################
RSS 1393576875.83539
BP 0:
a0:  -5.0146e+01   e0:  -1.2305e+03   b0:  -5.4528e+00   
P: 
  3.6880e+02   3.4654e+02  -1.5877e+02  -1.5639e+01   7.4588e+00 
 -4.7570e-01  -2.6277e+00   5.0621e+00   3.1018e+00  -1.0122e-02 
  2.4558e+00   3.5619e+00  -3.0291e+00   8.7915e-01  -2.9247e-01 
 -1.9494e+00   3.0356e+01   2.4336e+01   3.4958e+01   1.6230e+01 
  1.7858e+01   7.6644e+00   1.2400e+00   4.4252e-01   1.0904e-01 
  2.0054e-02   2.2962e-03   2.5583e-03   1.0877e-03   7.9882e-05 
  4.1882e-05   4.4069e-05   2.3850e+01   1.9810e+00 

########################
# 00000004
########################
RSS 1451553904.7678344
BP 0:
a0:  -3.5583e+01   e0:   1.2673e+03   b0:   6.5299e+01   
P: 
  3.7194e+02   3.4657e+02  -1.5849e+02  -1.5326e+01   7.4783e+00 
 -4.7523e-01  -2.5919e+00   5.0607e+00   3.1044e+00   8.7412e-03 
  2.4525e+00   3.5624e+00  -3.0281e+00   8.7840e-01  -2.9332e-01 
 -1.9494e+00   3.0356e+01   2.4336e+01   3.4958e+01   1.6230e+01 
  1.7858e+01   7.6644e+00   1.2400e+00   4.4252e-01   1.0904e-01 
  2.0054e-02   2.2962e-03   2.5583e-03   1.0877e-03   7.9882e-05 
  4.1882e-05   4.4069e-05   2.3827e+01   1.9732e+00 

########################
# 00000005
########################
RSS 1467806615.4867392
BP 0:
a0:  -5.6060e+01   e0:  -1.2896e+03   b0:  -2.7277e+00   
P: 
  3.7163e+02   3.4654e+02  -1.5850e+02  -1.5307e+01   7.4852e+00 
 -4.7574e-01  -2.5900e+00   5.0623e+00   3.1018e+00   9.2031e-03 
  2.4533e+00   3.5630e+00  -3.0297e+00   8.7749e-01  -2.9245e-01 
 -1.9494e+00   3.0356e+01   2.4336e+01   3.4958e+01   1.6230e+01 
  1.7858e+01   7.6644e+00   1.2400e+00   4.4252e-01   1.0904e-01 
  2.0054e-02   2.2962e-03   2.5583e-03   1.0877e-03   7.9882e-05 
  4.1882e-05   4.4069e-05   2.3851e+01   1.9747e+00 

########################
# 00000006
########################
RSS 1820013274.7477224
BP 0:
a0:  -5.2619e+01   e0:  -1.8214e+03   b0:  -9.3847e+00   
P: 
  3.6880e+02   3.4602e+02  -1.5884e+02   4.2450e+00   7.4590e+00 
 -4.9444e-01  -2.5893e+00   4.6476e+00   3.0683e+00  -1.0168e-02 
  2.4709e+00   3.6096e+00  -3.0139e+00   8.8695e-01  -3.0138e-01 
 -1.9494e+00   3.0356e+01   2.4336e+01   3.4958e+01   1.6230e+01 
  1.7858e+01   7.6644e+00   1.2400e+00   4.4252e-01   1.0904e-01 
  2.0054e-02   2.2962e-03   2.5583e-03   1.0877e-03   7.9882e-05 
  4.1882e-05   4.4069e-05   2.3620e+01   1.9809e+00 

########################
# 00000007
########################
RSS 1869282149.1001167
BP 0:
a0:  -6.1207e+01   e0:  -1.5710e+03   b0:  -2.1970e+00   
P: 
  3.6808e+02   3.4625e+02  -1.5878e+02  -1.5510e+01   7.4139e+00 
 -4.8610e-01  -2.6277e+00   5.0715e+00   3.0668e+00  -1.3289e-02 
  2.4679e+00   3.5785e+00  -3.0095e+00   8.8754e-01  -3.0195e-01 
 -1.9494e+00   3.0356e+01   2.4336e+01   3.4958e+01   1.6230e+01 
  1.7858e+01   7.6644e+00   1.2400e+00   4.4252e-01   1.0904e-01 
  2.0054e-02   2.2962e-03   2.5583e-03   1.0877e-03   7.9882e-05 
  4.1882e-05   4.4069e-05   2.3624e+01   1.9837e+00 

########################
# 00000008
########################
RSS 1887842683.35767
BP 0:
a0:  -6.2195e+01   e0:  -1.5828e+03   b0:  -1.8470e+00   
P: 
  3.7212e+02   3.4673e+02  -1.5850e+02  -1.5316e+01   7.4898e+00 
 -4.7811e-01  -2.5918e+00   5.0618e+00   3.1033e+00   8.6577e-03 
  2.4562e+00   3.5631e+00  -3.0292e+00   8.7693e-01  -2.9124e-01 
 -1.9494e+00   3.0356e+01   2.4336e+01   3.4958e+01   1.6230e+01 
  1.7858e+01   7.6644e+00   1.2400e+00   4.4252e-01   1.0904e-01 
  2.0054e-02   2.2962e-03   2.5583e-03   1.0877e-03   7.9882e-05 
  4.1882e-05   4.4069e-05   2.3604e+01   1.9823e+00 

########################
# 00000009
########################
RSS 1888381798.9804025
BP 0:
a0:  -6.4023e+01   e0:  -1.5831e+03   b0:  -1.3547e+00   
P: 
  3.7185e+02   3.4654e+02  -1.5845e+02  -1.5309e+01   7.4855e+00 
 -4.7559e-01  -2.5917e+00   5.0622e+00   3.1016e+00   9.4782e-03 
  2.4559e+00   3.5618e+00  -3.0288e+00   8.7882e-01  -2.9237e-01 
 -1.9494e+00   3.0356e+01   2.4336e+01   3.4958e+01   1.6230e+01 
  1.7858e+01   7.6644e+00   1.2400e+00   4.4252e-01   1.0904e-01 
  2.0054e-02   2.2962e-03   2.5583e-03   1.0877e-03   7.9882e-05 
  4.1882e-05   4.4069e-05   2.3851e+01   1.9729e+00 

########################
# 00000010
########################
RSS 1948105788.4399748
BP 0:
a0:  -6.2757e+01   e0:  -1.6206e+03   b0:  -2.1020e+00   
P: 
  3.7186e+02   3.4654e+02  -1.5845e+02  -1.5309e+01   7.4859e+00 
 -4.7560e-01  -2.5918e+00   5.0622e+00   3.1016e+00   9.4265e-03 
  2.4559e+00   3.5619e+00  -3.0289e+00   8.7878e-01  -2.9243e-01 
 -1.9494e+00   3.0356e+01   2.4336e+01   3.4958e+01   1.6230e+01 
  1.7858e+01   7.6644e+00   1.2400e+00   4.4252e-01   1.0904e-01 
  2.0054e-02   2.2962e-03   2.5583e-03   1.0877e-03   7.9882e-05 
  4.1882e-05   4.4069e-05   2.3851e+01   1.9729e+00 

########################
# 00000011
########################
RSS 2011518855.0428498
BP 0:
a0:  -6.6904e+01   e0:  -1.6592e+03   b0:  -1.2446e+00   
P: 
  3.7189e+02   3.4665e+02  -1.5852e+02  -1.5252e+01   7.4904e+00 
 -4.7569e-01  -2.5913e+00   5.0604e+00   3.0994e+00   8.7915e-03 
  2.4550e+00   3.5630e+00  -3.0292e+00   8.7899e-01  -2.9310e-01 
 -1.9494e+00   3.0356e+01   2.4336e+01   3.4958e+01   1.6230e+01 
  1.7858e+01   7.6644e+00   1.2400e+00   4.4252e-01   1.0904e-01 
  2.0054e-02   2.2962e-03   2.5583e-03   1.0877e-03   7.9882e-05 
  4.1882e-05   4.4069e-05   2.3867e+01   1.9749e+00 

########################
# 00000012
########################
RSS 2015558027.3840246
BP 0:
a0:  -6.6207e+01   e0:  -1.6616e+03   b0:  -1.4287e+00   
P: 
  3.6808e+02   3.4627e+02  -1.5884e+02  -1.5510e+01   7.4139e+00 
 -4.8650e-01  -2.6325e+00   5.0711e+00   3.0690e+00  -1.3293e-02 
  2.4597e+00   3.5797e+00  -3.0132e+00   8.8853e-01  -3.0218e-01 
 -1.9494e+00   3.0356e+01   2.4336e+01   3.4958e+01   1.6230e+01 
  1.7858e+01   7.6644e+00   1.2400e+00   4.4252e-01   1.0904e-01 
  2.0054e-02   2.2962e-03   2.5583e-03   1.0877e-03   7.9882e-05 
  4.1882e-05   4.4069e-05   2.3621e+01   1.9832e+00 

########################
# 00000013
########################
RSS 2121576419.5961466
BP 0:
a0:  -6.4666e+01   e0:  -1.7244e+03   b0:  -2.0471e+00   
P: 
  3.7181e+02   3.4655e+02  -1.5846e+02  -1.5307e+01   7.4852e+00 
 -4.7574e-01  -2.5918e+00   5.0621e+00   3.1018e+00   9.2006e-03 
  2.4557e+00   3.5618e+00  -3.0291e+00   8.7910e-01  -2.9245e-01 
 -1.9494e+00   3.0356e+01   2.4336e+01   3.4958e+01   1.6230e+01 
  1.7858e+01   7.6644e+00   1.2400e+00   4.4252e-01   1.0904e-01 
  2.0054e-02   2.2962e-03   2.5583e-03   1.0877e-03   7.9882e-05 
  4.1882e-05   4.4069e-05   2.3851e+01   1.9730e+00 

########################
# 00000014
########################
RSS 2127234567.3733501
BP 0:
a0:  -5.7079e+01   e0:  -1.2825e+03   b0:  -1.5432e+00   
P: 
  3.6808e+02   3.4625e+02  -1.5878e+02  -1.5510e+01   7.4139e+00 
 -4.8610e-01  -2.6277e+00   5.0715e+00   3.0668e+00  -1.3288e-02 
  2.4679e+00   3.5785e+00  -3.0095e+00   8.8754e-01  -3.0195e-01 
 -1.9494e+00   3.0356e+01   2.4336e+01   3.4958e+01   1.6230e+01 
  1.7858e+01   7.6644e+00   1.2400e+00   4.4252e-01   1.0904e-01 
  2.0054e-02   2.2962e-03   2.5583e-03   1.0877e-03   7.9882e-05 
  4.1882e-05   4.4069e-05   2.3624e+01   1.9837e+00 

########################
# 00000015
########################
RSS 2194243323.0753217
BP 0:
a0:  -6.6870e+01   e0:  -1.7662e+03   b0:  -1.3288e+00   
P: 
  3.6842e+02   3.4658e+02  -1.5848e+02  -1.5326e+01   7.4174e+00 
 -4.8679e-01  -2.6343e+00   5.0721e+00   3.0618e+00  -1.3960e-02 
  2.4592e+00   3.5819e+00  -3.0281e+00   8.7844e-01  -2.9333e-01 
 -1.9494e+00   3.0356e+01   2.4336e+01   3.4958e+01   1.6230e+01 
  1.7858e+01   7.6644e+00   1.2400e+00   4.4252e-01   1.0904e-01 
  2.0054e-02   2.2962e-03   2.5583e-03   1.0877e-03   7.9882e-05 
  4.1882e-05   4.4069e-05   2.3827e+01   1.9732e+00 

########################
# 00000016
########################
RSS 2207119534.650031
BP 0:
a0:  -4.1091e+01   e0:   1.7649e+03   b0:   5.8710e+01   
P: 
  3.7186e+02   3.4654e+02  -1.5845e+02  -1.5309e+01   7.4859e+00 
 -4.7560e-01  -2.5917e+00   5.0623e+00   3.1016e+00   9.5236e-03 
  2.4559e+00   3.5619e+00  -3.0289e+00   8.7878e-01  -2.9237e-01 
 -1.9494e+00   3.0356e+01   2.4336e+01   3.4958e+01   1.6230e+01 
  1.7858e+01   7.6644e+00   1.2400e+00   4.4252e-01   1.0904e-01 
  2.0054e-02   2.2962e-03   2.5583e-03   1.0877e-03   7.9882e-05 
  4.1882e-05   4.4069e-05   2.3851e+01   1.9729e+00 

########################
# 00000017
########################
RSS 2227291475.300858
BP 0:
a0:  -6.3745e+01   e0:  -1.9704e+03   b0:  -4.2814e+00   
P: 
  3.6880e+02   3.4654e+02  -1.5877e+02  -1.5639e+01   7.4588e+00 
 -4.7570e-01  -2.6277e+00   5.0621e+00   3.1018e+00  -1.0122e-02 
  2.4558e+00   3.5619e+00  -3.0291e+00   8.7915e-01  -2.9247e-01 
 -1.9494e+00   3.0356e+01   2.4336e+01   3.4958e+01   1.6230e+01 
  1.7858e+01   7.6644e+00   1.2400e+00   4.4252e-01   1.0904e-01 
  2.0054e-02   2.2962e-03   2.5583e-03   1.0877e-03   7.9882e-05 
  4.1882e-05   4.4069e-05   2.3850e+01   1.9810e+00 

########################
# 00000018
########################
RSS 2230749093.155669
BP 0:
a0:  -6.5436e+01   e0:  -1.9722e+03   b0:  -3.1710e+00   
P: 
  3.7185e+02   3.4655e+02  -1.5845e+02  -1.5301e+01   7.4859e+00 
 -4.7560e-01  -2.5918e+00   5.0623e+00   3.1018e+00   9.3425e-03 
  2.4559e+00   3.5620e+00  -3.0288e+00   8.7920e-01  -2.9233e-01 
 -1.9494e+00   3.0356e+01   2.4336e+01   3.4958e+01   1.6230e+01 
  1.7858e+01   7.6644e+00   1.2400e+00   4.4252e-01   1.0904e-01 
  2.0054e-02   2.2962e-03   2.5583e-03   1.0877e-03   7.9882e-05 
  4.1882e-05   4.4069e-05   2.3848e+01   1.9732e+00 

########################
# 00000019
########################
RSS 2255304127.0195503
BP 0:
a0:  -6.5368e+01   e0:  -1.8005e+03   b0:  -1.4511e+00   
P: 
  3.6876e+02   3.4602e+02  -1.5885e+02   4.2476e+00   7.4603e+00 
 -4.9446e-01  -2.5891e+00   4.6474e+00   3.0685e+00  -1.0616e-02 
  2.4710e+00   3.6094e+00  -3.0139e+00   8.8646e-01  -3.0120e-01 
 -1.9494e+00   3.0356e+01   2.4336e+01   3.4958e+01   1.6230e+01 
  1.7858e+01   7.6644e+00   1.2400e+00   4.4252e-01   1.0904e-01 
  2.0054e-02   2.2962e-03   2.5583e-03   1.0877e-03   7.9882e-05 
  4.1882e-05   4.4069e-05   2.3620e+01   1.9809e+00 

########################
# 00000020
########################
RSS 2265329393.8765116
BP 0:
a0:  -6.8155e+01   e0:  -1.8060e+03   b0:  -1.6038e+00   
P: 
  3.6880e+02   3.4654e+02  -1.5877e+02  -1.5639e+01   7.4588e+00 
 -4.7570e-01  -2.6277e+00   5.0621e+00   3.1018e+00  -1.0120e-02 
  2.4558e+00   3.5619e+00  -3.0291e+00   8.7915e-01  -2.9247e-01 
 -1.9494e+00   3.0356e+01   2.4336e+01   3.4958e+01   1.6230e+01 
  1.7858e+01   7.6644e+00   1.2400e+00   4.4252e-01   1.0904e-01 
  2.0054e-02   2.2962e-03   2.5583e-03   1.0877e-03   7.9882e-05 
  4.1882e-05   4.4069e-05   2.3850e+01   1.9810e+00 

########################
# 00000021
########################
RSS 2268031823.3113117
BP 0:
a0:  -6.2401e+01   e0:  -1.4978e+03   b0:  -1.3830e+00   
P: 
  3.7186e+02   3.4654e+02  -1.5845e+02  -1.5309e+01   7.4859e+00 
 -4.7559e-01  -2.5918e+00   5.0622e+00   3.1016e+00   9.4277e-03 
  2.4559e+00   3.5619e+00  -3.0289e+00   8.7877e-01  -2.9244e-01 
 -1.9494e+00   3.0356e+01   2.4336e+01   3.4958e+01   1.6230e+01 
  1.7858e+01   7.6644e+00   1.2400e+00   4.4252e-01   1.0904e-01 
  2.0054e-02   2.2962e-03   2.5583e-03   1.0877e-03   7.9882e-05 
  4.1882e-05   4.4069e-05   2.3851e+01   1.9729e+00 

########################
# 00000022
########################
RSS 2274237990.105914
BP 0:
a0:  -4.2904e+01   e0:  -2.0612e+03   b0:  -2.9446e+01   
P: 
  3.7186e+02   3.4654e+02  -1.5845e+02   4.2474e+00   7.4602e+00 
 -4.9439e-01  -2.5917e+00   4.6476e+00   3.0685e+00   9.5236e-03 
  2.4710e+00   3.5619e+00  -3.0289e+00   8.8646e-01  -2.9237e-01 
 -1.9494e+00   3.0356e+01   2.4336e+01   3.4958e+01   1.6230e+01 
  1.7858e+01   7.6644e+00   1.2400e+00   4.4252e-01   1.0904e-01 
  2.0054e-02   2.2962e-03   2.5583e-03   1.0877e-03   7.9882e-05 
  4.1882e-05   4.4069e-05   2.3619e+01   1.9729e+00 

########################
# 00000023
########################
RSS 2277233803.0955315
BP 0:
a0:  -6.8999e+01   e0:  -1.8126e+03   b0:  -1.2413e+00   
P: 
  3.7182e+02   3.4657e+02  -1.5846e+02  -1.5311e+01   7.4851e+00 
 -4.7607e-01  -2.5918e+00   5.0624e+00   3.1015e+00   9.3017e-03 
  2.4559e+00   3.5620e+00  -3.0289e+00   8.7887e-01  -2.9261e-01 
 -1.9494e+00   3.0356e+01   2.4336e+01   3.4958e+01   1.6230e+01 
  1.7858e+01   7.6644e+00   1.2400e+00   4.4252e-01   1.0904e-01 
  2.0054e-02   2.2962e-03   2.5583e-03   1.0877e-03   7.9882e-05 
  4.1882e-05   4.4069e-05   2.3853e+01   1.9729e+00 

########################
# 00000024
########################
RSS 2330688422.316111
BP 0:
a0:  -6.7854e+01   e0:  -1.8420e+03   b0:  -1.8949e+00   
P: 
  3.6880e+02   3.4654e+02  -1.5877e+02  -1.5639e+01   7.4588e+00 
 -4.7570e-01  -2.6277e+00   5.0621e+00   3.1018e+00  -1.0122e-02 
  2.4558e+00   3.5619e+00  -3.0291e+00   8.7915e-01  -2.9247e-01 
 -1.9494e+00   3.0356e+01   2.4336e+01   3.4958e+01   1.6230e+01 
  1.7858e+01   7.6644e+00   1.2400e+00   4.4252e-01   1.0904e-01 
  2.0054e-02   2.2962e-03   2.5583e-03   1.0877e-03   7.9882e-05 
  4.1882e-05   4.4069e-05   2.3850e+01   1.9810e+00 

########################
# 00000025
########################
RSS 2343346465.0404634
BP 0:
a0:  -5.6385e+01   e0:  -1.8490e+03   b0:  -7.7308e+00   
P: 
  3.6880e+02   3.4654e+02  -1.5877e+02  -1.5639e+01   7.4588e+00 
 -4.7570e-01  -2.6277e+00   5.0621e+00   3.1018e+00  -1.0121e-02 
  2.4558e+00   3.5619e+00  -3.0291e+00   8.7915e-01  -2.9247e-01 
 -1.9494e+00   3.0356e+01   2.4336e+01   3.4958e+01   1.6230e+01 
  1.7858e+01   7.6644e+00   1.2400e+00   4.4252e-01   1.0904e-01 
  2.0054e-02   2.2962e-03   2.5583e-03   1.0877e-03   7.9882e-05 
  4.1882e-05   4.4069e-05   2.3850e+01   1.9810e+00 

########################
# 00000026
########################
RSS 2363262365.315809
BP 0:
a0:  -6.3933e+01   e0:  -1.8596e+03   b0:  -3.2030e+00   
P: 
  3.7184e+02   3.4655e+02  -1.5845e+02  -1.5309e+01   7.4855e+00 
 -4.7560e-01  -2.5917e+00   5.0622e+00   3.1016e+00   9.4777e-03 
  2.4559e+00   3.5618e+00  -3.0288e+00   8.7882e-01  -2.9237e-01 
 -1.9494e+00   3.0356e+01   2.4336e+01   3.4958e+01   1.6230e+01 
  1.7858e+01   7.6644e+00   1.2400e+00   4.4252e-01   1.0904e-01 
  2.0054e-02   2.2962e-03   2.5583e-03   1.0877e-03   7.9882e-05 
  4.1882e-05   4.4069e-05   2.3851e+01   1.9729e+00 

########################
# 00000027
########################
RSS 2398753705.9145646
BP 0:
a0:  -7.0928e+01   e0:  -1.8785e+03   b0:  -1.1845e+00   
P: 
  3.7186e+02   3.4666e+02  -1.5853e+02  -1.5256e+01   7.4880e+00 
 -4.7588e-01  -2.5916e+00   5.0602e+00   3.0996e+00   8.9672e-03 
  2.4551e+00   3.5629e+00  -3.0292e+00   8.7918e-01  -2.9302e-01 
 -1.9494e+00   3.0356e+01   2.4336e+01   3.4958e+01   1.6230e+01 
  1.7858e+01   7.6644e+00   1.2400e+00   4.4252e-01   1.0904e-01 
  2.0054e-02   2.2962e-03   2.5583e-03   1.0877e-03   7.9882e-05 
  4.1882e-05   4.4069e-05   2.3868e+01   1.9751e+00 

########################
# 00000028
########################
RSS 2428102290.871944
BP 0:
a0:  -6.7932e+01   e0:  -1.7943e+03   b0:  -1.6091e+00   
P: 
  3.6880e+02   3.4654e+02  -1.5877e+02  -1.5639e+01   7.4588e+00 
 -4.7570e-01  -2.6277e+00   5.0621e+00   3.1018e+00  -1.0122e-02 
  2.4558e+00   3.5619e+00  -3.0291e+00   8.7915e-01  -2.9247e-01 
 -1.9494e+00   3.0356e+01   2.4336e+01   3.4958e+01   1.6230e+01 
  1.7858e+01   7.6644e+00   1.2400e+00   4.4252e-01   1.0904e-01 
  2.0054e-02   2.2962e-03   2.5583e-03   1.0877e-03   7.9882e-05 
  4.1882e-05   4.4069e-05   2.3850e+01   1.9810e+00 

########################
# 00000029
########################
RSS 2429532053.4690785
BP 0:
a0:  -4.3252e+01   e0:   1.8865e+03   b0:   5.3781e+01   
P: 
  3.6880e+02   3.4654e+02  -1.5877e+02  -1.5639e+01   7.4588e+00 
 -4.7570e-01  -2.6277e+00   5.0621e+00   3.1018e+00  -1.0122e-02 
  2.4558e+00   3.5619e+00  -3.0291e+00   8.7915e-01  -2.9247e-01 
 -1.9494e+00   3.0356e+01   2.4336e+01   3.4958e+01   1.6230e+01 
  1.7858e+01   7.6644e+00   1.2400e+00   4.4252e-01   1.0904e-01 
  2.0054e-02   2.2962e-03   2.5583e-03   1.0877e-03   7.9882e-05 
  4.1882e-05   4.4069e-05   2.3850e+01   1.9810e+00 

########################
# 00000030
########################
RSS 2431952264.1385703
BP 0:
a0:  -5.8092e+01   e0:  -1.8964e+03   b0:  -7.2539e+00   
P: 
  3.7194e+02   3.4657e+02  -1.5849e+02  -1.5326e+01   7.4783e+00 
 -4.7523e-01  -2.5919e+00   5.0607e+00   3.1044e+00   8.7430e-03 
  2.4525e+00   3.5624e+00  -3.0281e+00   8.7840e-01  -2.9332e-01 
 -1.9494e+00   3.0356e+01   2.4336e+01   3.4958e+01   1.6230e+01 
  1.7858e+01   7.6644e+00   1.2400e+00   4.4252e-01   1.0904e-01 
  2.0054e-02   2.2962e-03   2.5583e-03   1.0877e-03   7.9882e-05 
  4.1882e-05   4.4069e-05   2.3827e+01   1.9732e+00 

########################
# 00000031
########################
RSS 2438738166.3788867
BP 0:
a0:  -5.7624e+01   e0:  -1.9000e+03   b0:  -7.4479e+00   
P: 
  3.7194e+02   3.4657e+02  -1.5849e+02  -1.5326e+01   7.4783e+00 
 -4.7574e-01  -2.5908e+00   5.0607e+00   3.1044e+00   8.6608e-03 
  2.4525e+00   3.5624e+00  -3.0281e+00   8.7905e-01  -2.9332e-01 
 -1.9494e+00   3.0356e+01   2.4336e+01   3.4958e+01   1.6230e+01 
  1.7858e+01   7.6644e+00   1.2400e+00   4.4252e-01   1.0904e-01 
  2.0054e-02   2.2962e-03   2.5583e-03   1.0877e-03   7.9882e-05 
  4.1882e-05   4.4069e-05   2.3826e+01   1.9732e+00 

########################
# 00000032
########################
RSS 2445861559.1390424
BP 0:
a0:  -4.3321e+01   e0:   1.8949e+03   b0:   5.3772e+01   
P: 
  3.6940e+02   3.4623e+02  -1.5878e+02  -1.5640e+01   7.4812e+00 
 -4.9285e-01  -2.6277e+00   5.0715e+00   3.0668e+00  -9.8854e-03 
  2.4611e+00   3.5785e+00  -3.0120e+00   8.8754e-01  -3.0187e-01 
 -1.9494e+00   3.0356e+01   2.4336e+01   3.4958e+01   1.6230e+01 
  1.7858e+01   7.6644e+00   1.2400e+00   4.4252e-01   1.0904e-01 
  2.0054e-02   2.2962e-03   2.5583e-03   1.0877e-03   7.9882e-05 
  4.1882e-05   4.4069e-05   2.3594e+01   1.9837e+00 

########################
# 00000033
########################
RSS 2448093777.9836464
BP 0:
a0:  -6.6265e+01   e0:  -1.9047e+03   b0:  -2.9453e+00   
P: 
  3.6927e+02   3.4627e+02  -1.5883e+02  -1.5518e+01   7.4755e+00 
 -4.9363e-01  -2.6325e+00   5.0617e+00   3.0688e+00  -9.2166e-03 
  2.4678e+00   3.5726e+00  -3.0135e+00   8.8867e-01  -3.0207e-01 
 -1.9494e+00   3.0356e+01   2.4336e+01   3.4958e+01   1.6230e+01 
  1.7858e+01   7.6644e+00   1.2400e+00   4.4252e-01   1.0904e-01 
  2.0054e-02   2.2962e-03   2.5583e-03   1.0877e-03   7.9882e-05 
  4.1882e-05   4.4069e-05   2.3601e+01   1.9825e+00 

########################
# 00000034
########################
RSS 2456182171.9849567
BP 0:
a0:  -4.3468e+01   e0:   1.9004e+03   b0:   5.3374e+01   
P: 
  3.6842e+02   3.4658e+02  -1.5848e+02  -1.5326e+01   7.4849e+00 
 -4.7556e-01  -2.6343e+00   5.0622e+00   3.1015e+00  -1.3960e-02 
  2.4559e+00   3.5619e+00  -3.0288e+00   8.7879e-01  -2.9232e-01 
 -1.9494e+00   3.0356e+01   2.4336e+01   3.4958e+01   1.6230e+01 
  1.7858e+01   7.6644e+00   1.2400e+00   4.4252e-01   1.0904e-01 
  2.0054e-02   2.2962e-03   2.5583e-03   1.0877e-03   7.9882e-05 
  4.1882e-05   4.4069e-05   2.3851e+01   1.9729e+00 

########################
# 00000035
########################
RSS 2459754469.798993
BP 0:
a0:  -6.9415e+01   e0:  -1.9108e+03   b0:  -1.2865e+00   
P: 
  3.6939e+02   3.4626e+02  -1.5882e+02  -1.5270e+01   7.4784e+00 
 -4.9286e-01  -2.5920e+00   5.0627e+00   3.0701e+00   9.1050e-03 
  2.4661e+00   3.5632e+00  -3.0297e+00   8.7749e-01  -2.9139e-01 
 -1.9494e+00   3.0356e+01   2.4336e+01   3.4958e+01   1.6230e+01 
  1.7858e+01   7.6644e+00   1.2400e+00   4.4252e-01   1.0904e-01 
  2.0054e-02   2.2962e-03   2.5583e-03   1.0877e-03   7.9882e-05 
  4.1882e-05   4.4069e-05   2.3846e+01   1.9835e+00 

########################
# 00000036
########################
RSS 2473273028.2921376
BP 0:
a0:  -6.8755e+01   e0:  -1.9179e+03   b0:  -1.6606e+00   
P: 
  3.6813e+02   3.4659e+02  -1.5875e+02  -1.5552e+01   7.4138e+00 
 -4.8644e-01  -2.6286e+00   5.0709e+00   3.0709e+00  -1.0329e-02 
  2.4596e+00   3.5795e+00  -3.0098e+00   8.8628e-01  -3.0110e-01 
 -1.9494e+00   3.0356e+01   2.4336e+01   3.4958e+01   1.6230e+01 
  1.7858e+01   7.6644e+00   1.2400e+00   4.4252e-01   1.0904e-01 
  2.0054e-02   2.2962e-03   2.5583e-03   1.0877e-03   7.9882e-05 
  4.1882e-05   4.4069e-05   2.3621e+01   1.9835e+00 

########################
# 00000037
########################
RSS 2475150013.154096
BP 0:
a0:  -6.9234e+01   e0:  -1.9189e+03   b0:  -1.6272e+00   
P: 
  3.7184e+02   3.4655e+02  -1.5845e+02  -1.5309e+01   7.4855e+00 
 -4.7560e-01  -2.5917e+00   5.0622e+00   3.1016e+00   9.4783e-03 
  2.4559e+00   3.5618e+00  -3.0288e+00   8.7882e-01  -2.9237e-01 
 -1.9494e+00   3.0356e+01   2.4336e+01   3.4958e+01   1.6230e+01 
  1.7858e+01   7.6644e+00   1.2400e+00   4.4252e-01   1.0904e-01 
  2.0054e-02   2.2962e-03   2.5583e-03   1.0877e-03   7.9882e-05 
  4.1882e-05   4.4069e-05   2.3851e+01   1.9729e+00 

########################
# 00000038
########################
RSS 2493904441.558492
BP 0:
a0:  -5.5603e+01   e0:  -1.9289e+03   b0:  -8.4187e+00   
P: 
  3.6807e+02   3.4666e+02  -1.5849e+02  -1.5645e+01   7.4146e+00 
 -4.7586e-01  -2.5916e+00   5.0607e+00   3.0656e+00  -1.3345e-02 
  2.4597e+00   3.5797e+00  -3.0281e+00   8.7923e-01  -2.9327e-01 
 -1.9494e+00   3.0356e+01   2.4336e+01   3.4958e+01   1.6230e+01 
  1.7858e+01   7.6644e+00   1.2400e+00   4.4252e-01   1.0904e-01 
  2.0054e-02   2.2962e-03   2.5583e-03   1.0877e-03   7.9882e-05 
  4.1882e-05   4.4069e-05   2.3824e+01   1.9833e+00 

########################
# 00000039
########################
RSS 2498584504.477628
BP 0:
a0:  -6.9288e+01   e0:  -1.7880e+03   b0:  -1.3427e+00   
P: 
  3.7216e+02   3.4654e+02  -1.5844e+02  -1.5317e+01   7.4711e+00 
 -4.7693e-01  -2.5918e+00   5.0622e+00   3.1025e+00   9.4261e-03 
  2.4559e+00   3.5619e+00  -3.0289e+00   8.7707e-01  -2.9243e-01 
 -1.9494e+00   3.0356e+01   2.4336e+01   3.4958e+01   1.6230e+01 
  1.7858e+01   7.6644e+00   1.2400e+00   4.4252e-01   1.0904e-01 
  2.0054e-02   2.2962e-03   2.5583e-03   1.0877e-03   7.9882e-05 
  4.1882e-05   4.4069e-05   2.3851e+01   1.9729e+00 

########################
# 00000040
########################
RSS 2520641530.879327
BP 0:
a0:  -6.8448e+01   e0:  -1.9426e+03   b0:  -1.9487e+00   
P: 
  3.7184e+02   3.4655e+02  -1.5846e+02  -1.5307e+01   7.4852e+00 
 -4.7574e-01  -2.5917e+00   5.0622e+00   3.1016e+00   9.1979e-03 
  2.4557e+00   3.5618e+00  -3.0288e+00   8.7909e-01  -2.9237e-01 
 -1.9494e+00   3.0356e+01   2.4336e+01   3.4958e+01   1.6230e+01 
  1.7858e+01   7.6644e+00   1.2400e+00   4.4252e-01   1.0904e-01 
  2.0054e-02   2.2962e-03   2.5583e-03   1.0877e-03   7.9882e-05 
  4.1882e-05   4.4069e-05   2.3851e+01   1.9729e+00 

########################
# 00000041
########################
RSS 2538127034.7879863
BP 0:
a0:  -6.5215e+01   e0:  -2.1226e+03   b0:  -3.4527e+00   
P: 
  3.6880e+02   3.4601e+02  -1.5884e+02   4.2455e+00   7.4594e+00 
 -4.9443e-01  -2.5893e+00   4.6476e+00   3.0683e+00  -1.0170e-02 
  2.4709e+00   3.6097e+00  -3.0139e+00   8.8701e-01  -3.0139e-01 
 -1.9494e+00   3.0356e+01   2.4336e+01   3.4958e+01   1.6230e+01 
  1.7858e+01   7.6644e+00   1.2400e+00   4.4252e-01   1.0904e-01 
  2.0054e-02   2.2962e-03   2.5583e-03   1.0877e-03   7.9882e-05 
  4.1882e-05   4.4069e-05   2.3620e+01   1.9810e+00 

########################
# 00000042
########################
RSS 2574704480.2570457
BP 0:
a0:  -7.0906e+01   e0:  -1.9354e+03   b0:  -1.5272e+00   
P: 
  3.6934e+02   3.4624e+02  -1.5883e+02  -1.5518e+01   7.4686e+00 
 -4.9389e-01  -2.6318e+00   5.0613e+00   3.0693e+00  -8.9927e-03 
  2.4680e+00   3.5725e+00  -3.0136e+00   8.8878e-01  -3.0196e-01 
 -1.9494e+00   3.0356e+01   2.4336e+01   3.4958e+01   1.6230e+01 
  1.7858e+01   7.6644e+00   1.2400e+00   4.4252e-01   1.0904e-01 
  2.0054e-02   2.2962e-03   2.5583e-03   1.0877e-03   7.9882e-05 
  4.1882e-05   4.4069e-05   2.3602e+01   1.9823e+00 

########################
# 00000043
########################
RSS 2582808236.4909825
BP 0:
a0:  -9.0333e+01   e0:  -2.1427e+03   b0:  -7.2595e-01   
P: 
  3.6965e+02   3.4563e+02  -1.5861e+02  -1.5421e+01   7.4328e+00 
 -4.9785e-01  -2.6289e+00   5.0676e+00   3.0691e+00  -1.5270e-02 
  2.4664e+00   3.5701e+00  -3.0160e+00   8.8255e-01  -3.0311e-01 
 -1.9494e+00   3.0356e+01   2.4336e+01   3.4958e+01   1.6230e+01 
  1.7858e+01   7.6644e+00   1.2400e+00   4.4252e-01   1.0904e-01 
  2.0054e-02   2.2962e-03   2.5583e-03   1.0877e-03   7.9882e-05 
  4.1882e-05   4.4069e-05   2.3642e+01   1.9786e+00 

########################
# 00000044
########################
RSS 2625554085.3968472
BP 0:
a0:  -6.9779e+01   e0:  -1.7962e+03   b0:  -1.1883e+00   
P: 
  3.7209e+02   3.4602e+02  -1.5856e+02   4.2449e+00   7.4588e+00 
 -4.7587e-01  -2.5893e+00   5.0608e+00   3.0684e+00  -1.0176e-02 
  2.4709e+00   3.6096e+00  -3.0139e+00   8.7829e-01  -3.0137e-01 
 -1.9494e+00   3.0356e+01   2.4336e+01   3.4958e+01   1.6230e+01 
  1.7858e+01   7.6644e+00   1.2400e+00   4.4252e-01   1.0904e-01 
  2.0054e-02   2.2962e-03   2.5583e-03   1.0877e-03   7.9882e-05 
  4.1882e-05   4.4069e-05   2.3841e+01   1.9809e+00 

########################
# 00000045
########################
RSS 2675196926.8198566
BP 0:
a0:  -5.5458e+01   e0:  -2.0209e+03   b0:  -8.9044e+00   
P: 
  3.6880e+02   3.4602e+02  -1.5884e+02   4.2450e+00   7.4590e+00 
 -4.9443e-01  -2.5893e+00   4.6476e+00   3.0683e+00  -1.0168e-02 
  2.4709e+00   3.6096e+00  -3.0139e+00   8.8695e-01  -3.0138e-01 
 -1.9494e+00   3.0356e+01   2.4336e+01   3.4958e+01   1.6230e+01 
  1.7858e+01   7.6644e+00   1.2400e+00   4.4252e-01   1.0904e-01 
  2.0054e-02   2.2962e-03   2.5583e-03   1.0877e-03   7.9882e-05 
  4.1882e-05   4.4069e-05   2.3620e+01   1.9809e+00 

########################
# 00000046
########################
RSS 2702510187.944391
BP 0:
a0:  -6.5427e+01   e0:  -1.8009e+03   b0:  -2.4106e+00   
P: 
  3.7192e+02   3.4663e+02  -1.5845e+02  -1.5307e+01   7.4854e+00 
 -4.7629e-01  -2.5920e+00   5.0623e+00   3.1007e+00   7.8056e-03 
  2.4554e+00   3.5614e+00  -3.0290e+00   8.7852e-01  -2.9242e-01 
 -1.9494e+00   3.0356e+01   2.4336e+01   3.4958e+01   1.6230e+01 
  1.7858e+01   7.6644e+00   1.2400e+00   4.4252e-01   1.0904e-01 
  2.0054e-02   2.2962e-03   2.5583e-03   1.0877e-03   7.9882e-05 
  4.1882e-05   4.4069e-05   2.3851e+01   1.9729e+00 

########################
# 00000047
########################
RSS 2706313839.755403
BP 0:
a0:  -7.2515e+01   e0:  -1.9624e+03   b0:  -1.1587e+00   
P: 
  3.6879e+02   3.4654e+02  -1.5877e+02  -1.5639e+01   7.4588e+00 
 -4.7570e-01  -2.6277e+00   5.0621e+00   3.1018e+00  -1.0123e-02 
  2.4558e+00   3.5619e+00  -3.0291e+00   8.7915e-01  -2.9247e-01 
 -1.9494e+00   3.0356e+01   2.4336e+01   3.4958e+01   1.6230e+01 
  1.7858e+01   7.6644e+00   1.2400e+00   4.4252e-01   1.0904e-01 
  2.0054e-02   2.2962e-03   2.5583e-03   1.0877e-03   7.9882e-05 
  4.1882e-05   4.4069e-05   2.3850e+01   1.9810e+00 

########################
# 00000048
########################
RSS 2717613654.307046
BP 0:
a0:  -4.2147e+01   e0:   2.0329e+03   b0:   6.2513e+01   
P: 
  3.6879e+02   3.4602e+02  -1.5884e+02   4.2443e+00   7.4589e+00 
 -4.9442e-01  -2.5893e+00   4.6476e+00   3.0683e+00  -1.0116e-02 
  2.4709e+00   3.6096e+00  -3.0139e+00   8.8694e-01  -3.0143e-01 
 -1.9494e+00   3.0356e+01   2.4336e+01   3.4958e+01   1.6230e+01 
  1.7858e+01   7.6644e+00   1.2400e+00   4.4252e-01   1.0904e-01 
  2.0054e-02   2.2962e-03   2.5583e-03   1.0877e-03   7.9882e-05 
  4.1882e-05   4.4069e-05   2.3620e+01   1.9810e+00 

########################
# 00000049
########################
RSS 2741522118.6564326
BP 0:
a0:  -6.4681e+01   e0:  -2.0534e+03   b0:  -3.4208e+00   
P: 
  3.6803e+02   3.4659e+02  -1.5883e+02  -1.5555e+01   7.4191e+00 
 -4.9443e-01  -2.6327e+00   5.0621e+00   3.0712e+00  -1.0158e-02 
  2.4709e+00   3.6096e+00  -3.0095e+00   8.7961e-01  -3.0072e-01 
 -1.9494e+00   3.0356e+01   2.4336e+01   3.4958e+01   1.6230e+01 
  1.7858e+01   7.6644e+00   1.2400e+00   4.4252e-01   1.0904e-01 
  2.0054e-02   2.2962e-03   2.5583e-03   1.0877e-03   7.9882e-05 
  4.1882e-05   4.4069e-05   2.3850e+01   1.9809e+00 

########################
# 00000050
########################
RSS 2744935341.562725
BP 0:
a0:  -7.3498e+01   e0:  -2.0548e+03   b0:  -1.1661e+00   
P: 
  3.7206e+02   3.4665e+02  -1.5844e+02  -1.5296e+01   7.4903e+00 
 -4.7570e-01  -2.5919e+00   5.0618e+00   3.1031e+00   8.7297e-03 
  2.4575e+00   3.5632e+00  -3.0268e+00   8.7775e-01  -2.9273e-01 
 -1.9494e+00   3.0356e+01   2.4336e+01   3.4958e+01   1.6230e+01 
  1.7858e+01   7.6644e+00   1.2400e+00   4.4252e-01   1.0904e-01 
  2.0054e-02   2.2962e-03   2.5583e-03   1.0877e-03   7.9882e-05 
  4.1882e-05   4.4069e-05   2.3862e+01   1.9738e+00 

########################
# 00000051
########################
RSS 2756325372.7389436
BP 0:
a0:  -4.5830e+01   e0:  -2.1255e+03   b0:  -2.4891e+01   
P: 
  3.7187e+02   3.4663e+02  -1.5843e+02  -1.5294e+01   7.4845e+00 
 -4.7564e-01  -2.5913e+00   5.0622e+00   3.1046e+00   9.9904e-03 
  2.4558e+00   3.5621e+00  -3.0268e+00   8.7887e-01  -2.9242e-01 
 -1.9494e+00   3.0356e+01   2.4336e+01   3.4958e+01   1.6230e+01 
  1.7858e+01   7.6644e+00   1.2400e+00   4.4252e-01   1.0904e-01 
  2.0054e-02   2.2962e-03   2.5583e-03   1.0877e-03   7.9882e-05 
  4.1882e-05   4.4069e-05   2.3852e+01   1.9729e+00 

########################
# 00000052
########################
RSS 2781624374.5752206
BP 0:
a0:  -7.3485e+01   e0:  -2.0727e+03   b0:  -1.3076e+00   
P: 
  3.7204e+02   3.4654e+02  -1.5850e+02  -1.5316e+01   7.4898e+00 
 -4.7574e-01  -2.5908e+00   5.0618e+00   3.1031e+00   8.6602e-03 
  2.4529e+00   3.5631e+00  -3.0268e+00   8.7770e-01  -2.9260e-01 
 -1.9494e+00   3.0356e+01   2.4336e+01   3.4958e+01   1.6230e+01 
  1.7858e+01   7.6644e+00   1.2400e+00   4.4252e-01   1.0904e-01 
  2.0054e-02   2.2962e-03   2.5583e-03   1.0877e-03   7.9882e-05 
  4.1882e-05   4.4069e-05   2.3826e+01   1.9739e+00 

########################
# 00000053
########################
RSS 2797941164.3094926
BP 0:
a0:  -7.2502e+01   e0:  -2.0806e+03   b0:  -1.3669e+00   
P: 
  3.6793e+02   3.4645e+02  -1.5876e+02  -1.5642e+01   7.4068e+00 
 -4.8592e-01  -2.6275e+00   5.0716e+00   3.0669e+00  -1.3442e-02 
  2.4611e+00   3.5786e+00  -3.0097e+00   8.8761e-01  -3.0163e-01 
 -1.9494e+00   3.0356e+01   2.4336e+01   3.4958e+01   1.6230e+01 
  1.7858e+01   7.6644e+00   1.2400e+00   4.4252e-01   1.0904e-01 
  2.0054e-02   2.2962e-03   2.5583e-03   1.0877e-03   7.9882e-05 
  4.1882e-05   4.4069e-05   2.3622e+01   1.9837e+00 

########################
# 00000054
########################
RSS 2805427328.3001666
BP 0:
a0:  -7.0558e+01   e0:  -2.0842e+03   b0:  -2.2282e+00   
P: 
  3.7180e+02   3.4655e+02  -1.5846e+02  -1.5307e+01   7.4898e+00 
 -4.7523e-01  -2.5919e+00   5.0620e+00   3.1031e+00   8.7430e-03 
  2.4558e+00   3.5619e+00  -3.0291e+00   8.7840e-01  -2.9251e-01 
 -1.9494e+00   3.0356e+01   2.4336e+01   3.4958e+01   1.6230e+01 
  1.7858e+01   7.6644e+00   1.2400e+00   4.4252e-01   1.0904e-01 
  2.0054e-02   2.2962e-03   2.5583e-03   1.0877e-03   7.9882e-05 
  4.1882e-05   4.4069e-05   2.3828e+01   1.9730e+00 

########################
# 00000055
########################
RSS 2806403335.5658607
BP 0:
a0:  -7.0183e+01   e0:  -2.0847e+03   b0:  -2.2648e+00   
P: 
  3.7186e+02   3.4654e+02  -1.5845e+02  -1.5252e+01   7.4904e+00 
 -4.7569e-01  -2.5913e+00   5.0622e+00   3.0994e+00   9.4354e-03 
  2.4550e+00   3.5619e+00  -3.0292e+00   8.7878e-01  -2.9242e-01 
 -1.9494e+00   3.0356e+01   2.4336e+01   3.4958e+01   1.6230e+01 
  1.7858e+01   7.6644e+00   1.2400e+00   4.4252e-01   1.0904e-01 
  2.0054e-02   2.2962e-03   2.5583e-03   1.0877e-03   7.9882e-05 
  4.1882e-05   4.4069e-05   2.3867e+01   1.9729e+00 

########################
# 00000056
########################
RSS 2808603923.8269396
BP 0:
a0:  -7.0843e+01   e0:  -2.0857e+03   b0:  -2.2029e+00   
P: 
  3.6880e+02   3.4654e+02  -1.5877e+02  -1.5639e+01   7.4588e+00 
 -4.7570e-01  -2.6277e+00   5.0621e+00   3.1018e+00  -1.0122e-02 
  2.4558e+00   3.5619e+00  -3.0291e+00   8.7915e-01  -2.9247e-01 
 -1.9494e+00   3.0356e+01   2.4336e+01   3.4958e+01   1.6230e+01 
  1.7858e+01   7.6644e+00   1.2400e+00   4.4252e-01   1.0904e-01 
  2.0054e-02   2.2962e-03   2.5583e-03   1.0877e-03   7.9882e-05 
  4.1882e-05   4.4069e-05   2.3850e+01   1.9810e+00 

########################
# 00000057
########################
RSS 2814298677.5505986
BP 0:
a0:  -6.5583e+01   e0:  -1.8678e+03   b0:  -2.4840e+00   
P: 
  3.6795e+02   3.4653e+02  -1.5845e+02  -1.5340e+01   7.4140e+00 
 -4.7560e-01  -2.5918e+00   5.0614e+00   3.1016e+00   9.4389e-03 
  2.4559e+00   3.5619e+00  -3.0293e+00   8.7878e-01  -2.9204e-01 
 -1.9494e+00   3.0356e+01   2.4336e+01   3.4958e+01   1.6230e+01 
  1.7858e+01   7.6644e+00   1.2400e+00   4.4252e-01   1.0904e-01 
  2.0054e-02   2.2962e-03   2.5583e-03   1.0877e-03   7.9882e-05 
  4.1882e-05   4.4069e-05   2.3615e+01   1.9777e+00 

########################
# 00000058
########################
RSS 2825367562.20149
BP 0:
a0:  -7.1460e+01   e0:  -2.0938e+03   b0:  -1.8472e+00   
P: 
  3.7194e+02   3.4657e+02  -1.5845e+02  -1.5332e+01   7.4769e+00 
 -4.7559e-01  -2.5916e+00   5.0607e+00   3.1044e+00   9.4162e-03 
  2.4559e+00   3.5619e+00  -3.0289e+00   8.7879e-01  -2.9244e-01 
 -1.9494e+00   3.0356e+01   2.4336e+01   3.4958e+01   1.6230e+01 
  1.7858e+01   7.6644e+00   1.2400e+00   4.4252e-01   1.0904e-01 
  2.0054e-02   2.2962e-03   2.5583e-03   1.0877e-03   7.9882e-05 
  4.1882e-05   4.4069e-05   2.3824e+01   1.9729e+00 

########################
# 00000059
########################
RSS 2826936159.5716505
BP 0:
a0:  -5.8453e+01   e0:  -2.2549e+03   b0:  -8.4952e+00   
P: 
  3.6884e+02   3.4604e+02  -1.5887e+02   4.2448e+00   7.4574e+00 
 -4.9468e-01  -2.5888e+00   4.6477e+00   3.0682e+00  -1.0676e-02 
  2.4704e+00   3.6094e+00  -3.0139e+00   8.8638e-01  -3.0094e-01 
 -1.9494e+00   3.0356e+01   2.4336e+01   3.4958e+01   1.6230e+01 
  1.7858e+01   7.6644e+00   1.2400e+00   4.4252e-01   1.0904e-01 
  2.0054e-02   2.2962e-03   2.5583e-03   1.0877e-03   7.9882e-05 
  4.1882e-05   4.4069e-05   2.3620e+01   1.9810e+00 

########################
# 00000060
########################
RSS 2839638986.7811203
BP 0:
a0:  -6.9496e+01   e0:  -2.1006e+03   b0:  -2.8196e+00   
P: 
  3.7182e+02   3.4655e+02  -1.5850e+02  -1.5307e+01   7.4898e+00 
 -4.7574e-01  -2.5918e+00   5.0621e+00   3.1018e+00   9.2239e-03 
  2.4558e+00   3.5618e+00  -3.0291e+00   8.7770e-01  -2.9251e-01 
 -1.9494e+00   3.0356e+01   2.4336e+01   3.4958e+01   1.6230e+01 
  1.7858e+01   7.6644e+00   1.2400e+00   4.4252e-01   1.0904e-01 
  2.0054e-02   2.2962e-03   2.5583e-03   1.0877e-03   7.9882e-05 
  4.1882e-05   4.4069e-05   2.3851e+01   1.9730e+00 

########################
# 00000061
########################
RSS 2843823868.212055
BP 0:
a0:  -7.8583e+01   e0:  -2.2619e+03   b0:  -1.1675e+00   
P: 
  3.7194e+02   3.4657e+02  -1.5849e+02  -1.5326e+01   7.4783e+00 
 -4.7523e-01  -2.5919e+00   5.0607e+00   3.1044e+00   8.7410e-03 
  2.4525e+00   3.5624e+00  -3.0281e+00   8.7840e-01  -2.9332e-01 
 -1.9494e+00   3.0356e+01   2.4336e+01   3.4958e+01   1.6230e+01 
  1.7858e+01   7.6644e+00   1.2400e+00   4.4252e-01   1.0904e-01 
  2.0054e-02   2.2962e-03   2.5583e-03   1.0877e-03   7.9882e-05 
  4.1882e-05   4.4069e-05   2.3827e+01   1.9732e+00 

########################
# 00000062
########################
RSS 2902134470.6152196
BP 0:
a0:  -5.8453e+01   e0:  -1.9324e+03   b0:  -7.2578e+00   
P: 
  3.7174e+02   3.4629e+02  -1.5850e+02  -1.5316e+01   7.4898e+00 
 -4.9321e-01  -2.5908e+00   5.0618e+00   3.1031e+00   8.6577e-03 
  2.4529e+00   3.5631e+00  -3.0297e+00   8.7771e-01  -2.9260e-01 
 -1.9494e+00   3.0356e+01   2.4336e+01   3.4958e+01   1.6230e+01 
  1.7858e+01   7.6644e+00   1.2400e+00   4.4252e-01   1.0904e-01 
  2.0054e-02   2.2962e-03   2.5583e-03   1.0877e-03   7.9882e-05 
  4.1882e-05   4.4069e-05   2.3604e+01   1.9823e+00 

########################
# 00000063
########################
RSS 2927033092.2006955
BP 0:
a0:  -4.5673e+01   e0:   2.1662e+03   b0:   5.2355e+01   
P: 
  3.7157e+02   3.4657e+02  -1.5844e+02  -1.5301e+01   7.4870e+00 
 -4.7705e-01  -2.5919e+00   5.0620e+00   3.1019e+00   9.9990e-03 
  2.4575e+00   3.5633e+00  -3.0288e+00   8.7919e-01  -2.9273e-01 
 -1.9494e+00   3.0356e+01   2.4336e+01   3.4958e+01   1.6230e+01 
  1.7858e+01   7.6644e+00   1.2400e+00   4.4252e-01   1.0904e-01 
  2.0054e-02   2.2962e-03   2.5583e-03   1.0877e-03   7.9882e-05 
  4.1882e-05   4.4069e-05   2.3850e+01   1.9748e+00 

########################
# 00000064
########################
RSS 2934067558.4602103
BP 0:
a0:  -7.7174e+01   e0:  -2.1450e+03   b0:  -1.0511e+00   
P: 
  3.7218e+02   3.4603e+02  -1.5885e+02   4.2493e+00   7.4599e+00 
 -4.9445e-01  -2.5910e+00   5.0619e+00   3.0685e+00  -1.0063e-02 
  2.4709e+00   3.5711e+00  -3.0139e+00   8.8683e-01  -3.0146e-01 
 -1.9494e+00   3.0356e+01   2.4336e+01   3.4958e+01   1.6230e+01 
  1.7858e+01   7.6644e+00   1.2400e+00   4.4252e-01   1.0904e-01 
  2.0054e-02   2.2962e-03   2.5583e-03   1.0877e-03   7.9882e-05 
  4.1882e-05   4.4069e-05   2.3820e+01   1.9811e+00 

########################
# 00000065
########################
RSS 2968819294.2838664
BP 0:
a0:  -7.0568e+01   e0:  -2.1613e+03   b0:  -1.5417e+00   
P: 
  3.6876e+02   3.4604e+02  -1.5886e+02   4.2458e+00   7.4586e+00 
 -4.9417e-01  -2.5894e+00   4.6477e+00   3.0681e+00  -1.0411e-02 
  2.4711e+00   3.6096e+00  -3.0142e+00   8.8722e-01  -3.0122e-01 
 -1.9494e+00   3.0356e+01   2.4336e+01   3.4958e+01   1.6230e+01 
  1.7858e+01   7.6644e+00   1.2400e+00   4.4252e-01   1.0904e-01 
  2.0054e-02   2.2962e-03   2.5583e-03   1.0877e-03   7.9882e-05 
  4.1882e-05   4.4069e-05   2.3621e+01   1.9810e+00 

########################
# 00000066
########################
RSS 2984544327.590406
BP 0:
a0:  -6.9758e+01   e0:  -2.3237e+03   b0:  -3.8598e+00   
P: 
  3.7186e+02   3.4666e+02  -1.5849e+02  -1.5256e+01   7.4787e+00 
 -4.7588e-01  -2.5916e+00   5.0607e+00   3.1044e+00   8.9690e-03 
  2.4525e+00   3.5624e+00  -3.0281e+00   8.7918e-01  -2.9333e-01 
 -1.9494e+00   3.0356e+01   2.4336e+01   3.4958e+01   1.6230e+01 
  1.7858e+01   7.6644e+00   1.2400e+00   4.4252e-01   1.0904e-01 
  2.0054e-02   2.2962e-03   2.5583e-03   1.0877e-03   7.9882e-05 
  4.1882e-05   4.4069e-05   2.3828e+01   1.9751e+00 

########################
# 00000067
########################
RSS 2989408013.9118576
BP 0:
a0:  -7.4331e+01   e0:  -2.1708e+03   b0:  -1.3240e+00   
P: 
  3.6929e+02   3.4624e+02  -1.5897e+02  -1.5563e+01   7.4745e+00 
 -4.9369e-01  -2.6316e+00   5.0615e+00   3.0695e+00  -9.4454e-03 
  2.4680e+00   3.5725e+00  -3.0111e+00   8.8870e-01  -3.0172e-01 
 -1.9494e+00   3.0356e+01   2.4336e+01   3.4958e+01   1.6230e+01 
  1.7858e+01   7.6644e+00   1.2400e+00   4.4252e-01   1.0904e-01 
  2.0054e-02   2.2962e-03   2.5583e-03   1.0877e-03   7.9882e-05 
  4.1882e-05   4.4069e-05   2.3580e+01   1.9826e+00 

########################
# 00000068
########################
RSS 2996393888.445136
BP 0:
a0:  -7.3426e+01   e0:  -2.1740e+03   b0:  -2.0603e+00   
P: 
  3.7194e+02   3.4657e+02  -1.5849e+02  -1.5332e+01   7.4769e+00 
 -4.7527e-01  -2.5916e+00   5.0607e+00   3.1044e+00   8.7496e-03 
  2.4525e+00   3.5626e+00  -3.0281e+00   8.7842e-01  -2.9326e-01 
 -1.9494e+00   3.0356e+01   2.4336e+01   3.4958e+01   1.6230e+01 
  1.7858e+01   7.6644e+00   1.2400e+00   4.4252e-01   1.0904e-01 
  2.0054e-02   2.2962e-03   2.5583e-03   1.0877e-03   7.9882e-05 
  4.1882e-05   4.4069e-05   2.3824e+01   1.9734e+00 

########################
# 00000069
########################
RSS 2996921100.158609
BP 0:
a0:  -6.5835e+01   e0:  -1.9617e+03   b0:  -3.0960e+00   
P: 
  3.7186e+02   3.4605e+02  -1.5845e+02   4.2387e+00   7.3860e+00 
 -4.7561e-01  -2.5917e+00   5.0703e+00   3.1016e+00   9.4257e-03 
  2.4559e+00   3.5619e+00  -3.0289e+00   8.7877e-01  -2.9244e-01 
 -1.9494e+00   3.0356e+01   2.4336e+01   3.4958e+01   1.6230e+01 
  1.7858e+01   7.6644e+00   1.2400e+00   4.4252e-01   1.0904e-01 
  2.0054e-02   2.2962e-03   2.5583e-03   1.0877e-03   7.9882e-05 
  4.1882e-05   4.4069e-05   2.3852e+01   1.9808e+00 

########################
# 00000070
########################
RSS 3003908460.3494406
BP 0:
a0:  -7.4664e+01   e0:  -2.0244e+03   b0:  -1.0950e+00   
P: 
  3.6927e+02   3.4609e+02  -1.5883e+02  -1.5578e+01   7.4755e+00 
 -4.9192e-01  -2.6325e+00   5.0617e+00   3.0713e+00  -1.0397e-02 
  2.4645e+00   3.5726e+00  -3.0135e+00   8.8715e-01  -3.0135e-01 
 -1.9494e+00   3.0356e+01   2.4336e+01   3.4958e+01   1.6230e+01 
  1.7858e+01   7.6644e+00   1.2400e+00   4.4252e-01   1.0904e-01 
  2.0054e-02   2.2962e-03   2.5583e-03   1.0877e-03   7.9882e-05 
  4.1882e-05   4.4069e-05   2.3601e+01   1.9825e+00 

########################
# 00000071
########################
RSS 3004564310.7175813
BP 0:
a0:  -6.1269e+01   e0:  -2.1781e+03   b0:  -7.1158e+00   
P: 
  3.6879e+02   3.4654e+02  -1.5877e+02  -1.5639e+01   7.4588e+00 
 -4.7570e-01  -2.6277e+00   5.0621e+00   3.1018e+00  -1.0123e-02 
  2.4558e+00   3.5619e+00  -3.0291e+00   8.7915e-01  -2.9247e-01 
 -1.9494e+00   3.0356e+01   2.4336e+01   3.4958e+01   1.6230e+01 
  1.7858e+01   7.6644e+00   1.2400e+00   4.4252e-01   1.0904e-01 
  2.0054e-02   2.2962e-03   2.5583e-03   1.0877e-03   7.9882e-05 
  4.1882e-05   4.4069e-05   2.3850e+01   1.9810e+00 

########################
# 00000072
########################
RSS 3012083082.323691
BP 0:
a0:  -4.5871e+01   e0:   2.1729e+03   b0:   5.1834e+01   
P: 
  3.6796e+02   3.4645e+02  -1.5878e+02  -1.5640e+01   7.4091e+00 
 -4.8610e-01  -2.6277e+00   5.0715e+00   3.0668e+00  -1.3365e-02 
  2.4611e+00   3.5785e+00  -3.0095e+00   8.8754e-01  -3.0186e-01 
 -1.9494e+00   3.0356e+01   2.4336e+01   3.4958e+01   1.6230e+01 
  1.7858e+01   7.6644e+00   1.2400e+00   4.4252e-01   1.0904e-01 
  2.0054e-02   2.2962e-03   2.5583e-03   1.0877e-03   7.9882e-05 
  4.1882e-05   4.4069e-05   2.3624e+01   1.9837e+00 

########################
# 00000073
########################
RSS 3030240047.377976
BP 0:
a0:  -5.8838e+01   e0:  -2.0719e+03   b0:  -7.6402e+00   
P: 
  3.7185e+02   3.4654e+02  -1.5845e+02  -1.5309e+01   7.4855e+00 
 -4.7559e-01  -2.5917e+00   5.0622e+00   3.1016e+00   9.4807e-03 
  2.4559e+00   3.5618e+00  -3.0288e+00   8.7882e-01  -2.9237e-01 
 -1.9494e+00   3.0356e+01   2.4336e+01   3.4958e+01   1.6230e+01 
  1.7858e+01   7.6644e+00   1.2400e+00   4.4252e-01   1.0904e-01 
  2.0054e-02   2.2962e-03   2.5583e-03   1.0877e-03   7.9882e-05 
  4.1882e-05   4.4069e-05   2.3851e+01   1.9729e+00 

########################
# 00000074
########################
RSS 3030783468.7007627
BP 0:
a0:  -4.5822e+01   e0:   2.1814e+03   b0:   5.2211e+01   
P: 
  3.6929e+02   3.4624e+02  -1.5897e+02  -1.5563e+01   7.4745e+00 
 -4.9369e-01  -2.6316e+00   5.0615e+00   3.0695e+00  -9.4456e-03 
  2.4680e+00   3.5725e+00  -3.0111e+00   8.8870e-01  -3.0172e-01 
 -1.9494e+00   3.0356e+01   2.4336e+01   3.4958e+01   1.6230e+01 
  1.7858e+01   7.6644e+00   1.2400e+00   4.4252e-01   1.0904e-01 
  2.0054e-02   2.2962e-03   2.5583e-03   1.0877e-03   7.9882e-05 
  4.1882e-05   4.4069e-05   2.3580e+01   1.9826e+00 

########################
# 00000075
########################
RSS 3053452600.5066967
BP 0:
a0:  -7.5214e+01   e0:  -2.2001e+03   b0:  -1.4568e+00   
P: 
  3.6880e+02   3.4601e+02  -1.5877e+02  -1.5639e+01   7.4588e+00 
 -4.8613e-01  -2.6277e+00   5.0715e+00   3.0683e+00  -1.0122e-02 
  2.4610e+00   3.5785e+00  -3.0139e+00   8.8752e-01  -3.0142e-01 
 -1.9494e+00   3.0356e+01   2.4336e+01   3.4958e+01   1.6230e+01 
  1.7858e+01   7.6644e+00   1.2400e+00   4.4252e-01   1.0904e-01 
  2.0054e-02   2.2962e-03   2.5583e-03   1.0877e-03   7.9882e-05 
  4.1882e-05   4.4069e-05   2.3624e+01   1.9810e+00 

########################
# 00000076
########################
RSS 3057996863.58668
BP 0:
a0:  -4.6965e+01   e0:  -2.2023e+03   b0:  -2.3966e+01   
P: 
  3.6808e+02   3.4625e+02  -1.5878e+02  -1.5510e+01   7.4139e+00 
 -4.8610e-01  -2.6277e+00   5.0715e+00   3.0668e+00  -1.3288e-02 
  2.4679e+00   3.5785e+00  -3.0095e+00   8.8754e-01  -3.0195e-01 
 -1.9494e+00   3.0356e+01   2.4336e+01   3.4958e+01   1.6230e+01 
  1.7858e+01   7.6644e+00   1.2400e+00   4.4252e-01   1.0904e-01 
  2.0054e-02   2.2962e-03   2.5583e-03   1.0877e-03   7.9882e-05 
  4.1882e-05   4.4069e-05   2.3624e+01   1.9837e+00 

########################
# 00000077
########################
RSS 3059865057.1261516
BP 0:
a0:  -4.8296e+01   e0:  -1.5403e+03   b0:  -1.0243e+01   
P: 
  3.6880e+02   3.4602e+02  -1.5885e+02   4.2421e+00   7.4560e+00 
 -4.9443e-01  -2.5894e+00   4.6476e+00   3.0684e+00  -1.0144e-02 
  2.4709e+00   3.6094e+00  -3.0138e+00   8.8692e-01  -3.0133e-01 
 -1.9494e+00   3.0356e+01   2.4336e+01   3.4958e+01   1.6230e+01 
  1.7858e+01   7.6644e+00   1.2400e+00   4.4252e-01   1.0904e-01 
  2.0054e-02   2.2962e-03   2.5583e-03   1.0877e-03   7.9882e-05 
  4.1882e-05   4.4069e-05   2.3619e+01   1.9811e+00 

########################
# 00000078
########################
RSS 3061450323.718069
BP 0:
a0:  -7.4989e+01   e0:  -2.2037e+03   b0:  -1.3094e+00   
P: 
  3.7184e+02   3.4602e+02  -1.5884e+02  -1.5309e+01   7.4855e+00 
 -4.7561e-01  -2.5917e+00   5.0623e+00   3.1013e+00   9.4762e-03 
  2.4559e+00   3.5623e+00  -3.0288e+00   8.7882e-01  -2.9237e-01 
 -1.9494e+00   3.0356e+01   2.4336e+01   3.4958e+01   1.6230e+01 
  1.7858e+01   7.6644e+00   1.2400e+00   4.4252e-01   1.0904e-01 
  2.0054e-02   2.2962e-03   2.5583e-03   1.0877e-03   7.9882e-05 
  4.1882e-05   4.4069e-05   2.3620e+01   1.9728e+00 

########################
# 00000079
########################
RSS 3066616980.068771
BP 0:
a0:  -6.0745e+01   e0:  -2.2064e+03   b0:  -7.3990e+00   
P: 
  3.7184e+02   3.4654e+02  -1.5845e+02  -1.5308e+01   7.4854e+00 
 -4.7559e-01  -2.5917e+00   5.0622e+00   3.1016e+00   9.4694e-03 
  2.4559e+00   3.5618e+00  -3.0288e+00   8.7881e-01  -2.9237e-01 
 -1.9494e+00   3.0356e+01   2.4336e+01   3.4958e+01   1.6230e+01 
  1.7858e+01   7.6644e+00   1.2400e+00   4.4252e-01   1.0904e-01 
  2.0054e-02   2.2962e-03   2.5583e-03   1.0877e-03   7.9882e-05 
  4.1882e-05   4.4069e-05   2.3851e+01   1.9729e+00 

########################
# 00000080
########################
RSS 3066772237.5212684
BP 0:
a0:  -7.6927e+01   e0:  -2.3587e+03   b0:  -1.6699e+00   
P: 
  3.6880e+02   3.4654e+02  -1.5877e+02  -1.5639e+01   7.4588e+00 
 -4.7570e-01  -2.6277e+00   5.0621e+00   3.1018e+00  -1.0122e-02 
  2.4558e+00   3.5619e+00  -3.0291e+00   8.7915e-01  -2.9247e-01 
 -1.9494e+00   3.0356e+01   2.4336e+01   3.4958e+01   1.6230e+01 
  1.7858e+01   7.6644e+00   1.2400e+00   4.4252e-01   1.0904e-01 
  2.0054e-02   2.2962e-03   2.5583e-03   1.0877e-03   7.9882e-05 
  4.1882e-05   4.4069e-05   2.3850e+01   1.9810e+00 

########################
# 00000081
########################
RSS 3072632723.0001016
BP 0:
a0:  -7.6174e+01   e0:  -2.2088e+03   b0:  -1.2517e+00   
P: 
  3.7163e+02   3.4654e+02  -1.5877e+02  -1.5639e+01   7.4589e+00 
 -4.7574e-01  -2.5900e+00   5.0623e+00   3.1018e+00  -1.0120e-02 
  2.4533e+00   3.5630e+00  -3.0291e+00   8.7915e-01  -2.9247e-01 
 -1.9494e+00   3.0356e+01   2.4336e+01   3.4958e+01   1.6230e+01 
  1.7858e+01   7.6644e+00   1.2400e+00   4.4252e-01   1.0904e-01 
  2.0054e-02   2.2962e-03   2.5583e-03   1.0877e-03   7.9882e-05 
  4.1882e-05   4.4069e-05   2.3851e+01   1.9810e+00 

########################
# 00000082
########################
RSS 3076145200.841434
BP 0:
a0:  -7.6825e+01   e0:  -2.2104e+03   b0:  -1.3734e+00   
P: 
  3.7194e+02   3.4657e+02  -1.5849e+02  -1.5326e+01   7.4783e+00 
 -4.7523e-01  -2.5919e+00   5.0607e+00   3.1044e+00   8.7406e-03 
  2.4525e+00   3.5624e+00  -3.0281e+00   8.7840e-01  -2.9332e-01 
 -1.9494e+00   3.0356e+01   2.4336e+01   3.4958e+01   1.6230e+01 
  1.7858e+01   7.6644e+00   1.2400e+00   4.4252e-01   1.0904e-01 
  2.0054e-02   2.2962e-03   2.5583e-03   1.0877e-03   7.9882e-05 
  4.1882e-05   4.4069e-05   2.3828e+01   1.9732e+00 

########################
# 00000083
########################
RSS 3080523921.8845525
BP 0:
a0:  -6.6713e+01   e0:  -2.2126e+03   b0:  -3.3633e+00   
P: 
  3.6877e+02   3.4604e+02  -1.5884e+02   4.2455e+00   7.4608e+00 
 -4.9446e-01  -2.5892e+00   4.6478e+00   3.0684e+00  -1.0284e-02 
  2.4706e+00   3.6094e+00  -3.0141e+00   8.8663e-01  -3.0117e-01 
 -1.9494e+00   3.0356e+01   2.4336e+01   3.4958e+01   1.6230e+01 
  1.7858e+01   7.6644e+00   1.2400e+00   4.4252e-01   1.0904e-01 
  2.0054e-02   2.2962e-03   2.5583e-03   1.0877e-03   7.9882e-05 
  4.1882e-05   4.4069e-05   2.3617e+01   1.9811e+00 

########################
# 00000084
########################
RSS 3082239996.0633116
BP 0:
a0:  -7.4000e+01   e0:  -2.0571e+03   b0:  -1.2705e+00   
P: 
  3.7189e+02   3.4665e+02  -1.5852e+02  -1.5252e+01   7.4903e+00 
 -4.7569e-01  -2.5913e+00   5.0604e+00   3.0994e+00   8.7890e-03 
  2.4550e+00   3.5630e+00  -3.0292e+00   8.7898e-01  -2.9310e-01 
 -1.9494e+00   3.0356e+01   2.4336e+01   3.4958e+01   1.6230e+01 
  1.7858e+01   7.6644e+00   1.2400e+00   4.4252e-01   1.0904e-01 
  2.0054e-02   2.2962e-03   2.5583e-03   1.0877e-03   7.9882e-05 
  4.1882e-05   4.4069e-05   2.3867e+01   1.9749e+00 

########################
# 00000085
########################
RSS 3106732067.878823
BP 0:
a0:  -7.5042e+01   e0:  -2.2557e+03   b0:  -1.7194e+00   
P: 
  3.7193e+02   3.4621e+02  -1.5899e+02  -1.5568e+01   7.4758e+00 
 -4.9248e-01  -2.5919e+00   5.0633e+00   3.1044e+00  -8.3748e-03 
  2.4676e+00   3.5625e+00  -3.0117e+00   8.8792e-01  -3.0105e-01 
 -1.9494e+00   3.0356e+01   2.4336e+01   3.4958e+01   1.6230e+01 
  1.7858e+01   7.6644e+00   1.2400e+00   4.4252e-01   1.0904e-01 
  2.0054e-02   2.2962e-03   2.5583e-03   1.0877e-03   7.9882e-05 
  4.1882e-05   4.4069e-05   2.3828e+01   1.9731e+00 

########################
# 00000086
########################
RSS 3111076551.5706596
BP 0:
a0:  -6.8553e+01   e0:  -2.1153e+03   b0:  -2.9595e+00   
P: 
  3.7184e+02   3.4658e+02  -1.5846e+02  -1.5311e+01   7.4844e+00 
 -4.7608e-01  -2.5916e+00   5.0624e+00   3.1017e+00   9.1904e-03 
  2.4559e+00   3.5619e+00  -3.0289e+00   8.7912e-01  -2.9267e-01 
 -1.9494e+00   3.0356e+01   2.4336e+01   3.4958e+01   1.6230e+01 
  1.7858e+01   7.6644e+00   1.2400e+00   4.4252e-01   1.0904e-01 
  2.0054e-02   2.2962e-03   2.5583e-03   1.0877e-03   7.9882e-05 
  4.1882e-05   4.4069e-05   2.3853e+01   1.9731e+00 

########################
# 00000087
########################
RSS 3116787324.985549
BP 0:
a0:  -6.6750e+01   e0:  -1.7712e+03   b0:  -1.9129e+00   
P: 
  3.6795e+02   3.4624e+02  -1.5853e+02  -1.5516e+01   7.4681e+00 
 -4.8613e-01  -2.5916e+00   5.0602e+00   3.0668e+00  -1.3304e-02 
  2.4611e+00   3.5619e+00  -3.0292e+00   8.7879e-01  -2.9232e-01 
 -1.9494e+00   3.0356e+01   2.4336e+01   3.4958e+01   1.6230e+01 
  1.7858e+01   7.6644e+00   1.2400e+00   4.4252e-01   1.0904e-01 
  2.0054e-02   2.2962e-03   2.5583e-03   1.0877e-03   7.9882e-05 
  4.1882e-05   4.4069e-05   2.3624e+01   1.9751e+00 

########################
# 00000088
########################
RSS 3119935140.3075333
BP 0:
a0:  -7.1937e+01   e0:  -2.0664e+03   b0:  -1.7865e+00   
P: 
  3.6880e+02   3.4654e+02  -1.5877e+02  -1.5639e+01   7.4588e+00 
 -4.7570e-01  -2.6277e+00   5.0621e+00   3.1018e+00  -1.0122e-02 
  2.4558e+00   3.5619e+00  -3.0291e+00   8.7915e-01  -2.9247e-01 
 -1.9494e+00   3.0356e+01   2.4336e+01   3.4958e+01   1.6230e+01 
  1.7858e+01   7.6644e+00   1.2400e+00   4.4252e-01   1.0904e-01 
  2.0054e-02   2.2962e-03   2.5583e-03   1.0877e-03   7.9882e-05 
  4.1882e-05   4.4069e-05   2.3850e+01   1.9810e+00 

########################
# 00000089
########################
RSS 3121710391.6962514
BP 0:
a0:  -7.1124e+01   e0:  -2.2310e+03   b0:  -2.3304e+00   
P: 
  3.6813e+02   3.4655e+02  -1.5886e+02  -1.5547e+01   7.4859e+00 
 -4.9417e-01  -2.6333e+00   5.0625e+00   3.0681e+00  -1.0411e-02 
  2.4711e+00   3.5729e+00  -3.0142e+00   8.8722e-01  -3.0006e-01 
 -1.9494e+00   3.0356e+01   2.4336e+01   3.4958e+01   1.6230e+01 
  1.7858e+01   7.6644e+00   1.2400e+00   4.4252e-01   1.0904e-01 
  2.0054e-02   2.2962e-03   2.5583e-03   1.0877e-03   7.9882e-05 
  4.1882e-05   4.4069e-05   2.3621e+01   1.9836e+00 

########################
# 00000090
########################
RSS 3129289105.9928303
BP 0:
a0:  -7.0490e+01   e0:  -2.1349e+03   b0:  -1.5283e+00   
P: 
  3.6879e+02   3.4602e+02  -1.5884e+02  -1.5317e+01   7.4711e+00 
 -4.7693e-01  -2.5893e+00   4.6476e+00   3.1025e+00  -1.0179e-02 
  2.4559e+00   3.5619e+00  -3.0289e+00   8.8694e-01  -2.9243e-01 
 -1.9494e+00   3.0356e+01   2.4336e+01   3.4958e+01   1.6230e+01 
  1.7858e+01   7.6644e+00   1.2400e+00   4.4252e-01   1.0904e-01 
  2.0054e-02   2.2962e-03   2.5583e-03   1.0877e-03   7.9882e-05 
  4.1882e-05   4.4069e-05   2.3851e+01   1.9729e+00 

########################
# 00000091
########################
RSS 3133837327.804777
BP 0:
a0:  -7.2553e+01   e0:  -2.0763e+03   b0:  -1.7497e+00   
P: 
  3.7189e+02   3.4665e+02  -1.5852e+02  -1.5252e+01   7.4905e+00 
 -4.7548e-01  -2.5905e+00   5.0604e+00   3.1014e+00   7.9306e-03 
  2.4544e+00   3.5630e+00  -3.0292e+00   8.7900e-01  -2.9311e-01 
 -1.9494e+00   3.0356e+01   2.4336e+01   3.4958e+01   1.6230e+01 
  1.7858e+01   7.6644e+00   1.2400e+00   4.4252e-01   1.0904e-01 
  2.0054e-02   2.2962e-03   2.5583e-03   1.0877e-03   7.9882e-05 
  4.1882e-05   4.4069e-05   2.3867e+01   1.9749e+00 

########################
# 00000092
########################
RSS 3142050308.7132263
BP 0:
a0:  -6.6764e+01   e0:  -2.0261e+03   b0:  -3.0670e+00   
P: 
  3.6795e+02   3.4645e+02  -1.5878e+02  -1.5640e+01   7.4092e+00 
 -4.8614e-01  -2.6277e+00   5.0715e+00   3.0668e+00  -1.3307e-02 
  2.4611e+00   3.5785e+00  -3.0094e+00   8.8760e-01  -3.0188e-01 
 -1.9494e+00   3.0356e+01   2.4336e+01   3.4958e+01   1.6230e+01 
  1.7858e+01   7.6644e+00   1.2400e+00   4.4252e-01   1.0904e-01 
  2.0054e-02   2.2962e-03   2.5583e-03   1.0877e-03   7.9882e-05 
  4.1882e-05   4.4069e-05   2.3624e+01   1.9837e+00 

########################
# 00000093
########################
RSS 3146133070.1105747
BP 0:
a0:  -6.2706e+01   e0:  -2.2422e+03   b0:  -6.8325e+00   
P: 
  3.6927e+02   3.4627e+02  -1.5883e+02  -1.5518e+01   7.4755e+00 
 -4.9362e-01  -2.6325e+00   5.0617e+00   3.0688e+00  -9.2146e-03 
  2.4678e+00   3.5726e+00  -3.0135e+00   8.8868e-01  -3.0207e-01 
 -1.9494e+00   3.0356e+01   2.4336e+01   3.4958e+01   1.6230e+01 
  1.7858e+01   7.6644e+00   1.2400e+00   4.4252e-01   1.0904e-01 
  2.0054e-02   2.2962e-03   2.5583e-03   1.0877e-03   7.9882e-05 
  4.1882e-05   4.4069e-05   2.3601e+01   1.9825e+00 

########################
# 00000094
########################
RSS 3157330968.8858495
BP 0:
a0:  -7.2694e+01   e0:  -2.2470e+03   b0:  -1.3204e+00   
P: 
  3.6875e+02   3.4601e+02  -1.5884e+02   4.2505e+00   7.4614e+00 
 -4.9440e-01  -2.5892e+00   4.6475e+00   3.0684e+00  -1.0064e-02 
  2.4708e+00   3.6094e+00  -3.0136e+00   8.8725e-01  -3.0139e-01 
 -1.9494e+00   3.0356e+01   2.4336e+01   3.4958e+01   1.6230e+01 
  1.7858e+01   7.6644e+00   1.2400e+00   4.4252e-01   1.0904e-01 
  2.0054e-02   2.2962e-03   2.5583e-03   1.0877e-03   7.9882e-05 
  4.1882e-05   4.4069e-05   2.3622e+01   1.9810e+00 

########################
# 00000095
########################
RSS 3163922342.9217863
BP 0:
a0:  -7.1928e+01   e0:  -2.2499e+03   b0:  -2.2726e+00   
P: 
  3.7227e+02   3.4625e+02  -1.5841e+02  -1.5517e+01   7.4765e+00 
 -4.9347e-01  -2.6323e+00   5.0623e+00   3.1044e+00   9.6899e-03 
  2.4673e+00   3.5724e+00  -3.0135e+00   8.8875e-01  -3.0174e-01 
 -1.9494e+00   3.0356e+01   2.4336e+01   3.4958e+01   1.6230e+01 
  1.7858e+01   7.6644e+00   1.2400e+00   4.4252e-01   1.0904e-01 
  2.0054e-02   2.2962e-03   2.5583e-03   1.0877e-03   7.9882e-05 
  4.1882e-05   4.4069e-05   2.3815e+01   1.9723e+00 

########################
# 00000096
########################
RSS 3168535642.7849216
BP 0:
a0:  -7.4040e+01   e0:  -2.2519e+03   b0:  -1.7874e+00   
P: 
  3.6796e+02   3.4645e+02  -1.5878e+02  -1.5640e+01   7.4091e+00 
 -4.8610e-01  -2.6277e+00   5.0715e+00   3.0668e+00  -1.3365e-02 
  2.4611e+00   3.5785e+00  -3.0095e+00   8.8754e-01  -3.0186e-01 
 -1.9494e+00   3.0356e+01   2.4336e+01   3.4958e+01   1.6230e+01 
  1.7858e+01   7.6644e+00   1.2400e+00   4.4252e-01   1.0904e-01 
  2.0054e-02   2.2962e-03   2.5583e-03   1.0877e-03   7.9882e-05 
  4.1882e-05   4.4069e-05   2.3624e+01   1.9837e+00 

########################
# 00000097
########################
RSS 3170160955.9107966
BP 0:
a0:  -6.9852e+01   e0:  -2.0799e+03   b0:  -1.9652e+00   
P: 
  3.7189e+02   3.4653e+02  -1.5852e+02  -1.5252e+01   7.4903e+00 
 -4.8621e-01  -2.5913e+00   5.0620e+00   3.0706e+00   9.2013e-03 
  2.4670e+00   3.5712e+00  -3.0292e+00   8.7912e-01  -2.9309e-01 
 -1.9494e+00   3.0356e+01   2.4336e+01   3.4958e+01   1.6230e+01 
  1.7858e+01   7.6644e+00   1.2400e+00   4.4252e-01   1.0904e-01 
  2.0054e-02   2.2962e-03   2.5583e-03   1.0877e-03   7.9882e-05 
  4.1882e-05   4.4069e-05   2.3619e+01   1.9840e+00 

########################
# 00000098
########################
RSS 3187981308.8204145
BP 0:
a0:  -7.6931e+01   e0:  -2.2086e+03   b0:  -1.2149e+00   
P: 
  3.7174e+02   3.4629e+02  -1.5844e+02  -1.5514e+01   7.4930e+00 
 -4.7555e-01  -2.5908e+00   5.0613e+00   3.0993e+00   9.2401e-03 
  2.4546e+00   3.5618e+00  -3.0297e+00   8.7792e-01  -2.9244e-01 
 -1.9494e+00   3.0356e+01   2.4336e+01   3.4958e+01   1.6230e+01 
  1.7858e+01   7.6644e+00   1.2400e+00   4.4252e-01   1.0904e-01 
  2.0054e-02   2.2962e-03   2.5583e-03   1.0877e-03   7.9882e-05 
  4.1882e-05   4.4069e-05   2.3604e+01   1.9822e+00 

########################
# 00000099
########################
RSS 3194037972.833482
BP 0:
a0:  -7.5452e+01   e0:  -2.3223e+03   b0:  -2.0319e+00   
P: 
  3.6927e+02   3.4627e+02  -1.5883e+02  -1.5518e+01   7.4755e+00 
 -4.9362e-01  -2.6325e+00   5.0617e+00   3.0688e+00  -9.2283e-03 
  2.4678e+00   3.5726e+00  -3.0135e+00   8.8868e-01  -3.0206e-01 
 -1.9494e+00   3.0356e+01   2.4336e+01   3.4958e+01   1.6230e+01 
  1.7858e+01   7.6644e+00   1.2400e+00   4.4252e-01   1.0904e-01 
  2.0054e-02   2.2962e-03   2.5583e-03   1.0877e-03   7.9882e-05 
  4.1882e-05   4.4069e-05   2.3601e+01   1.9825e+00 

########################
# 00000100
########################
RSS 3205101937.6821513
BP 0:
a0:  -7.4342e+01   e0:  -2.1204e+03   b0:  -1.1631e+00   
P: 
  3.6936e+02   3.4619e+02  -1.5897e+02  -1.5563e+01   7.4042e+00 
 -5.0379e-01  -2.6328e+00   5.0634e+00   3.0713e+00  -8.6000e-03 
  2.4679e+00   3.5724e+00  -3.0114e+00   8.8701e-01  -3.0098e-01 
 -1.9494e+00   3.0356e+01   2.4336e+01   3.4958e+01   1.6230e+01 
  1.7858e+01   7.6644e+00   1.2400e+00   4.4252e-01   1.0904e-01 
  2.0054e-02   2.2962e-03   2.5583e-03   1.0877e-03   7.9882e-05 
  4.1882e-05   4.4069e-05   2.3565e+01   1.9822e+00 

