########################
# 00000001
########################
RSS 59.722401633116235
BP 0:
a0:   3.5926e+00   e0:  -4.3145e+00   b0:   2.3010e+02   
BP 1:
a0:   3.9442e+00   e0:  -3.9257e+00   b0:   1.8672e+02   
P: 
  5.0089e+04   1.4950e+03   4.1808e+01   2.6287e+00   8.8404e-01 
  5.1852e-01   3.1053e-01   1.5132e-01   4.5723e-02  -1.9923e-03 
 -2.8582e-02  -4.4141e-02  -8.2684e-02  -8.0070e-02  -7.4904e-02 
 -4.8314e-02  -2.7162e-02  -2.4461e-02  -2.7652e-02  -2.1583e-02 
 -1.0029e-02  -7.0432e-03  -9.8303e-03  -3.9734e-03  -1.8714e-03 
  6.9214e-04   1.9163e-03   2.9213e-03   2.3681e-03   6.2643e-04 
 -6.5256e-04  -1.1085e-03  -1.2093e-03  -7.7364e-04  -2.0525e-04 
 -2.4969e-08   0.0000e+00   0.0000e+00   1.1119e+00   1.0741e+00 
  5.0130e-01   1.5757e-01   5.5861e-02   3.3147e-02   1.8560e-02 
  1.0005e-02   5.9926e-03   3.1448e-03   2.0398e-03   1.9473e-03 
  1.5517e-03   1.0732e-03   5.7483e-04   3.2873e-04   1.0477e-04 
  2.2115e-05   7.1858e-07   0.0000e+00  -8.8990e+00  -6.5686e-01 
  5.7434e+04   1.2465e+03   3.7287e+02   1.8653e+02   9.0960e+01 
  6.4472e+01   4.4796e+01   3.0942e+01   1.9766e+01   2.2773e+01 
  1.7871e+01   2.0530e+01   1.5753e+01   8.1443e+00   3.5775e+00 
  2.2428e+00   1.2988e+00   6.8190e-01   3.4134e-01   1.3963e-01 
  4.1544e-02  -1.5789e-03  -2.6577e-02  -5.1923e-02  -7.1320e-02 
 -8.1842e-02  -7.6398e-02  -4.0874e-02  -3.3743e-02  -3.4045e-02 
 -2.2160e-02  -1.4092e-02  -1.1286e-02  -7.5566e-03  -6.5071e-03 
 -4.9293e-03  -2.2484e-03   5.5183e-04   1.9060e-03   2.3993e-03 
  1.8551e-03   6.8353e-04  -6.1883e-04  -1.0626e-03  -1.0746e-03 
 -8.1650e-04  -2.2171e-04  -2.7127e-08   0.0000e+00   0.0000e+00 
  5.7587e-02   3.4962e-02   1.7510e-02   1.0246e-02   5.7127e-03 
  2.9781e-03   2.1070e-03   1.9727e-03   1.5863e-03   1.0798e-03 
  5.6222e-04   3.1747e-04   1.1125e-04   2.2437e-05   6.9340e-07 
  0.0000e+00  -9.5041e+00   8.0028e+00   5.0510e+04   1.5106e+03 
  2.4276e+02   2.0684e+02   1.1058e+02   5.7311e+01   3.5845e+01 
  4.1618e+01   2.0977e+01   3.0287e+01   1.2060e+01   1.9002e+01 
  1.6639e+01   9.2859e+00   2.7348e+00   2.0674e+00   8.7788e-01 
  5.1587e-01   3.0802e-01   1.5737e-01   4.6476e-02  -2.0106e-03 
 -2.9323e-02  -4.3826e-02  -8.1815e-02  -7.9548e-02  -7.4302e-02 
 -4.9718e-02  -2.7687e-02  -2.4125e-02  -2.8822e-02  -2.1894e-02 
 -9.8451e-03  -7.0237e-03  -9.9594e-03  -3.9644e-03  -1.8601e-03 
  6.8454e-04   1.9177e-03   2.8941e-03   2.2936e-03   6.2457e-04 
 -6.5976e-04  -1.1134e-03  -1.1928e-03  -7.7877e-04  -2.0164e-04 
 -2.5058e-08   0.0000e+00 

########################
# 00000002
########################
RSS 59.72317827103326
BP 0:
a0:   3.5926e+00   e0:  -4.3145e+00   b0:   2.3010e+02   
BP 1:
a0:   3.9442e+00   e0:  -3.9257e+00   b0:   1.8672e+02   
P: 
  5.0090e+04   1.4950e+03   4.1808e+01   2.6287e+00   8.8404e-01 
  5.1852e-01   3.1053e-01   1.5132e-01   4.5723e-02  -1.9923e-03 
 -2.8582e-02  -4.4141e-02  -8.2684e-02  -8.0070e-02  -7.4904e-02 
 -4.8314e-02  -2.7162e-02  -2.4461e-02  -2.7652e-02  -2.1583e-02 
 -1.0029e-02  -7.0432e-03  -9.8303e-03  -3.9734e-03  -1.8714e-03 
  6.9214e-04   1.9163e-03   2.9213e-03   2.3681e-03   6.2643e-04 
 -6.5256e-04  -1.1085e-03  -1.2093e-03  -7.7364e-04  -2.0525e-04 
 -2.4969e-08   0.0000e+00   0.0000e+00   1.1119e+00   1.0741e+00 
  5.0130e-01   1.5757e-01   5.5861e-02   3.3147e-02   1.8560e-02 
  1.0005e-02   5.9926e-03   3.1448e-03   2.0398e-03   1.9473e-03 
  1.5517e-03   1.0732e-03   5.7483e-04   3.2873e-04   1.0477e-04 
  2.2115e-05   7.1858e-07   0.0000e+00  -8.8990e+00  -6.5686e-01 
  5.7434e+04   1.2465e+03   3.7287e+02   1.8653e+02   9.0960e+01 
  6.4472e+01   4.4796e+01   3.0942e+01   1.9766e+01   2.2773e+01 
  1.7871e+01   2.0530e+01   1.5753e+01   8.1443e+00   3.5775e+00 
  2.2428e+00   1.2988e+00   6.8190e-01   3.4134e-01   1.3963e-01 
  4.1544e-02  -1.5789e-03  -2.6577e-02  -5.1923e-02  -7.1320e-02 
 -8.1842e-02  -7.6398e-02  -4.0874e-02  -3.3743e-02  -3.4045e-02 
 -2.2160e-02  -1.4092e-02  -1.1286e-02  -7.5566e-03  -6.5071e-03 
 -4.9293e-03  -2.2484e-03   5.5183e-04   1.9060e-03   2.3993e-03 
  1.8551e-03   6.8353e-04  -6.1883e-04  -1.0626e-03  -1.0746e-03 
 -8.1650e-04  -2.2171e-04  -2.7127e-08   0.0000e+00   0.0000e+00 
  5.7587e-02   3.4962e-02   1.7510e-02   1.0246e-02   5.7127e-03 
  2.9781e-03   2.1070e-03   1.9727e-03   1.5863e-03   1.0798e-03 
  5.6222e-04   3.1747e-04   1.1125e-04   2.2437e-05   6.9340e-07 
  0.0000e+00  -9.5041e+00   8.0028e+00   5.0509e+04   1.5106e+03 
  2.4276e+02   2.0684e+02   1.1058e+02   5.7311e+01   3.5845e+01 
  4.1618e+01   2.0977e+01   3.0287e+01   1.2060e+01   1.9001e+01 
  1.6639e+01   9.2859e+00   2.7348e+00   2.0674e+00   8.7788e-01 
  5.1587e-01   3.0802e-01   1.5737e-01   4.6476e-02  -2.0106e-03 
 -2.9323e-02  -4.3826e-02  -8.1815e-02  -7.9549e-02  -7.4302e-02 
 -4.9718e-02  -2.7687e-02  -2.4125e-02  -2.8822e-02  -2.1894e-02 
 -9.8451e-03  -7.0237e-03  -9.9594e-03  -3.9644e-03  -1.8601e-03 
  6.8454e-04   1.9177e-03   2.8941e-03   2.2936e-03   6.2457e-04 
 -6.5976e-04  -1.1134e-03  -1.1928e-03  -7.7877e-04  -2.0164e-04 
 -2.5058e-08   0.0000e+00 

########################
# 00000003
########################
RSS 59.72792046799841
BP 0:
a0:   3.5926e+00   e0:  -4.3145e+00   b0:   2.3009e+02   
BP 1:
a0:   3.9442e+00   e0:  -3.9257e+00   b0:   1.8672e+02   
P: 
  5.0089e+04   1.4950e+03   4.1807e+01   2.6287e+00   8.8404e-01 
  5.1852e-01   3.1053e-01   1.5132e-01   4.5723e-02  -1.9923e-03 
 -2.8582e-02  -4.4142e-02  -8.2684e-02  -8.0070e-02  -7.4903e-02 
 -4.8314e-02  -2.7162e-02  -2.4462e-02  -2.7652e-02  -2.1583e-02 
 -1.0029e-02  -7.0432e-03  -9.8303e-03  -3.9734e-03  -1.8714e-03 
  6.9214e-04   1.9163e-03   2.9213e-03   2.3680e-03   6.2643e-04 
 -6.5256e-04  -1.1085e-03  -1.2093e-03  -7.7365e-04  -2.0525e-04 
 -2.4969e-08   0.0000e+00   0.0000e+00   1.1119e+00   1.0741e+00 
  5.0130e-01   1.5757e-01   5.5861e-02   3.3147e-02   1.8560e-02 
  1.0005e-02   5.9926e-03   3.1448e-03   2.0398e-03   1.9473e-03 
  1.5517e-03   1.0732e-03   5.7483e-04   3.2873e-04   1.0477e-04 
  2.2115e-05   7.1857e-07   0.0000e+00  -8.8990e+00  -6.5686e-01 
  5.7434e+04   1.2465e+03   3.7287e+02   1.8653e+02   9.0960e+01 
  6.4472e+01   4.4796e+01   3.0942e+01   1.9766e+01   2.2773e+01 
  1.7871e+01   2.0530e+01   1.5753e+01   8.1443e+00   3.5775e+00 
  2.2428e+00   1.2988e+00   6.8190e-01   3.4134e-01   1.3963e-01 
  4.1544e-02  -1.5789e-03  -2.6577e-02  -5.1923e-02  -7.1320e-02 
 -8.1842e-02  -7.6398e-02  -4.0874e-02  -3.3743e-02  -3.4045e-02 
 -2.2160e-02  -1.4092e-02  -1.1286e-02  -7.5566e-03  -6.5071e-03 
 -4.9293e-03  -2.2484e-03   5.5183e-04   1.9060e-03   2.3993e-03 
  1.8551e-03   6.8353e-04  -6.1883e-04  -1.0626e-03  -1.0746e-03 
 -8.1650e-04  -2.2171e-04  -2.7127e-08   0.0000e+00   0.0000e+00 
  5.7587e-02   3.4962e-02   1.7510e-02   1.0246e-02   5.7127e-03 
  2.9781e-03   2.1070e-03   1.9727e-03   1.5863e-03   1.0798e-03 
  5.6222e-04   3.1747e-04   1.1125e-04   2.2437e-05   6.9340e-07 
  0.0000e+00  -9.5041e+00   8.0028e+00   5.0509e+04   1.5106e+03 
  2.4276e+02   2.0684e+02   1.1058e+02   5.7311e+01   3.5845e+01 
  4.1618e+01   2.0977e+01   3.0287e+01   1.2060e+01   1.9002e+01 
  1.6639e+01   9.2859e+00   2.7348e+00   2.0674e+00   8.7788e-01 
  5.1588e-01   3.0802e-01   1.5737e-01   4.6476e-02  -2.0106e-03 
 -2.9323e-02  -4.3826e-02  -8.1815e-02  -7.9548e-02  -7.4301e-02 
 -4.9718e-02  -2.7687e-02  -2.4125e-02  -2.8822e-02  -2.1894e-02 
 -9.8451e-03  -7.0237e-03  -9.9593e-03  -3.9644e-03  -1.8601e-03 
  6.8453e-04   1.9177e-03   2.8941e-03   2.2936e-03   6.2457e-04 
 -6.5976e-04  -1.1134e-03  -1.1928e-03  -7.7877e-04  -2.0164e-04 
 -2.5058e-08   0.0000e+00 

########################
# 00000004
########################
RSS 59.744484680329634
BP 0:
a0:   3.5926e+00   e0:  -4.3145e+00   b0:   2.3008e+02   
BP 1:
a0:   3.9442e+00   e0:  -3.9257e+00   b0:   1.8672e+02   
P: 
  5.0089e+04   1.4950e+03   4.1808e+01   2.6287e+00   8.8403e-01 
  5.1852e-01   3.1053e-01   1.5132e-01   4.5723e-02  -1.9923e-03 
 -2.8582e-02  -4.4141e-02  -8.2684e-02  -8.0070e-02  -7.4903e-02 
 -4.8314e-02  -2.7162e-02  -2.4462e-02  -2.7652e-02  -2.1582e-02 
 -1.0029e-02  -7.0432e-03  -9.8303e-03  -3.9734e-03  -1.8714e-03 
  6.9213e-04   1.9163e-03   2.9213e-03   2.3680e-03   6.2643e-04 
 -6.5257e-04  -1.1086e-03  -1.2092e-03  -7.7365e-04  -2.0525e-04 
 -2.4969e-08   0.0000e+00   0.0000e+00   1.1119e+00   1.0741e+00 
  5.0130e-01   1.5757e-01   5.5861e-02   3.3147e-02   1.8560e-02 
  1.0005e-02   5.9926e-03   3.1448e-03   2.0398e-03   1.9473e-03 
  1.5517e-03   1.0732e-03   5.7483e-04   3.2873e-04   1.0477e-04 
  2.2115e-05   7.1857e-07   0.0000e+00  -8.8990e+00  -6.5687e-01 
  5.7434e+04   1.2465e+03   3.7287e+02   1.8653e+02   9.0960e+01 
  6.4472e+01   4.4796e+01   3.0942e+01   1.9766e+01   2.2773e+01 
  1.7871e+01   2.0530e+01   1.5753e+01   8.1443e+00   3.5775e+00 
  2.2428e+00   1.2988e+00   6.8190e-01   3.4134e-01   1.3963e-01 
  4.1544e-02  -1.5789e-03  -2.6577e-02  -5.1923e-02  -7.1320e-02 
 -8.1842e-02  -7.6398e-02  -4.0873e-02  -3.3743e-02  -3.4045e-02 
 -2.2160e-02  -1.4092e-02  -1.1286e-02  -7.5566e-03  -6.5072e-03 
 -4.9293e-03  -2.2484e-03   5.5183e-04   1.9060e-03   2.3993e-03 
  1.8551e-03   6.8353e-04  -6.1883e-04  -1.0626e-03  -1.0746e-03 
 -8.1650e-04  -2.2171e-04  -2.7127e-08   0.0000e+00   0.0000e+00 
  5.7587e-02   3.4962e-02   1.7510e-02   1.0246e-02   5.7127e-03 
  2.9781e-03   2.1070e-03   1.9727e-03   1.5863e-03   1.0798e-03 
  5.6222e-04   3.1747e-04   1.1125e-04   2.2437e-05   6.9340e-07 
  0.0000e+00  -9.5041e+00   8.0028e+00   5.0510e+04   1.5106e+03 
  2.4275e+02   2.0684e+02   1.1057e+02   5.7310e+01   3.5845e+01 
  4.1618e+01   2.0977e+01   3.0287e+01   1.2060e+01   1.9002e+01 
  1.6639e+01   9.2859e+00   2.7348e+00   2.0674e+00   8.7788e-01 
  5.1588e-01   3.0802e-01   1.5737e-01   4.6476e-02  -2.0106e-03 
 -2.9323e-02  -4.3825e-02  -8.1815e-02  -7.9548e-02  -7.4302e-02 
 -4.9719e-02  -2.7687e-02  -2.4125e-02  -2.8821e-02  -2.1894e-02 
 -9.8451e-03  -7.0237e-03  -9.9594e-03  -3.9644e-03  -1.8601e-03 
  6.8454e-04   1.9177e-03   2.8941e-03   2.2936e-03   6.2457e-04 
 -6.5976e-04  -1.1134e-03  -1.1928e-03  -7.7876e-04  -2.0165e-04 
 -2.5058e-08   0.0000e+00 

########################
# 00000005
########################
RSS 59.919867897190535
BP 0:
a0:   3.5926e+00   e0:  -4.3153e+00   b0:   2.3012e+02   
BP 1:
a0:   3.9442e+00   e0:  -3.9256e+00   b0:   1.8672e+02   
P: 
  5.0090e+04   1.4950e+03   4.1808e+01   2.6286e+00   8.8407e-01 
  5.1852e-01   3.1054e-01   1.5131e-01   4.5724e-02  -1.9923e-03 
 -2.8580e-02  -4.4139e-02  -8.2687e-02  -8.0071e-02  -7.4903e-02 
 -4.8312e-02  -2.7162e-02  -2.4462e-02  -2.7650e-02  -2.1582e-02 
 -1.0030e-02  -7.0430e-03  -9.8305e-03  -3.9734e-03  -1.8714e-03 
  6.9213e-04   1.9163e-03   2.9213e-03   2.3680e-03   6.2645e-04 
 -6.5261e-04  -1.1085e-03  -1.2092e-03  -7.7367e-04  -2.0525e-04 
 -2.4968e-08   0.0000e+00   0.0000e+00   1.1118e+00   1.0741e+00 
  5.0131e-01   1.5757e-01   5.5861e-02   3.3147e-02   1.8560e-02 
  1.0005e-02   5.9927e-03   3.1448e-03   2.0398e-03   1.9473e-03 
  1.5517e-03   1.0732e-03   5.7483e-04   3.2873e-04   1.0477e-04 
  2.2116e-05   7.1857e-07   0.0000e+00  -8.9003e+00  -6.5683e-01 
  5.7434e+04   1.2466e+03   3.7287e+02   1.8653e+02   9.0960e+01 
  6.4471e+01   4.4796e+01   3.0942e+01   1.9766e+01   2.2773e+01 
  1.7871e+01   2.0530e+01   1.5753e+01   8.1444e+00   3.5775e+00 
  2.2428e+00   1.2988e+00   6.8190e-01   3.4134e-01   1.3964e-01 
  4.1544e-02  -1.5789e-03  -2.6577e-02  -5.1923e-02  -7.1320e-02 
 -8.1842e-02  -7.6399e-02  -4.0873e-02  -3.3744e-02  -3.4045e-02 
 -2.2161e-02  -1.4092e-02  -1.1286e-02  -7.5566e-03  -6.5072e-03 
 -4.9293e-03  -2.2484e-03   5.5184e-04   1.9060e-03   2.3993e-03 
  1.8551e-03   6.8353e-04  -6.1882e-04  -1.0626e-03  -1.0746e-03 
 -8.1650e-04  -2.2171e-04  -2.7127e-08   0.0000e+00   0.0000e+00 
  5.7587e-02   3.4962e-02   1.7510e-02   1.0246e-02   5.7127e-03 
  2.9781e-03   2.1070e-03   1.9727e-03   1.5863e-03   1.0798e-03 
  5.6222e-04   3.1747e-04   1.1125e-04   2.2437e-05   6.9340e-07 
  0.0000e+00  -9.5041e+00   8.0028e+00   5.0510e+04   1.5106e+03 
  2.4276e+02   2.0684e+02   1.1057e+02   5.7307e+01   3.5844e+01 
  4.1615e+01   2.0977e+01   3.0287e+01   1.2060e+01   1.9001e+01 
  1.6639e+01   9.2861e+00   2.7347e+00   2.0674e+00   8.7783e-01 
  5.1588e-01   3.0802e-01   1.5737e-01   4.6477e-02  -2.0107e-03 
 -2.9322e-02  -4.3825e-02  -8.1816e-02  -7.9549e-02  -7.4299e-02 
 -4.9717e-02  -2.7687e-02  -2.4125e-02  -2.8820e-02  -2.1894e-02 
 -9.8452e-03  -7.0237e-03  -9.9591e-03  -3.9645e-03  -1.8600e-03 
  6.8452e-04   1.9177e-03   2.8942e-03   2.2937e-03   6.2455e-04 
 -6.5977e-04  -1.1134e-03  -1.1929e-03  -7.7874e-04  -2.0166e-04 
 -2.5058e-08   0.0000e+00 

########################
# 00000006
########################
RSS 60.821126612886424
BP 0:
a0:   3.5922e+00   e0:  -4.3205e+00   b0:   2.3032e+02   
BP 1:
a0:   3.9442e+00   e0:  -3.9261e+00   b0:   1.8673e+02   
P: 
  5.0088e+04   1.4951e+03   4.1805e+01   2.6284e+00   8.8406e-01 
  5.1848e-01   3.1046e-01   1.5130e-01   4.5712e-02  -1.9920e-03 
 -2.8583e-02  -4.4141e-02  -8.2703e-02  -8.0088e-02  -7.4898e-02 
 -4.8322e-02  -2.7160e-02  -2.4458e-02  -2.7643e-02  -2.1581e-02 
 -1.0028e-02  -7.0428e-03  -9.8297e-03  -3.9723e-03  -1.8710e-03 
  6.9224e-04   1.9166e-03   2.9217e-03   2.3676e-03   6.2652e-04 
 -6.5256e-04  -1.1086e-03  -1.2094e-03  -7.7376e-04  -2.0523e-04 
 -2.4965e-08   0.0000e+00   0.0000e+00   1.1118e+00   1.0741e+00 
  5.0129e-01   1.5757e-01   5.5860e-02   3.3146e-02   1.8559e-02 
  1.0005e-02   5.9924e-03   3.1446e-03   2.0396e-03   1.9474e-03 
  1.5516e-03   1.0733e-03   5.7480e-04   3.2873e-04   1.0476e-04 
  2.2116e-05   7.1856e-07   0.0000e+00  -8.9086e+00  -6.5704e-01 
  5.7437e+04   1.2465e+03   3.7286e+02   1.8653e+02   9.0958e+01 
  6.4476e+01   4.4796e+01   3.0943e+01   1.9766e+01   2.2774e+01 
  1.7872e+01   2.0531e+01   1.5753e+01   8.1445e+00   3.5775e+00 
  2.2429e+00   1.2987e+00   6.8192e-01   3.4134e-01   1.3964e-01 
  4.1545e-02  -1.5788e-03  -2.6577e-02  -5.1923e-02  -7.1320e-02 
 -8.1842e-02  -7.6399e-02  -4.0874e-02  -3.3743e-02  -3.4046e-02 
 -2.2160e-02  -1.4092e-02  -1.1285e-02  -7.5565e-03  -6.5076e-03 
 -4.9294e-03  -2.2484e-03   5.5185e-04   1.9060e-03   2.3993e-03 
  1.8551e-03   6.8352e-04  -6.1880e-04  -1.0626e-03  -1.0745e-03 
 -8.1646e-04  -2.2170e-04  -2.7127e-08   0.0000e+00   0.0000e+00 
  5.7587e-02   3.4960e-02   1.7511e-02   1.0246e-02   5.7126e-03 
  2.9782e-03   2.1070e-03   1.9727e-03   1.5863e-03   1.0798e-03 
  5.6223e-04   3.1747e-04   1.1125e-04   2.2437e-05   6.9342e-07 
  0.0000e+00  -9.5051e+00   8.0032e+00   5.0497e+04   1.5105e+03 
  2.4278e+02   2.0687e+02   1.1058e+02   5.7308e+01   3.5842e+01 
  4.1622e+01   2.0975e+01   3.0281e+01   1.2061e+01   1.9000e+01 
  1.6637e+01   9.2869e+00   2.7340e+00   2.0679e+00   8.7788e-01 
  5.1581e-01   3.0804e-01   1.5739e-01   4.6474e-02  -2.0104e-03 
 -2.9328e-02  -4.3836e-02  -8.1801e-02  -7.9536e-02  -7.4294e-02 
 -4.9733e-02  -2.7685e-02  -2.4131e-02  -2.8819e-02  -2.1898e-02 
 -9.8465e-03  -7.0209e-03  -9.9586e-03  -3.9644e-03  -1.8600e-03 
  6.8426e-04   1.9172e-03   2.8936e-03   2.2941e-03   6.2462e-04 
 -6.5977e-04  -1.1134e-03  -1.1935e-03  -7.7870e-04  -2.0164e-04 
 -2.5056e-08   0.0000e+00 

########################
# 00000007
########################
RSS 63.043340715675406
BP 0:
a0:   3.5893e+00   e0:  -4.3403e+00   b0:   2.3240e+02   
BP 1:
a0:   3.9448e+00   e0:  -3.9193e+00   b0:   1.8649e+02   
P: 
  5.0070e+04   1.4918e+03   4.1734e+01   2.6231e+00   8.8458e-01 
  5.1838e-01   3.1067e-01   1.5203e-01   4.5783e-02  -1.9910e-03 
 -2.8637e-02  -4.4196e-02  -8.3023e-02  -8.0191e-02  -7.4942e-02 
 -4.8498e-02  -2.7237e-02  -2.4441e-02  -2.7641e-02  -2.1500e-02 
 -1.0023e-02  -7.0330e-03  -9.8224e-03  -3.9690e-03  -1.8727e-03 
  6.9249e-04   1.9190e-03   2.9235e-03   2.3678e-03   6.2682e-04 
 -6.5280e-04  -1.1087e-03  -1.2097e-03  -7.7143e-04  -2.0520e-04 
 -2.4946e-08   0.0000e+00   0.0000e+00   1.1119e+00   1.0736e+00 
  5.0124e-01   1.5755e-01   5.5858e-02   3.3161e-02   1.8558e-02 
  1.0004e-02   5.9940e-03   3.1456e-03   2.0393e-03   1.9481e-03 
  1.5514e-03   1.0732e-03   5.7494e-04   3.2865e-04   1.0476e-04 
  2.2108e-05   7.1841e-07   0.0000e+00  -8.9422e+00  -6.5643e-01 
  5.7426e+04   1.2463e+03   3.7292e+02   1.8661e+02   9.0943e+01 
  6.4441e+01   4.4792e+01   3.0944e+01   1.9767e+01   2.2757e+01 
  1.7875e+01   2.0529e+01   1.5744e+01   8.1433e+00   3.5782e+00 
  2.2427e+00   1.2985e+00   6.8167e-01   3.4127e-01   1.3971e-01 
  4.1545e-02  -1.5782e-03  -2.6586e-02  -5.1920e-02  -7.1315e-02 
 -8.1838e-02  -7.6418e-02  -4.0876e-02  -3.3756e-02  -3.4071e-02 
 -2.2161e-02  -1.4089e-02  -1.1284e-02  -7.5579e-03  -6.5051e-03 
 -4.9276e-03  -2.2482e-03   5.5161e-04   1.9064e-03   2.3996e-03 
  1.8551e-03   6.8372e-04  -6.1881e-04  -1.0627e-03  -1.0741e-03 
 -8.1609e-04  -2.2172e-04  -2.7147e-08   0.0000e+00   0.0000e+00 
  5.7595e-02   3.4973e-02   1.7512e-02   1.0247e-02   5.7122e-03 
  2.9768e-03   2.1068e-03   1.9726e-03   1.5868e-03   1.0796e-03 
  5.6253e-04   3.1742e-04   1.1128e-04   2.2432e-05   6.9368e-07 
  0.0000e+00  -9.4910e+00   8.0044e+00   5.0529e+04   1.5083e+03 
  2.4287e+02   2.0681e+02   1.1047e+02   5.7223e+01   3.5872e+01 
  4.1693e+01   2.1020e+01   3.0295e+01   1.2052e+01   1.9003e+01 
  1.6643e+01   9.3070e+00   2.7274e+00   2.0687e+00   8.7666e-01 
  5.1466e-01   3.0791e-01   1.5753e-01   4.6363e-02  -2.0060e-03 
 -2.9269e-02  -4.3799e-02  -8.1829e-02  -7.9556e-02  -7.4308e-02 
 -4.9808e-02  -2.7658e-02  -2.4051e-02  -2.8788e-02  -2.1936e-02 
 -9.8414e-03  -7.0092e-03  -9.9496e-03  -3.9777e-03  -1.8595e-03 
  6.8437e-04   1.9162e-03   2.8982e-03   2.2929e-03   6.2424e-04 
 -6.6062e-04  -1.1134e-03  -1.1918e-03  -7.7947e-04  -2.0137e-04 
 -2.5030e-08   0.0000e+00 

########################
# 00000008
########################
RSS 70.48335043662306
BP 0:
a0:   3.5907e+00   e0:  -4.3439e+00   b0:   2.3703e+02   
BP 1:
a0:   3.9442e+00   e0:  -3.9253e+00   b0:   1.8627e+02   
P: 
  4.9948e+04   1.4933e+03   4.1798e+01   2.6197e+00   8.8908e-01 
  5.2107e-01   3.0949e-01   1.5234e-01   4.5919e-02  -1.9811e-03 
 -2.8564e-02  -4.3872e-02  -8.3063e-02  -8.0260e-02  -7.5141e-02 
 -4.8351e-02  -2.7322e-02  -2.4532e-02  -2.7793e-02  -2.1459e-02 
 -1.0048e-02  -7.0508e-03  -9.8359e-03  -3.9738e-03  -1.8679e-03 
  6.9258e-04   1.9255e-03   2.9141e-03   2.3690e-03   6.2823e-04 
 -6.5131e-04  -1.1114e-03  -1.2023e-03  -7.7216e-04  -2.0598e-04 
 -2.4948e-08   0.0000e+00   0.0000e+00   1.1116e+00   1.0726e+00 
  5.0122e-01   1.5762e-01   5.5840e-02   3.3163e-02   1.8556e-02 
  1.0017e-02   5.9852e-03   3.1424e-03   2.0400e-03   1.9467e-03 
  1.5525e-03   1.0728e-03   5.7549e-04   3.2851e-04   1.0485e-04 
  2.2098e-05   7.1820e-07   0.0000e+00  -8.9471e+00  -6.5183e-01 
  5.7434e+04   1.2475e+03   3.7248e+02   1.8653e+02   9.0916e+01 
  6.4371e+01   4.4748e+01   3.0982e+01   1.9761e+01   2.2761e+01 
  1.7892e+01   2.0517e+01   1.5749e+01   8.1369e+00   3.5807e+00 
  2.2394e+00   1.2981e+00   6.8196e-01   3.4132e-01   1.3967e-01 
  4.1528e-02  -1.5777e-03  -2.6605e-02  -5.1941e-02  -7.1312e-02 
 -8.1789e-02  -7.6409e-02  -4.0886e-02  -3.3755e-02  -3.4071e-02 
 -2.2173e-02  -1.4097e-02  -1.1271e-02  -7.5569e-03  -6.5034e-03 
 -4.9241e-03  -2.2476e-03   5.5150e-04   1.9068e-03   2.3998e-03 
  1.8553e-03   6.8321e-04  -6.1938e-04  -1.0627e-03  -1.0744e-03 
 -8.1544e-04  -2.2164e-04  -2.7134e-08   0.0000e+00   0.0000e+00 
  5.7576e-02   3.4955e-02   1.7498e-02   1.0248e-02   5.7150e-03 
  2.9767e-03   2.1049e-03   1.9716e-03   1.5864e-03   1.0791e-03 
  5.6244e-04   3.1710e-04   1.1130e-04   2.2429e-05   6.9374e-07 
  0.0000e+00  -9.5033e+00   7.9848e+00   5.0424e+04   1.5120e+03 
  2.4326e+02   2.0708e+02   1.1004e+02   5.7388e+01   3.5756e+01 
  4.1732e+01   2.0942e+01   3.0388e+01   1.2110e+01   1.8994e+01 
  1.6686e+01   9.3041e+00   2.7111e+00   2.0757e+00   8.8029e-01 
  5.1391e-01   3.0678e-01   1.5717e-01   4.6515e-02  -2.0075e-03 
 -2.9301e-02  -4.3454e-02  -8.1595e-02  -7.9822e-02  -7.4237e-02 
 -4.9732e-02  -2.7734e-02  -2.4042e-02  -2.8826e-02  -2.1950e-02 
 -9.8676e-03  -7.0067e-03  -9.9427e-03  -3.9986e-03  -1.8564e-03 
  6.8120e-04   1.9094e-03   2.8914e-03   2.2951e-03   6.2439e-04 
 -6.6214e-04  -1.1096e-03  -1.1951e-03  -7.8291e-04  -2.0110e-04 
 -2.5025e-08   0.0000e+00 

########################
# 00000009
########################
RSS 86.04098321423294
BP 0:
a0:   3.5869e+00   e0:  -4.3829e+00   b0:   2.3958e+02   
BP 1:
a0:   3.9443e+00   e0:  -3.9282e+00   b0:   1.8645e+02   
P: 
  4.9660e+04   1.4929e+03   4.1964e+01   2.6137e+00   8.8810e-01 
  5.1990e-01   3.0855e-01   1.5211e-01   4.6027e-02  -1.9805e-03 
 -2.8616e-02  -4.3928e-02  -8.2985e-02  -8.0161e-02  -7.5054e-02 
 -4.8311e-02  -2.7310e-02  -2.4487e-02  -2.7909e-02  -2.1475e-02 
 -1.0025e-02  -7.0621e-03  -9.8216e-03  -3.9766e-03  -1.8669e-03 
  6.9056e-04   1.9282e-03   2.9217e-03   2.3731e-03   6.2919e-04 
 -6.5111e-04  -1.1112e-03  -1.1992e-03  -7.7194e-04  -2.0626e-04 
 -2.4967e-08   0.0000e+00   0.0000e+00   1.1116e+00   1.0731e+00 
  5.0124e-01   1.5769e-01   5.5811e-02   3.3168e-02   1.8554e-02 
  1.0008e-02   5.9812e-03   3.1427e-03   2.0396e-03   1.9482e-03 
  1.5533e-03   1.0727e-03   5.7563e-04   3.2864e-04   1.0486e-04 
  2.2097e-05   7.1816e-07   0.0000e+00  -9.0003e+00  -6.5692e-01 
  5.7374e+04   1.2482e+03   3.7241e+02   1.8659e+02   9.0940e+01 
  6.4388e+01   4.4747e+01   3.0973e+01   1.9749e+01   2.2774e+01 
  1.7894e+01   2.0528e+01   1.5754e+01   8.1342e+00   3.5822e+00 
  2.2381e+00   1.2979e+00   6.8180e-01   3.4147e-01   1.3966e-01 
  4.1564e-02  -1.5780e-03  -2.6597e-02  -5.1966e-02  -7.1273e-02 
 -8.1829e-02  -7.6403e-02  -4.0862e-02  -3.3768e-02  -3.4043e-02 
 -2.2180e-02  -1.4105e-02  -1.1275e-02  -7.5546e-03  -6.5064e-03 
 -4.9225e-03  -2.2460e-03   5.5121e-04   1.9059e-03   2.4024e-03 
  1.8547e-03   6.8324e-04  -6.1946e-04  -1.0625e-03  -1.0745e-03 
 -8.1530e-04  -2.2159e-04  -2.7134e-08   0.0000e+00   0.0000e+00 
  5.7598e-02   3.4948e-02   1.7502e-02   1.0254e-02   5.7125e-03 
  2.9771e-03   2.1058e-03   1.9716e-03   1.5860e-03   1.0790e-03 
  5.6272e-04   3.1688e-04   1.1124e-04   2.2449e-05   6.9346e-07 
  0.0000e+00  -9.5087e+00   7.9897e+00   5.0391e+04   1.5084e+03 
  2.4257e+02   2.0711e+02   1.1024e+02   5.7582e+01   3.5736e+01 
  4.1701e+01   2.0869e+01   3.0383e+01   1.2095e+01   1.9021e+01 
  1.6694e+01   9.3054e+00   2.7257e+00   2.0805e+00   8.7945e-01 
  5.1398e-01   3.0680e-01   1.5659e-01   4.6339e-02  -2.0039e-03 
 -2.9275e-02  -4.3550e-02  -8.1621e-02  -7.9630e-02  -7.4261e-02 
 -4.9744e-02  -2.7699e-02  -2.3970e-02  -2.8806e-02  -2.1911e-02 
 -9.8667e-03  -7.0196e-03  -9.9998e-03  -3.9949e-03  -1.8523e-03 
  6.8394e-04   1.9158e-03   2.8840e-03   2.3014e-03   6.2396e-04 
 -6.6294e-04  -1.1104e-03  -1.1950e-03  -7.8101e-04  -2.0101e-04 
 -2.5066e-08   0.0000e+00 

########################
# 00000010
########################
RSS 90.12807719257573
BP 0:
a0:   3.5876e+00   e0:  -4.3725e+00   b0:   2.4062e+02   
BP 1:
a0:   3.9438e+00   e0:  -3.9343e+00   b0:   1.8643e+02   
P: 
  4.9796e+04   1.4920e+03   4.1947e+01   2.6135e+00   8.8865e-01 
  5.2020e-01   3.0822e-01   1.5214e-01   4.6026e-02  -1.9794e-03 
 -2.8693e-02  -4.3876e-02  -8.3072e-02  -7.9973e-02  -7.4932e-02 
 -4.8164e-02  -2.7308e-02  -2.4515e-02  -2.7922e-02  -2.1525e-02 
 -1.0033e-02  -7.0671e-03  -9.8444e-03  -3.9837e-03  -1.8708e-03 
  6.8900e-04   1.9322e-03   2.9281e-03   2.3780e-03   6.3099e-04 
 -6.5053e-04  -1.1086e-03  -1.2007e-03  -7.7128e-04  -2.0602e-04 
 -2.4984e-08   0.0000e+00   0.0000e+00   1.1123e+00   1.0727e+00 
  5.0128e-01   1.5767e-01   5.5815e-02   3.3162e-02   1.8549e-02 
  1.0004e-02   5.9782e-03   3.1414e-03   2.0385e-03   1.9476e-03 
  1.5535e-03   1.0722e-03   5.7590e-04   3.2871e-04   1.0492e-04 
  2.2096e-05   7.1781e-07   0.0000e+00  -8.9832e+00  -6.5445e-01 
  5.7391e+04   1.2488e+03   3.7244e+02   1.8661e+02   9.0949e+01 
  6.4412e+01   4.4736e+01   3.0970e+01   1.9753e+01   2.2773e+01 
  1.7894e+01   2.0518e+01   1.5761e+01   8.1329e+00   3.5810e+00 
  2.2380e+00   1.2977e+00   6.8173e-01   3.4137e-01   1.3968e-01 
  4.1548e-02  -1.5780e-03  -2.6594e-02  -5.1968e-02  -7.1278e-02 
 -8.1800e-02  -7.6428e-02  -4.0858e-02  -3.3786e-02  -3.4048e-02 
 -2.2188e-02  -1.4103e-02  -1.1273e-02  -7.5518e-03  -6.5028e-03 
 -4.9245e-03  -2.2453e-03   5.5130e-04   1.9053e-03   2.4018e-03 
  1.8543e-03   6.8363e-04  -6.1943e-04  -1.0621e-03  -1.0748e-03 
 -8.1568e-04  -2.2171e-04  -2.7133e-08   0.0000e+00   0.0000e+00 
  5.7577e-02   3.4947e-02   1.7508e-02   1.0256e-02   5.7096e-03 
  2.9765e-03   2.1055e-03   1.9711e-03   1.5859e-03   1.0795e-03 
  5.6281e-04   3.1697e-04   1.1122e-04   2.2446e-05   6.9311e-07 
  0.0000e+00  -9.5205e+00   7.9863e+00   5.0345e+04   1.5122e+03 
  2.4248e+02   2.0653e+02   1.1002e+02   5.7704e+01   3.5730e+01 
  4.1593e+01   2.0904e+01   3.0304e+01   1.2115e+01   1.9013e+01 
  1.6692e+01   9.3221e+00   2.7276e+00   2.0857e+00   8.8185e-01 
  5.1350e-01   3.0747e-01   1.5665e-01   4.6446e-02  -2.0077e-03 
 -2.9245e-02  -4.3594e-02  -8.1737e-02  -7.9805e-02  -7.4121e-02 
 -4.9775e-02  -2.7633e-02  -2.4023e-02  -2.8883e-02  -2.1863e-02 
 -9.8875e-03  -7.0024e-03  -9.9903e-03  -3.9845e-03  -1.8534e-03 
  6.8582e-04   1.9197e-03   2.8832e-03   2.3060e-03   6.2358e-04 
 -6.6142e-04  -1.1125e-03  -1.1957e-03  -7.8082e-04  -2.0120e-04 
 -2.5085e-08   0.0000e+00 

########################
# 00000011
########################
RSS 94.03584175688293
BP 0:
a0:   3.5807e+00   e0:  -4.2735e+00   b0:   2.4284e+02   
BP 1:
a0:   3.9443e+00   e0:  -3.9133e+00   b0:   1.8723e+02   
P: 
  4.9496e+04   1.5000e+03   4.1796e+01   2.6869e+00   8.7918e-01 
  5.1029e-01   3.1026e-01   1.5596e-01   4.5679e-02  -1.9813e-03 
 -2.8730e-02  -4.3129e-02  -8.2257e-02  -8.0736e-02  -7.4265e-02 
 -4.9362e-02  -2.7694e-02  -2.4236e-02  -2.8509e-02  -2.1922e-02 
 -9.9537e-03  -7.1560e-03  -9.7831e-03  -3.9934e-03  -1.8430e-03 
  6.9742e-04   1.9035e-03   2.8716e-03   2.3643e-03   6.3131e-04 
 -6.5298e-04  -1.0960e-03  -1.2119e-03  -7.6490e-04  -2.0246e-04 
 -2.4873e-08   0.0000e+00   0.0000e+00   1.1114e+00   1.0745e+00 
  5.0096e-01   1.5743e-01   5.5714e-02   3.3058e-02   1.8536e-02 
  9.9665e-03   5.9868e-03   3.1431e-03   2.0348e-03   1.9471e-03 
  1.5600e-03   1.0757e-03   5.7479e-04   3.2970e-04   1.0551e-04 
  2.2043e-05   7.1813e-07   0.0000e+00  -8.8250e+00  -6.4648e-01 
  5.7349e+04   1.2500e+03   3.7157e+02   1.8614e+02   9.1210e+01 
  6.4821e+01   4.4810e+01   3.0946e+01   1.9755e+01   2.2844e+01 
  1.7835e+01   2.0523e+01   1.5738e+01   8.1546e+00   3.5992e+00 
  2.2421e+00   1.2947e+00   6.7986e-01   3.4314e-01   1.3957e-01 
  4.1714e-02  -1.5706e-03  -2.6570e-02  -5.2049e-02  -7.1064e-02 
 -8.1909e-02  -7.6624e-02  -4.1019e-02  -3.3862e-02  -3.4105e-02 
 -2.2238e-02  -1.4133e-02  -1.1254e-02  -7.5245e-03  -6.5280e-03 
 -4.9149e-03  -2.2543e-03   5.4918e-04   1.8956e-03   2.4054e-03 
  1.8560e-03   6.8610e-04  -6.2116e-04  -1.0621e-03  -1.0750e-03 
 -8.1666e-04  -2.2118e-04  -2.7302e-08   0.0000e+00   0.0000e+00 
  5.7623e-02   3.4828e-02   1.7483e-02   1.0234e-02   5.7303e-03 
  2.9693e-03   2.1020e-03   1.9730e-03   1.5827e-03   1.0786e-03 
  5.6348e-04   3.1809e-04   1.1089e-04   2.2361e-05   6.9446e-07 
  0.0000e+00  -9.4728e+00   7.9088e+00   4.9533e+04   1.4952e+03 
  2.4135e+02   2.0435e+02   1.1192e+02   5.7686e+01   3.6035e+01 
  4.1748e+01   2.1216e+01   3.0747e+01   1.2360e+01   1.8901e+01 
  1.6432e+01   9.3187e+00   2.6880e+00   2.0384e+00   8.8161e-01 
  5.0998e-01   3.1022e-01   1.5597e-01   4.5830e-02  -1.9846e-03 
 -2.8676e-02  -4.3153e-02  -8.2130e-02  -8.0814e-02  -7.4444e-02 
 -4.9262e-02  -2.7661e-02  -2.4304e-02  -2.8471e-02  -2.1891e-02 
 -9.9506e-03  -7.1270e-03  -9.8250e-03  -3.9877e-03  -1.8411e-03 
  6.9699e-04   1.9037e-03   2.8673e-03   2.3633e-03   6.3324e-04 
 -6.5414e-04  -1.0956e-03  -1.2124e-03  -7.6472e-04  -2.0207e-04 
 -2.4918e-08   0.0000e+00 

