---START---
00000001
PARAMETERS 
19
-0.00530194553421
-2.20886706434
0.0708660672385
-0.0641983195166
-0.921123128411
-0.00112908425337
-0.0621431922919
0.0271947653653
-0.0220370906139
-0.0523038975591
-0.138939003516
-0.502032468148
-0.00767843092872
11.2897525366
-0.671594510498
0.0696830043961
2.85876717701
0.0211848403578
0.0268114576492
RSS 16.732842181717416
BP MaxDensity 1.0921558625098604
EFS MaxDensity 1.1183802604236295
a0 3.4285563214909383
e0 -4.264109499737665
b0 1.2541355514806145
---END---
---START---
00000002
PARAMETERS 
19
-0.00652349775352
-2.20888726747
0.0714261325027
-0.0644637291608
-0.919250112655
-0.000253434844689
-0.0583558274148
0.026657511265
-0.0225267612246
-0.0501723607691
-0.141455296199
-0.500120253881
-0.00501142461141
11.2863890634
-0.671876177698
0.0694216480105
2.85665686453
0.0211043557285
0.0238614819125
RSS 139.3627275105985
BP MaxDensity 1.0921558625098604
EFS MaxDensity 1.1183802604236295
a0 3.4656443811505615
e0 -4.270548096781864
b0 1.3826563897737187
---END---
---START---
00000003
PARAMETERS 
19
8.6674243886e-05
-2.21219937417
0.0617390241686
-0.0651033425059
-0.913350190645
0.00209495658035
-0.0493378634952
0.0308743710767
-0.0277466516683
-0.0454805825499
-0.145177506113
-0.503307620345
0.00243894270719
11.2765299398
-0.670326564109
0.0691540064894
2.85969185829
0.0131718329334
0.0113543387774
RSS 766.65172348241
BP MaxDensity 1.0921558625098604
EFS MaxDensity 1.1183802604236295
a0 3.5417311170934975
e0 -4.3074724953661825
b0 1.5539241507511299
---END---
---START---
00000004
PARAMETERS 
19
-0.00578185361771
-2.20930170481
0.0775254311082
-0.0611709653607
-0.904484228023
0.0101450609416
-0.0430430829006
0.0251574978134
-0.0193117658392
-0.0420508540758
-0.150380791306
-0.491059156531
0.00118203805395
11.2803986897
-0.668132761706
0.0685953288649
2.84934801831
0.00151215232431
0.00280900185529
RSS 3013.597697702894
BP MaxDensity 1.0921558625098604
EFS MaxDensity 1.1183802604236295
a0 3.609221577960953
e0 -4.435391712910502
b0 1.7674174210046099
---END---
---START---
00000005
PARAMETERS 
19
-0.00578179983813
-2.20929959078
0.0775271439161
-0.0611764225379
-0.904483953509
0.0101452492306
-0.0430430130193
0.0251560536132
-0.0193116918191
-0.0420516853286
-0.15037914716
-0.491059371923
0.00118201100385
11.2804066181
-0.668108417507
0.0685950710333
2.849350791
0.00151227573519
0.00280901183883
RSS 3013.8733779002414
BP MaxDensity 1.0921558625098604
EFS MaxDensity 1.1183802604236295
a0 3.609137007217213
e0 -4.43522239265716
b0 1.768709046271491
---END---
---START---
00000006
PARAMETERS 
19
-0.00578105023941
-2.20930066561
0.0775260871022
-0.061176416095
-0.904486647664
0.0101454422887
-0.0430432880129
0.0251565737206
-0.0193105769012
-0.0420510822653
-0.150380043871
-0.491059199339
0.00118250935628
11.280408602
-0.668108644437
0.0685947270246
2.84934661056
0.0015122852071
0.00280902808797
RSS 3013.87345662561
BP MaxDensity 1.0921558625098604
EFS MaxDensity 1.1183802604236295
a0 3.609154224240622
e0 -4.435275316793936
b0 1.768536023363246
---END---
---START---
00000007
PARAMETERS 
19
-0.00578045719927
-2.2092965245
0.0775230651304
-0.0611713385731
-0.904483545673
0.0101455458522
-0.0430408854578
0.025156522432
-0.0193121506137
-0.0420511024272
-0.150379481614
-0.491059529524
0.00118345493771
11.2804096404
-0.668132500096
0.0685947729618
2.84934682097
0.00151208596422
0.00281024358567
RSS 3013.877192366964
BP MaxDensity 1.0921558625098604
EFS MaxDensity 1.1183802604236295
a0 3.6091986989050864
e0 -4.435375345234513
b0 1.7674044193281453
---END---
---START---
00000008
PARAMETERS 
19
-0.00578073583598
-2.20930114411
0.0775296539197
-0.0611711713287
-0.904437040234
0.0101454346239
-0.0430406535726
0.0251563055871
-0.0193106603111
-0.0420510881063
-0.150380027081
-0.491058721455
0.00118413374501
11.2803968752
-0.668104619528
0.068594832442
2.84941353878
0.00151226101493
0.00281022317675
RSS 3013.8924124503137
BP MaxDensity 1.0921558625098604
EFS MaxDensity 1.1183802604236295
a0 3.6090228937542874
e0 -4.434914368438509
b0 1.7694188144599998
---END---
---START---
00000009
PARAMETERS 
19
-0.00578040801001
-2.20929774659
0.0775235669774
-0.0611708939999
-0.904484292389
0.0101454741626
-0.0430411187211
0.02515684712
-0.0193116735099
-0.042052100127
-0.150380076908
-0.491059158005
0.00118394320083
11.2804132337
-0.668108695767
0.0685947299349
2.84934712938
0.00151225537957
0.00281023936366
RSS 3013.89748553288
BP MaxDensity 1.0921558625098604
EFS MaxDensity 1.1183802604236295
a0 3.6091482787225257
e0 -4.4352051072725285
b0 1.7684863951430823
---END---
---START---
00000010
PARAMETERS 
19
-0.00578124800141
-2.20929681255
0.0775232752638
-0.0611708743806
-0.90448338931
0.0101454562443
-0.0430413073954
0.025156541458
-0.0193105912917
-0.0420518384845
-0.150380040314
-0.491059170756
0.00118391978059
11.2804093897
-0.668108692897
0.0685947511327
2.8493472813
0.00151226171677
0.00281023892171
RSS 3013.9725508014203
BP MaxDensity 1.0921558625098604
EFS MaxDensity 1.1183802604236295
a0 3.609141975310105
e0 -4.435194017165386
b0 1.7685273479016679
---END---
---START---
00000011
PARAMETERS 
19
-0.00578051834671
-2.20930095856
0.0775253157914
-0.0611765197683
-0.904493876316
0.0101342257348
-0.0430431416613
0.0251559741261
-0.0193093585119
-0.042051027441
-0.150380292447
-0.491059328959
0.00118415865882
11.2804000766
-0.668132674273
0.068595040012
2.8493484813
0.00151226922459
0.00281334092504
RSS 3014.0645231290346
BP MaxDensity 1.0921558625098604
EFS MaxDensity 1.1183802604236295
a0 3.609163573032783
e0 -4.435354334162101
b0 1.767829364977077
---END---
---START---
00000012
PARAMETERS 
19
-0.00578095273684
-2.20929666161
0.077523083212
-0.0611712024058
-0.904484279397
0.0101453933129
-0.0430406342467
0.0251568082666
-0.0193105469192
-0.0420510995544
-0.150380144867
-0.491059512337
0.00118339249152
11.2803993099
-0.668108475897
0.0685948455528
2.84934797367
0.00151225742864
0.00281022082636
RSS 3014.0857090133795
BP MaxDensity 1.0921558625098604
EFS MaxDensity 1.1183802604236295
a0 3.6091502919416785
e0 -4.435208781215615
b0 1.7685299009129059
---END---
---START---
00000013
PARAMETERS 
19
-0.00578095806142
-2.20930080692
0.077528996047
-0.0611724108561
-0.904484163094
0.0101455358659
-0.0430408665355
0.0251565194949
-0.01931042332
-0.0420511072351
-0.150380277564
-0.491059140097
0.00118359173137
11.2803994512
-0.668132367494
0.0685947616503
2.84934675723
0.00151223487339
0.002810245193
RSS 3014.122808644785
BP MaxDensity 1.0921558625098604
EFS MaxDensity 1.1183802604236295
a0 3.609182188472238
e0 -4.435380259148874
b0 1.7676425327478602
---END---
---START---
00000014
PARAMETERS 
19
-0.00578041938456
-2.20930063696
0.077526088013
-0.0612056854387
-0.904486962407
0.0101454568518
-0.0430407212887
0.0251565240206
-0.019310599346
-0.0420507073596
-0.150380045261
-0.491058635334
0.00118518352347
11.2803992834
-0.668108700004
0.0685947470324
2.84934700289
0.00152648057784
0.00281023829759
RSS 3014.1244216620807
BP MaxDensity 1.0921558625098604
EFS MaxDensity 1.1183802604236295
a0 3.6090209733703897
e0 -4.435260039601828
b0 1.7698024967065134
---END---
---START---
00000015
PARAMETERS 
19
-0.00578121977628
-2.209301064
0.0775268047712
-0.0611719654162
-0.904483790907
0.010145297491
-0.0430415351077
0.0251562299345
-0.0193104744389
-0.0420510614948
-0.150379131965
-0.49105933383
0.0011841592166
11.2804080029
-0.668132318059
0.0685948571249
2.84934806331
0.00151220394485
0.00280892867976
RSS 3014.128783265187
BP MaxDensity 1.0921558625098604
EFS MaxDensity 1.1183802604236295
a0 3.6091777965396963
e0 -4.4353447845314715
b0 1.7676495712443745
---END---
---START---
00000016
PARAMETERS 
19
-0.00578046508912
-2.20930062916
0.077525835597
-0.0611710108121
-0.904483819214
0.0101455790942
-0.0430410022495
0.0251565604299
-0.0193106502541
-0.0420510826052
-0.150380013274
-0.491059169122
0.00118388331326
11.2803999254
-0.668108831489
0.0685947393803
2.84934699136
0.0015122266885
0.00281023777825
RSS 3014.1353562715
BP MaxDensity 1.0921558625098604
EFS MaxDensity 1.1183802604236295
a0 3.609144754269515
e0 -4.435207854287536
b0 1.768582168191
---END---
---START---
00000017
PARAMETERS 
19
-0.00578045463862
-2.20930057703
0.0775258894132
-0.0611709783761
-0.904483788941
0.0101455603681
-0.0430410074529
0.0251565519387
-0.0193106666959
-0.0420510997363
-0.150380002376
-0.491059168235
0.00118387570585
11.280399815
-0.66810881458
0.0685947231775
2.84934691835
0.00151221866421
0.00281023835645
RSS 3014.1356329856844
BP MaxDensity 1.0921558625098604
EFS MaxDensity 1.1183802604236295
a0 3.60914496225036
e0 -4.435209068346028
b0 1.768576172636492
---END---
---START---
00000018
PARAMETERS 
19
-0.00578044991998
-2.20930064815
0.0775258078015
-0.0611710269328
-0.904483803206
0.0101455746129
-0.043040993289
0.0251565622719
-0.0193106607169
-0.042051093633
-0.150380016974
-0.491059150272
0.0011838976215
11.280400023
-0.66810883505
0.0685947321611
2.84934703263
0.00151223234534
0.0028102396071
RSS 3014.136191646792
BP MaxDensity 1.0921558625098604
EFS MaxDensity 1.1183802604236295
a0 3.6091447570200073
e0 -4.435208093985898
b0 1.76858000641648
---END---
---START---
00000019
PARAMETERS 
19
-0.00578045127719
-2.20930065771
0.0775257940282
-0.0611709601424
-0.904483871114
0.0101455721286
-0.043040983144
0.025156561875
-0.0193106547534
-0.0420510980496
-0.150380029765
-0.491059174941
0.00118386772389
11.2804001065
-0.668108845837
0.0685947590553
2.84934704177
0.00151222941765
0.00281023651855
RSS 3014.138391688593
BP MaxDensity 1.0921558625098604
EFS MaxDensity 1.1183802604236295
a0 3.609144861682451
e0 -4.435206658706296
b0 1.7685849564636864
---END---
---START---
00000020
PARAMETERS 
19
-0.00578042974603
-2.2093007038
0.0775257704823
-0.0611709076435
-0.904483823
0.0101455563592
-0.0430409753109
0.0251565438137
-0.0193106492185
-0.0420511141724
-0.150380012836
-0.491059184483
0.00118387292519
11.2803999974
-0.668108847671
0.0685947492339
2.84934704853
0.00151223654763
0.0028102371761
RSS 3014.139009611012
BP MaxDensity 1.0921558625098604
EFS MaxDensity 1.1183802604236295
a0 3.6091446518647903
e0 -4.435206503159025
b0 1.7685817790293186
---END---
---START---
00000021
PARAMETERS 
19
-0.0057804210172
-2.20930066242
0.0775258064103
-0.06117095246
-0.904483879754
0.0101455628616
-0.0430409554906
0.0251565317289
-0.0193106662969
-0.04205112688
-0.150380000854
-0.491059177623
0.00118388915156
11.280399835
-0.668108836924
0.0685947328861
2.84934713582
0.00151224450527
0.00281023761879
RSS 3014.142786120854
BP MaxDensity 1.0921558625098604
EFS MaxDensity 1.1183802604236295
a0 3.609144531787684
e0 -4.4352074631868925
b0 1.7685795070717671
---END---
---START---
00000022
PARAMETERS 
19
-0.00578044014837
-2.20930069039
0.0775257738563
-0.061170987854
-0.904483871196
0.0101455685796
-0.043040962757
0.0251565165624
-0.0193106755279
-0.0420511448544
-0.150380004723
-0.491059193518
0.00118390701658
11.2804000005
-0.668108850642
0.0685947256167
2.84934713466
0.00151223792292
0.00281023953549
RSS 3014.143618130528
BP MaxDensity 1.0921558625098604
EFS MaxDensity 1.1183802604236295
a0 3.6091442682460255
e0 -4.435207941697059
b0 1.768578596216949
---END---
---START---
00000023
PARAMETERS 
19
-0.00578043289075
-2.20930074583
0.0775257702345
-0.0611710489121
-0.904483876815
0.0101455686553
-0.0430409730057
0.0251565091856
-0.0193106691003
-0.0420511353932
-0.150380010028
-0.491059197665
0.00118390140602
11.2803998327
-0.668108841468
0.0685947442329
2.84934703332
0.00151224730423
0.00281024030483
RSS 3014.143782381174
BP MaxDensity 1.0921558625098604
EFS MaxDensity 1.1183802604236295
a0 3.609143848230413
e0 -4.435206812632922
b0 1.7685879108193274
---END---
---START---
00000024
PARAMETERS 
19
-0.00578048719633
-2.20930069084
0.0775256565013
-0.06117091798
-0.90448392335
0.0101455815429
-0.0430409730101
0.025156505336
-0.0193106370752
-0.0420511188622
-0.150380024863
-0.491059195331
0.00118394082651
11.280399883
-0.668108853813
0.068594686223
2.84934704743
0.00151222548824
0.00281023580258
RSS 3014.1447065582715
BP MaxDensity 1.0921558625098604
EFS MaxDensity 1.1183802604236295
a0 3.6091453880022613
e0 -4.435211439430932
b0 1.7685599064424762
---END---
---START---
00000025
PARAMETERS 
19
-0.00578042443785
-2.20930073724
0.0775257979306
-0.0611710851672
-0.904483911653
0.0101455564951
-0.0430409550331
0.025156515086
-0.0193106559601
-0.0420511244003
-0.150380026106
-0.491059200705
0.00118388292314
11.2803999411
-0.668108859688
0.0685947530182
2.84934694794
0.001512249039
0.00281023860393
RSS 3014.14919048386
BP MaxDensity 1.0921558625098604
EFS MaxDensity 1.1183802604236295
a0 3.6091438330192553
e0 -4.435207128458976
b0 1.7685914868277577
---END---
---START---
00000026
PARAMETERS 
19
-0.00578044577113
-2.20930078391
0.0775257776162
-0.0611711149594
-0.904483937167
0.0101455420542
-0.0430409649406
0.0251564952519
-0.0193106426728
-0.0420511376384
-0.150380007239
-0.491059200602
0.00118388398601
11.2804000798
-0.668108854165
0.068594759372
2.84934687204
0.00151225646805
0.00281023999211
RSS 3014.1493251545508
BP MaxDensity 1.0921558625098604
EFS MaxDensity 1.1183802604236295
a0 3.609143356577367
e0 -4.435206156337208
b0 1.7685957522625422
---END---
---START---
00000027
PARAMETERS 
19
-0.00578040548138
-2.20930062397
0.0775258336751
-0.0611711527978
-0.904483826301
0.0101455337785
-0.0430409646778
0.0251564991216
-0.0193106912391
-0.0420511140933
-0.150380033271
-0.491059174763
0.00118389912671
11.2803995224
-0.668108852848
0.0685947496955
2.84934690068
0.00151224473214
0.00281024348576
RSS 3014.149427359074
BP MaxDensity 1.0921558625098604
EFS MaxDensity 1.1183802604236295
a0 3.6091436792018405
e0 -4.4352074205850665
b0 1.7685942826027652
---END---
---START---
00000028
PARAMETERS 
19
-0.00578045859754
-2.20930073395
0.0775257565098
-0.0611710284283
-0.904483877429
0.0101455760356
-0.0430409535211
0.0251564934405
-0.019310672745
-0.0420511151031
-0.150380029587
-0.491059186584
0.00118390814362
11.2803998642
-0.668108828217
0.0685947276664
2.84934707003
0.00151225591537
0.00281024049635
RSS 3014.1517050835882
BP MaxDensity 1.0921558625098604
EFS MaxDensity 1.1183802604236295
a0 3.609144414053203
e0 -4.435208531639781
b0 1.7685813584195385
---END---
---START---
00000029
PARAMETERS 
19
-0.00578044250417
-2.20930090597
0.0775257620733
-0.0611710464151
-0.90448392168
0.0101455235431
-0.043040940524
0.0251564776097
-0.0193106233382
-0.0420511510678
-0.150379978487
-0.491059185004
0.00118386613319
11.2803996925
-0.66810882026
0.0685948000623
2.84934677868
0.00151224451989
0.00281023800853
RSS 3014.1567053940953
BP MaxDensity 1.0921558625098604
EFS MaxDensity 1.1183802604236295
a0 3.6091424673759662
e0 -4.435201506455354
b0 1.7686121670549673
---END---
---START---
00000030
PARAMETERS 
19
-0.00578043445565
-2.20930092204
0.0775257652205
-0.0611710036287
-0.904483966783
0.0101455225898
-0.0430409335162
0.0251564936951
-0.0193106334845
-0.0420511331688
-0.150379988324
-0.491059181401
0.00118385537494
11.2803996842
-0.668108839311
0.0685948034998
2.84934682186
0.00151224493593
0.00281023939171
RSS 3014.15687815201
BP MaxDensity 1.0921558625098604
EFS MaxDensity 1.1183802604236295
a0 3.6091430541746052
e0 -4.4352019282527175
b0 1.768608973650829
---END---
---START---
00000031
PARAMETERS 
19
-0.00578046493938
-2.20930090881
0.0775257076455
-0.0611709561156
-0.904483951653
0.0101455329243
-0.0430409213963
0.0251564904349
-0.0193106312047
-0.0420511407995
-0.150380005747
-0.491059171779
0.00118386717892
11.2803996175
-0.66810885762
0.0685948082369
2.84934692163
0.00151224840993
0.00281024057914
RSS 3014.1575452938546
BP MaxDensity 1.0921558625098604
EFS MaxDensity 1.1183802604236295
a0 3.609143096774206
e0 -4.4352011558280395
b0 1.7686084936372926
---END---
---START---
00000032
PARAMETERS 
19
-0.00578046699494
-2.20930090787
0.0775257247101
-0.061170969993
-0.904484005004
0.0101455382848
-0.0430409104928
0.0251564882789
-0.0193106287564
-0.0420511465908
-0.150380017175
-0.491059153135
0.00118387621938
11.2803995187
-0.668108845024
0.0685948028564
2.849346961
0.00151225778261
0.00281024123857
RSS 3014.160036763799
BP MaxDensity 1.0921558625098604
EFS MaxDensity 1.1183802604236295
a0 3.6091432107336687
e0 -4.435201628079732
b0 1.7686076048584831
---END---
---START---
00000033
PARAMETERS 
19
-0.00578047291833
-2.20930088789
0.0775257069347
-0.0611709716982
-0.904484014183
0.0101455301657
-0.0430409084507
0.0251564910724
-0.0193106083653
-0.0420511334908
-0.150380012738
-0.491059152121
0.00118386785447
11.2803995478
-0.668108853208
0.0685947869009
2.84934698652
0.00151224773767
0.00281023935623
RSS 3014.1616129629156
BP MaxDensity 1.0921558625098604
EFS MaxDensity 1.1183802604236295
a0 3.609143754504517
e0 -4.435203422264368
b0 1.768598927265218
---END---
---START---
00000034
PARAMETERS 
19
-0.00578048020971
-2.20930088314
0.0775256924909
-0.0611709682461
-0.904484013757
0.0101455188242
-0.0430408956855
0.0251564848928
-0.0193105999949
-0.0420511408319
-0.150380022823
-0.491059145273
0.00118387770973
11.2803995223
-0.668108834231
0.0685947711966
2.84934695439
0.00151225279739
0.00281023968116
RSS 3014.165540968987
BP MaxDensity 1.0921558625098604
EFS MaxDensity 1.1183802604236295
a0 3.609143758567765
e0 -4.435204393523666
b0 1.7685955205087864
---END---
---START---
00000035
PARAMETERS 
19
-0.00578045719927
-2.20930079114
0.0775257779885
-0.061170882796
-0.904484103253
0.0101455458522
-0.0430408854578
0.025156522432
-0.0193105815725
-0.0420511024272
-0.150380011021
-0.491059132677
0.00118387539456
11.2803992527
-0.668108795308
0.0685947729618
2.84934682097
0.00151223382196
0.00281024358567
RSS 3014.165550465006
BP MaxDensity 1.0921558625098604
EFS MaxDensity 1.1183802604236295
a0 3.609144390238543
e0 -4.435204353158266
b0 1.7685945852562526
---END---
---START---
00000036
PARAMETERS 
19
-0.0057804334666
-2.20930079014
0.0775257415516
-0.0611708714422
-0.904484075272
0.0101455324291
-0.0430409014348
0.025156514825
-0.0193105694581
-0.0420510826198
-0.15038002751
-0.491059130759
0.00118387209156
11.2803990551
-0.668108793185
0.0685947600898
2.8493467759
0.00151224174711
0.00281024250046
RSS 3014.165568054007
BP MaxDensity 1.0921558625098604
EFS MaxDensity 1.1183802604236295
a0 3.6091448587517156
e0 -4.43520589216315
b0 1.7685881964542698
---END---
---START---
00000037
PARAMETERS 
19
-0.00578045236227
-2.20930083713
0.0775258272642
-0.0611708446728
-0.904484163998
0.0101455502756
-0.0430408845783
0.0251565357432
-0.0193105940961
-0.0420511144436
-0.150380009921
-0.491059127293
0.00118389488619
11.2803991193
-0.668108815114
0.0685947698774
2.84934677766
0.00151223835022
0.00281024278365
RSS 3014.165741503941
BP MaxDensity 1.0921558625098604
EFS MaxDensity 1.1183802604236295
a0 3.6091445581542456
e0 -4.435204507421286
b0 1.7685925377843925
---END---
---START---
00000038
PARAMETERS 
19
-0.00578043521412
-2.20930081888
0.0775258298155
-0.0611710007856
-0.904484107739
0.0101455466757
-0.0430408787486
0.0251565109972
-0.0193105703147
-0.0420511096858
-0.150379983755
-0.491059128697
0.00118384419206
11.2803995892
-0.668108805913
0.0685947522108
2.84934699564
0.00151224150395
0.00281024741705
RSS 3014.1667485025046
BP MaxDensity 1.0921558625098604
EFS MaxDensity 1.1183802604236295
a0 3.6091442651902526
e0 -4.435206380054654
b0 1.7685893793830878
---END---
---START---
00000039
PARAMETERS 
19
-0.00578048904413
-2.20930090749
0.0775257204361
-0.0611709137086
-0.904484002555
0.0101455130947
-0.0430408847818
0.025156494686
-0.0193105880902
-0.0420511357245
-0.150380031919
-0.491059135608
0.00118388010311
11.2803996784
-0.668108852937
0.0685947703492
2.84934693015
0.00151225353795
0.00281024103306
RSS 3014.167126013385
BP MaxDensity 1.0921558625098604
EFS MaxDensity 1.1183802604236295
a0 3.6091439828922134
e0 -4.4352044808842574
b0 1.7685935750573472
---END---
---START---
00000040
PARAMETERS 
19
-0.00578047242462
-2.20930080692
0.0775258372342
-0.0611708309392
-0.904484163094
0.0101455358659
-0.0430408665355
0.0251565194949
-0.0193105656261
-0.0420511072351
-0.150380003267
-0.491059140097
0.00118386903185
11.2803994512
-0.668108779854
0.0685947616503
2.84934675723
0.00151223487339
0.002810245193
RSS 3014.171072244172
BP MaxDensity 1.0921558625098604
EFS MaxDensity 1.1183802604236295
a0 3.6091445634732695
e0 -4.4352052301136204
b0 1.7685909229820869
---END---
---START---
00000041
PARAMETERS 
19
-0.00578045586139
-2.20930074262
0.0775257342915
-0.0611708236969
-0.904484046263
0.0101455478348
-0.0430408739664
0.0251565083104
-0.0193105620091
-0.0420510837695
-0.150380020446
-0.491059140474
0.0011838911449
11.2803993796
-0.66810878308
0.0685947927434
2.84934689016
0.00151223516586
0.00281024384477
RSS 3014.1738599362875
BP MaxDensity 1.0921558625098604
EFS MaxDensity 1.1183802604236295
a0 3.6091440644472823
e0 -4.435201970131909
b0 1.768602440581098
---END---
---START---
00000042
PARAMETERS 
19
-0.00578048711258
-2.20930070458
0.0775257986652
-0.0611709218354
-0.904484282233
0.010145556139
-0.0430409053776
0.025156487388
-0.0193105254566
-0.0420510671867
-0.150380014203
-0.491059124048
0.00118385829517
11.280399362
-0.668108791733
0.0685947279563
2.84934657412
0.00151222524122
0.00281024368993
RSS 3014.1750364746676
BP MaxDensity 1.0921558625098604
EFS MaxDensity 1.1183802604236295
a0 3.6091456237356256
e0 -4.435209953480165
b0 1.768576046057707
---END---
---START---
00000043
PARAMETERS 
19
-0.00578045472439
-2.20930087185
0.0775256268334
-0.0611708680152
-0.904484054675
0.0101454682606
-0.043040871095
0.0251565061977
-0.0193105629266
-0.0420510772085
-0.150380055447
-0.491059059542
0.00118393097026
11.2803992442
-0.668108838294
0.0685947513482
2.84934718919
0.00151222664149
0.0028102457333
RSS 3014.175336244408
BP MaxDensity 1.0921558625098604
EFS MaxDensity 1.1183802604236295
a0 3.609145096482615
e0 -4.435205450161323
b0 1.7685839071124154
---END---
---START---
00000044
PARAMETERS 
19
-0.0057804148199
-2.20930072853
0.0775259580454
-0.0611709112692
-0.904484246289
0.010145561367
-0.0430408316006
0.0251565138505
-0.0193105780585
-0.0420511289452
-0.150380041685
-0.491059120812
0.00118389997468
11.2803996503
-0.668108800833
0.0685947239589
2.84934670932
0.00151222383174
0.00281024254206
RSS 3014.177323172551
BP MaxDensity 1.0921558625098604
EFS MaxDensity 1.1183802604236295
a0 3.6091449120305295
e0 -4.435209384704648
b0 1.7685821146617313
---END---
---START---
00000045
PARAMETERS 
19
-0.00578036263399
-2.20930070387
0.0775260519324
-0.0611709949403
-0.904484361072
0.0101455017943
-0.0430407950788
0.0251565941304
-0.0193105696131
-0.0420511383501
-0.150380037509
-0.491059179957
0.00118393444715
11.280399014
-0.668108728784
0.0685948016476
2.84934710719
0.00151226046555
0.00281024314425
RSS 3014.179484501514
BP MaxDensity 1.0921558625098604
EFS MaxDensity 1.1183802604236295
a0 3.609142701833612
e0 -4.435201222013829
b0 1.768622619349132
---END---
---START---
00000046
PARAMETERS 
19
-0.00578038042878
-2.20930076404
0.0775260062013
-0.061170983148
-0.904484379282
0.0101455195002
-0.043040792501
0.0251565900422
-0.0193105755743
-0.0420511239651
-0.150380031769
-0.491059194267
0.00118395235497
11.2803988915
-0.668108718892
0.0685948156615
2.84934703007
0.00151225030622
0.002810242646
RSS 3014.1805436490386
BP MaxDensity 1.0921558625098604
EFS MaxDensity 1.1183802604236295
a0 3.6091424018771487
e0 -4.435199713056731
b0 1.7686293175072887
---END---
---START---
00000047
PARAMETERS 
19
-0.00578036159279
-2.2093007004
0.0775260289102
-0.0611709853584
-0.904484358533
0.0101454982603
-0.0430407940372
0.0251565806868
-0.0193105680174
-0.0420511353323
-0.150380020782
-0.491059188247
0.00118394194615
11.280398882
-0.668108719975
0.0685947993427
2.84934718746
0.00151225469005
0.00281024437044
RSS 3014.181480772727
BP MaxDensity 1.0921558625098604
EFS MaxDensity 1.1183802604236295
a0 3.6091425197440468
e0 -4.435200757858667
b0 1.76862288629964
---END---
---START---
00000048
PARAMETERS 
19
-0.00578034498123
-2.20930064811
0.0775259682746
-0.0611710393998
-0.904484364128
0.0101454780809
-0.0430407737641
0.0251565726689
-0.019310565452
-0.0420511402732
-0.150380021797
-0.491059171062
0.00118395774843
11.2803990376
-0.668108719562
0.0685947966258
2.84934716368
0.001512264148
0.00281024416203
RSS 3014.1839850131164
BP MaxDensity 1.0921558625098604
EFS MaxDensity 1.1183802604236295
a0 3.609142250738246
e0 -4.435200634633892
b0 1.7686243491608997
---END---
---START---
00000049
PARAMETERS 
19
-0.00578034872735
-2.20930070102
0.0775259279093
-0.061171100457
-0.904484303772
0.010145484104
-0.0430407673139
0.025156566841
-0.0193105762842
-0.0420511462393
-0.150380010472
-0.491059168168
0.00118397740885
11.2803991026
-0.668108714084
0.0685947820042
2.84934713025
0.00151225451894
0.00281024465621
RSS 3014.1840271981478
BP MaxDensity 1.0921558625098604
EFS MaxDensity 1.1183802604236295
a0 3.609142011036428
e0 -4.43520136688731
b0 1.7686223434870716
---END---
---START---
00000050
PARAMETERS 
19
-0.00578035887623
-2.20930060533
0.0775259143899
-0.0611709860607
-0.904484372636
0.0101454878096
-0.0430407598602
0.025156577046
-0.0193105787988
-0.0420511238189
-0.150380023145
-0.491059174147
0.00118394211216
11.2803991779
-0.668108720581
0.068594777517
2.84934706252
0.00151226246528
0.00281024341253
RSS 3014.184537912718
BP MaxDensity 1.0921558625098604
EFS MaxDensity 1.1183802604236295
a0 3.60914329856978
e0 -4.435203109526908
b0 1.7686110546035985
---END---
---START---
00000051
PARAMETERS 
19
-0.00578035114579
-2.20930061254
0.0775260169389
-0.0611710983751
-0.904484372039
0.0101454975054
-0.0430407808885
0.0251565637908
-0.0193105568072
-0.0420511412808
-0.15038002724
-0.491059171314
0.00118394572831
11.2803992369
-0.668108711306
0.0685947966995
2.84934717064
0.0015122708073
0.00281024580782
RSS 3014.184786830133
BP MaxDensity 1.0921558625098604
EFS MaxDensity 1.1183802604236295
a0 3.6091421072831205
e0 -4.4352011100578235
b0 1.7686265015145517
---END---
---START---
00000052
PARAMETERS 
19
-0.00578031840256
-2.20930059188
0.0775260011948
-0.0611709821673
-0.904484304409
0.0101454825642
-0.0430407756865
0.0251565836545
-0.0193105513429
-0.042051120714
-0.150380012501
-0.491059179228
0.00118394336862
11.2803989392
-0.66810872992
0.068594812363
2.84934706629
0.00151225417544
0.00281024237996
RSS 3014.1848541073123
BP MaxDensity 1.0921558625098604
EFS MaxDensity 1.1183802604236295
a0 3.609142220842957
e0 -4.4351993605050035
b0 1.7686282636330355
---END---
---START---
00000053
PARAMETERS 
19
-0.00578032525425
-2.20930068201
0.0775259970427
-0.06117098525
-0.904484366111
0.0101454651877
-0.0430407643155
0.0251565893396
-0.0193105635981
-0.0420511197971
-0.150380039551
-0.491059153089
0.00118397418475
11.2803988978
-0.668108716038
0.0685947849178
2.84934716549
0.00151225809969
0.00281024582677
RSS 3014.186718761666
BP MaxDensity 1.0921558625098604
EFS MaxDensity 1.1183802604236295
a0 3.609142849164555
e0 -4.435201717193052
b0 1.7686189181038128
---END---
---START---
00000054
PARAMETERS 
19
-0.00578038042878
-2.20930076404
0.0775279981617
-0.0611712801196
-0.904485220682
0.0101455195002
-0.0430409470944
0.0251565900422
-0.0193110221795
-0.0420511239651
-0.150380031769
-0.491059194267
0.00118395235497
11.2804036731
-0.668108718892
0.0685948156615
2.8493458907
0.00151216630671
0.002810242646
RSS 3014.190554085057
BP MaxDensity 1.0921558625098604
EFS MaxDensity 1.1183802604236295
a0 3.609143195154957
e0 -4.435209420041988
b0 1.7686631941251136
---END---
---START---
00000055
PARAMETERS 
19
-0.00578037979727
-2.20930055728
0.0775259439624
-0.0611709734175
-0.90448434631
0.010145474755
-0.0430407447772
0.0251565607643
-0.0193105801728
-0.0420511196889
-0.150380036999
-0.491059174305
0.00118394454966
11.2803989976
-0.668108728454
0.0685947710599
2.84934701721
0.00151225547661
0.00281024427688
RSS 3014.191843982186
BP MaxDensity 1.0921558625098604
EFS MaxDensity 1.1183802604236295
a0 3.609143297503752
e0 -4.435203827354497
b0 1.7686103871190682
---END---
---START---
00000056
PARAMETERS 
19
-0.00578038317078
-2.20930052504
0.0775259922946
-0.061170946622
-0.904484316808
0.0101454730832
-0.0430407318828
0.0251565453213
-0.0193105920344
-0.0420511090819
-0.150380038743
-0.491059164555
0.00118394382591
11.2803991994
-0.668108709149
0.0685947593944
2.84934693018
0.00151225768476
0.00281024245777
RSS 3014.1942354259595
BP MaxDensity 1.0921558625098604
EFS MaxDensity 1.1183802604236295
a0 3.6091435924227038
e0 -4.43520493308343
b0 1.7686071071328495
---END---
---START---
00000057
PARAMETERS 
19
-0.00578040377712
-2.20930055583
0.0775260497925
-0.0611709082428
-0.904484370723
0.0101454628499
-0.0430407114833
0.025156549855
-0.0193106079021
-0.0420510910372
-0.15038002978
-0.49105916046
0.00118392832191
11.2803991338
-0.668108695327
0.0685947659316
2.84934691503
0.00151225953582
0.00281024065662
RSS 3014.2004152621034
BP MaxDensity 1.0921558625098604
EFS MaxDensity 1.1183802604236295
a0 3.6091439829722023
e0 -4.4352048783426214
b0 1.7686077717106072
---END---
---START---
00000058
PARAMETERS 
19
-0.00578041589468
-2.20930058719
0.0775260281683
-0.0611708743806
-0.904484429915
0.0101454562443
-0.0430407012527
0.025156541458
-0.0193105912917
-0.0420510882409
-0.150380040314
-0.491059170756
0.00118391978059
11.2803992402
-0.668108692897
0.0685947511327
2.84934695435
0.00151226171677
0.00281023892171
RSS 3014.204376049531
BP MaxDensity 1.0921558625098604
EFS MaxDensity 1.1183802604236295
a0 3.609144401783663
e0 -4.435206471040581
b0 1.7686006700016588
---END---
---START---
00000059
PARAMETERS 
19
-0.00578042365298
-2.20930046239
0.0775258928471
-0.0611710085952
-0.904484302779
0.0101454606253
-0.0430406960166
0.0251565281726
-0.0193105972483
-0.0420511028892
-0.150380066992
-0.491059186375
0.00118393521699
11.2803989914
-0.668108739666
0.0685947987585
2.84934681478
0.00151225053593
0.00281024068972
RSS 3014.2045409514362
BP MaxDensity 1.0921558625098604
EFS MaxDensity 1.1183802604236295
a0 3.6091429050147386
e0 -4.4352026163339575
b0 1.768622406080724
---END---
---START---
00000060
PARAMETERS 
19
-0.00578041938456
-2.20930063696
0.077526088013
-0.0611709165864
-0.904484368562
0.0101454568518
-0.0430407212887
0.0251565240206
-0.019310599346
-0.0420510773732
-0.150380045261
-0.491059186992
0.00118393785238
11.2803992834
-0.668108700004
0.0685947470324
2.84934700289
0.00151225805847
0.00281023829759
RSS 3014.2053667805394
BP MaxDensity 1.0921558625098604
EFS MaxDensity 1.1183802604236295
a0 3.6091439938463274
e0 -4.435206686780187
b0 1.7686042587042095
---END---
---START---
00000061
PARAMETERS 
19
-0.00578041829615
-2.20930066823
0.0775260593795
-0.0611709368342
-0.904484351165
0.0101454474674
-0.0430407216474
0.0251565220173
-0.0193106191086
-0.0420510649746
-0.150380063762
-0.491059185297
0.00118394508513
11.2803993741
-0.668108695723
0.068594738613
2.8493470524
0.00151226651421
0.00281023808565
RSS 3014.2055691945375
BP MaxDensity 1.0921558625098604
EFS MaxDensity 1.1183802604236295
a0 3.609144303713667
e0 -4.435207797016209
b0 1.7686010497453801
---END---
---START---
00000062
PARAMETERS 
19
-0.00578042637121
-2.20930068977
0.0775260921232
-0.0611709462193
-0.904484342555
0.0101454713535
-0.0430407185308
0.0251565108957
-0.0193105911352
-0.0420510810422
-0.150380064143
-0.49105917451
0.00118395627028
11.2803992105
-0.668108682008
0.0685947268527
2.84934704853
0.00151226364007
0.00281023817858
RSS 3014.207811309382
BP MaxDensity 1.0921558625098604
EFS MaxDensity 1.1183802604236295
a0 3.609144055030968
e0 -4.435208194274139
b0 1.768600101479988
---END---
---START---
00000063
PARAMETERS 
19
-0.00578044429548
-2.20930066929
0.0775259862149
-0.0611709591669
-0.904484333255
0.0101454786314
-0.0430407537436
0.0251564706873
-0.0193106215819
-0.0420510546123
-0.15038008033
-0.491059152008
0.00118393983276
11.2803992608
-0.668108676071
0.0685947256915
2.84934705182
0.00151226515306
0.00281024133406
RSS 3014.2083981126134
BP MaxDensity 1.0921558625098604
EFS MaxDensity 1.1183802604236295
a0 3.6091448150848846
e0 -4.435209303664547
b0 1.7685945183474219
---END---
---START---
00000064
PARAMETERS 
19
-0.00578040801001
-2.20930064353
0.0775260754505
-0.0611708939999
-0.904484292389
0.0101454741626
-0.0430407051857
0.0251565025762
-0.0193106024453
-0.0420510935134
-0.150380076908
-0.491059158005
0.00118394320083
11.2803992218
-0.668108695767
0.0685947299349
2.84934712938
0.00151225537957
0.00281023936366
RSS 3014.208931730782
BP MaxDensity 1.0921558625098604
EFS MaxDensity 1.1183802604236295
a0 3.6091442471726167
e0 -4.435207916530096
b0 1.7685980411270636
---END---
---START---
00000065
PARAMETERS 
19
-0.00578039367538
-2.20930069087
0.077526026567
-0.0611709104583
-0.904484352308
0.0101454650061
-0.043040696059
0.0251564986852
-0.0193106166987
-0.0420511137184
-0.15038006858
-0.491059163518
0.00118395136201
11.2803992742
-0.668108680568
0.0685947463045
2.84934705606
0.00151226550961
0.0028102377753
RSS 3014.2097769700385
BP MaxDensity 1.0921558625098604
EFS MaxDensity 1.1183802604236295
a0 3.6091438158086806
e0 -4.435206235358836
b0 1.7686051060624592
---END---
---START---
00000066
PARAMETERS 
19
-0.00578041513859
-2.20930066284
0.077526055822
-0.0611708774581
-0.904484299309
0.0101454689706
-0.0430407000132
0.025156489411
-0.0193106124928
-0.0420510956148
-0.150380051938
-0.491059173583
0.00118394247381
11.2803993946
-0.668108663356
0.0685947317668
2.84934707776
0.00151227562792
0.00281023607133
RSS 3014.210058688416
BP MaxDensity 1.0921558625098604
EFS MaxDensity 1.1183802604236295
a0 3.6091440052513777
e0 -4.43520714173658
b0 1.7686001714473507
---END---
---START---
00000067
PARAMETERS 
19
-0.00578039733286
-2.20930060638
0.0775260630301
-0.0611709382433
-0.904484272746
0.0101454536129
-0.0430406961715
0.0251565001992
-0.0193106050002
-0.0420510875474
-0.150380053513
-0.491059183681
0.00118394800578
11.2803994327
-0.668108677516
0.068594728557
2.84934714683
0.00151227920179
0.00281023575533
RSS 3014.210695802005
BP MaxDensity 1.0921558625098604
EFS MaxDensity 1.1183802604236295
a0 3.609143804721207
e0 -4.435207526852238
b0 1.768601085878314
---END---
---START---
00000068
PARAMETERS 
19
-0.00578029514841
-2.20930046727
0.0775262705762
-0.061170831322
-0.904484080089
0.0101454723006
-0.0430407817094
0.0251564847298
-0.0193105811396
-0.0420510317287
-0.15037999656
-0.491059100938
0.00118395057672
11.2803986597
-0.668108670705
0.0685948021697
2.84934721565
0.00151226052784
0.00281023626802
RSS 3014.211975993506
BP MaxDensity 1.0921558625098604
EFS MaxDensity 1.1183802604236295
a0 3.6091426877953863
e0 -4.435198947412559
b0 1.7686303677695796
---END---
---START---
00000069
PARAMETERS 
19
-0.00578039526134
-2.20930072933
0.0775259812798
-0.0611709389116
-0.904484394553
0.0101454539123
-0.0430406808673
0.0251564978698
-0.0193106013184
-0.0420511289268
-0.150380053163
-0.491059167199
0.0011839536167
11.2803991883
-0.668108690363
0.068594741578
2.84934702192
0.00151226304346
0.00281023674637
RSS 3014.2121052915036
BP MaxDensity 1.0921558625098604
EFS MaxDensity 1.1183802604236295
a0 3.6091436336551856
e0 -4.4352064162751175
b0 1.7686036747395624
---END---
---START---
00000070
PARAMETERS 
19
-0.00578037057628
-2.20930064019
0.0775260335664
-0.0611709133842
-0.904484358929
0.0101454747841
-0.043040677089
0.0251564870792
-0.0193106273101
-0.04205113184
-0.150380066166
-0.491059156653
0.00118396398276
11.2803992266
-0.66810867968
0.068594741459
2.84934696083
0.00151226697236
0.00281023753163
RSS 3014.2126124807805
BP MaxDensity 1.0921558625098604
EFS MaxDensity 1.1183802604236295
a0 3.6091436322974557
e0 -4.435206337172575
b0 1.7686052521444846
---END---
---START---
00000071
PARAMETERS 
19
-0.00578041752568
-2.20930063084
0.077526144886
-0.0611709405498
-0.904484400567
0.0101454574362
-0.0430407182846
0.0251565093463
-0.019310586401
-0.0420510735594
-0.150380077277
-0.491059187913
0.0011839745705
11.2803992342
-0.668108700924
0.0685947166628
2.84934710148
0.00151226678344
0.00281023629822
RSS 3014.2129498444842
BP MaxDensity 1.0921558625098604
EFS MaxDensity 1.1183802604236295
a0 3.609144277419932
e0 -4.435209415529676
b0 1.7685969215046016
---END---
---START---
00000072
PARAMETERS 
19
-0.00578041891388
-2.20930075938
0.0775261396725
-0.0611708876362
-0.904484339454
0.0101454384881
-0.0430406968602
0.0251564801368
-0.019310640777
-0.0420510957829
-0.150380040416
-0.49105919072
0.00118394481368
11.2803994911
-0.668108698587
0.0685947061964
2.84934725374
0.0015122896786
0.00281023689504
RSS 3014.2130991554286
BP MaxDensity 1.0921558625098604
EFS MaxDensity 1.1183802604236295
a0 3.609144412220766
e0 -4.435209689482671
b0 1.7685904374394161
---END---
---START---
00000073
PARAMETERS 
19
-0.00578042967893
-2.20930069277
0.0775261058103
-0.0611708922607
-0.90448426657
0.010145450347
-0.043040683237
0.025156509522
-0.0193106101767
-0.0420510967005
-0.150380045543
-0.491059156246
0.00118393188322
11.2803993269
-0.668108682754
0.068594737237
2.84934708431
0.00151227285275
0.00281023506854
RSS 3014.2134991553876
BP MaxDensity 1.0921558625098604
EFS MaxDensity 1.1183802604236295
a0 3.6091439409974195
e0 -4.435206788117651
b0 1.7686020202968062
---END---
---START---
00000074
PARAMETERS 
19
-0.00578043764269
-2.20930065624
0.0775260584135
-0.0611709323186
-0.904484313549
0.0101454668583
-0.0430406896829
0.0251564786496
-0.0193105973239
-0.0420511031633
-0.150380059934
-0.491059186942
0.00118394690461
11.2803992088
-0.668108646517
0.068594738852
2.84934704151
0.00151228554442
0.00281023664718
RSS 3014.2141403448622
BP MaxDensity 1.0921558625098604
EFS MaxDensity 1.1183802604236295
a0 3.6091434340531974
e0 -4.435206517754723
b0 1.7686072819879548
---END---
---START---
00000075
PARAMETERS 
19
-0.00578044313527
-2.2093006073
0.0775260379488
-0.0611708798306
-0.904484309654
0.0101454583192
-0.0430406930048
0.0251564927306
-0.0193105811708
-0.042051088472
-0.150380062681
-0.49105919512
0.00118395430346
11.2803993105
-0.668108632251
0.0685947586511
2.84934695761
0.00151227815622
0.00281023720705
RSS 3014.214439855697
BP MaxDensity 1.0921558625098604
EFS MaxDensity 1.1183802604236295
a0 3.6091433018753305
e0 -4.435204587307292
b0 1.7686138218467082
---END---
---START---
00000076
PARAMETERS 
19
-0.00578038838955
-2.20930068633
0.0775260527027
-0.0611708669073
-0.904484281385
0.0101454486593
-0.043040700243
0.0251564844233
-0.0193106126476
-0.0420510837413
-0.150380054311
-0.491059180957
0.00118394722025
11.2803994935
-0.668108658714
0.0685947457774
2.84934698866
0.00151228088162
0.00281023720287
RSS 3014.2149745695233
BP MaxDensity 1.0921558625098604
EFS MaxDensity 1.1183802604236295
a0 3.6091438387609696
e0 -4.4352060328041665
b0 1.7686058496318797
---END---
---START---
00000077
PARAMETERS 
19
-0.0057804468246
-2.20930061577
0.077526089602
-0.0611709700132
-0.904484360196
0.0101454581263
-0.0430406799947
0.025156491385
-0.019310595717
-0.0420510935697
-0.150380071471
-0.491059202416
0.00118396336936
11.2803993324
-0.668108648109
0.0685947566554
2.84934713123
0.00151228382069
0.00281023485399
RSS 3014.2191078169385
BP MaxDensity 1.0921558625098604
EFS MaxDensity 1.1183802604236295
a0 3.609143052600919
e0 -4.435205187268529
b0 1.7686166284195999
---END---
---START---
00000078
PARAMETERS 
19
-0.00578037940852
-2.20930072855
0.0775259567567
-0.0611711405602
-0.904484203567
0.0101454999509
-0.0430406476602
0.025156487939
-0.0193106402745
-0.0420510594083
-0.15038011176
-0.491059148228
0.00118397178668
11.2803996174
-0.668108659742
0.0685947230139
2.84934722987
0.00151226371252
0.00281023895729
RSS 3014.2198568342
BP MaxDensity 1.0921558625098604
EFS MaxDensity 1.1183802604236295
a0 3.609143859830944
e0 -4.43520930301754
b0 1.7686047621937189
---END---
---START---
00000079
PARAMETERS 
19
-0.0057804686821
-2.20930063431
0.0775260767083
-0.0611708747742
-0.90448432411
0.0101454563054
-0.0430406753458
0.0251564748466
-0.0193105803049
-0.042051079093
-0.150380058038
-0.491059211745
0.00118394316855
11.2803993827
-0.668108644403
0.0685947459937
2.84934688991
0.00151228280021
0.00281023702195
RSS 3014.2216736783103
BP MaxDensity 1.0921558625098604
EFS MaxDensity 1.1183802604236295
a0 3.6091434541466376
e0 -4.435206143722228
b0 1.768609891647619
---END---
---START---
00000080
PARAMETERS 
19
-0.00578049373322
-2.20930066561
0.0775260871022
-0.0611708154559
-0.904484309917
0.0101454422887
-0.0430406806648
0.0251564638833
-0.0193105769012
-0.0420510822653
-0.150380043871
-0.491059199339
0.00118395513874
11.2803994519
-0.668108644437
0.0685947270246
2.84934696542
0.0015122852071
0.00281023635558
RSS 3014.222394500117
BP MaxDensity 1.0921558625098604
EFS MaxDensity 1.1183802604236295
a0 3.6091437765243506
e0 -4.435206983826799
b0 1.7686016572087193
---END---
---START---
00000081
PARAMETERS 
19
-0.00578037518225
-2.2093010464
0.0775259641226
-0.061170707899
-0.90448441422
0.0101455538636
-0.0430406371562
0.0251564320119
-0.0193105484794
-0.0420512150385
-0.150379924033
-0.491059031015
0.0011840041498
11.2803979201
-0.668108587237
0.0685948016086
2.84934654515
0.0015123002549
0.00281024582175
RSS 3014.2227749738913
BP MaxDensity 1.0921558625098604
EFS MaxDensity 1.1183802604236295
a0 3.609141176528726
e0 -4.4351945866088
b0 1.7686339743156967
---END---
---START---
00000082
PARAMETERS 
19
-0.00576708793913
-2.20930075938
0.0775229535745
-0.0612183520122
-0.904484339454
0.0101454384881
-0.0430406968602
0.0251564801368
-0.019310640777
-0.0420510957829
-0.150380040416
-0.49105919072
0.00118338381633
11.280410379
-0.668102517331
0.0685947061964
2.84934595213
0.0015122896786
0.00281023689504
RSS 3014.2277650091464
BP MaxDensity 1.0921558625098604
EFS MaxDensity 1.1183802604236295
a0 3.608987550201128
e0 -4.435326205815763
b0 1.7703226080344647
---END---
---START---
00000083
PARAMETERS 
19
-0.00575832198046
-2.20930138821
0.0775311960278
-0.0611940697356
-0.904484909342
0.0101453657593
-0.0430403878952
0.0251564178442
-0.0193102920931
-0.0420507429724
-0.150379953548
-0.491058628989
0.00118447120114
11.2804347515
-0.668108193345
0.0685948835375
2.84934705194
0.00152702473692
0.00281022262479
RSS 3014.2466719410677
BP MaxDensity 1.0921558625098604
EFS MaxDensity 1.1183802604236295
a0 3.6090453062663093
e0 -4.435210555722002
b0 1.7696126511380177
---END---
---START---
00000084
PARAMETERS 
19
-0.00576205294082
-2.20930171391
0.0775274067168
-0.061170986591
-0.90448435446
0.0101450877946
-0.0430402455596
0.0251571205487
-0.0193116404224
-0.0420516892695
-0.150380766312
-0.49105893066
0.00118397352624
11.28039889
-0.66809590489
0.0685953103126
2.84934800619
0.00151226445692
0.00281023626995
RSS 3014.2477154680014
BP MaxDensity 1.0921558625098604
EFS MaxDensity 1.1183802604236295
a0 3.609113570066801
e0 -4.435080779805734
b0 1.7694068665850875
---END---
---START---
00000085
PARAMETERS 
19
-0.00578074947952
-2.20930111409
0.0775266337805
-0.0611711784215
-0.904484328596
0.0101453983043
-0.0430406167528
0.0251562504879
-0.0193105585859
-0.04205111557
-0.150379138305
-0.491059088947
0.00118416836027
11.2804085968
-0.668132638552
0.0685948280715
2.84934806584
0.00151217757355
0.00280901339274
RSS 3014.2491183166344
BP MaxDensity 1.0921558625098604
EFS MaxDensity 1.1183802604236295
a0 3.60918185925093
e0 -4.435346762928538
b0 1.767605539016166
---END---
---START---
00000086
PARAMETERS 
19
-0.00578070742817
-2.20930193911
0.0775280567153
-0.0611713875966
-0.904484295526
0.0101453907698
-0.0430403512627
0.0251561832562
-0.0193104449296
-0.0420510570052
-0.150380173263
-0.491058968849
0.00118411156678
11.2803975157
-0.668132753366
0.068594810633
2.84934789061
0.00151224762051
0.0028102163761
RSS 3014.2701146373065
BP MaxDensity 1.0921558625098604
EFS MaxDensity 1.1183802604236295
a0 3.6091804797664415
e0 -4.435360499163764
b0 1.7676543611129585
---END---
---START---
00000087
PARAMETERS 
19
-0.00578107897909
-2.20929670727
0.0775268397782
-0.061171999316
-0.904483516995
0.010132750941
-0.0430415889363
0.025157332357
-0.0193105115571
-0.0420510716045
-0.150379161365
-0.491059340458
0.00118413051183
11.280407998
-0.668132232391
0.0685949211548
2.84934438497
0.00151219776089
0.00280893457782
RSS 3014.2703367080917
BP MaxDensity 1.0921558625098604
EFS MaxDensity 1.1183802604236295
a0 3.6091717042244684
e0 -4.4353353705678815
b0 1.767731759194663
---END---
---START---
00000088
PARAMETERS 
19
-0.00578049545953
-2.20930069749
0.0775279066263
-0.0611708747742
-0.90448517569
0.0101454563054
-0.0430409974061
0.0251564748466
-0.0193110424167
-0.042051079093
-0.150380058038
-0.491059211745
0.00118351337991
11.2804027035
-0.668108644403
0.0685947459937
2.84934614433
0.00151213025425
0.00280910799749
RSS 3014.2719352358067
BP MaxDensity 1.0921558625098604
EFS MaxDensity 1.1183802604236295
a0 3.6091539215755386
e0 -4.435232343206142
b0 1.7685693259060984
---END---
---START---
00000089
PARAMETERS 
19
-0.0057806026886
-2.20930100458
0.0775249334036
-0.0611712076704
-0.904486704073
0.0101452428127
-0.0430404548357
0.0251561264303
-0.0193104572973
-0.0420510580565
-0.150380271712
-0.491059339152
0.00118240192322
11.280399657
-0.668108495716
0.0685948980278
2.84934654741
0.00151230390765
0.00281022846524
RSS 3014.2776734498807
BP MaxDensity 1.0921558625098604
EFS MaxDensity 1.1183802604236295
a0 3.6091579398630165
e0 -4.435235811530895
b0 1.7685227687551088
---END---
---START---
00000090
PARAMETERS 
19
-0.00578069608136
-2.20930107172
0.0775265464009
-0.061171280682
-0.904484225919
0.0101454174382
-0.0430406601508
0.0251563016542
-0.0193105127819
-0.0420510960618
-0.15038013855
-0.49105931329
0.00118411586143
11.2803992697
-0.668108527779
0.068594816562
2.84934776221
0.00151226523576
0.0028102235684
RSS 3014.2802189030963
BP MaxDensity 1.0921558625098604
EFS MaxDensity 1.1183802604236295
a0 3.609136961545077
e0 -4.435196450328271
b0 1.7686948631771737
---END---
---START---
00000091
PARAMETERS 
19
-0.00578070831656
-2.20930112889
0.0775265913196
-0.0611712255369
-0.904484239503
0.0101454173722
-0.043040651518
0.0251562984429
-0.0193105247282
-0.0420510813326
-0.150380146896
-0.491059331924
0.00118413413541
11.280399334
-0.668108515886
0.0685948229529
2.84934783619
0.00151226014844
0.00281022283729
RSS 3014.2839035666193
BP MaxDensity 1.0921558625098604
EFS MaxDensity 1.1183802604236295
a0 3.6091368868846803
e0 -4.435195646245612
b0 1.7686991183397507
---END---
---START---
00000092
PARAMETERS 
19
-0.00578072628479
-2.20930108555
0.0775265518176
-0.0611712796503
-0.904484187855
0.0101454329956
-0.0430406364244
0.0251563094677
-0.0193105109046
-0.0420510889599
-0.150380147765
-0.491059317046
0.00118412991065
11.2803991876
-0.66810850478
0.0685948163757
2.84934793583
0.00151226160403
0.00281022158624
RSS 3014.284182101448
BP MaxDensity 1.0921558625098604
EFS MaxDensity 1.1183802604236295
a0 3.6091367953235096
e0 -4.43519594871
b0 1.7686975356187735
---END---
---START---
00000093
PARAMETERS 
19
-0.00578073583598
-2.20930114411
0.077526650835
-0.0611711713287
-0.904484285215
0.0101454346239
-0.0430406535726
0.0251563055871
-0.019310530849
-0.0420510881063
-0.150380156445
-0.491059330274
0.00118413374501
11.2803994249
-0.66810851015
0.068594832442
2.84934789489
0.00151226101493
0.00281022317675
RSS 3014.28440881598
BP MaxDensity 1.0921558625098604
EFS MaxDensity 1.1183802604236295
a0 3.6091369605054835
e0 -4.435194838249264
b0 1.768701692348203
---END---
---START---
00000094
PARAMETERS 
19
-0.00578068559184
-2.20930109541
0.0775266392045
-0.0611712346243
-0.904484184853
0.0101453973987
-0.0430406336167
0.0251563156169
-0.0193105163718
-0.0420510967127
-0.150380156458
-0.491059318149
0.00118412261437
11.2803994829
-0.668108498284
0.0685948209179
2.84934777961
0.00151226359095
0.00281022368215
RSS 3014.2853199270944
BP MaxDensity 1.0921558625098604
EFS MaxDensity 1.1183802604236295
a0 3.609136747931242
e0 -4.43519576784732
b0 1.7687002381885693
---END---
---START---
00000095
PARAMETERS 
19
-0.00578071765891
-2.20930116221
0.0775266456362
-0.0611712342839
-0.904484180991
0.0101454235478
-0.0430406614026
0.0251562817992
-0.0193105374595
-0.0420510926309
-0.150380139958
-0.491059337778
0.00118413701898
11.2803993151
-0.668108505993
0.0685948411605
2.84934776199
0.00151226464173
0.00281022395619
RSS 3014.2854780288476
BP MaxDensity 1.0921558625098604
EFS MaxDensity 1.1183802604236295
a0 3.6091361933873207
e0 -4.435193688887281
b0 1.7687094756924102
---END---
---START---
00000096
PARAMETERS 
19
-0.00578073447541
-2.20930118666
0.0775266348324
-0.0611712626496
-0.904484210977
0.010145403815
-0.0430406543667
0.025156300766
-0.0193105371547
-0.0420510903793
-0.150380150942
-0.491059344239
0.00118414636969
11.2803992501
-0.668108501349
0.0685948349217
2.84934783743
0.00151225968109
0.00281022276722
RSS 3014.285611938003
BP MaxDensity 1.0921558625098604
EFS MaxDensity 1.1183802604236295
a0 3.609136211427894
e0 -4.435194295885807
b0 1.7687086694043843
---END---
---START---
00000097
PARAMETERS 
19
-0.00578076034533
-2.20930119046
0.0775266331517
-0.0611712273889
-0.904484172745
0.010145404725
-0.0430406361155
0.0251563060616
-0.0193105435623
-0.0420511025938
-0.150380151552
-0.491059363151
0.00118415382675
11.2803990514
-0.668108498889
0.068594849168
2.84934785852
0.00151226154621
0.00281022292826
RSS 3014.2863588156883
BP MaxDensity 1.0921558625098604
EFS MaxDensity 1.1183802604236295
a0 3.6091357583361257
e0 -4.435192537015219
b0 1.7687150490307597
---END---
---START---
00000098
PARAMETERS 
19
-0.00578074117574
-2.2093011909
0.0775265799979
-0.0611712166744
-0.904484229683
0.0101453990301
-0.0430406505552
0.0251562804304
-0.0193105552924
-0.0420510830162
-0.150380146358
-0.491059350041
0.00118414304413
11.2803992917
-0.668108484278
0.0685948423789
2.84934788583
0.00151225391511
0.00281022217428
RSS 3014.287265087207
BP MaxDensity 1.0921558625098604
EFS MaxDensity 1.1183802604236295
a0 3.6091363502375433
e0 -4.435193532273827
b0 1.7687094495519629
---END---
---START---
00000099
PARAMETERS 
19
-0.00578070552515
-2.20930117835
0.0775266849177
-0.0611711835935
-0.904484141503
0.0101454241032
-0.0430406621704
0.0251562637535
-0.0193105442915
-0.0420511056335
-0.150380127991
-0.491059352736
0.00118415185435
11.2803992148
-0.668108508327
0.0685948307126
2.84934772274
0.00151226067807
0.00281022225347
RSS 3014.288302773045
BP MaxDensity 1.0921558625098604
EFS MaxDensity 1.1183802604236295
a0 3.609135981456003
e0 -4.435193816815617
b0 1.7687076635531205
---END---
---START---
00000100
PARAMETERS 
19
-0.0057807617614
-2.20930120012
0.0775266341434
-0.0611712024058
-0.904484279397
0.0101453933129
-0.0430406342467
0.0251562749655
-0.0193105469192
-0.0420510995544
-0.150380144867
-0.491059351949
0.00118414754421
11.2803993099
-0.668108475897
0.0685948455528
2.84934797367
0.00151225742864
0.00281022082636
RSS 3014.2944233948074
BP MaxDensity 1.0921558625098604
EFS MaxDensity 1.1183802604236295
a0 3.609136114365912
e0 -4.435192924657972
b0 1.7687123903108029
---END---
