RSS:  
18113.484886933147

P:  
0.0272972539617
-0.0832522933036
-0.0412342960705
0.140977935949
0.0683738704242
-0.541220124913
-0.396965761234
-0.00151953287226
0.115014910648
0.000266501778183
0.0726710910215
0.0705054138026
-0.0169757666112
-0.000766446623041
3.2703508465e-06
-5.89098975727e-05
0.275695836853
3.99756836139
-5.36954603098
1.10948916766
0.0583735380456

Known:
a0:     3.42
e0:     -4.27
B0:     210.99999999941215
EC:     365.000 137.000 137.000  0.000  0.000  0.000 
        137.000 365.000 137.000  0.000  0.000  0.000 
        137.000 137.000 365.000  0.000  0.000  0.000 
         0.000  0.000  0.000 186.000  0.000  0.000 
         0.000  0.000  0.000  0.000 186.000  0.000 
         0.000  0.000  0.000  0.000  0.000 186.000 

Calculated:
a0:     3.404749707648491
e0:     -4.447443852044468
B0:     268.5544835457632
EC:     361.299 107.211 107.211  0.000  0.000  0.000 
        107.211 361.299 107.211  0.000  0.000  0.000 
        107.211 107.211 361.299  0.000  0.000  0.000 
         0.000  0.000  0.000 176.187  0.000  0.000 
         0.000  0.000  0.000  0.000 176.187  0.000 
         0.000  0.000  0.000  0.000  0.000 176.187 



