##############################################################################################################################
FORCE RESULTS
Config Count: 3
##############################################################################################################################

##################
Config 0
##################
3:          -3.64291929955e-16 7.97972798949e-17  1.90819582357e-16  
3:          -8.08381139805e-16 1.66533453694e-16  5.27355936697e-16  
3:          5.82867087928e-16  -3.60822483003e-16 6.38378239159e-16  
3:          8.04911692853e-16  6.93889390391e-16  -6.66133814775e-16 
3:          -1.43114686768e-16 9.11597186626e-16  6.12791067889e-15  
3:          3.01408203951e-16  -1.16573417586e-15 -5.27355936697e-16 
3:          -5.27355936697e-16 -1.38777878078e-16 -6.38378239159e-16 
3:          1.19348975147e-15  9.15933995316e-16  6.30051566475e-15  
3:          -1.75207071074e-16 4.3541559247e-16   -3.52235601797e-15 
3:          2.68882138776e-16  -1.38777878078e-16 -2.58126853225e-15 
3:          6.10622663544e-16  7.21644966006e-16  -2.69229083472e-15 
3:          -5.55111512313e-16 -7.77156117238e-16 -5.74540415244e-15 
3:          -3.08780778724e-16 2.46330733589e-16  9.43689570931e-16  
3:          -1.25247034966e-15 2.33146835171e-15  -1.36002320517e-15 
3:          2.63677968348e-15  -7.49400541622e-16 -1.47104550763e-15 
3:          -8.32667268469e-17 -2.77555756156e-17 3.33066907388e-15  
3:          7.89299181569e-17  8.12761316582e-15  1.79977560633e-15  
3:          -1.0308594256e-15  -1.60982338571e-15 6.10622663544e-16  
3:          -5.82867087928e-16 8.10462807976e-15  1.94289029309e-16  
3:          -1.30451205393e-15 -1.85962356625e-15 -4.99600361081e-16 
3:          -5.89372300963e-16 5.18378742709e-15  2.62984078958e-15  
3:          2.34187669257e-17  1.85962356625e-15  2.27595720048e-15  
3:          -1.08246744901e-15 4.4408920985e-15   1.49880108324e-15  
3:          -1.4155343564e-15  8.60422844084e-16  4.27435864481e-15  
3:          6.01515365295e-16  6.73549757635e-15  -2.93948893004e-15 
3:          -3.46944695195e-17 3.05311331772e-16  2.49800180541e-16  
3:          -3.60822483003e-16 6.02295990859e-15  -1.38777878078e-15 
3:          -2.96984659087e-15 1.94289029309e-16  -8.99280649946e-15 
3:          -3.37403716077e-16 6.24066770483e-15  -6.38378239159e-16 
3:          -1.4727802311e-15  1.66533453694e-15  1.66533453694e-16  
3:          2.60902410787e-15  5.02375918643e-15  -2.1371793224e-15  
3:          -2.47024622979e-15 3.16413562018e-15  4.55191440096e-15  
3:          -6.07153216592e-18 -2.63244287479e-15 -6.17561557448e-16 
3:          4.77048955894e-17  -1.60982338571e-15 8.04911692853e-16  
3:          -1.83186799063e-15 -4.35762537165e-15 -2.35922392733e-15 
3:          -7.49400541622e-16 -3.1918911958e-15  3.88578058619e-16  
3:          7.5460471205e-17   -1.43982048506e-15 4.54324078358e-15  
3:          3.81639164715e-16  1.58206781009e-15  4.99600361081e-16  
3:          -2.63677968348e-15 -8.93729534823e-15 7.49400541622e-16  
3:          -1.11022302463e-15 -2.91433543964e-15 5.93969318174e-15  
3:          -9.28077059648e-17 -6.04898076073e-15 -7.43675954151e-15 
3:          6.28837260042e-16  5.55111512313e-16  1.94289029309e-16  
3:          -2.44249065418e-15 -7.29971638691e-15 1.52655665886e-15  
3:          -2.85882428841e-15 5.82867087928e-16  -9.02056207508e-15 
3:          -1.16660153759e-16 -8.56953397133e-15 1.13797860024e-15  
3:          -3.664603343e-16   1.99840144433e-15  -5.55111512313e-17 
3:          -2.49800180541e-16 -7.41073868937e-15 -2.83106871279e-15 
3:          -1.99840144433e-15 5.16253706451e-15  5.52335954751e-15  
3:          -1.41813644161e-16 -1.99840144433e-15 -1.14144804719e-15 
3:          -8.08381139805e-16 -5.55111512313e-17 2.41473507856e-15  
3:          -1.38777878078e-16 1.55431223448e-15  1.11022302463e-16  
3:          3.0253577421e-15   -2.33146835171e-15 -2.77555756156e-17 
3:          -8.37004077159e-16 -8.60422844084e-16 4.57533316789e-15  
3:          -1.16920362281e-15 -1.97064586871e-15 1.05471187339e-15  
3:          -2.16493489802e-15 3.74700270811e-15  2.72004641033e-15  
3:          3.52495810318e-15  4.16333634234e-16  5.05151476204e-15  
3:          -5.6074936361e-16  1.13797860024e-15  -9.01362318118e-15 
3:          -5.88504939225e-16 -3.33066907388e-15 3.60822483003e-16  
3:          -2.22044604925e-15 2.05391259556e-15  3.77475828373e-15  
3:          3.33066907388e-16  -1.85962356625e-15 -6.30051566475e-15 
3:          -1.1371112385e-15  9.43689570931e-16  9.43689570931e-16  
3:          -2.25123739095e-15 -3.88578058619e-15 -3.77475828373e-15 
3:          -4.71844785466e-16 8.60422844084e-16  -4.66293670343e-15 
3:          -6.38378239159e-16 -4.60742555219e-15 6.93889390391e-16  
3:          8.79418066146e-15  1.63324215263e-15  1.02261948909e-15  
3:          7.96064603126e-15  -2.10942374679e-15 -6.93889390391e-16 
3:          -2.10942374679e-15 -1.94289029309e-16 5.55111512313e-16  
3:          -1.11022302463e-15 -1.66533453694e-16 -5.55111512313e-17 
3:          5.73933262027e-15  2.46374101676e-15  2.85188539451e-15  
3:          5.379377499e-15    -3.49720252757e-15 1.13797860024e-15  
3:          2.22044604925e-15  -1.38777878078e-16 2.80331313718e-15  
3:          1.83186799063e-15  -4.71844785466e-16 4.38538094727e-15  
3:          8.06819888677e-15  1.87827184361e-15  -3.05051123251e-15 
3:          6.98486407602e-15  -2.6645352591e-15  -1.83186799063e-15 
3:          1.66533453694e-16  6.93889390391e-16  -2.77555756156e-17 
3:          1.30451205393e-15  -1.63757896132e-15 -9.07607322631e-15 
3:          7.12884612453e-15  1.66099772825e-15  -4.16333634234e-16 
3:          5.51902273882e-15  1.19348975147e-15  -2.69229083472e-15 
3:          2.94209101526e-15  -8.32667268469e-17 4.16333634234e-16  
3:          3.77475828373e-15  -1.11022302463e-15 4.8017145815e-15   
3:          6.40546643504e-15  5.62874399868e-15  3.18538598276e-15  
3:          5.26835519654e-15  1.4155343564e-15   -1.11022302463e-15 
3:          9.43689570931e-16  5.80091530367e-15  -3.05311331772e-16 
3:          2.55351295664e-15  1.88737914186e-15  1.11022302463e-16  
3:          2.96117297349e-15  1.62977270568e-15  -9.80118763927e-16 
3:          2.46460837849e-15  5.46784839628e-15  5.27355936697e-15  
3:          4.94049245958e-15  2.91433543964e-15  5.27355936697e-15  
3:          4.94049245958e-15  4.99600361081e-15  2.19269047363e-15  
3:          3.76521730461e-15  3.54317269968e-15  -2.9681118674e-15  
3:          4.20974019533e-15  3.30291349826e-15  1.58206781009e-15  
3:          2.22044604925e-15  4.46864767412e-15  1.55431223448e-15  
3:          3.49720252757e-15  5.02375918643e-15  -1.29618538125e-14 
3:          4.18545406666e-15  2.74216413465e-15  -1.7763568394e-15  
3:          3.24480026181e-15  5.16253706451e-15  -1.38777878078e-16 
3:          4.38538094727e-15  2.19269047363e-15  4.16333634234e-16  
3:          5.77315972805e-15  6.43929354283e-15  6.38378239159e-15  
3:          8.06993361024e-15  -3.99203239909e-15 1.71390679427e-15  
3:          6.56853044179e-15  -3.05311331772e-16 -3.33066907388e-16 
3:          1.74860126378e-15  -9.10382880193e-15 -2.3037127761e-15  
3:          1.38777878078e-16  5.27355936697e-16  9.99200722163e-16  
3:          3.9317507583e-15   -2.85708956493e-15 9.90093423914e-16  
3:          4.32119617866e-15  3.08086889333e-15  3.30291349826e-15  
3:          4.60742555219e-15  -1.35169653248e-14 4.74620343027e-15  
3:          2.41473507856e-15  1.11022302463e-15  3.71924713249e-15  
3:          6.6509298069e-15   -6.63184784866e-15 -7.27022608782e-15 
3:          6.45664077759e-15  2.24820162487e-15  1.44328993201e-15  
3:          1.94289029309e-15  -1.24067423002e-14 4.41313652288e-15  
3:          2.19269047363e-15  4.21884749358e-15  -1.24067423002e-14 
3:          6.43322201066e-15  -8.79157857625e-15 1.66533453694e-16  
3:          4.54497550706e-15  2.94209101526e-15  -9.43689570931e-16 
3:          3.24740234703e-15  -1.27398092076e-14 -1.33226762955e-15 
3:          3.46944695195e-15  7.85482789922e-15  6.7446048746e-15   
3:          7.46278039365e-15  -3.05311331772e-15 8.00574884163e-16  
3:          6.40676747765e-15  -2.77555756156e-16 1.27675647832e-15  
3:          4.21884749358e-15  3.99680288865e-15  1.38777878078e-16  
3:          3.13638004457e-15  1.38777878078e-16  1.11022302463e-15  
3:          4.12994291543e-15  -1.83186799063e-15 9.10296144019e-16  
3:          3.16023249236e-15  -3.5527136788e-15  3.74700270811e-15  
3:          7.57727214307e-15  5.3290705182e-15   5.93969318174e-15  
3:          5.07927033766e-15  2.58126853225e-15  2.80331313718e-15  
3:          6.84955564489e-15  -1.66533453694e-16 -9.09688990802e-15 
3:          4.96130914129e-15  -4.8017145815e-15  1.85962356625e-15  
3:          4.46864767412e-15  3.94129173742e-15  5.55111512313e-15  
3:          3.9135361618e-15   4.71844785466e-16  -9.24260668e-15    
3:          5.8017826654e-15   -5.55111512313e-16 -6.66133814775e-16 
3:          3.96557786608e-15  -4.69069227904e-15 -4.91273688397e-15 
3:          5.07927033766e-15  2.55351295664e-15  -2.22044604925e-15 
3:          6.38378239159e-15  -1.47104550763e-15 1.94289029309e-15  
3:          -4.12994291543e-15 4.657732533e-16    -5.33427468863e-16 
3:          -4.40966707593e-15 -2.77555756156e-15 -3.35842464949e-15 
3:          -5.55111512313e-16 3.88578058619e-16  7.49400541622e-16  
3:          -2.22044604925e-16 8.60422844084e-16  3.05311331772e-16  
3:          -3.43735456765e-15 -8.40473524111e-16 4.79434200673e-15  
3:          -8.5712686948e-15  -4.46864767412e-15 6.93889390391e-16  
3:          3.0253577421e-15   2.77555756156e-16  1.08246744901e-15  
3:          -8.32667268469e-17 1.2490009027e-15   5.91193760613e-15  
3:          -6.769758365e-15   -5.09141340199e-16 -7.07593705851e-15 
3:          -7.464948798e-15   -3.9135361618e-15  1.36002320517e-15  
3:          2.72004641033e-15  1.08246744901e-15  -1.11022302463e-16 
3:          3.16413562018e-15  1.94289029309e-16  -9.02056207508e-15 
3:          -9.56786733175e-15 5.49473661016e-16  1.36002320517e-15  
3:          -6.68345587207e-15 -9.15933995316e-16 -3.58046925442e-15 
3:          3.44169137634e-15  1.94289029309e-16  1.38777878078e-16  
3:          8.07687250415e-15  8.32667268469e-17  5.49560397189e-15  
3:          -5.21371140705e-15 6.68172114859e-15  1.4909948276e-15   
3:          -9.54271384135e-15 2.33146835171e-15  -3.13638004457e-15 
3:          -9.71445146547e-16 6.93889390391e-15  4.71844785466e-16  
3:          2.69229083472e-15  7.77156117238e-16  6.66133814775e-16  
3:          -4.6885238747e-15  2.43294967506e-15  1.15619319674e-15  
3:          -1.41206490945e-14 5.30131494259e-15  4.77395900589e-15  
3:          2.52575738102e-15  4.46864767412e-15  3.60822483003e-15  
3:          2.3037127761e-15   3.49720252757e-15  3.77475828373e-15  
3:          -7.27065976869e-15 5.06842831594e-15  -7.43719322238e-15 
3:          -1.1182461207e-14  2.94209101526e-15  4.24660306919e-15  
3:          1.85962356625e-15  5.8564264549e-15   1.49880108324e-15  
3:          5.13478148889e-15  3.13638004457e-15  -1.17406084854e-14 
3:          -1.02348685083e-14 4.5458428688e-15   2.77555756156e-16  
3:          -1.20641344137e-14 4.24660306919e-15  -1.83186799063e-15 
3:          2.85882428841e-15  3.58046925442e-15  -2.77555756156e-16 
3:          9.13158437754e-15  4.63518112781e-15  6.46704911844e-15  
3:          -7.74120351155e-15 -8.85142653617e-15 7.3725747729e-17   
3:          -7.2984153443e-15  3.85802501057e-15  -2.16493489802e-15 
3:          3.30291349826e-15  -7.35522753814e-15 -1.16573417586e-15 
3:          2.58126853225e-15  8.32667268469e-16  9.43689570931e-16  
3:          -8.15883818839e-15 -7.60372667608e-15 3.01451572038e-15  
3:          -1.18759169165e-14 6.05071548421e-15  2.94209101526e-15  
3:          5.80091530367e-15  -1.20459198172e-14 2.58126853225e-15  
3:          1.85962356625e-15  7.21644966006e-16  5.63438184997e-15  
3:          -1.05748743096e-14 -1.08246744901e-14 -1.11577413975e-14 
3:          -9.52016243616e-15 5.3290705182e-15   4.63518112781e-15  
3:          4.69069227904e-15  -1.06026298852e-14 4.52415882535e-15  
3:          4.46864767412e-15  4.13558076673e-15  -1.11854969731e-14 
3:          -1.33994378093e-14 -1.32324706748e-14 2.22044604925e-15  
3:          -1.00709371398e-14 5.07927033766e-15  -2.91433543964e-15 
3:          4.63518112781e-15  -1.09079412169e-14 -2.85882428841e-15 
3:          8.02136135292e-15  7.43849426499e-15  6.77236045021e-15  
3:          -9.67758859161e-15 -9.99200722163e-16 -8.76035355368e-17 
3:          -6.62837840171e-15 -2.16493489802e-15 -1.08246744901e-15 
3:          7.41073868937e-15  4.05231403988e-15  8.04911692853e-16  
3:          2.99760216649e-15  -1.49880108324e-15 1.80411241502e-15  
3:          -8.45851166886e-15 -2.22044604925e-16 3.1303085124e-15   
3:          -1.2592791393e-14  -4.88498130835e-15 2.85882428841e-15  
3:          9.38138455808e-15  5.13478148889e-15  4.02455846427e-15  
3:          1.91513471748e-15  1.38777878078e-15  4.46864767412e-15  
3:          -1.19561478773e-14 1.7763568394e-15   -1.26218480112e-14 
3:          -1.07379383163e-14 -6.16173778667e-15 4.32986979604e-15  
3:          8.93729534823e-15  3.96904731303e-15  5.27355936697e-15  
3:          4.71844785466e-15  -9.71445146547e-16 -8.65973959208e-15 
3:          -1.57781773757e-14 1.94289029309e-15  1.55431223448e-15  
3:          -1.15658350952e-14 -5.88418203051e-15 -5.44009282066e-15 
3:          7.96585020169e-15  2.38697950294e-15  -2.52575738102e-15 
3:          8.3544282603e-15   -2.63677968348e-15 3.0253577421e-15   
3:          -4.05231403988e-15 -8.50014503229e-17 -3.62557206479e-16 
3:          -1.38777878078e-15 -1.11022302463e-15 -8.60422844084e-16 
3:          -1.44328993201e-15 -5.30825383649e-16 1.72084568817e-15  
3:          -1.66533453694e-15 1.89301699316e-15  1.94289029309e-16  
3:          -4.10782519111e-15 -1.97758476261e-16 4.63171168086e-15  
3:          1.38777878078e-15  -3.41393580072e-15 2.72004641033e-15  
3:          -3.71924713249e-15 5.20417042793e-17  9.15933995316e-16  
3:          9.43689570931e-16  1.92033888791e-15  5.10702591328e-15  
3:          -1.30451205393e-15 6.05418493116e-16  -8.67925523118e-15 
3:          -2.77555756156e-17 -2.63677968348e-15 3.69149155688e-15  
3:          -4.71844785466e-15 1.07682959771e-15  2.77555756156e-16  
3:          -8.32667268469e-16 -4.12430506413e-16 -6.7446048746e-15  
3:          -5.55111512313e-17 1.4727802311e-15   8.32667268469e-16  
3:          -1.11022302463e-15 -2.22044604925e-16 -4.69069227904e-15 
3:          -5.10702591328e-15 -5.58147278396e-16 -4.24660306919e-15 
3:          -2.83106871279e-15 -5.17814957579e-16 1.02695629778e-15  
3:          -2.99760216649e-15 5.85295700795e-15  9.12464548364e-16  
3:          2.44249065418e-15  4.02455846427e-15  -6.66133814775e-16 
3:          1.83186799063e-15  6.10102246501e-15  1.52655665886e-15  
3:          -2.91433543964e-15 1.22601581665e-15  8.04911692853e-16  
3:          -1.38777878078e-15 2.63157551306e-15  9.10729824888e-16  
3:          4.55191440096e-15  7.32747196253e-15  6.30051566475e-15  
3:          -1.22124532709e-15 3.21530996272e-15  3.66373598126e-15  
3:          -1.33226762955e-15 3.11296127764e-15  2.58126853225e-15  
3:          0.0                4.85158788144e-15  -9.34669008856e-15 
3:          3.49720252757e-15  5.30131494259e-15  5.82867087928e-15  
3:          -2.58126853225e-15 4.76702011198e-15  1.85962356625e-15  
3:          -2.6645352591e-15  2.86142637362e-15  -9.9364960704e-15  
3:          -3.60822483003e-16 4.49727061147e-15  -8.881784197e-16   
3:          1.63757896132e-15  5.66213742559e-15  -2.24820162487e-15 
3:          -2.80331313718e-15 3.38271077815e-15  -4.88498130835e-15 
3:          -4.10782519111e-15 5.31042224083e-15  2.08166817117e-15  
3:          -1.94289029309e-16 -1.01216778015e-14 -1.70870262384e-16 
3:          1.30451205393e-15  6.16173778667e-15  -8.32667268469e-17 
3:          -9.15933995316e-16 -5.51858905795e-15 -1.05471187339e-15 
3:          -3.80251385934e-15 9.30245463993e-16  1.74860126378e-15  
3:          -8.32667268469e-17 -8.01442245901e-15 3.04747546642e-15  
3:          3.10862446895e-15  8.24340595784e-15  4.41313652288e-15  
3:          -2.91433543964e-15 -1.05670680539e-14 3.08086889333e-15  
3:          -2.1371793224e-15  3.47378376064e-16  4.46864767412e-15  
3:          2.05391259556e-15  -1.27606258893e-14 -1.26496035868e-14 
3:          1.66533453694e-15  7.32747196253e-15  5.66213742559e-15  
3:          -4.38538094727e-15 -9.12811493059e-15 4.55191440096e-15  
3:          -4.16333634234e-15 4.17547940668e-15  -9.35362898247e-15 
3:          2.24820162487e-15  -1.60006556615e-14 1.52655665886e-15  
3:          1.94289029309e-16  7.04991620637e-15  -2.60902410787e-15 
3:          -3.9135361618e-15  -9.62294480211e-15 -5.49560397189e-15 
3:          -5.13478148889e-15 7.87390985746e-15  3.21964677141e-15  
3:          -1.11022302463e-15 -9.99200722163e-16 -3.02709246558e-16 
3:          -9.99200722163e-16 -3.94129173742e-15 1.30451205393e-15  
3:          -3.71924713249e-15 -1.22124532709e-15 1.47104550763e-15  
3:          -4.4408920985e-15  -4.99600361081e-15 4.96564594998e-16  
3:          -7.49400541622e-16 -1.19348975147e-15 3.08173625507e-15  
3:          1.83186799063e-15  -5.05151476204e-15 4.74620343027e-15  
3:          -4.82947015712e-15 1.38777878078e-15  4.74620343027e-15  
3:          -3.33066907388e-15 -3.5527136788e-15  3.02188829515e-15  
3:          1.69309011255e-15  1.69309011255e-15  -1.37802096123e-14 
3:          2.22044604925e-16  -6.35602681598e-15 6.60582699652e-15  
3:          -6.07847105982e-15 0.0                6.60582699652e-15  
3:          -4.88498130835e-15 -4.99600361081e-15 -7.79107681148e-15 
3:          3.38618022511e-15  2.77555756156e-15  4.4408920985e-16   
3:          -1.05471187339e-15 -6.43929354283e-15 -6.77236045021e-15 
3:          -6.10622663544e-15 -1.49880108324e-15 -6.88338275268e-15 
3:          -5.99520433298e-15 -5.99520433298e-15 -2.27595720048e-15 

##################
Config 1
##################
3:          -1.66533453694e-16 8.04911692853e-16  -4.16333634234e-16 
3:          -3.26128013484e-16 -4.4408920985e-16  0.0                
3:          -1.20042864538e-15 8.881784197e-16    -2.77555756156e-17 
3:          -1.70002900646e-15 -8.67361737988e-16 4.4408920985e-16   
3:          9.43689570931e-16  -2.49800180541e-16 -2.22044604925e-15 
3:          -3.26128013484e-16 4.4408920985e-16   1.01307850997e-15  
3:          -7.56339435526e-16 4.4408920985e-16   9.02056207508e-16  
3:          -7.84095011142e-16 -1.08940634291e-15 -1.02695629778e-15 
3:          3.88578058619e-16  -3.60822483003e-16 -6.38378239159e-16 
3:          -1.31838984174e-16 -1.05471187339e-15 3.40005801291e-15  
3:          -1.7832957333e-15  8.32667268469e-17  3.70536934469e-15  
3:          -7.14706072102e-16 6.24500451352e-17  -4.17721413015e-15 
3:          1.38777878078e-15  -2.22044604925e-16 1.88737914186e-15  
3:          -6.59194920871e-16 -9.43689570931e-16 8.46545056277e-16  
3:          -1.56125112838e-15 2.22044604925e-15  3.74700270811e-16  
3:          -6.17561557448e-16 -5.06539254985e-16 8.32667268469e-17  
3:          6.10622663544e-16  -4.13558076673e-15 -7.49400541622e-16 
3:          -1.10328413072e-15 1.79023462721e-15  -4.99600361081e-16 
3:          -1.45022882592e-15 -1.79023462721e-15 -9.15933995316e-16 
3:          7.6327832943e-17   2.31065167e-15     0.0                
3:          -2.77555756156e-16 -2.47024622979e-15 -1.19348975147e-15 
3:          -3.26128013484e-16 1.2351231149e-15   7.35522753814e-16  
3:          -1.45022882592e-15 -2.45636844198e-15 1.5959455979e-15   
3:          1.04083408559e-16  2.97678548478e-15  -1.49880108324e-15 
3:          4.99600361081e-16  -3.46944695195e-15 -2.1371793224e-15  
3:          -1.31838984174e-16 1.0685896612e-15   3.12250225676e-15  
3:          -1.14491749414e-15 -2.51187959321e-15 3.26128013484e-15  
3:          3.95516952523e-16  1.96370697481e-15  -4.260480857e-15   
3:          -1.27675647832e-15 -1.38777878078e-15 2.77555756156e-15  
3:          6.73072708679e-16  1.31838984174e-15  -4.16333634234e-17 
3:          -4.66987559733e-15 -6.24500451352e-16 1.2490009027e-16   
3:          7.14706072102e-16  2.82412981889e-15  -8.04911692853e-16 
3:          4.4408920985e-16   -4.35762537165e-15 -6.38378239159e-16 
3:          -4.37150315946e-16 4.64905891562e-15  -1.16573417586e-15 
3:          6.24500451352e-17  -6.50868248186e-15 8.46545056277e-16  
3:          1.04083408559e-16  6.16867668057e-15  7.21644966006e-16  
3:          -8.881784197e-16   -3.24740234703e-15 -2.02615701994e-15 
3:          3.40005801291e-16  3.09474668114e-15  1.29063426613e-15  
3:          6.24500451352e-17  -5.00988139862e-15 2.52575738102e-15  
3:          1.31838984174e-16  5.5025428658e-15   -1.16573417586e-15 
3:          -6.10622663544e-16 -4.57966997658e-15 -2.74780198595e-15 
3:          9.02056207508e-17  1.81799020282e-15  3.23352455922e-15  
3:          -9.36750677027e-16 -5.78703751586e-15 4.05231403988e-15  
3:          1.56125112838e-15  5.21110932183e-15  -4.64905891562e-15 
3:          -1.44328993201e-15 -3.60822483003e-15 3.88578058619e-15  
3:          -4.64905891562e-16 2.92821322745e-15  4.02455846427e-16  
3:          -2.04697370165e-15 -4.95437024739e-15 -1.11022302463e-15 
3:          3.53883589099e-16  4.12864187282e-15  -1.45716771982e-15 
3:          9.43689570931e-16  1.69309011255e-15  -6.93889390391e-16 
3:          1.67227343084e-15  -4.16333634234e-17 -2.10942374679e-15 
3:          -1.56125112838e-15 -2.77555756156e-17 -9.15933995316e-16 
3:          -1.58900670399e-15 5.55111512313e-16  5.55111512313e-16  
3:          -1.72084568817e-15 2.08166817117e-15  -1.83186799063e-15 
3:          1.22818422099e-15  -4.16333634234e-17 1.12410081243e-15  
3:          -7.84095011142e-16 -1.12410081243e-15 2.99760216649e-15  
3:          -2.58820742616e-15 -1.11022302463e-15 -9.57567358739e-16 
3:          -1.38777878078e-15 3.74700270811e-15  -2.3037127761e-15  
3:          5.62050406216e-16  4.02455846427e-16  3.09474668114e-15  
3:          -1.72778458207e-15 -2.77555756156e-17 4.4408920985e-15   
3:          -7.70217223334e-16 -2.02615701994e-15 -5.89805981832e-15 
3:          -1.27675647832e-15 4.9682480352e-15   4.0800696155e-15   
3:          1.00613961607e-15  1.17961196366e-15  7.35522753814e-16  
3:          -6.73072708679e-16 6.52256026967e-16  -1.49880108324e-15 
3:          6.86950496487e-16  -1.63757896132e-15 7.6327832943e-16   
3:          -2.77555756156e-16 -2.77555756156e-17 -6.93889390391e-16 
3:          -7.2858385991e-16  8.881784197e-16    0.0                
3:          2.86576318231e-15  8.881784197e-16    -4.71844785466e-16 
3:          1.4224732503e-15   2.08166817117e-17  4.4408920985e-16   
3:          3.88578058619e-16  -1.08246744901e-15 -1.16573417586e-15 
3:          -2.72698530424e-15 8.881784197e-16    2.1233015346e-15   
3:          2.01227923213e-16  4.4408920985e-16   4.57966997658e-16  
3:          2.14411821631e-15  -1.08940634291e-15 -1.49880108324e-15 
3:          -2.22044604925e-16 -1.19348975147e-15 -2.52575738102e-15 
3:          -1.28369537222e-15 -1.66533453694e-16 3.3723024373e-15   
3:          4.7878367937e-16   8.32667268469e-17  3.26128013484e-15  
3:          7.14706072102e-16  1.39471767469e-15  -4.24660306919e-15 
3:          8.32667268469e-16  -7.21644966006e-16 1.83186799063e-15  
3:          -7.2858385991e-16  -5.55111512313e-17 7.91033905045e-16  
3:          2.56739074445e-16  1.33226762955e-15  -6.93889390391e-17 
3:          3.21270787751e-15  -1.73472347598e-16 -8.04911692853e-16 
3:          -1.72084568817e-15 -2.69229083472e-15 -9.15933995316e-16 
3:          -1.72778458207e-15 1.9567680809e-15   3.88578058619e-16  
3:          1.47798440153e-15  -2.45636844198e-15 -4.71844785466e-16 
3:          9.02056207508e-17  1.4224732503e-15   8.881784197e-16    
3:          -6.10622663544e-16 -2.3037127761e-15  8.32667268469e-17  
3:          -2.06085148946e-15 1.40165656859e-15  9.57567358739e-16  
3:          -7.42461647718e-16 -2.67841304691e-15 1.15185638805e-15  
3:          1.70002900646e-15  7.56339435526e-16  -1.97064586871e-15 
3:          -5.55111512313e-16 -8.60422844084e-16 -2.80331313718e-15 
3:          2.70616862252e-16  1.26287869051e-15  2.20656826144e-15  
3:          9.2287288922e-16   -2.28983498829e-15 2.37310171514e-15  
3:          4.92661467177e-16  1.74166236988e-15  -4.32986979604e-15 
3:          -4.99600361081e-16 -1.11022302463e-16 1.83186799063e-15  
3:          -5.06539254985e-16 1.98452365652e-15  -5.41233724505e-16 
3:          3.46944695195e-17  -8.46545056277e-16 -1.65145674913e-15 
3:          2.32452945781e-15  2.38004060904e-15  -1.69309011255e-15 
3:          -1.88737914186e-15 -2.58126853225e-15 -1.13797860024e-15 
3:          -8.39606162373e-16 4.14945855454e-15  -2.77555756156e-16 
3:          1.51961776496e-15  -5.03763697424e-15 8.46545056277e-16  
3:          1.31145094784e-15  3.94823063132e-15  -1.66533453694e-16 
3:          -3.33066907388e-16 -2.85882428841e-15 -4.71844785466e-16 
3:          -1.17267306976e-15 2.26207941267e-15  1.51267887105e-15  
3:          -5.34294830601e-16 -3.70536934469e-15 1.80411241502e-15  
3:          1.97758476261e-15  3.28209681655e-15  -1.4155343564e-15  
3:          -7.21644966006e-16 -3.1918911958e-15  -3.1918911958e-15  
3:          9.36750677027e-16  1.87350135405e-15  2.34534613952e-15  
3:          2.15105711021e-16  -4.53803661316e-15 3.33066907388e-15  
3:          1.90819582357e-15  3.43475248243e-15  -4.82947015712e-15 
3:          -1.11022302463e-15 -2.6645352591e-15  2.94209101526e-15  
3:          1.71390679427e-15  3.81639164715e-15  1.2490009027e-16   
3:          1.63064006742e-15  -4.42701431069e-15 -1.94289029309e-15 
3:          2.82412981889e-15  3.12944115066e-15  -1.90125692967e-15 
3:          -5.55111512313e-17 2.1371793224e-15   -7.49400541622e-16 
3:          -3.61516372394e-15 -4.30211422042e-16 -1.66533453694e-15 
3:          1.32532873565e-15  -9.15933995316e-16 -9.15933995316e-16 
3:          -2.42861286637e-16 -1.22124532709e-15 1.11022302463e-16  
3:          -9.43689570931e-16 1.47104550763e-15  -7.21644966006e-16 
3:          -5.16947595841e-15 1.38777878078e-17  1.34614541736e-15  
3:          2.26901830658e-15  -2.06779038336e-15 2.74780198595e-15  
3:          -9.08995101412e-16 -1.66533453694e-15 -1.48492329544e-15 
3:          -1.99840144433e-15 3.0253577421e-15   -2.74780198595e-15 
3:          -1.61676227961e-15 6.80011602583e-16  2.65065747129e-15  
3:          2.15799600412e-15  -9.71445146547e-16 4.19109191796e-15  
3:          5.48172618409e-16  -3.0253577421e-15  -6.20337115009e-15 
3:          -2.72004641033e-15 3.9135361618e-15   3.63598040565e-15  
3:          -2.06085148946e-15 7.91033905045e-16  7.35522753814e-16  
3:          4.98906471691e-15  -2.91433543964e-16 -2.60902410787e-15 
3:          3.04617442382e-15  -3.41393580072e-15 9.71445146547e-17  
3:          -2.10942374679e-15 -2.49800180541e-16 -4.71844785466e-16 
3:          -5.34988719991e-15 1.37390099297e-15  1.04083408559e-15  
3:          4.4478309924e-15   2.22044604925e-16  -1.19348975147e-15 
3:          3.7261860264e-15   -4.7878367937e-16  1.66533453694e-16  
3:          -9.99200722163e-16 -1.38777878078e-16 -2.02615701994e-15 
3:          -4.51721993144e-15 1.81799020282e-15  2.16493489802e-15  
3:          2.671474153e-15    6.66133814775e-16  1.09634523682e-15  
3:          3.50414142147e-15  -4.7878367937e-16  -1.16573417586e-15 
3:          -3.13638004457e-15 -2.49800180541e-16 -2.60902410787e-15 
3:          -4.7947756876e-15  3.46944695195e-16  3.71924713249e-15  
3:          2.28289609439e-15  1.94289029309e-16  3.34454686168e-15  
3:          3.65679708736e-15  6.93889390391e-18  -4.46864767412e-15 
3:          -1.44328993201e-15 -1.16573417586e-15 2.99760216649e-15  
3:          -6.07153216592e-15 4.85722573274e-16  -1.05471187339e-15 
3:          1.83880688454e-15  3.88578058619e-16  6.93889390391e-17  
3:          1.90819582357e-15  -4.51028103754e-16 -1.01307850997e-15 
3:          3.33066907388e-16  -3.1918911958e-15  -1.69309011255e-15 
3:          -3.62904151174e-15 2.24820162487e-15  1.48492329544e-15  
3:          3.50414142147e-15  -1.45716771982e-15 -1.19348975147e-15 
3:          2.8380076067e-15   1.14491749414e-15  1.66533453694e-16  
3:          -1.22124532709e-15 -1.58206781009e-15 -5.27355936697e-16 
3:          -3.40699690682e-15 1.08246744901e-15  1.88737914186e-15  
3:          2.17187379192e-15  -2.78943534937e-15 1.54043444667e-15  
3:          3.06005221162e-15  1.14491749414e-15  -1.4155343564e-15  
3:          -9.15933995316e-16 -1.13797860024e-15 -2.72004641033e-15 
3:          -3.68455266297e-15 1.69309011255e-15  2.99760216649e-15  
3:          2.22738494315e-15  -1.9567680809e-15  2.67841304691e-15  
3:          3.43475248243e-15  1.46410661372e-15  -4.99600361081e-15 
3:          -7.77156117238e-16 -1.05471187339e-15 2.99760216649e-15  
3:          -4.51721993144e-15 2.41473507856e-15  -1.55431223448e-15 
3:          1.83880688454e-15  4.16333634234e-17  -1.26287869051e-15 
3:          3.12944115066e-15  2.54657406273e-15  -1.45716771982e-15 
3:          -7.49400541622e-16 -2.16493489802e-15 -1.91513471748e-15 
3:          -4.7947756876e-15  3.24740234703e-15  3.74700270811e-16  
3:          3.60128593613e-15  -4.92661467177e-15 1.2490009027e-16   
3:          1.949829187e-15    3.17107451409e-15  0.0                
3:          -9.71445146547e-16 -2.16493489802e-15 -2.49800180541e-16 
3:          -4.57273108267e-15 2.96984659087e-15  2.44249065418e-15  
3:          2.43555176027e-15  -4.92661467177e-15 2.19269047363e-15  
3:          2.61596300177e-15  2.72698530424e-15  -1.16573417586e-15 
3:          -2.05391259556e-15 -3.38618022511e-15 -3.33066907388e-15 
3:          -3.46250805805e-15 3.05311331772e-15  3.13638004457e-15  
3:          2.04697370165e-15  -6.14785999886e-15 2.96984659087e-15  
3:          4.32293090213e-15  3.10168557505e-15  -5.49560397189e-15 
3:          -2.52575738102e-15 -2.74780198595e-15 4.10782519111e-15  
3:          -4.46170878021e-15 4.52415882535e-15  -4.4408920985e-16  
3:          3.71230823859e-15  -5.75928194024e-15 -1.33226762955e-15 
3:          3.96210841913e-15  3.18495230189e-15  -1.69309011255e-15 
3:          -1.44328993201e-15 3.13638004457e-15  -1.02695629778e-15 
3:          -6.07153216592e-15 -1.49880108324e-15 -6.93889390391e-17 
3:          4.23966417529e-15  -8.881784197e-16   -1.19348975147e-15 
3:          3.61516372394e-15  4.99600361081e-16  -6.38378239159e-16 
3:          -2.55351295664e-15 3.69149155688e-15  -1.13797860024e-15 
3:          -5.18335374622e-15 -1.11022302463e-15 2.38697950294e-15  
3:          3.57353036051e-15  -2.06779038336e-15 3.83026943496e-15  
3:          3.17107451409e-15  -1.27675647832e-15 -9.29811783124e-16 
3:          -2.47024622979e-15 4.69069227904e-15  -2.72004641033e-15 
3:          -4.57273108267e-15 -3.33066907388e-16 3.74700270811e-15  
3:          4.01761957036e-15  -9.43689570931e-16 4.55191440096e-15  
3:          3.98986399475e-15  -1.97064586871e-15 -6.31439345256e-15 
3:          -2.6645352591e-15  4.52415882535e-15  4.30211422042e-15  
3:          -6.07153216592e-15 -6.66133814775e-16 -1.11022302463e-15 
3:          5.01682029252e-15  -5.82867087928e-16 -3.08086889333e-15 
3:          6.12704331715e-15  -2.77555756156e-15 -5.27355936697e-16 
3:          1.94635974005e-15  -1.11022302463e-16 -9.71445146547e-16 
3:          2.19269047363e-15  -3.88578058619e-16 0.0                
3:          -1.02695629778e-15 4.51028103754e-16  -1.22124532709e-15 
3:          -1.97064586871e-15 -1.11716191853e-15 4.4408920985e-16   
3:          1.28022592527e-15  7.77156117238e-16  -2.22044604925e-15 
3:          8.18789480661e-16  7.77156117238e-16  3.41393580072e-15  
3:          -5.82867087928e-16 -4.37150315946e-16 1.0685896612e-15   
3:          -2.63677968348e-15 -9.50628464835e-16 -1.40165656859e-15 
3:          3.83373888191e-15  -7.21644966006e-16 -2.24820162487e-15 
3:          1.2351231149e-15   -3.05311331772e-16 4.38538094727e-15  
3:          -5.82867087928e-16 -6.59194920871e-16 3.59434704222e-15  
3:          -4.30211422042e-15 -3.26128013484e-16 -5.56499291093e-15 
3:          2.3904489499e-15   -1.44328993201e-15 3.1918911958e-15   
3:          2.37310171514e-15  4.4408920985e-16   -1.72084568817e-15 
3:          -1.36002320517e-15 -4.37150315946e-16 7.6327832943e-16   
3:          -4.71844785466e-15 -7.2858385991e-16  5.41233724505e-16  
3:          1.44328993201e-15  -1.7763568394e-15  -5.82867087928e-16 
3:          4.30211422042e-16  2.41473507856e-15  0.0                
3:          -3.85802501057e-15 -1.61676227961e-15 -1.66533453694e-15 
3:          -1.08246744901e-15 1.36696209907e-15  -4.4408920985e-16  
3:          1.88737914186e-15  -1.33226762955e-15 -7.21644966006e-16 
3:          -1.83186799063e-15 2.24820162487e-15  2.96984659087e-15  
3:          -1.19348975147e-15 -2.72698530424e-15 1.73472347598e-15  
3:          -2.85882428841e-15 1.53349555276e-15  -1.20736753928e-15 
3:          2.6645352591e-15   -1.49880108324e-15 -2.69229083472e-15 
3:          -1.02695629778e-15 2.08166817117e-15  3.94129173742e-15  
3:          -3.1918911958e-15  -1.72778458207e-15 3.15025783237e-15  
3:          -3.1918911958e-15  2.18575157973e-15  -5.87030424271e-15 
3:          3.88578058619e-15  4.4408920985e-16   3.58046925442e-15  
3:          -2.77555756156e-16 3.66373598126e-15  -3.05311331772e-15 
3:          -1.30451205393e-15 -2.8449465006e-16  7.35522753814e-16  
3:          -4.49640324973e-15 2.32452945781e-15  9.71445146547e-17  
3:          2.27942664743e-15  -2.69229083472e-15 -1.13797860024e-15 
3:          -2.91433543964e-16 4.16333634234e-15  -7.21644966006e-16 
3:          -4.30211422042e-15 -6.51562137577e-15 -6.93889390391e-17 
3:          -8.04911692853e-16 4.17027523625e-15  -1.11022302463e-15 
3:          4.1668057893e-15   -2.69229083472e-15 -1.13797860024e-15 
3:          -1.22124532709e-15 3.66373598126e-15  3.60822483003e-15  
3:          -3.58046925442e-15 -5.40539835114e-15 2.41473507856e-15  
3:          -1.2490009027e-15  3.89271948009e-15  -1.20736753928e-15 
3:          3.44516082329e-15  -3.10862446895e-15 -2.99760216649e-15 
3:          -1.27675647832e-15 2.85882428841e-15  4.0800696155e-15   
3:          -3.80251385934e-15 -6.34908792208e-15 3.63598040565e-15  
3:          -1.47104550763e-15 4.32293090213e-15  -6.31439345256e-15 
3:          3.94476118437e-15  -2.41473507856e-15 4.30211422042e-15  
3:          8.32667268469e-17  5.38458166943e-15  -3.08086889333e-15 
3:          -3.85802501057e-15 -6.46011022454e-15 -1.11022302463e-15 
3:          -5.24580379135e-15 3.18495230189e-15  -8.32667268469e-16 
3:          2.08166817117e-15  3.41393580072e-15  -1.11022302463e-15 
3:          2.35922392733e-15  -3.0253577421e-15  -1.30451205393e-15 
3:          -4.91273688397e-15 1.02695629778e-15  -1.30451205393e-15 
3:          -1.38777878078e-15 8.32667268469e-16  -8.32667268469e-17 
3:          3.13638004457e-15  3.58046925442e-15  -8.881784197e-16   
3:          1.52655665886e-16  -3.0253577421e-15  2.91433543964e-15  
3:          -4.8017145815e-15  -7.35522753814e-16 2.91433543964e-15  
3:          -3.21964677141e-15 3.33066907388e-16  -1.0616507673e-15  
3:          3.9135361618e-15   3.9135361618e-15   -3.44169137634e-15 
3:          4.16333634234e-16  -1.4155343564e-15  3.88578058619e-15  
3:          -4.0800696155e-15  8.04911692853e-16  3.99680288865e-15  
3:          -3.41393580072e-15 -1.19348975147e-15 -7.18175519054e-15 
3:          4.21884749358e-15  4.21884749358e-15  4.88498130835e-15  
3:          1.83186799063e-15  -1.33226762955e-15 -1.7763568394e-15  
3:          -4.88498130835e-15 1.38777878078e-15  -1.7763568394e-15  
3:          -5.10702591328e-15 -2.44249065418e-15 1.36002320517e-15  

##################
Config 2
##################
3:          -7.49400541622e-16 2.49800180541e-16  1.11022302463e-16  
3:          -3.60822483003e-16 1.66533453694e-15  2.47024622979e-15  
3:          2.3037127761e-15   -7.77156117238e-16 1.80411241502e-15  
3:          2.24820162487e-15  2.63677968348e-15  1.94289029309e-16  
3:          -8.04911692853e-16 -2.77555756156e-16 -7.16093850883e-15 
3:          -4.30211422042e-16 -1.38777878078e-15 9.52016243616e-15  
3:          8.60422844084e-16  -7.21644966006e-16 9.63118473862e-15  
3:          2.58126853225e-15  2.24820162487e-15  -8.46545056277e-15 
3:          5.55111512313e-17  -3.05311331772e-16 1.90125692967e-15  
3:          0.0                -1.38777878078e-16 -2.12607709216e-14 
3:          -1.13797860024e-15 0.0                -2.05946371068e-14 
3:          2.22044604925e-16  -1.66533453694e-16 1.66533453694e-16  
3:          -7.49400541622e-16 -4.4408920985e-16  1.99840144433e-14  
3:          -3.05311331772e-16 -1.66533453694e-15 0.0                
3:          -1.44328993201e-15 -2.77555756156e-17 -2.77555756156e-17 
3:          -5.82867087928e-16 2.49800180541e-16  2.10387263166e-14  
3:          1.94289029309e-16  -8.881784197e-15   -4.71844785466e-16 
3:          6.80011602583e-16  8.24340595784e-15  1.27675647832e-15  
3:          2.58126853225e-15  -8.32667268469e-15 7.77156117238e-16  
3:          8.04911692853e-16  9.32587340685e-15  8.881784197e-16    
3:          8.04911692853e-16  -7.9936057773e-15  -7.71605002114e-15 
3:          -2.35922392733e-16 9.88098491916e-15  1.13797860024e-14  
3:          2.52575738102e-15  -8.16013923099e-15 1.02418074022e-14  
3:          2.19269047363e-15  8.77076189454e-15  -8.79851747015e-15 
3:          3.05311331772e-16  -9.45077349712e-15 1.51267887105e-15  
3:          0.0                1.08524300657e-14  -2.25652829755e-14 
3:          2.22044604925e-15  -8.38218383592e-15 -2.10387263166e-14 
3:          1.27675647832e-15  1.38222766566e-14  -2.77555756156e-17 
3:          -4.99600361081e-16 -8.36830604811e-15 2.02615701994e-14  
3:          1.20736753928e-15  1.3572476476e-14   -5.55111512313e-17 
3:          5.82867087928e-16  -7.9936057773e-15  -6.10622663544e-16 
3:          -4.16333634234e-16 1.03805852802e-14  2.23709939462e-14  
3:          3.33066907388e-16  -1.20736753928e-15 -3.10862446895e-15 
3:          -1.52655665886e-16 -2.15383266777e-14 7.77156117238e-16  
3:          2.52575738102e-15  5.55111512313e-17  8.04911692853e-16  
3:          1.52655665886e-15  -1.86517468137e-14 9.15933995316e-16  
3:          9.99200722163e-16  1.79023462721e-15  -7.59114993087e-15 
3:          4.57966997658e-16  -2.24265050974e-14 1.12965192756e-14  
3:          1.05471187339e-15  -2.77555756156e-16 1.4294121442e-14   
3:          3.05311331772e-16  -2.07056594093e-14 -8.49320613838e-15 
3:          6.24500451352e-16  5.55111512313e-16  1.66533453694e-15  
3:          5.55111512313e-17  -2.38420394538e-14 -2.51187959321e-14 
3:          -4.99600361081e-16 2.49800180541e-16  -2.52298182346e-14 
3:          -1.05471187339e-15 -2.43416398149e-14 8.32667268469e-16  
3:          -3.1918911958e-16  9.43689570931e-16  2.47857290248e-14  
3:          2.22044604925e-16  -2.10942374679e-14 -2.63677968348e-15 
3:          -1.97064586871e-15 8.32667268469e-16  -5.02375918643e-15 
3:          -2.58126853225e-15 -2.42306175124e-14 2.55351295664e-14  
3:          -5.27355936697e-16 1.95399252334e-14  -8.60422844084e-16 
3:          5.13478148889e-16  -1.49880108324e-15 1.36002320517e-15  
3:          3.08086889333e-15  2.11497486191e-14  8.32667268469e-16  
3:          1.22124532709e-15  -3.88578058619e-16 -6.93889390391e-16 
3:          -9.71445146547e-16 2.03725925019e-14  -7.70217223334e-15 
3:          9.57567358739e-16  -2.10942374679e-15 1.26842980563e-14  
3:          9.15933995316e-16  2.30926389122e-14  1.18238752123e-14  
3:          2.1371793224e-15   -1.33226762955e-15 -8.520961714e-15   
3:          1.2490009027e-16   2.42306175124e-14  1.66533453694e-15  
3:          5.13478148889e-16  -2.94209101526e-15 -2.31481500634e-14 
3:          -3.05311331772e-16 2.44249065418e-14  -2.57849297469e-14 
3:          -2.74780198595e-15 -5.41233724505e-15 8.881784197e-16    
3:          -7.77156117238e-16 2.49522624785e-14  2.44526621174e-14  
3:          6.52256026967e-16  -3.60822483003e-15 -3.80251385934e-15 
3:          -1.13797860024e-15 2.26207941267e-14  -3.80251385934e-15 
3:          -3.60822483003e-16 -2.47024622979e-15 2.25652829755e-14  
3:          -1.07691633389e-14 -5.82867087928e-16 -1.60982338571e-15 
3:          -8.85402862139e-15 1.44328993201e-15  1.33226762955e-15  
3:          9.32587340685e-15  2.49800180541e-16  6.38378239159e-16  
3:          8.21565038223e-15  1.36002320517e-15  1.66533453694e-16  
3:          -8.21565038223e-15 -1.55431223448e-15 -7.66053886991e-15 
3:          -8.39606162373e-15 1.08246744901e-15  9.99200722163e-15  
3:          1.18238752123e-14  -3.60822483003e-16 1.12132525487e-14  
3:          7.16093850883e-15  1.19348975147e-15  -8.57647286523e-15 
3:          -9.72832925328e-15 8.32667268469e-17  1.84574577844e-15  
3:          -8.27116153346e-15 6.66133814775e-16  -2.17603712827e-14 
3:          1.14908083049e-14  -1.11022302463e-16 -2.25652829755e-14 
3:          1.31006316906e-14  1.38777878078e-16  2.49800180541e-16  
3:          -9.42301792151e-15 -4.16333634234e-16 1.95399252334e-14  
3:          -7.86870568703e-15 9.99200722163e-16  -1.27675647832e-15 
3:          1.36834987785e-14  -5.55111512313e-17 8.32667268469e-17  
3:          1.08801856413e-14  5.55111512313e-17  2.3037127761e-14   
3:          -1.00197627972e-14 -8.93729534823e-15 -2.19269047363e-15 
3:          -7.61890550649e-15 9.13158437754e-15  8.04911692853e-16  
3:          8.93729534823e-15  -8.32667268469e-15 1.11022302463e-15  
3:          1.17128529098e-14  1.20459198172e-14  6.38378239159e-16  
3:          -7.43849426499e-15 -7.68829444553e-15 -8.16013923099e-15 
3:          -7.75768338457e-15 1.16850973342e-14  1.14352971536e-14  
3:          1.1407541578e-14   -7.93809462607e-15 1.12132525487e-14  
3:          1.18516307879e-14  1.12410081243e-14  -8.79851747015e-15 
3:          -7.86870568703e-15 -8.78463968235e-15 1.2351231149e-15   
3:          -7.97972798949e-15 1.08801856413e-14  -2.24265050974e-14 
3:          1.11022302463e-14  -7.66053886991e-15 -2.2315482795e-14  
3:          1.487698853e-14    1.47104550763e-14  -1.11022302463e-16 
3:          -7.88258347484e-15 -8.49320613838e-15 1.98174809896e-14  
3:          -6.06459327201e-15 1.40165656859e-14  -4.4408920985e-16  
3:          1.34892097492e-14  -7.6327832943e-15  -1.99840144433e-15 
3:          1.16573417586e-14  1.19348975147e-14  2.43138842393e-14  
3:          -1.07552855511e-14 -7.6327832943e-16  -4.30211422042e-15 
3:          -9.72832925328e-15 -2.19824158876e-14 8.04911692853e-16  
3:          1.24067423002e-14  2.77555756156e-16  -6.93889390391e-16 
3:          1.13520304268e-14  -2.12607709216e-14 6.66133814775e-16  
3:          -8.25728374565e-15 1.31838984174e-15  -8.14626144319e-15 
3:          -8.53483950181e-15 -2.2315482795e-14  1.15463194561e-14  
3:          1.487698853e-14    -5.55111512313e-17 1.52933221642e-14  
3:          9.65894031424e-15  -2.22599716437e-14 -8.90953977262e-15 
3:          -8.47932835057e-15 1.08246744901e-15  1.49880108324e-15  
3:          -1.05471187339e-14 -2.42306175124e-14 -2.51187959321e-14 
3:          1.47382106519e-14  8.32667268469e-16  -2.57571741713e-14 
3:          1.47382106519e-14  -2.49800180541e-14 6.38378239159e-16  
3:          -8.31279489688e-15 7.07767178199e-16  2.39530617563e-14  
3:          -8.11850586757e-15 -2.21211937657e-14 -3.1918911958e-15  
3:          1.8124390877e-14   6.10622663544e-16  -5.38458166943e-15 
3:          1.3072876115e-14   -2.5202062659e-14  2.65620858642e-14  
3:          -9.32587340685e-15 2.00950367457e-14  -2.58126853225e-15 
3:          -8.00748356511e-15 -1.88737914186e-15 8.881784197e-16    
3:          1.08801856413e-14  2.32036612147e-14  -6.38378239159e-16 
3:          1.36834987785e-14  -1.69309011255e-15 4.99600361081e-16  
3:          -8.13238365538e-15 1.95954363846e-14  -8.67361737988e-15 
3:          -8.00748356511e-15 -2.08166817117e-15 1.2712053632e-14   
3:          1.32671651443e-14  2.42028619368e-14  1.32394095687e-14  
3:          1.44606548957e-14  -6.93889390391e-16 -8.79851747015e-15 
3:          -7.97972798949e-15 2.39253061807e-14  9.43689570931e-16  
3:          -7.92421683826e-15 -3.66373598126e-15 -2.39253061807e-14 
3:          1.47659662275e-14  2.56183962932e-14  -2.60902410787e-14 
3:          1.72084568817e-14  -4.82947015712e-15 4.99600361081e-16  
3:          -8.75688410673e-15 2.411959521e-14    2.42861286637e-14  
3:          -6.31439345256e-15 -4.21884749358e-15 -4.71844785466e-15 
3:          1.68476343987e-14  2.36477504245e-14  -3.08086889333e-15 
3:          1.62647673108e-14  -2.38697950294e-15 2.38142838782e-14  
3:          -4.89885909616e-15 -2.77555756156e-15 -3.33066907388e-15 
3:          7.49400541622e-16  1.66533453694e-15  1.13797860024e-15  
3:          -2.02338146238e-14 -1.11022302463e-16 2.77555756156e-16  
3:          -2.03448369263e-14 1.05471187339e-15  3.60822483003e-16  
3:          -7.6327832943e-16  -3.88578058619e-15 -8.00748356511e-15 
3:          -7.49400541622e-16 -4.99600361081e-16 1.38777878078e-14  
3:          -2.04003480775e-14 -3.05311331772e-16 1.11577413975e-14  
3:          -2.15383266777e-14 1.08246744901e-15  -8.65973959208e-15 
3:          -3.33066907388e-15 -1.92901250529e-15 1.05471187339e-15  
3:          8.60422844084e-16  -7.49400541622e-16 -2.49800180541e-14 
3:          -2.29538610341e-14 5.82867087928e-16  -2.52575738102e-14 
3:          -2.46747067223e-14 -5.82867087928e-16 3.88578058619e-16  
3:          -5.55111512313e-16 -2.78943534937e-15 2.44249065418e-14  
3:          2.02615701994e-15  -7.21644966006e-16 -5.13478148889e-15 
3:          -2.07611705605e-14 6.38378239159e-16  -2.58126853225e-15 
3:          -2.29816166097e-14 -1.47104550763e-15 2.59792187762e-14  
3:          -7.07767178199e-16 -9.31199561904e-15 -4.9682480352e-15  
3:          3.60822483003e-16  1.36002320517e-14  -2.49800180541e-16 
3:          -1.89570581455e-14 -8.21565038223e-15 2.49800180541e-16  
3:          -2.07334149849e-14 1.22679644221e-14  8.60422844084e-16  
3:          1.31838984174e-15  -7.48012762841e-15 -8.11850586757e-15 
3:          -1.80411241502e-16 1.52100554374e-14  1.51545442861e-14  
3:          -2.0289325775e-14  -7.54951656745e-15 1.13797860024e-14  
3:          -1.96231919602e-14 1.14908083049e-14  -8.68749516769e-15 
3:          1.02695629778e-15  -8.45157277496e-15 1.49880108324e-15  
3:          1.27675647832e-15  1.53488333154e-14  -2.60902410787e-14 
3:          -2.51187959321e-14 -8.3544282603e-15  -2.53408405371e-14 
3:          -2.30648833366e-14 1.73194791842e-14  3.88578058619e-16  
3:          1.76247905159e-15  -8.36830604811e-15 2.38975506051e-14  
3:          1.17961196366e-15  1.82076576039e-14  -4.60742555219e-15 
3:          -2.12052597703e-14 -7.41073868937e-15 -2.69229083472e-15 
3:          -2.30093721854e-14 1.51545442861e-14  2.65620858642e-14  
3:          -2.55351295664e-15 -9.43689570931e-16 -5.62050406216e-15 
3:          3.60822483003e-16  -2.58681964738e-14 -1.44328993201e-15 
3:          -2.34534613952e-14 4.71844785466e-16  -1.94289029309e-15 
3:          -2.45636844198e-14 -2.31759056391e-14 1.60982338571e-15  
3:          1.05471187339e-15  1.94289029309e-15  -8.45157277496e-15 
3:          0.0                -2.62290189568e-14 1.61815005839e-14  
3:          -2.43971509661e-14 3.60822483003e-16  1.63480340376e-14  
3:          -2.43971509661e-14 -2.53963516883e-14 -8.43769498715e-15 
3:          -3.74700270811e-16 9.02056207508e-16  6.66133814775e-16  
3:          9.71445146547e-17  -2.7006175074e-14  -2.7006175074e-14  
3:          -2.67841304691e-14 1.27675647832e-15  -2.72282196789e-14 
3:          -2.82274204011e-14 -2.71171973765e-14 1.05471187339e-15  
3:          8.60422844084e-16  1.40165656859e-15  2.83106871279e-14  
3:          1.0685896612e-15   -2.5562885142e-14  -6.99440505514e-15 
3:          -2.49800180541e-14 1.99840144433e-15  -6.88338275268e-15 
3:          -2.79221090693e-14 -2.69784194984e-14 2.90045765183e-14  
3:          -5.41233724505e-16 2.39530617563e-14  -3.52495810318e-15 
3:          1.55431223448e-15  -6.07847105982e-15 -2.77555756156e-17 
3:          -2.61735078055e-14 2.61179966543e-14  -2.38697950294e-15 
3:          -2.16215934046e-14 -3.80251385934e-15 -9.15933995316e-16 
3:          1.73472347598e-15  2.34534613952e-14  -8.53483950181e-15 
3:          8.46545056277e-16  -6.5780714209e-15  1.69864122768e-14  
3:          -2.44249065418e-14 2.75612865863e-14  1.46826995007e-14  
3:          -2.16493489802e-14 -4.74620343027e-15 -8.60422844084e-15 
3:          1.66533453694e-16  2.79221090693e-14  9.99200722163e-16  
3:          5.6898930012e-16   -7.6327832943e-15  -2.68118860447e-14 
3:          -2.71727085277e-14 2.86715096109e-14  -2.77555756156e-14 
3:          -2.58681964738e-14 -7.77156117238e-15 1.05471187339e-15  
3:          7.49400541622e-16  2.80608869474e-14  2.80608869474e-14  
3:          1.7763568394e-15   -7.54951656745e-15 -8.32667268469e-15 
3:          -2.36199948489e-14 2.70894418009e-14  -5.80091530367e-15 
3:          -2.42028619368e-14 -5.24580379135e-15 2.61457522299e-14  
3:          1.86517468137e-14  -1.19348975147e-15 -2.05391259556e-15 
3:          2.04281036531e-14  1.05471187339e-15  1.2490009027e-15   
3:          -3.33066907388e-15 -2.15105711021e-15 1.30451205393e-15  
3:          -1.52655665886e-15 1.87350135405e-15  -2.47024622979e-15 
3:          1.92901250529e-14  -1.33226762955e-15 -7.70217223334e-15 
3:          2.3037127761e-14   -1.05471187339e-15 1.17961196366e-14  
3:          -4.16333634234e-15 -9.29811783124e-16 1.19626530903e-14  
3:          -2.74780198595e-15 2.49800180541e-15  -8.49320613838e-15 
3:          2.45636844198e-14  -2.15105711021e-15 1.60982338571e-15  
3:          2.44249065418e-14  -1.33226762955e-15 -2.54518628395e-14 
3:          -3.44169137634e-15 -8.60422844084e-16 -2.3037127761e-14  
3:          -4.10782519111e-15 -5.55111512313e-17 8.32667268469e-16  
3:          2.43971509661e-14  -2.16493489802e-15 2.43971509661e-14  
3:          2.29816166097e-14  -1.05471187339e-15 -3.5527136788e-15  
3:          -2.72004641033e-15 -1.01307850997e-15 -4.24660306919e-15 
3:          -1.66533453694e-15 2.49800180541e-16  2.18713935851e-14  
3:          1.90403248723e-14  -8.93729534823e-15 -2.91433543964e-15 
3:          2.38142838782e-14  1.13797860024e-14  -2.22044604925e-16 
3:          -2.49800180541e-15 -8.47932835057e-15 8.881784197e-16    
3:          -5.05151476204e-15 1.2712053632e-14   -1.52655665886e-15 
3:          1.89293025699e-14  -7.6327832943e-15  -8.20177259442e-15 
3:          2.45359288442e-14  1.36557432029e-14  1.36557432029e-14  
3:          -5.24580379135e-15 -8.520961714e-15   1.24067423002e-14  
3:          -4.8017145815e-15  1.19210197269e-14  -8.57647286523e-15 
3:          2.39253061807e-14  -8.14626144319e-15 9.43689570931e-16  
3:          2.70339306496e-14  1.487698853e-14    -2.64788191373e-14 
3:          -3.77475828373e-15 -8.61810622865e-15 -2.38142838782e-14 
3:          -7.29971638691e-15 1.64313007645e-14  3.88578058619e-16  
3:          2.35644836977e-14  -8.47932835057e-15 2.41751063612e-14  
3:          2.42861286637e-14  1.69586567011e-14  -3.38618022511e-15 
3:          -5.82867087928e-15 -7.2858385991e-15  -4.27435864481e-15 
3:          -5.05151476204e-15 1.40581990493e-14  2.37032615757e-14  
3:          2.37310171514e-14  -5.41233724505e-16 -4.02455846427e-15 
3:          2.60624855031e-14  -2.67563748935e-14 -1.99840144433e-15 
3:          -6.5780714209e-15  1.22124532709e-15  -2.77555756156e-17 
3:          -4.05231403988e-15 -2.14273043753e-14 -1.2490009027e-15  
3:          2.36755060001e-14  1.34614541736e-15  -8.47932835057e-15 
3:          2.60347299275e-14  -2.7006175074e-14  1.48492329544e-14  
3:          -7.6327832943e-15  3.05311331772e-16  1.70974345792e-14  
3:          -5.10702591328e-15 -2.3467339183e-14  -8.27116153346e-15 
3:          2.80331313718e-14  4.4408920985e-16   9.99200722163e-16  
3:          2.772782004e-14    -2.83939538548e-14 -2.74225087082e-14 
3:          -7.91033905045e-15 1.2351231149e-15   -2.69784194984e-14 
3:          -7.96585020169e-15 -2.54518628395e-14 8.32667268469e-16  
3:          2.72004641033e-14  1.27675647832e-15  2.81996648255e-14  
3:          2.54241072639e-14  -2.56739074445e-14 -5.96744875736e-15 
3:          -8.16013923099e-15 2.34534613952e-15  -8.32667268469e-15 
3:          -6.30051566475e-15 -2.50632847809e-14 2.62290189568e-14  
3:          2.42861286637e-14  2.42306175124e-14  -1.99840144433e-15 
3:          2.2315482795e-14   -4.41313652288e-15 -5.27355936697e-16 
3:          -3.1918911958e-15  2.22044604925e-14  -3.33066907388e-16 
3:          -4.10782519111e-15 -3.63598040565e-15 -3.52495810318e-15 
3:          2.38975506051e-14  2.43416398149e-14  -8.59035065304e-15 
3:          2.45914399954e-14  -4.99600361081e-15 1.48214773787e-14  
3:          -4.10782519111e-15 2.46469511467e-14  1.49880108324e-14  
3:          -5.57887069874e-15 -4.57966997658e-15 -8.22952817003e-15 
3:          2.74225087082e-14  2.74780198595e-14  8.74300631892e-16  
3:          2.55351295664e-14  -5.82867087928e-15 -2.68118860447e-14 
3:          -4.05231403988e-15 2.5923707625e-14   -2.68118860447e-14 
3:          -6.71684929898e-15 -8.04911692853e-15 1.11022302463e-15  
3:          2.81441536742e-14  2.85327317329e-14  2.8088642523e-14   
3:          2.45914399954e-14  -6.66133814775e-15 -7.1054273576e-15  
3:          -6.66133814775e-15 2.36477504245e-14  -6.71684929898e-15 
3:          -6.2172489379e-15  -6.60582699652e-15 2.37032615757e-14  


##############################################################################################################################
