RSS:  
27.58910940040172

P:  
-149.748328647
-3.12502062165
56.924397685
-2.01694025959
-52.4375783952
9.34912721247
-1.18453576881
0.117868090039
-0.936008426681
-1.13775407477
-0.435508912044
1.63409063087
0.524866743647
-0.754392836911
0.516944330115
-0.173238770839
0.0139843409906
0.0
-1.94938564301
30.3556213379
24.3362083435
34.9576034546
16.2302913666
17.857875824
7.66438293457
1.23997938633
0.442521393299
0.109044238925
0.0200536046177
0.00229621282779
0.00255827326328
0.00108765787445
7.98819164629e-05
4.18824820372e-05
4.40689618699e-05
-18.0179441091
-0.719943901549
1.0

Known:
a0:     3.89
e0:     -3.91
B0:     179.99999999949853
EC:     234.000 176.000 176.000  0.000  0.000  0.000 
        176.000 234.000 176.000  0.000  0.000  0.000 
        176.000 176.000 234.000  0.000  0.000  0.000 
         0.000  0.000  0.000 71.200  0.000  0.000 
         0.000  0.000  0.000  0.000 71.200  0.000 
         0.000  0.000  0.000  0.000  0.000 71.200 

Calculated:
a0:     3.963639461275467
e0:     -3.946528847682783
B0:     204.2985368317026
EC:     216.431 158.238 158.238  0.000  0.000  0.000 
        158.238 216.431 158.238  0.000  0.000  0.000 
        158.238 158.238 216.431  0.000  0.000  0.000 
         0.000  0.000  0.000 78.051  0.000  0.000 
         0.000  0.000  0.000  0.000 108.124  0.000 
         0.000  0.000  0.000  0.000  0.000 108.124 



