RSS:  
109123951.15015605

P:  
3.06825499331
-4.85410233282
-12.787666718
-12.2104250747
-8.46261257805
-4.12966879792
-3.38907046508
2.55092933769
0.0869813324171
0.0084711719134
-0.490204528822
-0.460892739463
-0.201609596227
0.012466795166
-0.000307592150539
0.00157161930706
4.38671405105e-07
-3.23841428757
56.9552688599
51.2536506653
71.9797286987
53.9278030396
56.510761261
33.0753250122
16.0129852295
20.1976509094
15.297118187
7.96383523941
3.73623371124
1.70640695095
0.780170083046
0.353803098202
0.160490393639
0.0750296339393
0.0364681556821
0.0182912945747
0.00921274907887
0.00457642273977
0.00224253395572
0.00110084796324
0.000553363934159
0.000289990362944
0.000159374292707
9.11536626518e-05
7.60359180276e-05
0.0

Known:
a0:     3.89
e0:     -3.91
B0:     179.99999999949853
EC:     234.000 176.000 176.000  0.000  0.000  0.000 
        176.000 234.000 176.000  0.000  0.000  0.000 
        176.000 176.000 234.000  0.000  0.000  0.000 
         0.000  0.000  0.000 71.200  0.000  0.000 
         0.000  0.000  0.000  0.000 71.200  0.000 
         0.000  0.000  0.000  0.000  0.000 71.200 

Calculated:
a0:     3.993290929759879
e0:     3.2170659096890803
B0:     23311.79113289581
EC:     6902.767 2521.802 2521.802  0.000  0.000  0.000 
        2521.802 6902.766 2521.802  0.000  0.000  0.000 
        2521.802 2521.802 6902.766  0.000  0.000  0.000 
         0.000  0.000  0.000 23508.259  0.000  0.000 
         0.000  0.000  0.000  0.000 23508.259  0.000 
         0.000  0.000  0.000  0.000  0.000 23508.259 



