---START---
00000001
PARAMETERS 
43
3.39573818468
0.586442461447
-0.946480287568
-0.451986498212
-0.676887205495
-0.793411507178
-0.770168760352
-0.894670831092
-0.629114787177
-0.120098908759
0.049416032914
0.0489374381138
0.0467551903377
-0.0124874894374
0.000881205250163
-1.94717310872
30.323203622
24.3482979822
34.9809633117
16.2453836468
17.8745340859
7.66905210824
1.23968398328
0.442856447631
0.109068781418
0.0201266911753
0.00229737724428
0.00255977578867
0.00108326590178
7.98746320842e-05
4.19690349492e-05
4.41745423473e-05
2.63813057106e-06
1.10444946524e-06
6.34741409041e-07
3.86597158099e-07
2.28577121789e-07
1.27243219984e-07
6.78856228411e-08
3.4761953239e-08
-0.00172528770136
-4.10487745973e-05
0.00178904262364
RSS 508.75330904200393
BP MaxDensity 0.04892267615763222
EFS MaxDensity 0.04234934260884862
a0 3.3401394026214537
e0 -4.34795555121307
b0 305.0869240182124
---END---
---START---
00000002
PARAMETERS 
43
3.40295382992
0.586091717255
-0.946480287568
-0.451227169334
-0.676887205495
-0.793152963859
-0.770168760352
-0.894670831092
-0.629474957491
-0.120098908759
0.049416032914
0.0489922186169
0.0466624197433
-0.012525219776
0.000877415255097
-1.94812485944
30.323203622
24.3492371418
34.9809633117
16.2343111863
17.8745340859
7.66530352266
1.23968398328
0.442856447631
0.109068781418
0.0201266911753
0.00229704829536
0.00255977578867
0.00108616263861
7.98302371389e-05
4.19337559073e-05
4.41511827324e-05
2.64057530597e-06
1.10444946524e-06
6.34741409041e-07
3.86921091344e-07
2.28577121789e-07
1.27243219984e-07
6.81268522723e-08
3.4761953239e-08
-0.00172835934958
-4.10487745973e-05
0.00186931919406
RSS 521.6559364544331
BP MaxDensity 0.04892267615763222
EFS MaxDensity 0.04234934260884862
a0 3.340711743120646
e0 -4.34577395045848
b0 302.8659006339742
---END---
---START---
00000003
PARAMETERS 
43
3.40289511297
0.586112818135
-0.946694816353
-0.451228488356
-0.676859544944
-0.793167488844
-0.770302851067
-0.894726652383
-0.629497130853
-0.120026540103
0.0494524748567
0.0489899272275
0.0466626334429
-0.0125259815419
0.000877367742818
-1.94812814346
30.3719715612
24.3486149371
34.9843726876
16.2352275586
17.8768965832
7.66584390974
1.23924601927
0.442392827142
0.108977126682
0.0200810114153
0.00229703459403
0.00255974628627
0.00108624516052
7.98345880915e-05
4.19336039615e-05
4.41500334194e-05
2.64060037576e-06
1.10263124817e-06
6.34147225703e-07
3.86904933747e-07
2.27856855557e-07
1.27333369209e-07
6.81303499072e-08
3.47527382906e-08
-0.001728528757
-3.88024175375e-05
0.00186956555978
RSS 522.406174967886
BP MaxDensity 0.04892267615763222
EFS MaxDensity 0.04234934260884862
a0 3.341477624204747
e0 -4.344929640143036
b0 302.70942191175556
---END---
---START---
00000004
PARAMETERS 
43
3.40296809674
0.586098278452
-0.946706743335
-0.451230713752
-0.676844439871
-0.793180553928
-0.770322980822
-0.894729339095
-0.629503634002
-0.120031230035
0.0494516617477
0.048991613207
0.0466613905422
-0.0125256087416
0.000877366625092
-1.94812430535
30.3730508256
24.3486730026
34.9842810006
16.2347684329
17.8762512416
7.66581351175
1.23927338293
0.4424035755
0.108974926775
0.0200815378169
0.00229700191493
0.0025598347379
0.00108621261265
7.98327305375e-05
4.19328100558e-05
4.415149193e-05
2.64066094569e-06
1.10259073596e-06
6.34150971927e-07
3.86902230368e-07
2.27862899278e-07
1.27333695485e-07
6.81282524908e-08
3.47525487272e-08
-0.00172846191823
-3.88195552888e-05
0.00186593552114
RSS 522.4276984412509
BP MaxDensity 0.04892267615763222
EFS MaxDensity 0.04234934260884862
a0 3.3415051994450136
e0 -4.344981403092594
b0 302.675307111004
---END---
---START---
00000005
PARAMETERS 
43
3.40295382992
0.586091717255
-0.946747020312
-0.451227169334
-0.676858134474
-0.793152963859
-0.770326480311
-0.894715832023
-0.629474957491
-0.12003032604
0.0494505965425
0.0489922186169
0.0466624197433
-0.012525219776
0.000877415255097
-1.94812485944
30.3733436073
24.3492371418
34.9836068645
16.2343111863
17.877013965
7.66530352266
1.23924100362
0.442377933812
0.108974524303
0.0200814403738
0.00229704829536
0.0025596714452
0.00108616263861
7.98302371389e-05
4.19337559073e-05
4.41511827324e-05
2.64057530597e-06
1.10260887427e-06
6.34162750903e-07
3.86921091344e-07
2.27866466809e-07
1.27333347027e-07
6.81268522723e-08
3.47510542446e-08
-0.00172835934958
-3.87562376024e-05
0.00186931919406
RSS 522.5528881935367
BP MaxDensity 0.04892267615763222
EFS MaxDensity 0.04234934260884862
a0 3.3416714408170654
e0 -4.344690039147171
b0 302.6918205611664
---END---
---START---
00000006
PARAMETERS 
43
3.40026296783
0.586599968211
-0.945638747185
-0.452636232632
-0.675866057959
-0.793190160327
-0.770198398568
-0.895143401383
-0.629756443751
-0.120035813842
0.0493793518328
0.0489566004335
0.0466803154302
-0.0124837715917
0.000877489412122
-1.9486120708
30.4000614944
24.3376093658
34.9699358185
16.2303987633
17.8511266019
7.6645472181
1.23856821521
0.443044135907
0.109087451428
0.0201204941526
0.00229601120112
0.00257965994425
0.00108488015408
7.98574288067e-05
4.17009145641e-05
4.41724176043e-05
2.63980634816e-06
1.1026002515e-06
6.34246071938e-07
3.8685637271e-07
2.28957626541e-07
1.26756713427e-07
6.81400810218e-08
3.47260875665e-08
-0.00171642668036
-4.29227943613e-05
0.00187228757201
RSS 522.5552122731626
BP MaxDensity 0.04892267615763222
EFS MaxDensity 0.04234934260884862
a0 3.3402174619913794
e0 -4.346287231055742
b0 303.0178724245148
---END---
---START---
00000007
PARAMETERS 
43
3.40290760435
0.586109798186
-0.946717363923
-0.451216735192
-0.676860008487
-0.793175090499
-0.770334853408
-0.894710633498
-0.629451302233
-0.120034906816
0.049452499281
0.0489917254665
0.0466606157806
-0.0125256988231
0.000877382672167
-1.94807747872
30.3744642373
24.3490899346
34.9845748119
16.2342220058
17.8773392447
7.66541947067
1.23920993768
0.442391115862
0.108974706334
0.0200811736576
0.00229700448734
0.00255959918249
0.00108618855611
7.98306662827e-05
4.19348644015e-05
4.41509359936e-05
2.64060009564e-06
1.10260138319e-06
6.34177664024e-07
3.86915998271e-07
2.27858730439e-07
1.27329557223e-07
6.81262277359e-08
3.47518225766e-08
-0.00172829900535
-3.88352304734e-05
0.00187212639282
RSS 522.5594193925481
BP MaxDensity 0.04892267615763222
EFS MaxDensity 0.04234934260884862
a0 3.3416131856995195
e0 -4.344887168591152
b0 302.78161610938895
---END---
---START---
00000008
PARAMETERS 
43
3.40297528858
0.586088610013
-0.946729297967
-0.451223114643
-0.676832572921
-0.793167311055
-0.770339453874
-0.894728268907
-0.62948870609
-0.120032333044
0.0494498721114
0.0489934525097
0.046662373159
-0.0125254461246
0.000877398691924
-1.94807556894
30.3736662141
24.3495461382
34.9830491048
16.234306594
17.8766747666
7.66557750313
1.23923785865
0.442386921681
0.108977016096
0.0200809071155
0.00229696657312
0.00255973732434
0.00108617103981
7.98304198323e-05
4.19331827024e-05
4.4151321856e-05
2.64060043848e-06
1.10260973104e-06
6.34166710421e-07
3.86905804123e-07
2.27861151113e-07
1.27328688629e-07
6.81266498814e-08
3.47511661624e-08
-0.0017284243539
-3.86928566763e-05
0.0018669582277
RSS 522.5623295377177
BP MaxDensity 0.04892267615763222
EFS MaxDensity 0.04234934260884862
a0 3.3416620199643
e0 -4.344779124329904
b0 302.68267228421564
---END---
---START---
00000009
PARAMETERS 
43
3.40004878446
0.585882441276
-0.945975954459
-0.451767702206
-0.675329995338
-0.7927858027
-0.770452275124
-0.89560902812
-0.629793722855
-0.120003311144
0.0495196052207
0.0489941780313
0.0466157391989
-0.0124917044777
0.000879675279417
-1.94662019263
30.349816061
24.3486693082
34.9210381517
16.2416613145
17.8520527768
7.6684939792
1.23954471316
0.442767087439
0.108982541897
0.0201355059626
0.00231055998841
0.00258040772361
0.00108424246502
8.0260312629e-05
4.19047390679e-05
4.41559447568e-05
2.63718487315e-06
1.10583512389e-06
6.34144289306e-07
3.86350006577e-07
2.28023885809e-07
1.27179618445e-07
6.79974730023e-08
3.49947654076e-08
-0.00172807889715
-3.99460934606e-05
0.00179641373542
RSS 522.621564076019
BP MaxDensity 0.04892267615763222
EFS MaxDensity 0.04234934260884862
a0 3.3429505687911805
e0 -4.340775608825328
b0 302.79336523207473
---END---
---START---
00000010
PARAMETERS 
43
3.40001979158
0.58588504692
-0.945992600368
-0.451772449951
-0.675329202589
-0.792804490304
-0.770461365114
-0.895582431949
-0.629771813871
-0.120003635459
0.0495215221934
0.0489954293441
0.0466156073574
-0.0124916864753
0.000879672394875
-1.94659245315
30.3509839222
24.3487196372
34.9200293214
16.2420189461
17.851414465
7.66857492825
1.23949831446
0.442768494634
0.108980494644
0.0201361092451
0.00231052378349
0.00258041831932
0.00108425138655
8.0260735111e-05
4.19038459766e-05
4.41569730373e-05
2.63723715075e-06
1.10582025755e-06
6.34147225703e-07
3.86352604869e-07
2.28028042343e-07
1.27184446479e-07
6.7999745699e-08
3.49943474379e-08
-0.00172813308058
-3.99302187418e-05
0.00179473465832
RSS 522.6231991144841
BP MaxDensity 0.04892267615763222
EFS MaxDensity 0.04234934260884862
a0 3.342936422269259
e0 -4.3408735500114455
b0 302.81668108966835
---END---
---START---
00000011
PARAMETERS 
43
3.40412412368
0.586274050447
-0.946429535772
-0.452312519684
-0.676916620318
-0.792946019793
-0.770204493985
-0.89538172016
-0.630269199619
-0.120076367381
0.0494997523532
0.0489380119645
0.0466525485346
-0.0124878499299
0.000881547614473
-1.94671403983
30.3310482694
24.346966987
34.9766082741
16.2432086461
17.8743289429
7.66438293457
1.23951558173
0.442457557162
0.109044238925
0.0201377490202
0.00229734163062
0.00257567652466
0.00108313206268
7.98909201659e-05
4.19680810842e-05
4.41615769078e-05
2.63814591438e-06
1.10574488116e-06
6.34707250586e-07
3.8661487651e-07
2.28229436143e-07
1.27246856669e-07
6.81241004847e-08
3.49418968458e-08
-0.0017249072362
-3.89348023737e-05
0.00178688723733
RSS 522.744477265588
BP MaxDensity 0.04892267615763222
EFS MaxDensity 0.04234934260884862
a0 3.3411532070114918
e0 -4.3438316370766445
b0 301.43521926689226
---END---
---START---
00000012
PARAMETERS 
43
3.40284208946
0.58610503263
-0.946702311013
-0.451237607108
-0.676809830727
-0.793149066971
-0.770346642999
-0.894736056717
-0.629510669138
-0.120035542972
0.0494488594931
0.0489918113939
0.0466639349728
-0.0125256805222
0.000877423290052
-1.94807971242
30.374651242
24.3492451429
34.9837898601
16.2343315714
17.8769570036
7.66565270773
1.23924834211
0.442395615896
0.10897604873
0.02008070755
0.00229689723989
0.00255966433363
0.00108612754581
7.98316895301e-05
4.19339179219e-05
4.41525004078e-05
2.64058861333e-06
1.1025765795e-06
6.34179382434e-07
3.86906265797e-07
2.27869537493e-07
1.27331113077e-07
6.81275081928e-08
3.47522601351e-08
-0.00172845070243
-3.86920915567e-05
0.0018695997747
RSS 522.7480510684118
BP MaxDensity 0.04892267615763222
EFS MaxDensity 0.04234934260884862
a0 3.341800660414576
e0 -4.3446058158535505
b0 302.63057899587994
---END---
---START---
00000013
PARAMETERS 
43
3.40453701976
0.586049589124
-0.946706743335
-0.451230713752
-0.676844439871
-0.79297925995
-0.770322980822
-0.895614322431
-0.629854318469
-0.120031230035
0.0494516617477
0.048991613207
0.0466893767149
-0.0125256087416
0.000877366625092
-1.94668567494
30.3730508256
24.3430666539
34.9854944875
16.2447614823
17.8716412576
7.67055835319
1.23927338293
0.442838744506
0.109099112623
0.020133938635
0.00229687123648
0.0025598347379
0.00108324360176
7.9886822743e-05
4.19612307703e-05
4.415149193e-05
2.64066094569e-06
1.10259073596e-06
6.34788568926e-07
3.86902230368e-07
2.28182327183e-07
1.27333695485e-07
6.79903682288e-08
3.49420807713e-08
-0.00172472852024
-3.88195552888e-05
0.00186593552114
RSS 522.7634541354396
BP MaxDensity 0.04892267615763222
EFS MaxDensity 0.04234934260884862
a0 3.3418622402845135
e0 -4.34352974933286
b0 303.38858053404095
---END---
---START---
00000014
PARAMETERS 
43
3.40411128113
0.586000422162
-0.946464356668
-0.451916827024
-0.67688724072
-0.792935480404
-0.770167468602
-0.895489768009
-0.62997290387
-0.120099427514
0.0494895299143
0.0489406281562
0.0466971464638
-0.0124875805925
0.000881072653593
-1.94668932891
30.3217921894
24.3475949241
34.9826799132
16.2438999565
17.8753646457
7.66920227615
1.23962648247
0.442757789872
0.109066345941
0.0201344933523
0.00229745728906
0.00255686528205
0.00108330216401
7.98958962811e-05
4.19691035608e-05
4.41599594982e-05
2.63832744423e-06
1.10574575762e-06
6.34727581812e-07
3.86604389359e-07
2.28575808374e-07
1.27248002614e-07
6.78866414545e-08
3.49404877147e-08
-0.00172488393325
-4.11095505358e-05
0.00178642892658
RSS 522.8366462559511
BP MaxDensity 0.04892267615763222
EFS MaxDensity 0.04234934260884862
a0 3.341230530203068
e0 -4.343844317170961
b0 303.03585972054265
---END---
---START---
00000015
PARAMETERS 
43
3.40409022973
0.585987077599
-0.946483876777
-0.451900438055
-0.676879377017
-0.792936733391
-0.770165988354
-0.895494913381
-0.629985171725
-0.120101169943
0.0494896637742
0.0489392808645
0.0466969116529
-0.0124877122741
0.000881096654554
-1.94666521495
30.3225343993
24.3474144409
34.9818085156
16.2440442894
17.8752077589
7.66931732777
1.23958036997
0.4427655489
0.109066472533
0.0201349291219
0.00229740116471
0.00255683723133
0.00108326380174
7.98954182228e-05
4.19694934996e-05
4.4161439087e-05
2.63829644418e-06
1.10577508799e-06
6.34705423369e-07
3.86593442342e-07
2.2856813251e-07
1.27246104969e-07
6.7887565779e-08
3.49398130214e-08
-0.0017249411341
-4.0997600609e-05
0.00178617262743
RSS 522.8544254613738
BP MaxDensity 0.04892267615763222
EFS MaxDensity 0.04234934260884862
a0 3.3412150302222874
e0 -4.343885072271101
b0 303.02388669208034
---END---
---START---
00000016
PARAMETERS 
43
3.40411065127
0.586018044003
-0.946503602276
-0.451881683685
-0.676874221632
-0.792892362064
-0.770158239288
-0.89550973605
-0.629963780618
-0.120094921075
0.0494883857836
0.0489359006615
0.0466952655115
-0.01248763415
0.000881076677105
-1.94661874486
30.3227563509
24.3480438788
34.9807403274
16.2431112816
17.875058282
7.66882046108
1.23955105684
0.442781921965
0.109065441693
0.0201334468824
0.00229738770028
0.00255689459327
0.0010832782563
7.98938898765e-05
4.19678116247e-05
4.41616826629e-05
2.63819516828e-06
1.10578286569e-06
6.34705775434e-07
3.86599100585e-07
2.28568729565e-07
1.27243551375e-07
6.78857555009e-08
3.4939977672e-08
-0.00172494871863
-4.10285535073e-05
0.00179040415534
RSS 522.8753079606779
BP MaxDensity 0.04892267615763222
EFS MaxDensity 0.04234934260884862
a0 3.3413732765848843
e0 -4.343541464938051
b0 303.06812142616565
---END---
---START---
00000017
PARAMETERS 
43
3.4039762687
0.586007443258
-0.946528891772
-0.451892529312
-0.676884420331
-0.792914402243
-0.770172310149
-0.895515880106
-0.62994828659
-0.120092656924
0.049488245429
0.0489375498394
0.04669398817
-0.0124873256404
0.000881103074982
-1.94663209741
30.3225190544
24.3473055337
34.981539482
16.2426241447
17.8746136436
7.66854488985
1.23953348191
0.442776910006
0.109068167917
0.020134201535
0.00229735849817
0.00255697888198
0.00108330182763
7.98941019704e-05
4.19678950422e-05
4.41600888952e-05
2.63826521249e-06
1.10580975035e-06
6.34702950033e-07
3.86599302255e-07
2.28560363335e-07
1.27247013106e-07
6.78855511835e-08
3.49400555015e-08
-0.00172494466613
-4.10679114496e-05
0.00179285337786
RSS 522.8776269441616
BP MaxDensity 0.04892267615763222
EFS MaxDensity 0.04234934260884862
a0 3.3413262888697677
e0 -4.343680871330793
b0 303.11468095124724
---END---
---START---
00000018
PARAMETERS 
43
3.4032433901
0.585847901316
-0.946298319676
-0.452738768254
-0.676805115511
-0.793035755341
-0.770235790277
-0.895363664328
-0.630210569242
-0.120113668319
0.049452605087
0.0489376359958
0.0466993470489
-0.0124871532692
0.000882110892581
-1.94670487458
30.3270280015
24.3580341121
34.9649147796
16.2505628524
17.8335466203
7.66837869314
1.23980704709
0.442648911711
0.109009782426
0.0201120923087
0.00231403565952
0.00255707273436
0.00108749609662
8.0238910529e-05
4.19061030008e-05
4.41660879128e-05
2.63811556119e-06
1.10421553584e-06
6.34816599412e-07
3.86721720798e-07
2.28251256112e-07
1.27371954138e-07
6.81917945945e-08
3.47141114444e-08
-0.00172519219119
-3.66095910667e-05
0.00177474050228
RSS 522.8801059517712
BP MaxDensity 0.04892267615763222
EFS MaxDensity 0.04234934260884862
a0 3.341205637307193
e0 -4.344665134084555
b0 302.07636701098
---END---
---START---
00000019
PARAMETERS 
43
3.40411128113
0.586000422162
-0.946087097631
-0.451986498212
-0.67688724072
-0.792935480404
-0.770167468602
-0.895540976267
-0.62997290387
-0.120099427514
0.0494895299143
0.0489406281562
0.0466971464638
-0.0124875805925
0.000881205250163
-1.94668932891
30.3217921894
24.3475949241
34.9809633117
16.2438999565
17.8753646457
7.66905210824
1.23962648247
0.442757789872
0.109066345941
0.0201337651903
0.00229745728906
0.00255675951074
0.00108326590178
7.98958962811e-05
4.19690349492e-05
4.41599594982e-05
2.63832744423e-06
1.10574575762e-06
6.34727581812e-07
3.86597158099e-07
2.28575808374e-07
1.27243219984e-07
6.79948118499e-08
3.49404877147e-08
-0.00172528770136
-4.10487745973e-05
0.00178904262364
RSS 522.8910538822554
BP MaxDensity 0.04892267615763222
EFS MaxDensity 0.04234934260884862
a0 3.3411878389879894
e0 -4.343880468912507
b0 303.15007009664447
---END---
---START---
00000020
PARAMETERS 
43
3.40414268328
0.58600056056
-0.946480287568
-0.451886737499
-0.676887205495
-0.792915027289
-0.770168760352
-0.895516257458
-0.629967121159
-0.120098908759
0.0494902185775
0.0489378361377
0.0466968584714
-0.0124874894374
0.000881099864319
-1.94664395639
30.323203622
24.3482979822
34.9812224114
16.2435581104
17.8745340859
7.66905210824
1.23956038916
0.44276755736
0.109068781418
0.0201341308145
0.00229737724428
0.00255681202953
0.0010832860317
7.98923987093e-05
4.19690349492e-05
4.41624941301e-05
2.63823058885e-06
1.10581253816e-06
6.34711581853e-07
3.86597158099e-07
2.28577121789e-07
1.27243219984e-07
6.78856228411e-08
3.49398677101e-08
-0.00172497384338
-4.10487745973e-05
0.00178904262364
RSS 522.8920938694562
BP MaxDensity 0.04892267615763222
EFS MaxDensity 0.04234934260884862
a0 3.3413220702947712
e0 -4.343689598609691
b0 303.0953713833846
---END---
---START---
00000021
PARAMETERS 
43
3.40415289587
0.586018644991
-0.946465916165
-0.451887281417
-0.676909376216
-0.792921860357
-0.770190552335
-0.895544085976
-0.629966011693
-0.120097000979
0.0494913068321
0.0489397338561
0.0466951435081
-0.0124877770951
0.000881082751248
-1.94666286153
30.3239524631
24.3474567224
34.9803255534
16.2434284185
17.8740745152
7.6688140752
1.23952863474
0.442781032206
0.109069065362
0.0201336679227
0.00229736333557
0.00255685058115
0.00108327169954
7.98948672125e-05
4.19679653211e-05
4.41626404685e-05
2.63817214908e-06
1.10577708229e-06
6.34692919803e-07
3.86589238671e-07
2.28570330314e-07
1.2724613984e-07
6.78845171315e-08
3.49411948072e-08
-0.0017249316089
-4.09305985431e-05
0.00178772733325
RSS 522.8990991602828
BP MaxDensity 0.04892267615763222
EFS MaxDensity 0.04234934260884862
a0 3.341372066020325
e0 -4.343666704280271
b0 303.11012352117416
---END---
---START---
00000022
PARAMETERS 
43
3.40412832043
0.586116100298
-0.946212879654
-0.451964151746
-0.676892150389
-0.792776865131
-0.770121408636
-0.89538172016
-0.630036031067
-0.120076367381
0.0494997523532
0.0489346875439
0.0466943814478
-0.0124867666246
0.000881118778998
-1.94690323231
30.3310482694
24.3436806581
34.9766082741
16.2413092841
17.873282045
7.67030873345
1.23971378377
0.442836087546
0.109087786942
0.0201377490202
0.00229741148365
0.00255661946517
0.00108313206268
7.98909201659e-05
4.19625968959e-05
4.41704714917e-05
2.63816289553e-06
1.10586294118e-06
6.34729103305e-07
3.86640246301e-07
2.28229436143e-07
1.27267156709e-07
6.79922061344e-08
3.49334517836e-08
-0.00172497134541
-4.12845365614e-05
0.00178905862213
RSS 522.9145673715161
BP MaxDensity 0.04892267615763222
EFS MaxDensity 0.04234934260884862
a0 3.3418345313107722
e0 -4.3423748294698274
b0 302.41247240693224
---END---
---START---
00000023
PARAMETERS 
43
3.40412412368
0.586031548315
-0.946429535772
-0.451875486567
-0.676916620318
-0.792946019793
-0.770204493985
-0.895516416499
-0.629984574283
-0.120097550167
0.0494912778554
0.0489380119645
0.0466957701013
-0.0124878499299
0.00088105099241
-1.94671403983
30.3229611168
24.346966987
34.9804585271
16.2432086461
17.8743289429
7.66852091568
1.23951558173
0.442782257613
0.109064764924
0.0201338536572
0.00229734163062
0.00255684491174
0.00108330077546
7.98968060149e-05
4.19680810842e-05
4.41615769078e-05
2.63814591438e-06
1.10574488116e-06
6.34707250586e-07
3.86585230191e-07
2.28566562388e-07
1.27246856669e-07
6.78851193341e-08
3.49418968458e-08
-0.0017249072362
-4.09085474204e-05
0.00178688723733
RSS 522.9342151871707
BP MaxDensity 0.04892267615763222
EFS MaxDensity 0.04234934260884862
a0 3.3413688623397455
e0 -4.343831863312333
b0 303.0172648236138
---END---
---START---
00000024
PARAMETERS 
43
3.40365276928
0.58602530706
-0.946087097631
-0.451986498212
-0.676887205495
-0.792718012762
-0.770168760352
-0.895540976267
-0.630035469811
-0.120098908759
0.0494952338211
0.0489374381138
0.0466888023634
-0.0124874894374
0.000881205250163
-1.94717310872
30.3315504653
24.3482979822
34.9809633117
16.2434529785
17.8745340859
7.66905210824
1.23978690272
0.442856447631
0.109068781418
0.0201337651903
0.00229737724428
0.00255675951074
0.00108326590178
7.98816585496e-05
4.19690349492e-05
4.41745423473e-05
2.63813057106e-06
1.10571340705e-06
6.34741409041e-07
3.86597158099e-07
2.28189063801e-07
1.27243219984e-07
6.79948118499e-08
3.49359567275e-08
-0.00172528770136
-4.10487745973e-05
0.00178904262364
RSS 522.9695364873015
BP MaxDensity 0.04892267615763222
EFS MaxDensity 0.04234934260884862
a0 3.342180113496824
e0 -4.34186805826088
b0 302.60738375653466
---END---
---START---
00000025
PARAMETERS 
43
3.40458570627
0.586007431952
-0.946090579033
-0.451895845614
-0.676859544944
-0.792774584233
-0.769948281438
-0.895099929827
-0.630068755801
-0.120003635459
0.0494261030973
0.0489083778504
0.0466993470489
-0.0124871532692
0.000880995471352
-1.94938564301
30.3270280015
24.3446912888
34.9814093738
16.2420189461
17.8731798321
7.66837869314
1.23980704709
0.442697022949
0.109082601388
0.0201238611591
0.00229415883861
0.00256015032961
0.00108688320576
8.02365889733e-05
4.19504217258e-05
4.4139870418e-05
2.63715814543e-06
1.10587706767e-06
6.34816599412e-07
3.86352604869e-07
2.28012784009e-07
1.27191416905e-07
6.79737583167e-08
3.4941128002e-08
-0.0017264082473
-4.09734545954e-05
0.00177457753624
RSS 522.9767546893299
BP MaxDensity 0.04892267615763222
EFS MaxDensity 0.04234934260884862
a0 3.3411714773385572
e0 -4.343290479756821
b0 301.86236408393563
---END---
---START---
00000026
PARAMETERS 
43
3.40365276928
0.58602530706
-0.946464356668
-0.451916827024
-0.676887205495
-0.792718012762
-0.770168760352
-0.895489768009
-0.630035469811
-0.120098908759
0.0494952338211
0.0489374381138
0.0466888023634
-0.0124874894374
0.000881072653593
-1.94717310872
30.3315504653
24.3482979822
34.9826799132
16.2434529785
17.8745340859
7.66920227615
1.23978690272
0.442856447631
0.109068781418
0.0201344933523
0.00229737724428
0.00255686528205
0.00108330216401
7.98816585496e-05
4.19691035608e-05
4.41745423473e-05
2.63813057106e-06
1.10571340705e-06
6.34741409041e-07
3.86604389359e-07
2.28189063801e-07
1.27248002614e-07
6.78866414545e-08
3.49359567275e-08
-0.00172488393325
-4.11095505358e-05
0.00178642892658
RSS 522.9842718859679
BP MaxDensity 0.04892267615763222
EFS MaxDensity 0.04234934260884862
a0 3.3422231592305565
e0 -4.341832509189596
b0 302.4933366163941
---END---
---START---
00000027
PARAMETERS 
43
3.40027356148
0.586408095172
-0.945148815339
-0.452643033084
-0.676909376216
-0.792921860357
-0.770247939912
-0.895544085976
-0.629991710183
-0.120097000979
0.0494913068321
0.0489397338561
0.0466525485346
-0.0125149245721
0.000881082751248
-1.94666286153
30.3239524631
24.3381073233
34.9576034546
16.2434284185
17.8740745152
7.6688140752
1.23952863474
0.440144177667
0.109069065362
0.0201336679227
0.00231186510427
0.00255685058115
0.00108327169954
8.0288223153e-05
4.17002458785e-05
4.41626404685e-05
2.63817214908e-06
1.10577708229e-06
6.34692919803e-07
3.86897646798e-07
2.28570330314e-07
1.2724613984e-07
6.79711524419e-08
3.49411948072e-08
-0.00172486834233
-4.09305985431e-05
0.00174519781219
RSS 522.9965602863039
BP MaxDensity 0.04892267615763222
EFS MaxDensity 0.04234934260884862
a0 3.3416357465279063
e0 -4.3438496475860235
b0 302.9321219448091
---END---
---START---
00000028
PARAMETERS 
43
3.40414268328
0.58600056056
-0.946164928049
-0.451886737499
-0.676911260351
-0.792915027289
-0.770220764937
-0.895516257458
-0.629967121159
-0.120089822537
0.0494902185775
0.0489378361377
0.0466968584714
-0.0124878371499
0.000881099864319
-1.94664395639
30.3264847673
24.3404771696
34.9812224114
16.2435581104
17.8708127946
7.66984081371
1.23956038916
0.44276755736
0.109098476152
0.0201341308145
0.00229711951152
0.00255681202953
0.0010832860317
7.98923987093e-05
4.19584155827e-05
4.41624941301e-05
2.63823058885e-06
1.10581253816e-06
6.34711581853e-07
3.86591100154e-07
2.28217193021e-07
1.27269320191e-07
6.79852058647e-08
3.49398677101e-08
-0.00172497384338
-4.05897782664e-05
0.00177957094029
RSS 522.9988517778402
BP MaxDensity 0.04892267615763222
EFS MaxDensity 0.04234934260884862
a0 3.3416244430461792
e0 -4.343448192845401
b0 303.0073725444042
---END---
---START---
00000029
PARAMETERS 
43
3.40458570627
0.586319090144
-0.946298319676
-0.45137642963
-0.676805115511
-0.792774584233
-0.770235790277
-0.895582621192
-0.630068755801
-0.120113668319
0.049452605087
0.0489376359958
0.0466993470489
-0.0124871532692
0.000880995471352
-1.94670487458
30.3270280015
24.3580341121
34.9814093738
16.2449503987
17.8731798321
7.66837869314
1.23980704709
0.442694108237
0.109002277372
0.0201120923087
0.00229752212522
0.00255707273436
0.00108749609662
7.98802860622e-05
4.19061030008e-05
4.41660879128e-05
2.63811556119e-06
1.10421553584e-06
6.34816599412e-07
3.87030635057e-07
2.28251256112e-07
1.27272695416e-07
6.79877967326e-08
3.47141114444e-08
-0.00172519219119
-3.99575339812e-05
0.00177474050228
RSS 523.0700008073517
BP MaxDensity 0.04892267615763222
EFS MaxDensity 0.04234934260884862
a0 3.3422585260461815
e0 -4.342408707214085
b0 302.64133919730676
---END---
---START---
00000030
PARAMETERS 
43
3.40287992993
0.586380741115
-0.945455767473
-0.451216410767
-0.675360002674
-0.793342635069
-0.770558547082
-0.895554120408
-0.630233536234
-0.120023746384
0.0495144743445
0.0489895823666
0.0466611843614
-0.0124839618081
0.000877358938579
-1.94957696503
30.3710247763
24.3350633851
34.9545369144
16.2544412543
17.8615830594
7.66439798808
1.23997749661
0.442794944046
0.109086184381
0.0200809966304
0.00229704447455
0.00257989160107
0.00108470557625
8.03070754683e-05
4.18905620282e-05
4.41800830931e-05
2.64040363851e-06
1.10259319361e-06
6.29829879142e-07
3.86896657403e-07
2.2845605339e-07
1.27413436547e-07
6.79213570628e-08
3.47369906145e-08
-0.00172853264538
-3.88191807587e-05
0.00169998039962
RSS 523.0788136354597
BP MaxDensity 0.04892267615763222
EFS MaxDensity 0.04234934260884862
a0 3.34113300047139
e0 -4.3453441346189745
b0 302.09897113480577
---END---
---START---
00000031
PARAMETERS 
43
3.40396972863
0.586012063397
-0.946227474734
-0.451962133777
-0.676882062413
-0.792810529675
-0.770173730693
-0.895344338847
-0.629898393973
-0.120084305846
0.0494848035985
0.0489322240042
0.0466929437181
-0.0124892665179
0.000881254999117
-1.94694460316
30.3205225907
24.3392796369
34.9865922846
16.242420674
17.8696213233
7.66847083287
1.2394851787
0.442689871801
0.109104199143
0.0201329408648
0.00229708353869
0.00255722935102
0.00108312658232
7.99045698049e-05
4.19555658185e-05
4.41698372109e-05
2.63775872395e-06
1.1057005744e-06
6.34828776156e-07
3.86615986846e-07
2.28212200346e-07
1.27280516541e-07
6.79974418047e-08
3.49349879244e-08
-0.00172498902103
-4.07768412739e-05
0.00177255480363
RSS 523.1013014968008
BP MaxDensity 0.04892267615763222
EFS MaxDensity 0.04234934260884862
a0 3.342018112168998
e0 -4.342637165497879
b0 302.79120389751915
---END---
---START---
00000032
PARAMETERS 
43
3.40023670725
0.586563436349
-0.946702311013
-0.451251954457
-0.675398512513
-0.793439842918
-0.770346642999
-0.894570674003
-0.629408086955
-0.120035542972
0.0494132783154
0.0489918113939
0.0466581031588
-0.0124839075146
0.000877423290052
-1.94917738446
30.374651242
24.3387096777
34.9837898601
16.2343315714
17.8769570036
7.66426956975
1.23924834211
0.442395615896
0.109032904218
0.0201099552634
0.00229689723989
0.00255966433363
0.00108612754581
7.98995265433e-05
4.19198059316e-05
4.41369699617e-05
2.64054667837e-06
1.1025765795e-06
6.33838114855e-07
3.86906265797e-07
2.27869537493e-07
1.27199393857e-07
6.81275081928e-08
3.47522601351e-08
-0.00172822803603
-6.6911843098e-05
0.0018695997747
RSS 523.1324132860012
BP MaxDensity 0.04892267615763222
EFS MaxDensity 0.04234934260884862
a0 3.340228425634562
e0 -4.347185313379514
b0 302.96932193921043
---END---
---START---
00000033
PARAMETERS 
43
3.40289511297
0.586382796468
-0.945439143697
-0.451228488356
-0.675359498489
-0.79334094302
-0.770527921879
-0.895523155321
-0.630235767622
-0.120026540103
0.0495146739511
0.0489899272275
0.0466626334429
-0.0124843118282
0.000877367742818
-1.94956594807
30.3701316763
24.3352814514
34.955097156
16.2548371322
17.8615042012
7.66469946085
1.24000514311
0.442807219475
0.10908906306
0.0200810114153
0.00229703459403
0.00257985209868
0.00108474672326
8.03063964697e-05
4.18889299438e-05
4.4179945043e-05
2.6404729294e-06
1.10263124817e-06
6.29833672236e-07
3.86904933747e-07
2.28448537164e-07
1.27409792225e-07
6.79220756051e-08
3.47363795885e-08
-0.001728528757
-3.88024175375e-05
0.00169657113364
RSS 523.1403898610879
BP MaxDensity 0.04892267615763222
EFS MaxDensity 0.04234934260884862
a0 3.341004977291341
e0 -4.345428129556342
b0 302.0804980854
---END---
---START---
00000034
PARAMETERS 
43
3.40298815271
0.586363384869
-0.945253552185
-0.45115608352
-0.675416469574
-0.793465018272
-0.770663179186
-0.89552439441
-0.630139208159
-0.120036782158
0.0495120138082
0.0489958407507
0.0466557398325
-0.0124853865603
0.00087742335755
-1.94948376518
30.3716384271
24.3362083435
34.9576034546
16.2554928877
17.862032458
7.66438293457
1.23997938633
0.442797085075
0.109101477854
0.0200831046803
0.002296896464
0.00257958897948
0.00108467986855
8.0306701242e-05
4.18896460511e-05
4.41875705291e-05
2.64017878906e-06
1.10273240962e-06
6.29917314298e-07
3.86850256661e-07
2.28474114899e-07
1.27410004354e-07
6.79218458671e-08
3.47309005881e-08
-0.00172837718716
-3.845432463e-05
0.00171330668615
RSS 523.145919873507
BP MaxDensity 0.04892267615763222
EFS MaxDensity 0.04234934260884862
a0 3.3411156199338614
e0 -4.346102638546422
b0 302.3184105093222
---END---
---START---
00000035
PARAMETERS 
43
3.40026296783
0.586790560031
-0.946073831319
-0.452636232632
-0.676855546044
-0.793190160327
-0.770370823665
-0.895143401383
-0.629756443751
-0.120035813842
0.0495079948829
0.0489566004335
0.0466803154302
-0.012485497922
0.000877489412122
-1.94945745345
30.4000614944
24.3376093658
34.9420409828
16.2303987633
17.8518436214
7.6645472181
1.23882110444
0.443044135907
0.109087451428
0.0201540166816
0.00231266654247
0.00257965994425
0.00108488015408
7.98368304213e-05
4.17009145641e-05
4.43175377556e-05
2.63944621881e-06
1.1026002515e-06
6.30370413607e-07
3.8685637271e-07
2.28957626541e-07
1.26756713427e-07
6.79710277404e-08
3.4753779897e-08
-0.00171642668036
-7.3290057118e-05
0.00187228757201
RSS 523.2184667463296
BP MaxDensity 0.04892267615763222
EFS MaxDensity 0.04234934260884862
a0 3.3413254281742906
e0 -4.344826140683263
b0 302.74496432192757
---END---
---START---
00000036
PARAMETERS 
43
3.40458570627
0.586007431952
-0.946298319676
-0.451895845614
-0.676805115511
-0.792774584233
-0.770235790277
-0.895582621192
-0.630068755801
-0.120113668319
0.0494958183133
0.0489376359958
0.0466993470489
-0.0124871532692
0.000880995471352
-1.94670487458
30.3270280015
24.3446912888
34.9814093738
16.2449503987
17.8731798321
7.66837869314
1.23980704709
0.442694108237
0.109082601388
0.0201325841833
0.00229752212522
0.00255707273436
0.00108314496546
7.98802860622e-05
4.19504217258e-05
4.41660879128e-05
2.63811556119e-06
1.10587706767e-06
6.34816599412e-07
3.86615387005e-07
2.28195020184e-07
1.27272695416e-07
6.79877967326e-08
3.4941128002e-08
-0.00172519219119
-3.99575339812e-05
0.00177474050228
RSS 523.2492545134481
BP MaxDensity 0.04892267615763222
EFS MaxDensity 0.04234934260884862
a0 3.342326401951746
e0 -4.342133479469368
b0 302.70593442391777
---END---
---START---
00000037
PARAMETERS 
43
3.40237491268
0.586477036999
-0.946218559411
-0.451150081965
-0.67679840643
-0.79297925995
-0.770117836305
-0.895651859688
-0.629854318469
-0.120047736307
0.0495155811514
0.0489872482862
0.0466464184182
-0.0124863623739
0.000880945866053
-1.94668567494
30.3205414509
24.3430666539
34.9519911122
16.2447614823
17.8716412576
7.66382894517
1.23988491323
0.44275019275
0.10908415549
0.020133938635
0.0022967725728
0.00255680889876
0.00108324360176
8.03042122634e-05
4.19612307703e-05
4.41560513875e-05
2.64029722116e-06
1.10260842803e-06
6.29802868661e-07
3.86544706058e-07
2.28470449848e-07
1.27435358395e-07
6.79903682288e-08
3.49420807713e-08
-0.00172818893253
-3.77567368391e-05
0.00177323039107
RSS 523.3235237099823
BP MaxDensity 0.04892267615763222
EFS MaxDensity 0.04234934260884862
a0 3.3401099823284963
e0 -4.344091724158618
b0 303.1974803590868
---END---
---START---
00000038
PARAMETERS 
43
3.40027356148
0.586800083802
-0.946090579033
-0.452643033084
-0.676871594261
-0.793167488844
-0.770393262558
-0.895122600656
-0.629771813871
-0.120033411049
0.0495089829889
0.0489563139701
0.0466811299168
-0.0124856560067
0.000877472870387
-1.94938564301
30.399734281
24.3382363614
34.9420006047
16.2302913666
17.851414465
7.66438293457
1.23879652285
0.443034607393
0.109086459678
0.0201532165024
0.00231267865465
0.00257973142637
0.00108485947152
7.98345880915e-05
4.17002458785e-05
4.43185011641e-05
2.63955152515e-06
1.10263239749e-06
6.30373407873e-07
3.86852067973e-07
2.28953090411e-07
1.26756699527e-07
6.79711524419e-08
3.47527382906e-08
-0.00171642898443
-7.32588143086e-05
0.00186956555978
RSS 523.3435366925164
BP MaxDensity 0.04892267615763222
EFS MaxDensity 0.04234934260884862
a0 3.341587918403753
e0 -4.344488328285895
b0 302.59108786875834
---END---
---START---
00000039
PARAMETERS 
43
3.40036913242
0.586782237834
-0.946076765238
-0.452642290874
-0.676849256426
-0.793175494397
-0.770395867636
-0.895139005856
-0.629794874964
-0.120032207367
0.0495072611956
0.0489558398886
0.0466818266515
-0.012485619829
0.00087745373425
-1.94936319123
30.4002284972
24.3373171475
34.9420134776
16.2299379188
17.8518089666
7.66443068186
1.23883940504
0.443043485697
0.109088937112
0.0201526348536
0.00231260757632
0.00257971367793
0.00108487577336
7.98325086426e-05
4.17016313941e-05
4.4319348775e-05
2.63955672362e-06
1.10262200112e-06
6.3037361622e-07
3.8683790115e-07
2.28944224428e-07
1.26758880531e-07
6.79725263555e-08
3.47520251853e-08
-0.00171648347653
-7.34001104386e-05
0.00187232403467
RSS 523.357892647685
BP MaxDensity 0.04892267615763222
EFS MaxDensity 0.04234934260884862
a0 3.34155460840199
e0 -4.344568587952138
b0 302.56882057059613
---END---
---START---
00000040
PARAMETERS 
43
3.40112601942
0.586470336633
-0.945262664283
-0.451952434414
-0.675325561624
-0.793324031132
-0.770479222807
-0.89559339667
-0.63035040479
-0.120041111317
0.0495177996655
0.0489808920978
0.046710169902
-0.0124859435627
0.000877272898298
-1.94931931716
30.3698421159
24.3362083435
34.9576034546
16.224327032
17.857875824
7.66438293457
1.23976575406
0.44267850337
0.109127108324
0.0200830213233
0.00229644654732
0.00255703782194
0.00108455400256
8.03046044047e-05
4.18913735635e-05
4.41992291197e-05
2.64028873642e-06
1.10436273353e-06
6.34632495862e-07
3.86726932824e-07
2.28265491345e-07
1.27244922877e-07
6.79011078536e-08
3.47789090099e-08
-0.0017283427849
-3.73418138852e-05
0.00171451659648
RSS 523.4169418071563
BP MaxDensity 0.04892267615763222
EFS MaxDensity 0.04234934260884862
a0 3.341147364526178
e0 -4.345338390386391
b0 302.37412928736774
---END---
---START---
00000041
PARAMETERS 
43
3.40036913242
0.586782237834
-0.947000434293
-0.451634947095
-0.676849256426
-0.793175494397
-0.770252203192
-0.895099929827
-0.630151657791
-0.120032207367
0.0494994522019
0.0489631037591
0.0466231222545
-0.0125259815419
0.000881701653451
-1.94936319123
30.4002284972
24.3373171475
34.9726911827
16.2299379188
17.8518089666
7.66443068186
1.23883940504
0.44334029649
0.109088937112
0.0201526348536
0.00231260757632
0.00258041831932
0.00108487577336
8.02365889733e-05
4.17016313941e-05
4.41500334194e-05
2.63955672362e-06
1.10324949175e-06
6.3037361622e-07
3.86930655814e-07
2.28944224428e-07
1.26758880531e-07
6.79725263555e-08
3.47520251853e-08
-0.00172400030164
-7.34001104386e-05
0.00191738139523
RSS 523.423343865876
BP MaxDensity 0.04892267615763222
EFS MaxDensity 0.04234934260884862
a0 3.3406974140852763
e0 -4.345585376610481
b0 301.56194324013086
---END---
---START---
00000042
PARAMETERS 
43
3.39700425142
0.58602530706
-0.946918925084
-0.451986017251
-0.676887205495
-0.792864695599
-0.770199191749
-0.896149154249
-0.630115401043
-0.120098908759
0.0494952338211
0.0489374381138
0.0466888023634
-0.0124813555556
0.00087866314583
-1.94717310872
30.3263973486
24.3482979822
34.9809633117
16.2321801358
17.8743214965
7.66905210824
1.24004061936
0.443117768226
0.109068781418
0.0201337651903
0.00229220142219
0.00255788823269
0.00108326590178
7.98760158762e-05
4.19690349492e-05
4.41745423473e-05
2.64218683248e-06
1.10393308786e-06
6.34741409041e-07
3.86597158099e-07
2.28189063801e-07
1.27177463753e-07
6.79948118499e-08
3.49359567275e-08
-0.00172858955531
-4.10487745973e-05
0.00178904262364
RSS 523.4715220645013
BP MaxDensity 0.04892267615763222
EFS MaxDensity 0.04234934260884862
a0 3.3410131741157767
e0 -4.343578739162681
b0 303.6869497885623
---END---
---START---
00000043
PARAMETERS 
43
3.40237491268
0.586477036999
-0.945295522517
-0.451150081965
-0.675357371039
-0.793495580677
-0.770737513749
-0.895651859688
-0.6302085062
-0.120047736307
0.0495155811514
0.0489872482862
0.0466464184182
-0.0124867375519
0.000877400432728
-1.949394603
30.3660927186
24.3358818875
34.9519911122
16.254198692
17.8624088729
7.66382894517
1.23988491323
0.44275019275
0.10908415549
0.020081526749
0.0022967725728
0.00257946352378
0.00108468416794
8.03042122634e-05
4.18898906052e-05
4.41898342188e-05
2.64029722116e-06
1.10260842803e-06
6.29802868661e-07
3.86782681121e-07
2.28470449848e-07
1.27435358395e-07
6.79113653916e-08
3.47252710599e-08
-0.00172818893253
-3.77567368391e-05
0.00171087231577
RSS 523.5112706403281
BP MaxDensity 0.04892267615763222
EFS MaxDensity 0.04234934260884862
a0 3.3412535830404324
e0 -4.346340528825897
b0 302.34710421020844
---END---
---START---
00000044
PARAMETERS 
43
3.40415003706
0.585900850911
-0.94654501017
-0.452021054459
-0.675514848172
-0.793178197602
-0.770331924769
-0.895428620494
-0.629882488255
-0.120110989519
0.0495228443153
0.0489777324087
0.0466933730403
-0.0124823069703
0.000881193887893
-1.94930941435
30.3449395081
24.3437154766
34.9241160158
16.2434880162
17.8707806469
7.66887839477
1.24117346832
0.4427571679
0.109045848909
0.0201358148108
0.00229511647084
0.00255750771371
0.00108672475234
7.99161194115e-05
4.18936959115e-05
4.41561076213e-05
2.64191146438e-06
1.10594568364e-06
6.33952130798e-07
3.86907779006e-07
2.27763053614e-07
1.27186674566e-07
6.81462638909e-08
3.47521271166e-08
-0.00172971918652
-6.65476491901e-05
0.00179643150266
RSS 523.5151382003985
BP MaxDensity 0.04892267615763222
EFS MaxDensity 0.04234934260884862
a0 3.3410676861264
e0 -4.344782021067257
b0 303.62583866342493
---END---
---START---
00000045
PARAMETERS 
43
3.40290760435
0.58588504692
-0.945992600368
-0.451216735192
-0.676860008487
-0.793175090499
-0.770334853408
-0.895582431949
-0.630801117643
-0.120034906816
0.0495215221934
0.0489954293441
0.0466606157806
-0.0125256988231
0.000881682725154
-1.94659245315
30.3744642373
24.3490899346
34.9845748119
16.2333206022
17.8579705017
7.66541947067
1.23920993768
0.442768494634
0.109017325807
0.0200811736576
0.00231052378349
0.00255455469863
0.00108718902499
7.98306662827e-05
4.19348644015e-05
4.41569730373e-05
2.64060009564e-06
1.10260138319e-06
6.34177664024e-07
3.86915998271e-07
2.2769504175e-07
1.27329557223e-07
6.81262277359e-08
3.49943474379e-08
-0.00172829900535
-3.88352304734e-05
0.00187212639282
RSS 523.5199395698829
BP MaxDensity 0.04892267615763222
EFS MaxDensity 0.04234934260884862
a0 3.340851057477925
e0 -4.344828231948833
b0 300.43792774785993
---END---
---START---
00000046
PARAMETERS 
43
3.40453701976
0.586049589124
-0.946218559411
-0.451845848213
-0.67679840643
-0.79297925995
-0.770117836305
-0.895614322431
-0.629854318469
-0.120082334724
0.0494986573277
0.0489467129558
0.0466893767149
-0.0124863623739
0.000880945866053
-1.94668567494
30.3205414509
24.3430666539
34.9854944875
16.2447614823
17.8716412576
7.67055835319
1.2395358576
0.442838744506
0.109099112623
0.020133938635
0.00229687123648
0.00255680889876
0.00108324360176
7.9886822743e-05
4.19612307703e-05
4.41560513875e-05
2.63807438397e-06
1.10563875999e-06
6.34788568926e-07
3.86544706058e-07
2.28182327183e-07
1.27283752338e-07
6.79903682288e-08
3.49420807713e-08
-0.00172472852024
-4.08490539586e-05
0.00177323039107
RSS 523.5415351129648
BP MaxDensity 0.04892267615763222
EFS MaxDensity 0.04234934260884862
a0 3.340582622372021
e0 -4.344428839670047
b0 303.7181105383721
---END---
---START---
00000047
PARAMETERS 
43
3.40412282171
0.58588504692
-0.946562727213
-0.452017374429
-0.67552128771
-0.793182497379
-0.770311341292
-0.895393856027
-0.629890292952
-0.120108708129
0.0495215221934
0.0489776121229
0.0466922252422
-0.0124822973426
0.000881211941483
-1.94938564301
30.3447788472
24.3429643137
34.925004211
16.2431950665
17.8713446048
7.66857492825
1.2411264151
0.442768494634
0.109044238925
0.0201365041087
0.00229519743463
0.00255750344939
0.00108671131434
7.9915256601e-05
4.18923609264e-05
4.41569730373e-05
2.64195550588e-06
1.10592116338e-06
6.33949177477e-07
3.86899695758e-07
2.27771132173e-07
1.27184446479e-07
6.8147777159e-08
3.47512071127e-08
-0.00172967488607
-6.64266803591e-05
0.00179473465832
RSS 523.5440436826465
BP MaxDensity 0.04892267615763222
EFS MaxDensity 0.04234934260884862
a0 3.340949868741405
e0 -4.344888990378459
b0 303.5405060181849
---END---
---START---
00000048
PARAMETERS 
43
3.40409762507
0.585869045178
-0.946578262973
-0.452023930932
-0.67554736059
-0.793202716239
-0.770312721858
-0.895427292243
-0.629894295654
-0.120111741586
0.0495198629509
0.0489759028063
0.0466919359943
-0.012482040014
0.000881232900116
-1.94932571118
30.3451613211
24.3434795517
34.9241348688
16.242601961
17.8720554176
7.66844461842
1.24117135162
0.442751500354
0.109040167986
0.0201357538183
0.0022951686061
0.00255749353785
0.00108667301132
7.99129769376e-05
4.18939569281e-05
4.41566369585e-05
2.64200273588e-06
1.10593425889e-06
6.33960894858e-07
3.86889250032e-07
2.27770518741e-07
1.27183933839e-07
6.81468458444e-08
3.4751320412e-08
-0.00172963777595
-6.64978096095e-05
0.00179367041378
RSS 523.6027748337245
BP MaxDensity 0.04892267615763222
EFS MaxDensity 0.04234934260884862
a0 3.3408266578439907
e0 -4.345139892648306
b0 303.6248665879948
---END---
---START---
00000049
PARAMETERS 
43
3.40246165644
0.586470336633
-0.945262664283
-0.451075652424
-0.675325561624
-0.793470581141
-0.770631930827
-0.89559339667
-0.63024757224
-0.120041111317
0.0495177996655
0.0489808920978
0.0466421915058
-0.0124859435627
0.000877272898298
-1.94931931716
30.3698421159
24.3320217223
34.9565275473
16.2541832302
17.8610168138
7.66378964564
1.23976575406
0.44267850337
0.109078146601
0.0200830213233
0.00229644654732
0.00257959435648
0.00108455400256
8.03046044047e-05
4.18913735635e-05
4.4185153289e-05
2.64028873642e-06
1.10269205649e-06
6.29748973491e-07
3.86726932824e-07
2.28453665803e-07
1.2743524819e-07
6.79011078536e-08
3.47236141175e-08
-0.0017283427849
-3.73418138852e-05
0.00171451659648
RSS 523.6096366885763
BP MaxDensity 0.04892267615763222
EFS MaxDensity 0.04234934260884862
a0 3.3408081040757516
e0 -4.346539055159971
b0 302.18332978345825
---END---
---START---
00000050
PARAMETERS 
43
3.40027356148
0.586363384869
-0.946090579033
-0.45115608352
-0.675416469574
-0.793465018272
-0.770663179186
-0.89552439441
-0.630139208159
-0.119692731506
0.0495120138082
0.0489958407507
0.0466557398325
-0.0124856229501
0.00087742335755
-1.94948376518
30.3716384271
24.3362083435
34.9576034546
16.2302913666
17.857875824
7.66438293457
1.23997938633
0.442797085075
0.109044238925
0.0200831046803
0.00229697510966
0.00255975196201
0.0010874642081
7.97877311658e-05
4.18890312032e-05
4.42091003421e-05
2.64047614905e-06
1.10273240962e-06
6.35246240393e-07
3.86850256661e-07
2.28474114899e-07
1.27308236635e-07
6.79223776913e-08
3.47659049037e-08
-0.00172837718716
-3.845432463e-05
0.00192611850053
RSS 523.6535696867769
BP MaxDensity 0.04892267615763222
EFS MaxDensity 0.04234934260884862
a0 3.341329951605986
e0 -4.344862191540941
b0 301.6900855447285
---END---
---START---
00000051
PARAMETERS 
43
3.40093530424
0.586116100298
-0.946388843941
-0.451964151746
-0.675908078026
-0.792776865131
-0.770121408636
-0.896129139222
-0.630036031067
-0.120033411049
0.0494973135062
0.0489452924144
0.0466943814478
-0.0124867666246
0.000881118778998
-1.94938564301
30.3859448844
24.3362083435
34.9576034546
16.2413092841
17.873282045
7.67030873345
1.24035870044
0.442836087546
0.109087786942
0.0201361608546
0.00229741148365
0.00255661946517
0.00108343693642
8.0288223153e-05
4.19253055225e-05
4.41674755592e-05
2.63816289553e-06
1.10586294118e-06
6.34729103305e-07
3.86640246301e-07
2.27745554774e-07
1.27267156709e-07
6.79922061344e-08
3.49334517836e-08
-0.00172497134541
-4.12845365614e-05
0.00178905862213
RSS 523.658166535774
BP MaxDensity 0.04892267615763222
EFS MaxDensity 0.04234934260884862
a0 3.341271819867823
e0 -4.342622373122136
b0 304.22305904409006
---END---
---START---
00000052
PARAMETERS 
43
3.40422339691
0.5858563079
-0.946547720524
-0.452031235529
-0.675542581014
-0.793207564551
-0.770295044436
-0.895417863716
-0.629908220733
-0.120109497834
0.0495195784768
0.0489749373052
0.0466907501776
-0.0124821680597
0.000881238471892
-1.94935401739
30.3461417693
24.3437276557
34.923457343
16.2421071184
17.8717430863
7.66824400021
1.24120101382
0.442749243821
0.10903992281
0.0201350696796
0.00229520023954
0.00255746244895
0.00108663486375
7.99147534347e-05
4.18945883681e-05
4.41559055839e-05
2.64197678443e-06
1.10594354636e-06
6.33968673089e-07
3.86877041138e-07
2.27766998112e-07
1.27181637141e-07
6.81455926843e-08
3.47516823252e-08
-0.00172965316366
-6.65875471974e-05
0.00179444722051
RSS 523.6884471404497
BP MaxDensity 0.04892267615763222
EFS MaxDensity 0.04234934260884862
a0 3.340706446642872
e0 -4.345262003886357
b0 303.5832883183396
---END---
---START---
00000053
PARAMETERS 
43
3.39571440573
0.585778290058
-0.946167367437
-0.451985481566
-0.676923217278
-0.793398932945
-0.770266939319
-0.894683078269
-0.629090178961
-0.119540392224
0.0494289005473
0.0489375069353
0.0467004040488
-0.012484661436
0.000881193876762
-1.94715545223
30.3283385835
24.3406286926
34.9532415952
16.2451216909
17.8714825768
7.66974053816
1.23997938633
0.442867231888
0.109109252567
0.0201057003498
0.00229712096304
0.00255968419636
0.00108574218161
7.98927659032e-05
4.19059918485e-05
4.41752183492e-05
2.63811075026e-06
1.10444154328e-06
6.34089451857e-07
3.86794489186e-07
2.2821097654e-07
1.27274188384e-07
6.79335335129e-08
3.47606826115e-08
-0.00172486169339
-4.06372868662e-05
0.00202897397885
RSS 523.7048775578808
BP MaxDensity 0.04892267615763222
EFS MaxDensity 0.04234934260884862
a0 3.340654309109634
e0 -4.345676359762117
b0 303.5680296683755
---END---
---START---
00000054
PARAMETERS 
43
3.40261555656
0.586112818135
-0.946318097275
-0.451772449951
-0.676859544944
-0.793287268565
-0.770189239152
-0.895099929827
-0.629497130853
-0.120003635459
0.0494994522019
0.0489631037591
0.0466937166583
-0.0125259815419
0.000881701653451
-1.94812814346
30.3722442911
24.3569369659
34.9170960712
16.2420189461
17.8768965832
7.66584390974
1.23989932225
0.442904074744
0.108977126682
0.0201361092451
0.00231128110957
0.00258041831932
0.00108425138655
8.02365889733e-05
4.19038459766e-05
4.41500334194e-05
2.63715814543e-06
1.10592940453e-06
6.30464246808e-07
3.86352604869e-07
2.27856855557e-07
1.27295467294e-07
6.81303499072e-08
3.4972345249e-08
-0.00172813308058
-4.09734545954e-05
0.00177457753624
RSS 523.7128667935589
BP MaxDensity 0.04892267615763222
EFS MaxDensity 0.04234934260884862
a0 3.3404332511725685
e0 -4.34642783670992
b0 304.35989722275065
---END---
---START---
00000055
PARAMETERS 
43
3.4035319029
0.586101090857
-0.94606444343
-0.451956346649
-0.675009832691
-0.792758311035
-0.770284951068
-0.895364449908
-0.629861089283
-0.120095681959
0.0494427855357
0.0489324834045
0.046663880973
-0.0124897113442
0.000880983041046
-1.94906668886
30.3269339952
24.3365624467
34.9816990844
16.2431950665
17.8613887018
7.66818018648
1.23963975406
0.442802052098
0.109080199538
0.0201044591747
0.00229325821487
0.00255651772865
0.00108325591578
7.99726927055e-05
4.19558779643e-05
4.41569730373e-05
2.63739627982e-06
1.10564507227e-06
6.34355991216e-07
3.86549160747e-07
2.28253409828e-07
1.27264066717e-07
6.79800845247e-08
3.49422280993e-08
-0.00172512346701
-3.99302187418e-05
0.00205375564999
RSS 523.7540093866436
BP MaxDensity 0.04892267615763222
EFS MaxDensity 0.04234934260884862
a0 3.342797227428487
e0 -4.342094669681978
b0 303.1076571778835
---END---
---START---
00000056
PARAMETERS 
43
3.40027356148
0.586494624615
-0.945506304007
-0.452210184951
-0.676507270563
-0.793252160296
-0.770528752688
-0.89630606325
-0.630890162172
-0.120087296046
0.0495214595724
0.0489930267581
0.0466955265174
-0.0124930524421
0.000881682146232
-1.94938564301
30.3556213379
24.3530435211
34.9368114538
16.2537627767
17.8529522882
7.66438293457
1.23960380808
0.442808135401
0.109058426567
0.0201549793593
0.0022917303037
0.00257799633212
0.0010843344333
7.98706805837e-05
4.1893365112e-05
4.41526829428e-05
2.63621938566e-06
1.10562372829e-06
6.36331692249e-07
3.86959371145e-07
2.28256127911e-07
1.2734935453e-07
6.81230006375e-08
3.49957861737e-08
-0.00172711928146
-4.1769040897e-05
0.00199939948844
RSS 523.7580561206531
BP MaxDensity 0.04892267615763222
EFS MaxDensity 0.04234934260884862
a0 3.3409138731446864
e0 -4.34508079405535
b0 301.70410315353945
---END---
---START---
00000057
PARAMETERS 
43
3.40296809674
0.586098278452
-0.946218559411
-0.451845848213
-0.67679840643
-0.793180553928
-0.770117836305
-0.894729339095
-0.629503634002
-0.120082334724
0.0494986573277
0.0489467129558
0.0466613905422
-0.0124863623739
0.000880945866053
-1.94812430535
30.3205414509
24.3486730026
34.9842810006
16.2347684329
17.8762512416
7.66581351175
1.2395358576
0.4424035755
0.108974926775
0.0200815378169
0.00229700191493
0.00255680889876
0.00108621261265
7.98327305375e-05
4.19328100558e-05
4.41560513875e-05
2.63807438397e-06
1.10563875999e-06
6.34150971927e-07
3.86544706058e-07
2.27862899278e-07
1.27283752338e-07
6.81282524908e-08
3.47525487272e-08
-0.00172846191823
-4.08490539586e-05
0.00177323039107
RSS 523.7669569763116
BP MaxDensity 0.04892267615763222
EFS MaxDensity 0.04234934260884862
a0 3.3402219140394207
e0 -4.34588701799341
b0 303.0065884731442
---END---
---START---
00000058
PARAMETERS 
43
3.40412282171
0.58588504692
-0.946060108214
-0.451956346649
-0.676932832286
-0.792804490304
-0.770284951068
-0.895364449908
-0.629884937936
-0.120108708129
0.0494810814695
0.0489324834045
0.0466922252422
-0.0124866990713
0.000881211941483
-1.94659245315
30.3269339952
24.3365624467
34.9749326583
16.2431950665
17.8713446048
7.66857492825
1.23963975406
0.442803151856
0.109100471352
0.0201365041087
0.00229744384406
0.00255651772865
0.00108345552523
7.99036661638e-05
4.19558779643e-05
4.41569730373e-05
2.63799901082e-06
1.10592116338e-06
6.34673881213e-07
3.86632663707e-07
2.28230731919e-07
1.27264066717e-07
6.79800845247e-08
3.4940557991e-08
-0.00172512346701
-3.99302187418e-05
0.00179473465832
RSS 523.7793966041684
BP MaxDensity 0.04892267615763222
EFS MaxDensity 0.04234934260884862
a0 3.3426055576877487
e0 -4.342252772054645
b0 302.71366389826846
---END---
---START---
00000059
PARAMETERS 
43
3.39572234868
0.586420193568
-0.946468365012
-0.451996874502
-0.676871195959
-0.793390901832
-0.770302851067
-0.894726652383
-0.62909649124
-0.120094673853
0.0494524748567
0.0489387709108
0.0466029607963
-0.0124856560067
0.000881207333914
-1.94938564301
30.3233046677
24.3485513379
34.9821690104
16.2449028253
17.8748538694
7.67062486492
1.23997938633
0.442392827142
0.109072356476
0.0201262863583
0.0022973700566
0.00255979598273
0.00108327714733
7.98746117344e-05
4.19705523556e-05
4.41758699081e-05
2.63805186151e-06
1.1044216376e-06
6.35338567225e-07
3.8668985414e-07
2.28575118662e-07
1.27239141194e-07
6.7999745699e-08
3.47527382906e-08
-0.00172527028133
-7.32588143086e-05
0.00186956555978
RSS 523.8006946839319
BP MaxDensity 0.04892267615763222
EFS MaxDensity 0.04234934260884862
a0 3.339832569652357
e0 -4.347954815425282
b0 303.97819068579884
---END---
---START---
00000060
PARAMETERS 
43
3.40414268328
0.58600056056
-0.946635927808
-0.451971852707
-0.675317586665
-0.793218517619
-0.770178814198
-0.89531421594
-0.629847484492
-0.120089822537
0.0494423352571
0.0489378361377
0.0466968584714
-0.012485378063
0.000881099864319
-1.9490929268
30.3264847673
24.3404771696
34.9576034546
16.2286212839
17.8708127946
7.66438293457
1.23956038916
0.44276755736
0.108964489136
0.0201341308145
0.00229711951152
0.00255755292995
0.0010832860317
7.98446310952e-05
4.19288584834e-05
4.41191355006e-05
2.64085007539e-06
1.10315504847e-06
6.34869021434e-07
3.86664638055e-07
2.28944733127e-07
1.27269320191e-07
6.79994977775e-08
3.47002592342e-08
-0.00172670339836
-4.05897782664e-05
0.00187176809614
RSS 523.810284778967
BP MaxDensity 0.04892267615763222
EFS MaxDensity 0.04234934260884862
a0 3.3402115142395914
e0 -4.346540130284252
b0 303.86985462207565
---END---
---START---
00000061
PARAMETERS 
43
3.40330350701
0.586009870011
-0.946928531768
-0.45220440295
-0.675001070397
-0.792846778699
-0.770247192562
-0.895943481112
-0.630259459323
-0.119691035628
0.0493793518328
0.0488814811286
0.0465612953054
-0.012498582742
0.000878283013292
-1.95034879921
30.3807881861
24.3342069209
34.9699358185
16.2387562953
17.8511266019
7.67088434018
1.24092691164
0.443378860807
0.109048486441
0.0201204941526
0.00229601120112
0.00255656321732
0.00108492549984
7.98574288067e-05
4.19305237898e-05
4.40646358639e-05
2.64237013386e-06
1.10279496588e-06
6.34246071938e-07
3.8689344791e-07
2.28506299824e-07
1.27076854719e-07
6.79999593506e-08
3.46956151297e-08
-0.00172608945851
-7.15003628081e-05
0.0019660735068
RSS 523.8367627066636
BP MaxDensity 0.04892267615763222
EFS MaxDensity 0.04234934260884862
a0 3.3412202972830074
e0 -4.3436653036753565
b0 301.9674854752204
---END---
---START---
00000062
PARAMETERS 
43
3.40352365769
0.58638128019
-0.945204360795
-0.451201083073
-0.675425612813
-0.792901949246
-0.770207752466
-0.895592828867
-0.630191365306
-0.120015813383
0.0495117016489
0.0488559871064
0.0466355734589
-0.0124858563122
0.000877365767426
-1.94759295394
30.3698677165
24.33361568
34.9823634352
16.2312527986
17.8611472506
7.66468909672
1.24002676612
0.442797877681
0.109068691788
0.0200983183716
0.00229671227519
0.00258013649088
0.00108741362019
7.98995241006e-05
4.19206100383e-05
4.41849719967e-05
2.64325136558e-06
1.10270950084e-06
6.29983680876e-07
3.87399571214e-07
2.28098036175e-07
1.27189415293e-07
6.80059421584e-08
3.47023445809e-08
-0.00172592943078
-3.86652369223e-05
0.00213221520218
RSS 523.8400914738897
BP MaxDensity 0.04892267615763222
EFS MaxDensity 0.04234934260884862
a0 3.341525712128764
e0 -4.3441758020850125
b0 302.6812396670995
---END---
---START---
00000063
PARAMETERS 
43
3.40445249374
0.58648683514
-0.94623913789
-0.451522172469
-0.676800761345
-0.792948927904
-0.770450737299
-0.895097862428
-0.629759991975
-0.119665536427
0.0495059947171
0.0488953916087
0.0465465150401
-0.0124863351167
0.000876856376351
-1.94946136792
30.3561956339
24.3236637259
34.957885597
16.2307405159
17.8553364951
7.66435457596
1.24041003351
0.44243090762
0.10902222881
0.020115525246
0.00229557740295
0.00256177450439
0.00108609570947
7.98857810539e-05
4.19624696194e-05
4.41707982407e-05
2.64027901871e-06
1.10273623776e-06
6.344994648e-07
3.86547803439e-07
2.28951533839e-07
1.27245803449e-07
6.79905822283e-08
3.49414883084e-08
-0.00172514474697
-7.16188369709e-05
0.00186299090497
RSS 523.8798080574545
BP MaxDensity 0.04892267615763222
EFS MaxDensity 0.04234934260884862
a0 3.3424044104505275
e0 -4.342354880230419
b0 300.8181373096915
---END---
---START---
00000064
PARAMETERS 
43
3.40415003706
0.585975160217
-0.946023687005
-0.452021054459
-0.675514848172
-0.793178197602
-0.770331924769
-0.895428620494
-0.629882488255
-0.120110989519
0.0495228443153
0.0489777324087
0.0467279169705
-0.0124856924424
0.000881193887893
-1.94930941435
30.3449395081
24.3239937828
34.9241160158
16.2434880162
17.8707806469
7.66438293457
1.24117346832
0.442417009477
0.109045848909
0.0201358148108
0.0022956259682
0.00255750771371
0.00108672475234
7.99161194115e-05
4.18936959115e-05
4.41561076213e-05
2.64191146438e-06
1.10594568364e-06
6.33952130798e-07
3.86835676479e-07
2.28232993221e-07
1.27186674566e-07
6.81462638909e-08
3.47406647564e-08
-0.00172971918652
-6.65476491901e-05
0.00179643150266
RSS 523.8829393696243
BP MaxDensity 0.04892267615763222
EFS MaxDensity 0.04234934260884862
a0 3.341366384791621
e0 -4.344581578793977
b0 303.9354725120026
---END---
---START---
00000065
PARAMETERS 
43
3.4034441411
0.586370721234
-0.945190936419
-0.451196892554
-0.675405930737
-0.79292179793
-0.770210019107
-0.895595588229
-0.630174562604
-0.120018518092
0.0495121277714
0.0488556047207
0.0466366772337
-0.0124856677182
0.000877333832018
-1.94755289863
30.3702383606
24.3334328442
34.9824588352
16.2313961499
17.8614760622
7.66449812081
1.24001461024
0.442810372822
0.109071044652
0.0200987362901
0.0022967112095
0.00258009828575
0.00108737727412
7.98972856713e-05
4.19215011851e-05
4.41851208991e-05
2.64328563487e-06
1.10272960838e-06
6.29963309354e-07
3.87411467645e-07
2.28103387982e-07
1.27187840672e-07
6.80063556828e-08
3.47011512817e-08
-0.00172590010267
-3.87659253578e-05
0.0021315038836
RSS 523.885073005106
BP MaxDensity 0.04892267615763222
EFS MaxDensity 0.04234934260884862
a0 3.3414523917313814
e0 -4.34435971985224
b0 302.7867199352235
---END---
---START---
00000066
PARAMETERS 
43
3.40342905392
0.586378511812
-0.94516041295
-0.451203727989
-0.67539507428
-0.792911651676
-0.770190663673
-0.895595012823
-0.630171654182
-0.120013960041
0.0495118263242
0.0488549248123
0.0466359097784
-0.0124853050429
0.000877329262404
-1.94761258091
30.3704634663
24.332904318
34.9816837922
16.2314242938
17.8621145168
7.66443294392
1.23999029058
0.442827965247
0.109071196542
0.0200982995593
0.00229668800785
0.00258000691844
0.00108741041629
7.98969017988e-05
4.19219393734e-05
4.41842283213e-05
2.64335321508e-06
1.10276697446e-06
6.29941848892e-07
3.87398818831e-07
2.28110280917e-07
1.27189833918e-07
6.8007288413e-08
3.47015763718e-08
-0.00172596806873
-3.87446719067e-05
0.00213270019956
RSS 523.8890461159136
BP MaxDensity 0.04892267615763222
EFS MaxDensity 0.04234934260884862
a0 3.3413875282155647
e0 -4.344337898748296
b0 302.7940711947286
---END---
---START---
00000067
PARAMETERS 
43
3.40027356148
0.586494624615
-0.946090579033
-0.451886737499
-0.676911260351
-0.792915027289
-0.770220764937
-0.895516257458
-0.629967121159
-0.119654865894
0.0494902185775
0.0488896337656
0.0466401523179
-0.0124878371499
0.000878224598304
-1.94938564301
30.3556213379
24.3362083435
34.9812224114
16.2435581104
17.857875824
7.66984081371
1.23997938633
0.443104054551
0.109098476152
0.0201150761339
0.00229555608617
0.00255681202953
0.00108591663755
7.98379676163e-05
4.19584155827e-05
4.41624941301e-05
2.64267959352e-06
1.10581253816e-06
6.34711581853e-07
3.86591100154e-07
2.28520730252e-07
1.27199867667e-07
6.80267408015e-08
3.49398677101e-08
-0.00172497384338
-6.91371717537e-05
0.00177957094029
RSS 523.8919211663941
BP MaxDensity 0.04892267615763222
EFS MaxDensity 0.04234934260884862
a0 3.341604832737653
e0 -4.342778551949182
b0 302.0209607016813
---END---
---START---
00000068
PARAMETERS 
43
3.40027356148
0.586470336633
-0.945151005242
-0.451138240532
-0.675325561624
-0.793470581141
-0.770707020377
-0.895863849701
-0.629300688097
-0.119508197383
0.0495177996655
0.0489808920978
0.0466421915058
-0.0124836376681
0.000879476381657
-1.94931931716
30.3771060536
24.3320217223
34.9565275473
16.2541832302
17.8564032385
7.65892602415
1.23997938633
0.44267850337
0.109078146601
0.0201012292832
0.00229695536265
0.00255718921413
0.00108455400256
7.98835103665e-05
4.19152086707e-05
4.4185153289e-05
2.64028873642e-06
1.10199358519e-06
6.29748973491e-07
3.86818610298e-07
2.28671964048e-07
1.27179660375e-07
6.80749833514e-08
3.47236141175e-08
-0.00172579541532
-3.73418138852e-05
0.00171451659648
RSS 523.8958794400605
BP MaxDensity 0.04892267615763222
EFS MaxDensity 0.04234934260884862
a0 3.3414487625336364
e0 -4.344573367554181
b0 304.8265898928168
---END---
---START---
00000069
PARAMETERS 
43
3.40403948775
0.586000861628
-0.946344119014
-0.451881900457
-0.676779358072
-0.792862618361
-0.770332524813
-0.895481229381
-0.629943776581
-0.12008355931
0.0494895882838
0.0489369415601
0.0467005343313
-0.0124860384882
0.000881123539341
-1.94643009454
30.3218938996
24.3383535618
34.9781180147
16.241952644
17.8715528959
7.66982901823
1.23973042806
0.442784630049
0.109119465601
0.0201374755185
0.00229713681929
0.00255669526453
0.00108309530627
7.98804537059e-05
4.19652892456e-05
4.41570613888e-05
2.637825389e-06
1.10597711609e-06
6.3474981573e-07
3.86617720677e-07
2.28219532717e-07
1.27283671484e-07
6.79935234155e-08
3.49347044041e-08
-0.00172495131708
-4.06449758824e-05
0.00178979427766
RSS 523.9003558529897
BP MaxDensity 0.04892267615763222
EFS MaxDensity 0.04234934260884862
a0 3.342575947616656
e0 -4.342431176627436
b0 302.8428950622022
---END---
---START---
00000070
PARAMETERS 
43
3.4035319029
0.586101090857
-0.94606444343
-0.451840227024
-0.676903801829
-0.792758311035
-0.770258590722
-0.895606902005
-0.629861089283
-0.120095681959
0.0494853908561
0.0489335730787
0.0466987832757
-0.0124899667167
0.000880983041046
-1.94668817191
30.3305586224
24.342540206
34.9816990844
16.2455756845
17.8743779715
7.66874856134
1.23977071307
0.442802052098
0.109080199538
0.0201333614223
0.0022970972192
0.00255663611765
0.00108325591578
7.98793073292e-05
4.19576177554e-05
4.41600277431e-05
2.63802977407e-06
1.10564507227e-06
6.34678204677e-07
3.86549160747e-07
2.28253409828e-07
1.27271240399e-07
6.79739140417e-08
3.49422280993e-08
-0.00172525438466
-4.0059781425e-05
0.00177789725636
RSS 523.9033792471756
BP MaxDensity 0.04892267615763222
EFS MaxDensity 0.04234934260884862
a0 3.3425561882690693
e0 -4.342001979165476
b0 303.3571834193676
---END---
---START---
00000071
PARAMETERS 
43
3.40471027801
0.586223430222
-0.946052214481
-0.451970245004
-0.676785971498
-0.792716755851
-0.770251071067
-0.895431859244
-0.630017593005
-0.120060590938
0.0495094293507
0.0489366685172
0.0466962868561
-0.0124858666821
0.000880988472965
-1.94725035641
30.3271127772
24.3451287597
34.9698089345
16.2427022254
17.87143938
7.66965071085
1.23970310698
0.442799121421
0.109078384446
0.0201338319909
0.00229741609527
0.00255615700824
0.00108298152999
7.99045805029e-05
4.19610936566e-05
4.41627472972e-05
2.63772163097e-06
1.10576551152e-06
6.34700618587e-07
3.86679088726e-07
2.28248508911e-07
1.27272144179e-07
6.80033391219e-08
3.49399266201e-08
-0.00172527743227
-4.11193682399e-05
0.00180114608346
RSS 523.9203574075307
BP MaxDensity 0.04892267615763222
EFS MaxDensity 0.04234934260884862
a0 3.3428517955049197
e0 -4.3411705777896605
b0 302.3499899790749
---END---
---START---
00000072
PARAMETERS 
43
3.40327291394
0.585987583543
-0.946930702675
-0.452191459677
-0.674977401874
-0.792876896478
-0.77024486615
-0.895918647573
-0.630235783894
-0.119694674876
0.0493774753294
0.0488807527503
0.0465613803444
-0.0124984529784
0.000878288070685
-1.95029983367
30.3807194308
24.3337504866
34.9687333443
16.2388043226
17.8506464267
7.67077700586
1.24089596498
0.443388127769
0.109047509528
0.0201205804818
0.00229602356096
0.00255646616493
0.00108489014859
7.98603722335e-05
4.19312834707e-05
4.40660331326e-05
2.64243401452e-06
1.10278173769e-06
6.34251745917e-07
3.86885152197e-07
2.28505982507e-07
1.27078017723e-07
6.80009211871e-08
3.46966800247e-08
-0.00172615853117
-7.14959508565e-05
0.00196844310068
RSS 523.927973236265
BP MaxDensity 0.04892267615763222
EFS MaxDensity 0.04234934260884862
a0 3.3410870669423107
e0 -4.343973080981774
b0 302.0505606381161
---END---
---START---
00000073
PARAMETERS 
43
3.40320335401
0.585966761354
-0.946907295528
-0.452187867609
-0.674956277475
-0.792893131984
-0.770255538633
-0.895936829572
-0.630235960222
-0.119690359227
0.0493789446706
0.0488817267626
0.0465619363733
-0.0124987426135
0.000878302008486
-1.95032748728
30.3817117859
24.3345699229
34.9686666959
16.2386817586
17.8508588452
7.67056735708
1.24090372552
0.443383186629
0.109046137371
0.020121229533
0.00229607345838
0.00255654081561
0.00108492296435
7.98588263607e-05
4.1932484786e-05
4.40674860367e-05
2.64245713138e-06
1.10276786533e-06
6.3426855924e-07
3.86872498625e-07
2.28500333606e-07
1.27080088879e-07
6.8000296298e-08
3.46969233819e-08
-0.00172615552326
-7.15207380345e-05
0.00196806186332
RSS 523.9617584141067
BP MaxDensity 0.04892267615763222
EFS MaxDensity 0.04234934260884862
a0 3.341066100365454
e0 -4.344057321084244
b0 302.10196666005567
---END---
---START---
00000074
PARAMETERS 
43
3.40237491268
0.586477036999
-0.945455767473
-0.452013934285
-0.675360002674
-0.793342635069
-0.770737513749
-0.895554120408
-0.62972491791
-0.120023746384
0.0495144743445
0.0489895823666
0.0466464184182
-0.0124867375519
0.000880078613048
-1.949394603
30.3710247763
24.3350633851
34.9545369144
16.2544412543
17.8615830594
7.66382894517
1.23997749661
0.442794944046
0.10908415549
0.0200809966304
0.00229704447455
0.00257989160107
0.00108706800505
7.97825654535e-05
4.19651380122e-05
4.41800830931e-05
2.64092374441e-06
1.10259319361e-06
6.29802868661e-07
3.86782681121e-07
2.2845605339e-07
1.27413436547e-07
6.79213570628e-08
3.47252710599e-08
-0.00172818893253
-7.03796691507e-05
0.00169998039962
RSS 523.965012632417
BP MaxDensity 0.04892267615763222
EFS MaxDensity 0.04234934260884862
a0 3.3421819028445916
e0 -4.344740315167813
b0 303.6001795237684
---END---
---START---
00000075
PARAMETERS 
43
3.40453701976
0.586494624615
-0.946218559411
-0.451524830132
-0.67679840643
-0.79297925995
-0.770479222807
-0.895081287402
-0.629738480689
-0.119666250041
0.0495040612998
0.0488939769828
0.0465481986773
-0.0124863623739
0.000876864963427
-1.94938564301
30.3572642758
24.3239937828
34.9576034546
16.2302913666
17.8548125436
7.66438293457
1.240439366
0.442417009477
0.109025413976
0.020115758114
0.0022956259682
0.00256180952461
0.00108608382916
7.9886822743e-05
4.19612307703e-05
4.41725064421e-05
2.64036107079e-06
1.10274543101e-06
6.34510406118e-07
3.86544706058e-07
2.28943901263e-07
1.27243670594e-07
6.79903682288e-08
3.49420807713e-08
-0.00172508888353
-7.16580894613e-05
0.00186043790874
RSS 524.0366296393101
BP MaxDensity 0.04892267615763222
EFS MaxDensity 0.04234934260884862
a0 3.3424549854093293
e0 -4.342533731320423
b0 300.87854529569603
---END---
---START---
00000076
PARAMETERS 
43
3.40361750241
0.586082429063
-0.946081227417
-0.451850080075
-0.676895928819
-0.792730005688
-0.770251553931
-0.895573929525
-0.629844929418
-0.120096696633
0.0494848679625
0.0489329631455
0.0466997788918
-0.0124897868527
0.000880956683543
-1.94661680214
30.3297998618
24.343081276
34.9820660558
16.2456449716
17.8738029221
7.6688262933
1.23976183664
0.442796399435
0.109080414084
0.0201329942595
0.00229710914179
0.00255659270168
0.00108322973999
7.98776375127e-05
4.19563255602e-05
4.41590561969e-05
2.63801855599e-06
1.10565397093e-06
6.34679597109e-07
3.86537863167e-07
2.28247805924e-07
1.27271712597e-07
6.79750551719e-08
3.49422248117e-08
-0.00172529095052
-3.99248500649e-05
0.00178094497177
RSS 524.0377792602928
BP MaxDensity 0.04892267615763222
EFS MaxDensity 0.04234934260884862
a0 3.3426881303839964
e0 -4.341749803797672
b0 303.3219497159048
---END---
---START---
00000077
PARAMETERS 
43
3.4025919351
0.586563436349
-0.945066807995
-0.451251954457
-0.676871594261
-0.793465018272
-0.77026251692
-0.894570674003
-0.629408086955
-0.119539345011
0.0494507554793
0.0489424257127
0.0466581031588
-0.0124839075146
0.000879576224084
-1.94917738446
30.3556213379
24.3387096777
34.9420006047
16.2456571403
17.8590373588
7.66426956975
1.24004077587
0.443034607393
0.109032904218
0.0201099552634
0.0022969962781
0.00255720269504
0.00108637186292
7.99249438077e-05
4.19198059316e-05
4.4198124373e-05
2.64054667837e-06
1.10313736193e-06
6.30484675465e-07
3.87412134296e-07
2.28099212451e-07
1.27349008516e-07
6.80669452861e-08
3.47283735953e-08
-0.00172822803603
-6.6911843098e-05
0.00203770844737
RSS 524.0649728170781
BP MaxDensity 0.04892267615763222
EFS MaxDensity 0.04234934260884862
a0 3.3400448129143165
e0 -4.3463001552005815
b0 302.08275137535594
---END---
---START---
00000078
PARAMETERS 
43
3.40372480875
0.586096807952
-0.946071726364
-0.451850772986
-0.676916545128
-0.792761693765
-0.770280286228
-0.895577161567
-0.629867833441
-0.120095927089
0.0494851556995
0.0489335456711
0.0466993828896
-0.0124898396936
0.000880974488145
-1.94658759697
30.3295865709
24.3433288749
34.9813729114
16.2454100069
17.8735948074
7.66861655942
1.23971278268
0.442793725325
0.109080305432
0.020133286456
0.00229720044454
0.00255653940293
0.00108325503177
7.98762949755e-05
4.19565609582e-05
4.41601421787e-05
2.63808197577e-06
1.10566547408e-06
6.34696010761e-07
3.86545312587e-07
2.28246835649e-07
1.272729683e-07
6.7974194999e-08
3.49411182868e-08
-0.00172524355468
-3.98807143628e-05
0.00178047152277
RSS 524.0915727855989
BP MaxDensity 0.04892267615763222
EFS MaxDensity 0.04234934260884862
a0 3.342690266806272
e0 -4.341923635294022
b0 303.2468480339025
---END---
---START---
00000079
PARAMETERS 
43
3.40261555656
0.586971294576
-0.946694816353
-0.451772449951
-0.675329202589
-0.793287268565
-0.770189239152
-0.895099929827
-0.629771813871
-0.120003635459
0.0494524748567
0.0489088907777
0.0466899654119
-0.0124916864753
0.000879672394875
-1.94815951957
30.3722442911
24.3569369659
34.9843726876
16.2420189461
17.851414465
7.67062486492
1.23989932225
0.442904074744
0.108980494644
0.0201361092451
0.00229431793881
0.00258041831932
0.00108425138655
7.98345880915e-05
4.19038459766e-05
4.41689762727e-05
2.63715814543e-06
1.10592940453e-06
6.34147225703e-07
3.86352604869e-07
2.28028042343e-07
1.27333369209e-07
6.7999745699e-08
3.4972345249e-08
-0.00172813308058
-4.09734545954e-05
0.00177457753624
RSS 524.1406482921026
BP MaxDensity 0.04892267615763222
EFS MaxDensity 0.04234934260884862
a0 3.3403027011069293
e0 -4.347015261271224
b0 303.72677934283956
---END---
---START---
00000080
PARAMETERS 
43
3.40403948775
0.586000861628
-0.946227474734
-0.451962133777
-0.675416469574
-0.792810529675
-0.770173730693
-0.896172974442
-0.629898393973
-0.120084305846
0.0494895882838
0.0489369415601
0.0467005343313
-0.0124891315802
0.000881123539341
-1.94643009454
30.3205225907
24.3362083435
34.9781180147
16.242420674
17.857875824
7.66982901823
1.23997938633
0.442784630049
0.109104199143
0.0201374755185
0.0022935293957
0.00255669526453
0.00108689659821
7.98583639541e-05
4.19158353881e-05
4.41226415982e-05
2.6404931995e-06
1.10373042009e-06
6.3474981573e-07
3.86617720677e-07
2.28219532717e-07
1.27283671484e-07
6.79851045951e-08
3.49347044041e-08
-0.00172498902103
-4.06449758824e-05
0.00198006594223
RSS 524.1524490446145
BP MaxDensity 0.04892267615763222
EFS MaxDensity 0.04234934260884862
a0 3.3415007100027996
e0 -4.343033585880512
b0 305.11794704347267
---END---
---START---
00000081
PARAMETERS 
43
3.40382664067
0.586112818135
-0.946076765238
-0.452642290874
-0.675047734924
-0.793360114415
-0.770395867636
-0.895139005856
-0.629794874964
-0.120003635459
0.0495072611956
0.0489558398886
0.0466818266515
-0.012485619829
0.00087745373425
-1.95071378686
30.386112154
24.3569369659
34.9420134776
16.2420189461
17.8676170087
7.65790798765
1.23997938633
0.443043485697
0.109044238925
0.0201083425121
0.00231128110957
0.00257971367793
0.00108425138655
7.98325086426e-05
4.19472599804e-05
4.4319348775e-05
2.64245565899e-06
1.10262200112e-06
6.30464246808e-07
3.8683790115e-07
2.28467284407e-07
1.27397228162e-07
6.81303499072e-08
3.4972345249e-08
-0.00171648347653
-7.23282884597e-05
0.00187232403467
RSS 524.1549064816322
BP MaxDensity 0.04892267615763222
EFS MaxDensity 0.04234934260884862
a0 3.340893675356646
e0 -4.346089502206926
b0 303.37408630343907
---END---
---START---
00000082
PARAMETERS 
43
3.40453701976
0.586494624615
-0.946218559411
-0.450683213571
-0.67679840643
-0.79297925995
-0.77005067534
-0.895051521272
-0.629854318469
-0.120082334724
0.0495040612998
0.0489467129558
0.0465481986773
-0.0124863623739
0.000876864963427
-1.94668567494
30.3556213379
24.3430666539
34.9576034546
16.2302913666
17.8716412576
7.66438293457
1.2395358576
0.442838744506
0.109044238925
0.020115758114
0.0022918086789
0.00255117279014
0.00108608382916
7.9886822743e-05
4.19612307703e-05
4.41560513875e-05
2.64036107079e-06
1.10563875999e-06
6.34788568926e-07
3.86544706058e-07
2.28943901263e-07
1.27283752338e-07
6.79903682288e-08
3.49420807713e-08
-0.00172508888353
-4.08490539586e-05
0.00199168903729
RSS 524.1831536937271
BP MaxDensity 0.04892267615763222
EFS MaxDensity 0.04234934260884862
a0 3.339536720571399
e0 -4.345228968598514
b0 301.3887194664736
---END---
---START---
00000083
PARAMETERS 
43
3.40027356148
0.586494624615
-0.946090579033
-0.452210184951
-0.675416469574
-0.79292179793
-0.770210019107
-0.895595588229
-0.630174562604
-0.120018518092
0.0495214595724
0.0488556047207
0.0466210135885
-0.0125045679651
0.000881682146232
-1.95007160187
30.3570199136
24.3334328442
34.9576034546
16.2313961499
17.857875824
7.66244168418
1.24001461024
0.442808135401
0.109071044652
0.0200987362901
0.0022967112095
0.00255453216026
0.00108733657536
8.02741074641e-05
4.19215011851e-05
4.40571350055e-05
2.64328563487e-06
1.10562372829e-06
6.34786698042e-07
3.87411467645e-07
2.27728064535e-07
1.2734935453e-07
6.80063556828e-08
3.49957861737e-08
-0.00172590010267
-3.87659253578e-05
0.0021315038836
RSS 524.1871558635731
BP MaxDensity 0.04892267615763222
EFS MaxDensity 0.04234934260884862
a0 3.341599906551722
e0 -4.344430128342893
b0 303.00385213097564
---END---
---START---
00000084
PARAMETERS 
43
3.40322194822
0.586457243595
-0.945270213115
-0.451135240592
-0.675510764523
-0.793465018272
-0.770624258686
-0.896057097449
-0.630473719228
-0.119678759954
0.0495155898822
0.0489895089542
0.0466599354097
-0.0124840667277
0.000877619771181
-1.94919679328
30.3710455281
24.3382363614
34.9576034546
16.252849584
17.8602678434
7.66438293457
1.24018541058
0.442801907056
0.109086459678
0.0201456187694
0.00231056268876
0.00255885756445
0.00108485947152
8.03029859333e-05
4.18911723043e-05
4.41865400172e-05
2.63916470958e-06
1.10490628176e-06
6.29982588971e-07
3.86852067973e-07
2.27548501349e-07
1.27412142615e-07
6.80351558099e-08
3.47012009655e-08
-0.00172865579897
-3.827853825e-05
0.00191644764112
RSS 524.1875537788205
BP MaxDensity 0.04892267615763222
EFS MaxDensity 0.04234934260884862
a0 3.340647069836955
e0 -4.34534292101249
b0 301.79973933501356
---END---
---START---
00000085
PARAMETERS 
43
3.4025919351
0.586563436349
-0.945066807995
-0.451251954457
-0.676871594261
-0.793167488844
-0.77026251692
-0.895523155321
-0.629408086955
-0.119539345011
0.0495146739511
0.0489424257127
0.0466581031588
-0.0124843118282
0.000879672394875
-1.94917738446
30.3556213379
24.3387096777
34.955097156
16.2456571403
17.851414465
7.66426956975
1.24004077587
0.442807219475
0.109032904218
0.0201099552634
0.0022969962781
0.00255720269504
0.00108637186292
8.03063964697e-05
4.18889299438e-05
4.4198124373e-05
2.6404729294e-06
1.10313736193e-06
6.29833672236e-07
3.8668985414e-07
2.28448537164e-07
1.27349008516e-07
6.80669452861e-08
3.47363795885e-08
-0.00172822803603
-6.6911843098e-05
0.00203770844737
RSS 524.1914678471948
BP MaxDensity 0.04892267615763222
EFS MaxDensity 0.04234934260884862
a0 3.340741062394943
e0 -4.3437914456971445
b0 303.84126740669996
---END---
---START---
00000086
PARAMETERS 
43
3.40322194822
0.586457243595
-0.945270213115
-0.451135240592
-0.675510764523
-0.793586903912
-0.77060098724
-0.89553794015
-0.630264480929
-0.120035590791
0.0495089829889
0.0489895089542
0.0466599354097
-0.0124840667277
0.000877472870387
-1.94919679328
30.3710455281
24.3382363614
34.9547041106
16.252849584
17.8602678434
7.66580205935
1.24018541058
0.442801907056
0.109086459678
0.0200806339779
0.00229711345169
0.00257973142637
0.00108485947152
8.03029859333e-05
4.18911723043e-05
4.41865400172e-05
2.64064415777e-06
1.10263239749e-06
6.29982588971e-07
3.86852067973e-07
2.28501245318e-07
1.27412142615e-07
6.79215737478e-08
3.4737526608e-08
-0.00172865579897
-3.827853825e-05
0.00172995937189
RSS 524.1948312140906
BP MaxDensity 0.04892267615763222
EFS MaxDensity 0.04234934260884862
a0 3.340179396753362
e0 -4.347561616115923
b0 302.19924002557696
---END---
---START---
00000087
PARAMETERS 
43
3.40222637647
0.586535689057
-0.945506304007
-0.452210184951
-0.676507270563
-0.793252160296
-0.770528752688
-0.895532340828
-0.629651255137
-0.120087296046
0.0495214595724
0.0489930267581
0.0466836781667
-0.01251602771
0.000881682146232
-1.95007160187
30.3570199136
24.3530435211
34.9368114538
16.2537627767
17.8599947565
7.66244168418
1.23960380808
0.442808135401
0.109022893987
0.0201351758326
0.00231184567639
0.00257799633212
0.0010843344333
8.02741074641e-05
4.1893365112e-05
4.41526829428e-05
2.63776058377e-06
1.10562372829e-06
6.29871895148e-07
3.86297275348e-07
2.27728064535e-07
1.2734935453e-07
6.81230006375e-08
3.49957861737e-08
-0.00172781756865
-4.1769040897e-05
0.00179708825797
RSS 524.204039078635
BP MaxDensity 0.04892267615763222
EFS MaxDensity 0.04234934260884862
a0 3.3418688955193607
e0 -4.344852544078931
b0 304.26056785401937
---END---
---START---
00000088
PARAMETERS 
43
3.40356010618
0.586063529588
-0.946078757429
-0.451841268319
-0.676921278095
-0.792722451184
-0.770260225697
-0.895594346688
-0.629859681413
-0.120094955599
0.0494846451502
0.0489320365269
0.0467015538406
-0.0124898776684
0.000880943958304
-1.94656873181
30.3293867399
24.3434461611
34.9811444142
16.245235886
17.8739730804
7.66866170383
1.2397571875
0.442809500092
0.109078891484
0.0201329818935
0.00229705151822
0.00255665480921
0.00108323774088
7.98792779688e-05
4.19570335031e-05
4.41593618072e-05
2.63795396784e-06
1.10561051268e-06
6.34696194053e-07
3.86530707945e-07
2.28250946648e-07
1.2727136923e-07
6.79729937838e-08
3.49424767888e-08
-0.00172526609343
-4.00461940238e-05
0.0017808457029
RSS 524.2056696823947
BP MaxDensity 0.04892267615763222
EFS MaxDensity 0.04234934260884862
a0 3.3427693935268037
e0 -4.341653862072724
b0 303.30478710062795
---END---
---START---
00000089
PARAMETERS 
43
3.40261555656
0.586018044003
-0.946318097275
-0.451881683685
-0.676874221632
-0.792892362064
-0.770189239152
-0.895099929827
-0.629497130853
-0.120094921075
0.0494883857836
0.0489631037591
0.0466952655115
-0.0125259815419
0.000881076677105
-1.94812814346
30.3227563509
24.3480438788
34.9170960712
16.2431112816
17.875058282
7.66882046108
1.23989932225
0.442781921965
0.109065441693
0.0201334468824
0.00229738770028
0.00258041831932
0.00108425138655
7.98938898765e-05
4.19678116247e-05
4.41616826629e-05
2.63819516828e-06
1.10578286569e-06
6.30464246808e-07
3.86599100585e-07
2.27856855557e-07
1.27243551375e-07
6.81303499072e-08
3.4939977672e-08
-0.00172494871863
-4.09734545954e-05
0.00179040415534
RSS 524.2697172247643
BP MaxDensity 0.04892267615763222
EFS MaxDensity 0.04234934260884862
a0 3.34223400140323
e0 -4.343105510017419
b0 303.9654388688749
---END---
---START---
00000090
PARAMETERS 
43
3.4025919351
0.586439022221
-0.945066807995
-0.451981812828
-0.676871594261
-0.793414451893
-0.77026251692
-0.894646489688
-0.629408086955
-0.119539345011
0.0494155346298
0.0489424257127
0.0467537362347
-0.0124839075146
0.000879576224084
-1.94917738446
30.3228622973
24.3387096777
34.9809474166
16.2453132854
17.8751470396
7.66426956975
1.23972767863
0.44286174756
0.109032904218
0.020125907401
0.0022969962781
0.00255978316672
0.00108637186292
7.99249438077e-05
4.19688043457e-05
4.41754515229e-05
2.63812783245e-06
1.10442004728e-06
6.34723863838e-07
3.87412134296e-07
2.28585354462e-07
1.27349008516e-07
6.80669452861e-08
3.47283735953e-08
-0.00172524547845
-4.11215939993e-05
0.00203770844737
RSS 524.2715539017879
BP MaxDensity 0.04892267615763222
EFS MaxDensity 0.04234934260884862
a0 3.3408934889243875
e0 -4.345488347866177
b0 302.81102143695
---END---
---START---
00000091
PARAMETERS 
43
3.4003479795
0.586498826354
-0.946895292923
-0.451251642815
-0.674926268547
-0.792854625991
-0.770351508619
-0.895910450872
-0.630375181672
-0.119668358794
0.0493768346638
0.048872724663
0.0465648792287
-0.0124717120103
0.000877984914128
-1.94956640436
30.3508310986
24.3377039525
34.9615815795
16.2411398087
17.8544394167
7.66358967471
1.23979180211
0.443318762727
0.109041347914
0.0201219149259
0.00229603743978
0.00255597628927
0.00108508018271
7.98577731222e-05
4.19336126731e-05
4.40498211975e-05
2.64243545245e-06
1.10236261827e-06
6.34122973992e-07
3.86860211314e-07
2.28542002774e-07
1.27209399609e-07
6.79211961768e-08
3.47176853748e-08
-0.00172625420185
-7.11124826563e-05
0.00197082642058
RSS 524.276854823318
BP MaxDensity 0.04892267615763222
EFS MaxDensity 0.04234934260884862
a0 3.341604922390426
e0 -4.3431255357509855
b0 301.13177423826625
---END---
---START---
00000092
PARAMETERS 
43
3.40002698644
0.586525175899
-0.946837482518
-0.451198450156
-0.674964533152
-0.792765926476
-0.770238828583
-0.896036542252
-0.63034880852
-0.119683341773
0.049374398474
0.0488757675177
0.0465713564441
-0.0124706910702
0.000878049910108
-1.94945554899
30.3476956599
24.3393873922
34.9544815786
16.240264331
17.8528138007
7.66279729316
1.23990033826
0.443239265348
0.109060277193
0.0201221848966
0.00229624244887
0.00255586735732
0.00108508312817
7.98526273559e-05
4.19285538172e-05
4.40572451753e-05
2.64245415501e-06
1.10216346279e-06
6.34193063498e-07
3.86915784617e-07
2.2855570264e-07
1.27193854093e-07
6.79148656643e-08
3.47226171882e-08
-0.00172607573714
-7.16518352126e-05
0.00196601696339
RSS 524.2831722844453
BP MaxDensity 0.04892267615763222
EFS MaxDensity 0.04234934260884862
a0 3.3412874482212866
e0 -4.342841332140372
b0 301.5505147753775
---END---
---START---
00000093
PARAMETERS 
43
3.40002698644
0.586542812136
-0.946875040986
-0.451198450156
-0.674964533152
-0.792765926476
-0.770238828583
-0.896036542252
-0.63034880852
-0.119686450907
0.049374398474
0.0488757675177
0.0465717736225
-0.0124702201478
0.000878048146251
-1.94945554899
30.3466143214
24.3398968091
34.9547192508
16.2404754658
17.8529995472
7.66270151353
1.23990572702
0.443248565542
0.10906095643
0.0201221848966
0.00229624244887
0.00255593610822
0.00108508312817
7.98522952644e-05
4.19285538172e-05
4.4057810997e-05
2.64253285071e-06
1.10216346279e-06
6.34193063498e-07
3.86915784617e-07
2.28555954607e-07
1.27193854093e-07
6.7912570952e-08
3.47230470537e-08
-0.00172611334616
-7.17619446912e-05
0.00196614174883
RSS 524.2855497158189
BP MaxDensity 0.04892267615763222
EFS MaxDensity 0.04234934260884862
a0 3.341284120652824
e0 -4.342847343906343
b0 301.55429513552093
---END---
---START---
00000094
PARAMETERS 
43
3.39564594326
0.586563436349
-0.946457438584
-0.451251954457
-0.676901573751
-0.793465018272
-0.770179906857
-0.894570674003
-0.629109874984
-0.120099162521
0.0494507554793
0.048937098682
0.0466581031588
-0.0124879395659
0.000881228739882
-1.94718492104
30.3556213379
24.3482153711
34.9420006047
16.2456571403
17.8590373588
7.66933315794
1.24004077587
0.443034607393
0.109072128497
0.0201099552634
0.00229746573956
0.00255720269504
0.00108323585649
7.9872830484e-05
4.19198059316e-05
4.4198124373e-05
2.64054667837e-06
1.10313736193e-06
6.30484675465e-07
3.86586409958e-07
2.28099212451e-07
1.27244734271e-07
6.7883819666e-08
3.47628588022e-08
-0.00172822803603
-6.6911843098e-05
0.00178970831558
RSS 524.2926673045106
BP MaxDensity 0.04892267615763222
EFS MaxDensity 0.04234934260884862
a0 3.33935717906154
e0 -4.348759166082651
b0 304.3051743191859
---END---
---START---
00000095
PARAMETERS 
43
3.40004729105
0.586525175899
-0.946837482518
-0.451187074209
-0.674942909569
-0.792748915013
-0.770232333419
-0.896054469504
-0.630367661947
-0.119683341773
0.0493741536269
0.0488776058536
0.0465713564441
-0.0124706910702
0.000878049910108
-1.94952861587
30.3476956599
24.3393873922
34.9544815786
16.240264331
17.8528138007
7.66279729316
1.23990033826
0.443239265348
0.109060277193
0.0201223798153
0.00229618614932
0.00255586735732
0.00108505800352
7.98526273559e-05
4.1927308813e-05
4.40572451753e-05
2.64245415501e-06
1.10215611036e-06
6.34171560772e-07
3.86927550857e-07
2.2855570264e-07
1.27188870354e-07
6.79148656643e-08
3.47226171882e-08
-0.00172607573714
-7.16518352126e-05
0.00196601696339
RSS 524.3095309503892
BP MaxDensity 0.04892267615763222
EFS MaxDensity 0.04234934260884862
a0 3.341308599220861
e0 -4.34270044525278
b0 301.5095921087472
---END---
---START---
00000096
PARAMETERS 
43
3.40004729105
0.586542812136
-0.946875040986
-0.451187074209
-0.674942909569
-0.792748915013
-0.770232333419
-0.896054469504
-0.630367661947
-0.119686450907
0.0493741536269
0.0488776058536
0.0465717736225
-0.0124702201478
0.000878048146251
-1.94952861587
30.3466143214
24.3398968091
34.9547192508
16.2404754658
17.8529995472
7.66270151353
1.23990572702
0.443248565542
0.10906095643
0.0201223798153
0.00229618614932
0.00255593610822
0.00108505800352
7.98522952644e-05
4.1927308813e-05
4.4057810997e-05
2.64253285071e-06
1.10215611036e-06
6.34171560772e-07
3.86927550857e-07
2.28555954607e-07
1.27188870354e-07
6.7912570952e-08
3.47230470537e-08
-0.00172611334616
-7.17619446912e-05
0.00196614174883
RSS 524.3118374796145
BP MaxDensity 0.04892267615763222
EFS MaxDensity 0.04234934260884862
a0 3.341305270486494
e0 -4.342706456333799
b0 301.51337010143334
---END---
---START---
00000097
PARAMETERS 
43
3.40027356148
0.586494624615
-0.946060108214
-0.451454397146
-0.675416469574
-0.792915027289
-0.770220764937
-0.895516257458
-0.629967121159
-0.119654865894
0.0494902185775
0.0489424257127
0.0466401523179
-0.0124866990713
0.000877636236693
-1.94795383548
30.3556213379
24.3362083435
34.9812224114
16.2435581104
17.857875824
7.66984081371
1.23997938633
0.443104054551
0.109098476152
0.0201150761339
0.00229737083705
0.00255681202953
0.00108623376333
7.98379676163e-05
4.19308987924e-05
4.40355232907e-05
2.64119391613e-06
1.10197451006e-06
6.35168170478e-07
3.86591100154e-07
2.28145000792e-07
1.27302900092e-07
6.80267408015e-08
3.49398677101e-08
-0.00172715512294
-6.91371717537e-05
0.00177957094029
RSS 524.3200598935529
BP MaxDensity 0.04892267615763222
EFS MaxDensity 0.04234934260884862
a0 3.341550847438759
e0 -4.342149584794999
b0 302.2097907150898
---END---
---START---
00000098
PARAMETERS 
43
3.40471027801
0.586021537409
-0.946052214481
-0.451970245004
-0.676785971498
-0.793379242041
-0.770272740753
-0.895117536897
-0.630017593005
-0.120060590938
0.0495094293507
0.0489366685172
0.0467497775043
-0.0124799137885
0.00087923333009
-1.94725035641
30.347850587
24.3449711017
34.9698089345
16.2206334668
17.8529522882
7.66965071085
1.23930617577
0.442529776688
0.109078384446
0.020131722015
0.00229568243574
0.00255615700824
0.00108562172254
7.98706805837e-05
4.19610936566e-05
4.41679763996e-05
2.63621938566e-06
1.10576551152e-06
6.34700618587e-07
3.86679088726e-07
2.28248508911e-07
1.27272144179e-07
6.79785792113e-08
3.47627697783e-08
-0.00172538816662
-6.58771092903e-05
0.00201319908956
RSS 524.3260069472403
BP MaxDensity 0.04892267615763222
EFS MaxDensity 0.04234934260884862
a0 3.3404317056137867
e0 -4.346741499670752
b0 302.9053473323501
---END---
---START---
00000099
PARAMETERS 
43
3.40278790363
0.586793033996
-0.946090579033
-0.451900438055
-0.676879377017
-0.792936733391
-0.770186543708
-0.894831812866
-0.628960467895
-0.120101169943
0.0494896637742
0.0489392808645
0.0466852695061
-0.0124782554739
0.000881514539774
-1.94915561884
30.3960536995
24.3474144409
34.9818085156
16.2287858446
17.8752077589
7.66931732777
1.23958036997
0.4427655489
0.109044238925
0.0201325974331
0.00229747735395
0.00257607155599
0.00108326380174
7.98954182228e-05
4.19661343294e-05
4.41269856855e-05
2.63829644418e-06
1.10577508799e-06
6.30272600518e-07
3.84017098823e-07
2.2856813251e-07
1.27246104969e-07
6.7887565779e-08
3.49716687936e-08
-0.0017249411341
-6.82130556743e-05
0.00176159371836
RSS 524.3323302705562
BP MaxDensity 0.04892267615763222
EFS MaxDensity 0.04234934260884862
a0 3.341864516447076
e0 -4.34344323059695
b0 304.79509173182424
---END---
---START---
00000100
PARAMETERS 
43
3.40027356148
0.586494624615
-0.947076631615
-0.451407718942
-0.675416469574
-0.793620378483
-0.770556901557
-0.895325251067
-0.629661131944
-0.119648670026
0.0495059990053
0.0489872930782
0.0466550092827
-0.0124933265052
0.00087878240563
-1.94934580201
30.3573971885
24.3501335081
34.9493439389
16.2518206607
17.857875824
7.66848025375
1.23979652553
0.442792966059
0.109044238925
0.0200803760798
0.00229175126889
0.00255709008729
0.00108496768511
8.0308615705e-05
4.18893585229e-05
4.41393273382e-05
2.64067555875e-06
1.10278029591e-06
6.34520299914e-07
3.86862534619e-07
2.28527926501e-07
1.27404609626e-07
6.79257127451e-08
3.47411285262e-08
-0.00172869690664
-6.90928291624e-05
0.00171401851805
RSS 524.3340199075283
BP MaxDensity 0.04892267615763222
EFS MaxDensity 0.04234934260884862
a0 3.3403679904941965
e0 -4.3466694800063985
b0 303.32010447586777
---END---
