RSS:  
12800181.713714544

P:  
-0.00111133121599
0.138357846675
0.522960246931
-4.35626021427
-3.72176954204
0.0251393880377
0.295652445044
-0.651304269016
0.46369223941
-0.201287749762
-0.458993539919
0.839580166171
-0.633465499934
2.90433902578
-0.7802246258
0.150811969102
-3.20939051443
0.0914106298216
0.0317729694147

EFS Density:
4.704074584414936

BP Density:
4.687312933781872


Known:
a0:     3.89
e0:     -3.91
B0:     179.99999999949853
EC:     234.000 176.000 176.000  0.000  0.000  0.000 
        176.000 234.000 176.000  0.000  0.000  0.000 
        176.000 176.000 234.000  0.000  0.000  0.000 
         0.000  0.000  0.000 71.200  0.000  0.000 
         0.000  0.000  0.000  0.000 71.200  0.000 
         0.000  0.000  0.000  0.000  0.000 71.200 

Calculated:
a0:     3.8433988787348
e0:     -9.761859079303637
B0:     10488.22658097032
EC:     4750.217 2909.918 2909.918  0.000  0.000  0.000 
        2909.918 4750.217 2909.918  0.000  0.000  0.000 
        2909.918 2909.918 4750.217  0.000  0.000  0.000 
         0.000  0.000  0.000 620.100  0.000  0.000 
         0.000  0.000  0.000  0.000 620.100  0.000 
         0.000  0.000  0.000  0.000  0.000 620.100 




RSS Details:  
===============================  
Total:      12800181.713714544
a0:         0.00217166450317
e0:         34.244254684
b0:         4138.81750482
ec:         4165.25797374
g:          0.0
e:          0.0
v:          0.0
a0 (w):     54.2916125793
e0 (w):     856106.367101
b0 (w):     4138817.50482
ec (w):     4165257.97374
g (w):      0.0
e (w):      0.0
v (w):      0.0


