########################
# 00000001
########################
RSS 1369.3233472179177
BP 0:
a0:   3.6083e+00   e0:  -4.3450e+00   b0:   2.5022e+02   
P: 
  3.9337e-02  -2.8885e-04  -2.4406e-02  -1.4954e-02  -2.3859e-01 
 -3.3277e-01  -4.2591e-01  -1.2811e-01   6.3006e-02   3.0203e-02 
 -4.5302e-02  -1.2680e-01  -1.1160e-03  -1.9494e+00   3.0356e+01 
  2.4336e+01   3.4958e+01   1.6230e+01   1.7858e+01   7.6644e+00 
  1.2400e+00   4.4252e-01   1.0904e-01   2.0054e-02   2.2962e-03 
  2.5583e-03   1.0877e-03   7.9882e-05   4.1882e-05   4.4069e-05 
  2.6414e-06   1.1025e-06   6.3515e-07   3.8751e-07   2.2807e-07 
  1.2762e-07   6.8033e-08   3.4710e-08  -6.4161e-02   9.8433e-04 


########################
# 00000002
########################
RSS 45316.710498696
BP 0:
a0:   3.7587e+00   e0:  -4.7954e+00   b0:   4.0922e+02   
P: 
  3.9337e-02  -8.3261e-04   7.7684e-03   7.8005e-04  -1.8780e-01 
 -3.3277e-01  -4.2591e-01  -2.7963e-01   1.8159e-01   7.6973e-02 
 -8.9891e-02  -9.4891e-02  -3.0405e-03  -1.9494e+00   3.0356e+01 
  2.4336e+01   3.4958e+01   1.6230e+01   1.7858e+01   7.6644e+00 
  1.2400e+00   4.4252e-01   1.0904e-01   2.0054e-02   2.2962e-03 
  2.5583e-03   1.0877e-03   7.9882e-05   4.1882e-05   4.4069e-05 
  2.6414e-06   1.1025e-06   6.3515e-07   3.8751e-07   2.2807e-07 
  1.2762e-07   6.8033e-08   3.4710e-08  -6.7875e-02   5.5364e-04 


########################
# 00000003
########################
RSS 184225.28526603663
BP 0:
a0:   3.6019e+00   e0:  -3.7318e+00   b0:   4.5759e+02   
P: 
  3.9337e-02  -8.3229e-04  -4.0654e-02  -1.1639e-02  -2.2727e-01 
 -3.3277e-01  -4.2591e-01  -1.2892e-01   1.0002e-01   4.3733e-02 
  9.7368e-03  -1.1770e-01  -4.0892e-04  -1.9494e+00   3.0356e+01 
  2.4336e+01   3.4958e+01   1.6230e+01   1.7858e+01   7.6644e+00 
  1.2400e+00   4.4252e-01   1.0904e-01   2.0054e-02   2.2962e-03 
  2.5583e-03   1.0877e-03   7.9882e-05   4.1882e-05   4.4069e-05 
  2.6414e-06   1.1025e-06   6.3515e-07   3.8751e-07   2.2807e-07 
  1.2762e-07   6.8033e-08   3.4710e-08  -5.8993e-02   1.3049e-03 


########################
# 00000004
########################
RSS 321566.12468588905
BP 0:
a0:   3.5269e+00   e0:  -5.2566e+00   b0:   6.4965e+02   
P: 
  3.9337e-02  -4.3836e-04  -8.5443e-04  -3.4312e-02  -2.9305e-01 
 -3.3277e-01  -4.2591e-01  -3.6558e-01   1.7022e-01   8.1923e-02 
  3.0430e-02  -2.1782e-01  -1.3235e-03  -1.9494e+00   3.0356e+01 
  2.4336e+01   3.4958e+01   1.6230e+01   1.7858e+01   7.6644e+00 
  1.2400e+00   4.4252e-01   1.0904e-01   2.0054e-02   2.2962e-03 
  2.5583e-03   1.0877e-03   7.9882e-05   4.1882e-05   4.4069e-05 
  2.6414e-06   1.1025e-06   6.3515e-07   3.8751e-07   2.2807e-07 
  1.2762e-07   6.8033e-08   3.4710e-08  -5.8907e-02   1.2691e-03 


########################
# 00000005
########################
RSS 642553.6736264279
BP 0:
a0:   3.4325e+00   e0:  -5.5842e+00   b0:   6.2783e+02   
P: 
  3.9337e-02  -8.7655e-05  -1.5660e-02   1.3562e-02  -2.6799e-01 
 -3.3277e-01  -4.2591e-01   1.1102e-01   8.8736e-03   3.2087e-02 
 -2.2108e-02  -2.1812e-01  -7.2485e-04  -1.9494e+00   3.0356e+01 
  2.4336e+01   3.4958e+01   1.6230e+01   1.7858e+01   7.6644e+00 
  1.2400e+00   4.4252e-01   1.0904e-01   2.0054e-02   2.2962e-03 
  2.5583e-03   1.0877e-03   7.9882e-05   4.1882e-05   4.4069e-05 
  2.6414e-06   1.1025e-06   6.3515e-07   3.8751e-07   2.2807e-07 
  1.2762e-07   6.8033e-08   3.4710e-08  -7.0009e-02   1.4316e-03 


########################
# 00000006
########################
RSS 878065.2890693194
BP 0:
a0:   3.5674e+00   e0:  -3.5754e+00   b0:   1.9182e+03   
P: 
  3.9337e-02  -6.0199e-04  -1.2321e-02  -3.7838e-02  -7.3091e-02 
 -3.3277e-01  -4.2591e-01   1.8409e-02  -1.4994e-02   1.5890e-02 
 -3.9936e-02  -8.2850e-02  -2.4169e-03  -1.9494e+00   3.0356e+01 
  2.4336e+01   3.4958e+01   1.6230e+01   1.7858e+01   7.6644e+00 
  1.2400e+00   4.4252e-01   1.0904e-01   2.0054e-02   2.2962e-03 
  2.5583e-03   1.0877e-03   7.9882e-05   4.1882e-05   4.4069e-05 
  2.6414e-06   1.1025e-06   6.3515e-07   3.8751e-07   2.2807e-07 
  1.2762e-07   6.8033e-08   3.4710e-08  -5.8662e-02   1.0709e-03 


########################
# 00000007
########################
RSS 925806.5396057777
BP 0:
a0:   3.5290e+00   e0:  -5.7066e+00   b0:   1.2914e+03   
P: 
  3.9337e-02  -1.1809e-04  -2.7057e-02  -2.0582e-02  -2.2629e-01 
 -3.3277e-01  -4.2591e-01  -3.1196e-01   1.3375e-01   3.2447e-02 
 -1.3941e-02  -2.1835e-01  -1.0088e-03  -1.9494e+00   3.0356e+01 
  2.4336e+01   3.4958e+01   1.6230e+01   1.7858e+01   7.6644e+00 
  1.2400e+00   4.4252e-01   1.0904e-01   2.0054e-02   2.2962e-03 
  2.5583e-03   1.0877e-03   7.9882e-05   4.1882e-05   4.4069e-05 
  2.6414e-06   1.1025e-06   6.3515e-07   3.8751e-07   2.2807e-07 
  1.2762e-07   6.8033e-08   3.4710e-08  -6.2934e-02   7.6204e-04 


########################
# 00000008
########################
RSS 995790.0140898731
BP 0:
a0:   3.7219e+00   e0:  -2.7227e+00   b0:   2.6993e+02   
P: 
  3.9337e-02  -2.2062e-04  -4.4496e-03  -8.6668e-03  -1.8208e-01 
 -3.3277e-01  -4.2591e-01   5.1042e-02   1.2489e-01  -1.5410e-02 
 -5.7057e-02  -1.0401e-02  -1.5060e-03  -1.9494e+00   3.0356e+01 
  2.4336e+01   3.4958e+01   1.6230e+01   1.7858e+01   7.6644e+00 
  1.2400e+00   4.4252e-01   1.0904e-01   2.0054e-02   2.2962e-03 
  2.5583e-03   1.0877e-03   7.9882e-05   4.1882e-05   4.4069e-05 
  2.6414e-06   1.1025e-06   6.3515e-07   3.8751e-07   2.2807e-07 
  1.2762e-07   6.8033e-08   3.4710e-08  -3.5638e-02   8.4995e-04 


########################
# 00000009
########################
RSS 1088496.9737708324
BP 0:
a0:   3.5580e+00   e0:  -5.2559e+00   b0:   2.0481e+03   
P: 
  3.9337e-02  -8.0991e-04  -5.8210e-02  -3.0906e-02  -6.4809e-02 
 -3.3277e-01  -4.2591e-01  -1.4528e-01  -3.7753e-02  -1.7385e-02 
 -1.2529e-01  -1.3299e-01   7.8246e-04  -1.9494e+00   3.0356e+01 
  2.4336e+01   3.4958e+01   1.6230e+01   1.7858e+01   7.6644e+00 
  1.2400e+00   4.4252e-01   1.0904e-01   2.0054e-02   2.2962e-03 
  2.5583e-03   1.0877e-03   7.9882e-05   4.1882e-05   4.4069e-05 
  2.6414e-06   1.1025e-06   6.3515e-07   3.8751e-07   2.2807e-07 
  1.2762e-07   6.8033e-08   3.4710e-08  -7.2428e-02   6.0767e-04 


########################
# 00000010
########################
RSS 1205546.2154094263
BP 0:
a0:   3.4042e+00   e0:  -6.1763e+00   b0:   7.4197e+02   
P: 
  3.9337e-02  -8.4119e-04  -4.7973e-02   9.2587e-03  -3.1485e-01 
 -3.3277e-01  -4.2591e-01   5.0090e-03   8.9287e-02   1.5512e-02 
  1.4582e-02  -2.5917e-01  -6.7587e-04  -1.9494e+00   3.0356e+01 
  2.4336e+01   3.4958e+01   1.6230e+01   1.7858e+01   7.6644e+00 
  1.2400e+00   4.4252e-01   1.0904e-01   2.0054e-02   2.2962e-03 
  2.5583e-03   1.0877e-03   7.9882e-05   4.1882e-05   4.4069e-05 
  2.6414e-06   1.1025e-06   6.3515e-07   3.8751e-07   2.2807e-07 
  1.2762e-07   6.8033e-08   3.4710e-08  -6.4120e-02   1.2917e-03 


########################
# 00000011
########################
RSS 1223448.5586008558
BP 0:
a0:   3.6228e+00   e0:  -3.3050e+00   b0:   1.6300e+03   
P: 
  3.9337e-02   1.5478e-04  -5.8356e-03  -3.2253e-02  -6.7608e-02 
 -3.3277e-01  -4.2591e-01  -2.5332e-01  -1.8670e-03   8.4060e-02 
 -3.3497e-02  -4.8106e-02  -2.4707e-03  -1.9494e+00   3.0356e+01 
  2.4336e+01   3.4958e+01   1.6230e+01   1.7858e+01   7.6644e+00 
  1.2400e+00   4.4252e-01   1.0904e-01   2.0054e-02   2.2962e-03 
  2.5583e-03   1.0877e-03   7.9882e-05   4.1882e-05   4.4069e-05 
  2.6414e-06   1.1025e-06   6.3515e-07   3.8751e-07   2.2807e-07 
  1.2762e-07   6.8033e-08   3.4710e-08  -9.4447e-02   8.3389e-04 


########################
# 00000012
########################
RSS 1236032.5967501798
BP 0:
a0:   3.4681e+00   e0:  -6.0840e+00   b0:   7.6941e+02   
P: 
  3.9337e-02  -1.3991e-04  -1.3130e-02  -3.2836e-02  -2.5593e-01 
 -3.3277e-01  -4.2591e-01   1.2116e-01   1.7426e-01   4.9483e-02 
 -5.4917e-02  -2.3436e-01   1.5833e-04  -1.9494e+00   3.0356e+01 
  2.4336e+01   3.4958e+01   1.6230e+01   1.7858e+01   7.6644e+00 
  1.2400e+00   4.4252e-01   1.0904e-01   2.0054e-02   2.2962e-03 
  2.5583e-03   1.0877e-03   7.9882e-05   4.1882e-05   4.4069e-05 
  2.6414e-06   1.1025e-06   6.3515e-07   3.8751e-07   2.2807e-07 
  1.2762e-07   6.8033e-08   3.4710e-08  -3.9192e-02   1.1830e-03 


########################
# 00000013
########################
RSS 1292526.1351381966
BP 0:
a0:   3.5558e+00   e0:  -4.8080e+00   b0:   2.4200e+03   
P: 
  3.9337e-02  -3.9837e-04  -5.7856e-02   1.4440e-02  -3.5398e-02 
 -3.3277e-01  -4.2591e-01   4.6433e-02   1.0363e-02   5.2691e-02 
 -8.9279e-02  -1.3729e-01   6.0389e-04  -1.9494e+00   3.0356e+01 
  2.4336e+01   3.4958e+01   1.6230e+01   1.7858e+01   7.6644e+00 
  1.2400e+00   4.4252e-01   1.0904e-01   2.0054e-02   2.2962e-03 
  2.5583e-03   1.0877e-03   7.9882e-05   4.1882e-05   4.4069e-05 
  2.6414e-06   1.1025e-06   6.3515e-07   3.8751e-07   2.2807e-07 
  1.2762e-07   6.8033e-08   3.4710e-08  -8.7347e-02   1.0231e-03 


########################
# 00000014
########################
RSS 1386007.6040844216
BP 0:
a0:   3.5619e+00   e0:  -5.1528e+00   b0:   2.3915e+03   
P: 
  3.9337e-02  -5.3489e-05  -1.8160e-02  -2.5776e-02  -5.3595e-02 
 -3.3277e-01  -4.2591e-01  -3.9142e-02   1.6589e-01   7.3972e-02 
 -8.2699e-02  -1.5416e-01  -2.7384e-03  -1.9494e+00   3.0356e+01 
  2.4336e+01   3.4958e+01   1.6230e+01   1.7858e+01   7.6644e+00 
  1.2400e+00   4.4252e-01   1.0904e-01   2.0054e-02   2.2962e-03 
  2.5583e-03   1.0877e-03   7.9882e-05   4.1882e-05   4.4069e-05 
  2.6414e-06   1.1025e-06   6.3515e-07   3.8751e-07   2.2807e-07 
  1.2762e-07   6.8033e-08   3.4710e-08  -7.4838e-02   1.4730e-03 


########################
# 00000015
########################
RSS 1448420.5641180342
BP 0:
a0:   3.6386e+00   e0:  -2.9841e+00   b0:   1.2949e+03   
P: 
  3.9337e-02  -7.9535e-04  -5.3857e-02  -5.1838e-03  -1.1476e-01 
 -3.3277e-01  -4.2591e-01  -3.2885e-01   8.0611e-02   3.5523e-02 
 -2.9998e-02  -2.2899e-02  -1.4763e-03  -1.9494e+00   3.0356e+01 
  2.4336e+01   3.4958e+01   1.6230e+01   1.7858e+01   7.6644e+00 
  1.2400e+00   4.4252e-01   1.0904e-01   2.0054e-02   2.2962e-03 
  2.5583e-03   1.0877e-03   7.9882e-05   4.1882e-05   4.4069e-05 
  2.6414e-06   1.1025e-06   6.3515e-07   3.8751e-07   2.2807e-07 
  1.2762e-07   6.8033e-08   3.4710e-08  -8.8056e-02   1.3526e-03 


########################
# 00000016
########################
RSS 1596525.2609982265
BP 0:
a0:   3.5688e+00   e0:  -3.5160e+00   b0:   2.3295e+03   
P: 
  3.9337e-02  -4.2720e-04  -2.3985e-02  -1.0838e-02  -6.5642e-02 
 -3.3277e-01  -4.2591e-01  -1.1093e-01   1.1213e-01   3.4793e-02 
 -1.2572e-02  -8.7980e-02  -4.3942e-04  -1.9494e+00   3.0356e+01 
  2.4336e+01   3.4958e+01   1.6230e+01   1.7858e+01   7.6644e+00 
  1.2400e+00   4.4252e-01   1.0904e-01   2.0054e-02   2.2962e-03 
  2.5583e-03   1.0877e-03   7.9882e-05   4.1882e-05   4.4069e-05 
  2.6414e-06   1.1025e-06   6.3515e-07   3.8751e-07   2.2807e-07 
  1.2762e-07   6.8033e-08   3.4710e-08  -6.1248e-02   1.4728e-03 


########################
# 00000017
########################
RSS 1686041.613402726
BP 0:
a0:   3.5539e+00   e0:  -3.9407e+00   b0:   2.3939e+03   
P: 
  3.9337e-02  -4.2608e-04  -2.2020e-02  -2.1210e-02  -9.9355e-02 
 -3.3277e-01  -4.2591e-01  -1.3371e-01   1.7214e-01  -8.1401e-04 
  1.4577e-02  -1.2444e-01  -3.2070e-03  -1.9494e+00   3.0356e+01 
  2.4336e+01   3.4958e+01   1.6230e+01   1.7858e+01   7.6644e+00 
  1.2400e+00   4.4252e-01   1.0904e-01   2.0054e-02   2.2962e-03 
  2.5583e-03   1.0877e-03   7.9882e-05   4.1882e-05   4.4069e-05 
  2.6414e-06   1.1025e-06   6.3515e-07   3.8751e-07   2.2807e-07 
  1.2762e-07   6.8033e-08   3.4710e-08  -5.6006e-02   6.9887e-04 


########################
# 00000018
########################
RSS 1772788.960392327
BP 0:
a0:   3.5491e+00   e0:  -4.0004e+00   b0:   2.6364e+03   
P: 
  3.9337e-02  -1.2375e-04  -5.0968e-03  -4.1157e-03  -4.9477e-02 
 -3.3277e-01  -4.2591e-01  -2.8074e-02  -2.1005e-02  -8.7858e-03 
 -1.8824e-02  -1.1940e-01   1.1156e-03  -1.9494e+00   3.0356e+01 
  2.4336e+01   3.4958e+01   1.6230e+01   1.7858e+01   7.6644e+00 
  1.2400e+00   4.4252e-01   1.0904e-01   2.0054e-02   2.2962e-03 
  2.5583e-03   1.0877e-03   7.9882e-05   4.1882e-05   4.4069e-05 
  2.6414e-06   1.1025e-06   6.3515e-07   3.8751e-07   2.2807e-07 
  1.2762e-07   6.8033e-08   3.4710e-08  -6.8842e-02   8.9443e-04 


########################
# 00000019
########################
RSS 1866297.9448102866
BP 0:
a0:   3.7955e+00   e0:  -2.2161e+00   b0:   2.0710e+02   
P: 
  3.9337e-02  -8.2241e-04   2.3147e-02   9.8477e-03  -1.8707e-01 
 -3.3277e-01  -4.2591e-01  -4.1169e-02   3.2069e-03  -2.5985e-02 
 -9.4813e-03   7.5919e-03  -1.7471e-03  -1.9494e+00   3.0356e+01 
  2.4336e+01   3.4958e+01   1.6230e+01   1.7858e+01   7.6644e+00 
  1.2400e+00   4.4252e-01   1.0904e-01   2.0054e-02   2.2962e-03 
  2.5583e-03   1.0877e-03   7.9882e-05   4.1882e-05   4.4069e-05 
  2.6414e-06   1.1025e-06   6.3515e-07   3.8751e-07   2.2807e-07 
  1.2762e-07   6.8033e-08   3.4710e-08  -9.4069e-02   1.1468e-03 


########################
# 00000020
########################
RSS 1881628.3811501279
BP 0:
a0:   3.6161e+00   e0:  -2.2348e+00   b0:   1.1240e+03   
P: 
  3.9337e-02  -6.5471e-04  -4.1724e-02  -4.4613e-02  -1.5363e-01 
 -3.3277e-01  -4.2591e-01  -2.0826e-01   3.7122e-02   9.3891e-03 
  1.8766e-02  -1.9005e-02   2.5136e-04  -1.9494e+00   3.0356e+01 
  2.4336e+01   3.4958e+01   1.6230e+01   1.7858e+01   7.6644e+00 
  1.2400e+00   4.4252e-01   1.0904e-01   2.0054e-02   2.2962e-03 
  2.5583e-03   1.0877e-03   7.9882e-05   4.1882e-05   4.4069e-05 
  2.6414e-06   1.1025e-06   6.3515e-07   3.8751e-07   2.2807e-07 
  1.2762e-07   6.8033e-08   3.4710e-08  -5.6996e-02   1.3951e-03 


########################
# 00000021
########################
RSS 1909839.3582864597
BP 0:
a0:   3.5620e+00   e0:  -3.7944e+00   b0:   2.8044e+03   
P: 
  3.9337e-02  -8.4294e-04  -5.2714e-02  -1.2281e-02   1.8243e-02 
 -3.3277e-01  -4.2591e-01   5.2471e-02  -5.6707e-02  -1.6292e-02 
 -7.0761e-02  -7.6660e-02  -1.7642e-03  -1.9494e+00   3.0356e+01 
  2.4336e+01   3.4958e+01   1.6230e+01   1.7858e+01   7.6644e+00 
  1.2400e+00   4.4252e-01   1.0904e-01   2.0054e-02   2.2962e-03 
  2.5583e-03   1.0877e-03   7.9882e-05   4.1882e-05   4.4069e-05 
  2.6414e-06   1.1025e-06   6.3515e-07   3.8751e-07   2.2807e-07 
  1.2762e-07   6.8033e-08   3.4710e-08  -6.3603e-02   1.3894e-03 


########################
# 00000022
########################
RSS 1992455.9752051262
BP 0:
a0:   3.5729e+00   e0:  -4.5503e+00   b0:   2.8208e+03   
P: 
  3.9337e-02  -1.1881e-04  -6.9239e-02  -3.5322e-03  -5.5658e-03 
 -3.3277e-01  -4.2591e-01  -2.4429e-01   9.2333e-02   4.9177e-02 
 -6.6533e-02  -1.1415e-01   1.4701e-05  -1.9494e+00   3.0356e+01 
  2.4336e+01   3.4958e+01   1.6230e+01   1.7858e+01   7.6644e+00 
  1.2400e+00   4.4252e-01   1.0904e-01   2.0054e-02   2.2962e-03 
  2.5583e-03   1.0877e-03   7.9882e-05   4.1882e-05   4.4069e-05 
  2.6414e-06   1.1025e-06   6.3515e-07   3.8751e-07   2.2807e-07 
  1.2762e-07   6.8033e-08   3.4710e-08  -3.6591e-02   8.2342e-04 


########################
# 00000023
########################
RSS 2155406.5984730925
BP 0:
a0:   3.5517e+00   e0:  -6.9266e+00   b0:   1.4432e+03   
P: 
  3.9337e-02  -3.1615e-04   1.3470e-02  -4.3290e-02  -1.6592e-01 
 -3.3277e-01  -4.2591e-01  -3.6405e-01   4.3980e-02   7.7705e-02 
 -9.2922e-02  -2.4923e-01  -2.6486e-03  -1.9494e+00   3.0356e+01 
  2.4336e+01   3.4958e+01   1.6230e+01   1.7858e+01   7.6644e+00 
  1.2400e+00   4.4252e-01   1.0904e-01   2.0054e-02   2.2962e-03 
  2.5583e-03   1.0877e-03   7.9882e-05   4.1882e-05   4.4069e-05 
  2.6414e-06   1.1025e-06   6.3515e-07   3.8751e-07   2.2807e-07 
  1.2762e-07   6.8033e-08   3.4710e-08  -6.9347e-02   9.0316e-04 


########################
# 00000024
########################
RSS 2250983.9196032397
BP 0:
a0:   3.5639e+00   e0:  -5.0782e+00   b0:   2.9928e+03   
P: 
  3.9337e-02  -4.1013e-04  -4.0455e-02   3.3169e-03   4.1505e-03 
 -3.3277e-01  -4.2591e-01  -1.0740e-01   1.1422e-01   7.7224e-02 
 -7.9254e-02  -1.4862e-01  -4.0650e-04  -1.9494e+00   3.0356e+01 
  2.4336e+01   3.4958e+01   1.6230e+01   1.7858e+01   7.6644e+00 
  1.2400e+00   4.4252e-01   1.0904e-01   2.0054e-02   2.2962e-03 
  2.5583e-03   1.0877e-03   7.9882e-05   4.1882e-05   4.4069e-05 
  2.6414e-06   1.1025e-06   6.3515e-07   3.8751e-07   2.2807e-07 
  1.2762e-07   6.8033e-08   3.4710e-08  -5.0298e-02   9.5878e-04 


########################
# 00000025
########################
RSS 2324231.197026211
BP 0:
a0:   3.6095e+00   e0:  -2.5825e+00   b0:   2.1903e+03   
P: 
  3.9337e-02  -3.9171e-04  -1.8596e-03  -6.7405e-03   1.8269e-02 
 -3.3277e-01  -4.2591e-01   7.4663e-02   1.3648e-01   8.2974e-02 
 -9.2521e-02   1.5317e-02  -1.6692e-03  -1.9494e+00   3.0356e+01 
  2.4336e+01   3.4958e+01   1.6230e+01   1.7858e+01   7.6644e+00 
  1.2400e+00   4.4252e-01   1.0904e-01   2.0054e-02   2.2962e-03 
  2.5583e-03   1.0877e-03   7.9882e-05   4.1882e-05   4.4069e-05 
  2.6414e-06   1.1025e-06   6.3515e-07   3.8751e-07   2.2807e-07 
  1.2762e-07   6.8033e-08   3.4710e-08  -5.6488e-02   9.3650e-04 


########################
# 00000026
########################
RSS 2588459.227604962
BP 0:
a0:   3.6136e+00   e0:  -2.2485e+00   b0:   1.8515e+03   
P: 
  3.9337e-02  -3.3058e-04   1.0676e-02  -3.5405e-02  -3.4314e-02 
 -3.3277e-01  -4.2591e-01  -5.5981e-02   1.8276e-01  -1.4193e-02 
 -8.7298e-02   4.3869e-02  -1.1458e-03  -1.9494e+00   3.0356e+01 
  2.4336e+01   3.4958e+01   1.6230e+01   1.7858e+01   7.6644e+00 
  1.2400e+00   4.4252e-01   1.0904e-01   2.0054e-02   2.2962e-03 
  2.5583e-03   1.0877e-03   7.9882e-05   4.1882e-05   4.4069e-05 
  2.6414e-06   1.1025e-06   6.3515e-07   3.8751e-07   2.2807e-07 
  1.2762e-07   6.8033e-08   3.4710e-08  -4.4255e-02   5.4407e-04 


########################
# 00000027
########################
RSS 2714030.3696281733
BP 0:
a0:   3.5228e+00   e0:  -5.8588e+00   b0:   2.5766e+03   
P: 
  3.9337e-02  -6.2892e-04  -4.3922e-02  -2.3754e-02  -1.4106e-01 
 -3.3277e-01  -4.2591e-01  -9.2796e-02   8.8179e-02   5.3290e-02 
  3.2329e-02  -2.6123e-01   6.7796e-04  -1.9494e+00   3.0356e+01 
  2.4336e+01   3.4958e+01   1.6230e+01   1.7858e+01   7.6644e+00 
  1.2400e+00   4.4252e-01   1.0904e-01   2.0054e-02   2.2962e-03 
  2.5583e-03   1.0877e-03   7.9882e-05   4.1882e-05   4.4069e-05 
  2.6414e-06   1.1025e-06   6.3515e-07   3.8751e-07   2.2807e-07 
  1.2762e-07   6.8033e-08   3.4710e-08  -6.5032e-02   1.0830e-03 


########################
# 00000028
########################
RSS 2742557.566110418
BP 0:
a0:   3.5445e+00   e0:  -4.2332e+00   b0:   2.8384e+03   
P: 
  3.9337e-02   2.9541e-04   5.6886e-02   1.1575e-02  -1.0671e-01 
 -3.3277e-01  -4.2591e-01  -2.9776e-01   2.0253e-01  -2.7172e-02 
  3.6862e-02  -1.4992e-01   2.6914e-03  -1.9494e+00   3.0356e+01 
  2.4336e+01   3.4958e+01   1.6230e+01   1.7858e+01   7.6644e+00 
  1.2400e+00   4.4252e-01   1.0904e-01   2.0054e-02   2.2962e-03 
  2.5583e-03   1.0877e-03   7.9882e-05   4.1882e-05   4.4069e-05 
  2.6414e-06   1.1025e-06   6.3515e-07   3.8751e-07   2.2807e-07 
  1.2762e-07   6.8033e-08   3.4710e-08  -2.1880e-02   1.8172e-03 


########################
# 00000029
########################
RSS 2751791.1504380177
BP 0:
a0:   3.5703e+00   e0:  -3.7483e+00   b0:   2.9643e+03   
P: 
  3.9337e-02  -7.9501e-04  -4.4872e-03   1.2620e-02  -3.6122e-02 
 -3.3277e-01  -4.2591e-01  -2.9191e-01   1.4952e-01   7.9678e-02 
  4.0204e-02  -1.2180e-01  -1.3353e-03  -1.9494e+00   3.0356e+01 
  2.4336e+01   3.4958e+01   1.6230e+01   1.7858e+01   7.6644e+00 
  1.2400e+00   4.4252e-01   1.0904e-01   2.0054e-02   2.2962e-03 
  2.5583e-03   1.0877e-03   7.9882e-05   4.1882e-05   4.4069e-05 
  2.6414e-06   1.1025e-06   6.3515e-07   3.8751e-07   2.2807e-07 
  1.2762e-07   6.8033e-08   3.4710e-08  -4.7662e-02   8.0107e-04 


########################
# 00000030
########################
RSS 2812808.112585178
BP 0:
a0:   3.5134e+00   e0:  -7.2288e+00   b0:   8.5316e+02   
P: 
  3.9337e-02  -2.1826e-04  -1.4079e-03  -1.2256e-02  -2.0198e-01 
 -3.3277e-01  -4.2591e-01  -5.3805e-03   1.1486e-01   6.7464e-02 
 -1.3270e-01  -2.6162e-01   4.2608e-04  -1.9494e+00   3.0356e+01 
  2.4336e+01   3.4958e+01   1.6230e+01   1.7858e+01   7.6644e+00 
  1.2400e+00   4.4252e-01   1.0904e-01   2.0054e-02   2.2962e-03 
  2.5583e-03   1.0877e-03   7.9882e-05   4.1882e-05   4.4069e-05 
  2.6414e-06   1.1025e-06   6.3515e-07   3.8751e-07   2.2807e-07 
  1.2762e-07   6.8033e-08   3.4710e-08  -5.3627e-02   7.6634e-04 


########################
# 00000031
########################
RSS 2999537.135858717
BP 0:
a0:   3.5537e+00   e0:  -3.8665e+00   b0:   3.1021e+03   
P: 
  3.9337e-02  -4.3277e-04  -3.9660e-02  -5.6805e-03  -3.7184e-02 
 -3.3277e-01  -4.2591e-01  -1.5064e-01   1.4876e-01  -2.5569e-02 
  1.5877e-02  -1.1658e-01  -2.3737e-03  -1.9494e+00   3.0356e+01 
  2.4336e+01   3.4958e+01   1.6230e+01   1.7858e+01   7.6644e+00 
  1.2400e+00   4.4252e-01   1.0904e-01   2.0054e-02   2.2962e-03 
  2.5583e-03   1.0877e-03   7.9882e-05   4.1882e-05   4.4069e-05 
  2.6414e-06   1.1025e-06   6.3515e-07   3.8751e-07   2.2807e-07 
  1.2762e-07   6.8033e-08   3.4710e-08  -4.1184e-02   6.4283e-04 


########################
# 00000032
########################
RSS 3008471.108319964
BP 0:
a0:   3.6196e+00   e0:  -2.0117e+00   b0:   1.6210e+03   
P: 
  3.9337e-02  -7.6703e-04  -2.2751e-02  -1.5614e-02  -9.4143e-02 
 -3.3277e-01  -4.2591e-01  -2.6489e-01   1.1582e-01   9.9194e-03 
  4.0684e-03   1.4592e-02  -5.3122e-04  -1.9494e+00   3.0356e+01 
  2.4336e+01   3.4958e+01   1.6230e+01   1.7858e+01   7.6644e+00 
  1.2400e+00   4.4252e-01   1.0904e-01   2.0054e-02   2.2962e-03 
  2.5583e-03   1.0877e-03   7.9882e-05   4.1882e-05   4.4069e-05 
  2.6414e-06   1.1025e-06   6.3515e-07   3.8751e-07   2.2807e-07 
  1.2762e-07   6.8033e-08   3.4710e-08  -9.4607e-02   6.1592e-04 


########################
# 00000033
########################
RSS 3033476.4629524723
BP 0:
a0:   3.5657e+00   e0:  -3.3802e+00   b0:   3.2106e+03   
P: 
  3.9337e-02  -8.1410e-04  -3.0981e-02  -3.2164e-02   2.9880e-02 
 -3.3277e-01  -4.2591e-01   1.6107e-02   1.1607e-01   1.4286e-02 
 -2.8835e-02  -6.9779e-02  -2.2831e-03  -1.9494e+00   3.0356e+01 
  2.4336e+01   3.4958e+01   1.6230e+01   1.7858e+01   7.6644e+00 
  1.2400e+00   4.4252e-01   1.0904e-01   2.0054e-02   2.2962e-03 
  2.5583e-03   1.0877e-03   7.9882e-05   4.1882e-05   4.4069e-05 
  2.6414e-06   1.1025e-06   6.3515e-07   3.8751e-07   2.2807e-07 
  1.2762e-07   6.8033e-08   3.4710e-08  -5.5082e-02   8.6070e-04 


########################
# 00000034
########################
RSS 3108036.570721225
BP 0:
a0:   3.5497e+00   e0:  -6.0254e+00   b0:   3.1298e+03   
P: 
  3.9337e-02  -4.7138e-04  -3.9169e-02  -9.4021e-03   8.5962e-03 
 -3.3277e-01  -4.2591e-01   1.0924e-01   1.8387e-01   8.4187e-02 
 -1.3248e-01  -1.8991e-01   7.1423e-04  -1.9494e+00   3.0356e+01 
  2.4336e+01   3.4958e+01   1.6230e+01   1.7858e+01   7.6644e+00 
  1.2400e+00   4.4252e-01   1.0904e-01   2.0054e-02   2.2962e-03 
  2.5583e-03   1.0877e-03   7.9882e-05   4.1882e-05   4.4069e-05 
  2.6414e-06   1.1025e-06   6.3515e-07   3.8751e-07   2.2807e-07 
  1.2762e-07   6.8033e-08   3.4710e-08  -4.7950e-02   8.4669e-04 


########################
# 00000035
########################
RSS 3153182.3017078377
BP 0:
a0:   3.5745e+00   e0:  -4.3009e+00   b0:   3.4715e+03   
P: 
  3.9337e-02  -1.8289e-05  -2.2209e-02  -2.6236e-03   6.9649e-02 
 -3.3277e-01  -4.2591e-01  -1.2626e-01   1.7533e-01   5.4100e-02 
 -7.8789e-02  -8.9935e-02  -3.1748e-03  -1.9494e+00   3.0356e+01 
  2.4336e+01   3.4958e+01   1.6230e+01   1.7858e+01   7.6644e+00 
  1.2400e+00   4.4252e-01   1.0904e-01   2.0054e-02   2.2962e-03 
  2.5583e-03   1.0877e-03   7.9882e-05   4.1882e-05   4.4069e-05 
  2.6414e-06   1.1025e-06   6.3515e-07   3.8751e-07   2.2807e-07 
  1.2762e-07   6.8033e-08   3.4710e-08  -5.0686e-02   9.8230e-04 


########################
# 00000036
########################
RSS 3185046.143075089
BP 0:
a0:   3.5990e+00   e0:  -2.4480e+00   b0:   2.5139e+03   
P: 
  3.9337e-02  -7.4793e-04  -2.6599e-02   1.0211e-02   2.7387e-02 
 -3.3277e-01  -4.2591e-01  -1.6896e-01   4.1321e-02  -2.0922e-02 
 -6.8109e-02   2.6184e-02  -1.9935e-03  -1.9494e+00   3.0356e+01 
  2.4336e+01   3.4958e+01   1.6230e+01   1.7858e+01   7.6644e+00 
  1.2400e+00   4.4252e-01   1.0904e-01   2.0054e-02   2.2962e-03 
  2.5583e-03   1.0877e-03   7.9882e-05   4.1882e-05   4.4069e-05 
  2.6414e-06   1.1025e-06   6.3515e-07   3.8751e-07   2.2807e-07 
  1.2762e-07   6.8033e-08   3.4710e-08  -4.1211e-02   5.0279e-04 


########################
# 00000037
########################
RSS 3200499.166774326
BP 0:
a0:   3.7236e+00   e0:  -1.7320e+00   b0:   5.3568e+02   
P: 
  3.9337e-02   8.3144e-05   1.7202e-03   9.9764e-03  -1.0039e-01 
 -3.3277e-01  -4.2591e-01   1.8452e-02   7.5037e-02  -2.4974e-02 
 -4.2757e-02   6.1465e-02   7.6435e-04  -1.9494e+00   3.0356e+01 
  2.4336e+01   3.4958e+01   1.6230e+01   1.7858e+01   7.6644e+00 
  1.2400e+00   4.4252e-01   1.0904e-01   2.0054e-02   2.2962e-03 
  2.5583e-03   1.0877e-03   7.9882e-05   4.1882e-05   4.4069e-05 
  2.6414e-06   1.1025e-06   6.3515e-07   3.8751e-07   2.2807e-07 
  1.2762e-07   6.8033e-08   3.4710e-08  -3.8367e-02   7.0256e-04 


########################
# 00000038
########################
RSS 3522821.819969954
BP 0:
a0:   3.4626e+00   e0:  -7.0640e+00   b0:   1.4285e+03   
P: 
  3.9337e-02  -5.9463e-04  -1.6017e-02  -3.5214e-02  -2.6921e-01 
 -3.3277e-01  -4.2591e-01   9.8584e-02   1.8269e-01  -2.2437e-02 
  1.1454e-02  -3.1214e-01  -1.5218e-03  -1.9494e+00   3.0356e+01 
  2.4336e+01   3.4958e+01   1.6230e+01   1.7858e+01   7.6644e+00 
  1.2400e+00   4.4252e-01   1.0904e-01   2.0054e-02   2.2962e-03 
  2.5583e-03   1.0877e-03   7.9882e-05   4.1882e-05   4.4069e-05 
  2.6414e-06   1.1025e-06   6.3515e-07   3.8751e-07   2.2807e-07 
  1.2762e-07   6.8033e-08   3.4710e-08  -4.3950e-02   6.0547e-04 


########################
# 00000039
########################
RSS 3664700.9189147973
BP 0:
a0:   3.5659e+00   e0:  -5.1296e+00   b0:   3.5860e+03   
P: 
  3.9337e-02  -1.1558e-04  -2.6384e-02  -3.0438e-02   5.4640e-02 
 -3.3277e-01  -4.2591e-01  -3.3595e-01   8.4590e-02  -1.7499e-02 
 -9.0809e-02  -1.2469e-01  -6.5478e-04  -1.9494e+00   3.0356e+01 
  2.4336e+01   3.4958e+01   1.6230e+01   1.7858e+01   7.6644e+00 
  1.2400e+00   4.4252e-01   1.0904e-01   2.0054e-02   2.2962e-03 
  2.5583e-03   1.0877e-03   7.9882e-05   4.1882e-05   4.4069e-05 
  2.6414e-06   1.1025e-06   6.3515e-07   3.8751e-07   2.2807e-07 
  1.2762e-07   6.8033e-08   3.4710e-08  -6.1291e-02   5.6643e-04 


########################
# 00000040
########################
RSS 3731176.667406065
BP 0:
a0:   3.5156e+00   e0:  -6.2503e+00   b0:   2.8701e+03   
P: 
  3.9337e-02  -8.6070e-04  -6.7747e-02  -1.6641e-02  -1.1358e-01 
 -3.3277e-01  -4.2591e-01   1.2371e-01   1.3385e-01   1.9458e-02 
 -9.9164e-04  -2.6899e-01  -1.9338e-03  -1.9494e+00   3.0356e+01 
  2.4336e+01   3.4958e+01   1.6230e+01   1.7858e+01   7.6644e+00 
  1.2400e+00   4.4252e-01   1.0904e-01   2.0054e-02   2.2962e-03 
  2.5583e-03   1.0877e-03   7.9882e-05   4.1882e-05   4.4069e-05 
  2.6414e-06   1.1025e-06   6.3515e-07   3.8751e-07   2.2807e-07 
  1.2762e-07   6.8033e-08   3.4710e-08  -8.7757e-02   9.9856e-04 


########################
# 00000041
########################
RSS 3760646.3668414745
BP 0:
a0:   3.5123e+00   e0:  -7.3449e+00   b0:   1.9286e+03   
P: 
  3.9337e-02  -6.0156e-04  -4.9409e-02  -4.3784e-02  -1.4172e-01 
 -3.3277e-01  -4.2591e-01  -8.1316e-02  -1.3319e-02  -1.8349e-02 
 -1.2141e-01  -2.6418e-01  -6.6142e-04  -1.9494e+00   3.0356e+01 
  2.4336e+01   3.4958e+01   1.6230e+01   1.7858e+01   7.6644e+00 
  1.2400e+00   4.4252e-01   1.0904e-01   2.0054e-02   2.2962e-03 
  2.5583e-03   1.0877e-03   7.9882e-05   4.1882e-05   4.4069e-05 
  2.6414e-06   1.1025e-06   6.3515e-07   3.8751e-07   2.2807e-07 
  1.2762e-07   6.8033e-08   3.4710e-08  -7.6214e-02   7.1130e-04 


########################
# 00000042
########################
RSS 3778446.366104987
BP 0:
a0:   3.5248e+00   e0:  -7.1891e+00   b0:   2.2834e+03   
P: 
  3.9337e-02   1.6837e-04   6.1129e-03  -7.0730e-03  -1.4417e-01 
 -3.3277e-01  -4.2591e-01  -3.3961e-01  -2.9281e-02   8.8654e-03 
 -3.5076e-02  -2.9142e-01  -2.6274e-03  -1.9494e+00   3.0356e+01 
  2.4336e+01   3.4958e+01   1.6230e+01   1.7858e+01   7.6644e+00 
  1.2400e+00   4.4252e-01   1.0904e-01   2.0054e-02   2.2962e-03 
  2.5583e-03   1.0877e-03   7.9882e-05   4.1882e-05   4.4069e-05 
  2.6414e-06   1.1025e-06   6.3515e-07   3.8751e-07   2.2807e-07 
  1.2762e-07   6.8033e-08   3.4710e-08  -4.6295e-02   1.2832e-03 


########################
# 00000043
########################
RSS 3849079.5665351194
BP 0:
a0:   3.5858e+00   e0:  -1.8844e+00   b0:   2.5037e+03   
P: 
  3.9337e-02  -5.7855e-04  -1.7606e-02  -7.4328e-04  -1.9963e-02 
 -3.3277e-01  -4.2591e-01  -7.5017e-02   1.3839e-01   7.2367e-03 
  1.2068e-03   1.0504e-02   2.5566e-04  -1.9494e+00   3.0356e+01 
  2.4336e+01   3.4958e+01   1.6230e+01   1.7858e+01   7.6644e+00 
  1.2400e+00   4.4252e-01   1.0904e-01   2.0054e-02   2.2962e-03 
  2.5583e-03   1.0877e-03   7.9882e-05   4.1882e-05   4.4069e-05 
  2.6414e-06   1.1025e-06   6.3515e-07   3.8751e-07   2.2807e-07 
  1.2762e-07   6.8033e-08   3.4710e-08  -7.2669e-02   1.4278e-03 


########################
# 00000044
########################
RSS 3920349.4895308074
BP 0:
a0:   3.5170e+00   e0:  -6.9976e+00   b0:   2.4773e+03   
P: 
  3.9337e-02  -8.1640e-04   1.4940e-02   3.0950e-03  -1.4341e-01 
 -3.3277e-01  -4.2591e-01  -1.8275e-01  -3.5735e-02   4.1190e-02 
  1.5133e-03  -3.0836e-01  -1.4705e-03  -1.9494e+00   3.0356e+01 
  2.4336e+01   3.4958e+01   1.6230e+01   1.7858e+01   7.6644e+00 
  1.2400e+00   4.4252e-01   1.0904e-01   2.0054e-02   2.2962e-03 
  2.5583e-03   1.0877e-03   7.9882e-05   4.1882e-05   4.4069e-05 
  2.6414e-06   1.1025e-06   6.3515e-07   3.8751e-07   2.2807e-07 
  1.2762e-07   6.8033e-08   3.4710e-08  -7.1187e-02   7.7906e-04 


########################
# 00000045
########################
RSS 3982903.9083793936
BP 0:
a0:   3.5408e+00   e0:  -7.1016e+00   b0:   2.7137e+03   
P: 
  3.9337e-02  -4.1038e-04   1.5411e-02   1.2723e-02  -8.6565e-02 
 -3.3277e-01  -4.2591e-01  -3.8023e-01   1.0968e-02   4.9842e-02 
 -6.1615e-02  -2.7387e-01   3.4883e-04  -1.9494e+00   3.0356e+01 
  2.4336e+01   3.4958e+01   1.6230e+01   1.7858e+01   7.6644e+00 
  1.2400e+00   4.4252e-01   1.0904e-01   2.0054e-02   2.2962e-03 
  2.5583e-03   1.0877e-03   7.9882e-05   4.1882e-05   4.4069e-05 
  2.6414e-06   1.1025e-06   6.3515e-07   3.8751e-07   2.2807e-07 
  1.2762e-07   6.8033e-08   3.4710e-08  -5.3988e-02   1.2372e-03 


########################
# 00000046
########################
RSS 4000085.3049356537
BP 0:
a0:   3.5347e+00   e0:  -6.6594e+00   b0:   2.8896e+03   
P: 
  3.9337e-02   8.0136e-05   2.0786e-02  -1.2625e-02  -9.7941e-02 
 -3.3277e-01  -4.2591e-01  -3.6798e-01   5.7805e-02  -1.3815e-02 
 -2.2995e-02  -2.6091e-01  -1.7078e-03  -1.9494e+00   3.0356e+01 
  2.4336e+01   3.4958e+01   1.6230e+01   1.7858e+01   7.6644e+00 
  1.2400e+00   4.4252e-01   1.0904e-01   2.0054e-02   2.2962e-03 
  2.5583e-03   1.0877e-03   7.9882e-05   4.1882e-05   4.4069e-05 
  2.6414e-06   1.1025e-06   6.3515e-07   3.8751e-07   2.2807e-07 
  1.2762e-07   6.8033e-08   3.4710e-08  -4.5308e-02   8.3029e-04 


########################
# 00000047
########################
RSS 4028158.4194194092
BP 0:
a0:   3.5212e+00   e0:  -6.9397e+00   b0:   2.5937e+03   
P: 
  3.9337e-02  -6.8182e-04  -7.5823e-04  -4.2698e-02  -1.2102e-01 
 -3.3277e-01  -4.2591e-01  -1.6695e-01  -3.5171e-04   7.6971e-03 
 -3.1073e-02  -2.8509e-01  -1.2080e-03  -1.9494e+00   3.0356e+01 
  2.4336e+01   3.4958e+01   1.6230e+01   1.7858e+01   7.6644e+00 
  1.2400e+00   4.4252e-01   1.0904e-01   2.0054e-02   2.2962e-03 
  2.5583e-03   1.0877e-03   7.9882e-05   4.1882e-05   4.4069e-05 
  2.6414e-06   1.1025e-06   6.3515e-07   3.8751e-07   2.2807e-07 
  1.2762e-07   6.8033e-08   3.4710e-08  -5.2908e-02   1.2305e-03 


########################
# 00000048
########################
RSS 4074156.0675005307
BP 0:
a0:   3.3813e+00   e0:  -8.1472e+00   b0:   7.1424e+02   
P: 
  3.9337e-02  -2.9338e-04  -2.3257e-04  -2.8272e-02  -3.2957e-01 
 -3.3277e-01  -4.2591e-01  -2.0784e-01   1.6558e-02   5.5431e-02 
 -2.3148e-02  -3.4817e-01  -6.1466e-04  -1.9494e+00   3.0356e+01 
  2.4336e+01   3.4958e+01   1.6230e+01   1.7858e+01   7.6644e+00 
  1.2400e+00   4.4252e-01   1.0904e-01   2.0054e-02   2.2962e-03 
  2.5583e-03   1.0877e-03   7.9882e-05   4.1882e-05   4.4069e-05 
  2.6414e-06   1.1025e-06   6.3515e-07   3.8751e-07   2.2807e-07 
  1.2762e-07   6.8033e-08   3.4710e-08  -8.8815e-02   5.8489e-04 


########################
# 00000049
########################
RSS 4140503.5123006017
BP 0:
a0:   3.5153e+00   e0:  -7.2941e+00   b0:   2.2816e+03   
P: 
  3.9337e-02   7.0495e-05  -4.7408e-02  -2.8637e-02  -1.7551e-01 
 -3.3277e-01  -4.2591e-01  -2.8187e-01   8.1881e-02   3.1702e-02 
 -1.8067e-02  -3.1118e-01   1.6275e-04  -1.9494e+00   3.0356e+01 
  2.4336e+01   3.4958e+01   1.6230e+01   1.7858e+01   7.6644e+00 
  1.2400e+00   4.4252e-01   1.0904e-01   2.0054e-02   2.2962e-03 
  2.5583e-03   1.0877e-03   7.9882e-05   4.1882e-05   4.4069e-05 
  2.6414e-06   1.1025e-06   6.3515e-07   3.8751e-07   2.2807e-07 
  1.2762e-07   6.8033e-08   3.4710e-08  -6.4910e-02   1.4611e-03 


########################
# 00000050
########################
RSS 4372160.324206952
BP 0:
a0:   3.5832e+00   e0:  -3.3947e+00   b0:   3.7363e+03   
P: 
  3.9337e-02  -8.5985e-04  -3.8383e-02  -3.3093e-02   1.1118e-01 
 -3.3277e-01  -4.2591e-01  -1.8150e-01   1.3213e-01   7.2332e-02 
 -5.1159e-02  -4.4542e-02  -1.0304e-03  -1.9494e+00   3.0356e+01 
  2.4336e+01   3.4958e+01   1.6230e+01   1.7858e+01   7.6644e+00 
  1.2400e+00   4.4252e-01   1.0904e-01   2.0054e-02   2.2962e-03 
  2.5583e-03   1.0877e-03   7.9882e-05   4.1882e-05   4.4069e-05 
  2.6414e-06   1.1025e-06   6.3515e-07   3.8751e-07   2.2807e-07 
  1.2762e-07   6.8033e-08   3.4710e-08  -9.3226e-02   1.0889e-03 


########################
# 00000051
########################
RSS 4482733.762408428
BP 0:
a0:   3.6034e+00   e0:  -2.8109e+00   b0:   3.4038e+03   
P: 
  3.9337e-02  -8.2621e-04   1.8298e-02  -4.2863e-02   1.3565e-01 
 -3.3277e-01  -4.2591e-01  -1.6721e-01   1.6884e-01   7.0797e-02 
 -1.0538e-01   3.0121e-02  -1.3871e-03  -1.9494e+00   3.0356e+01 
  2.4336e+01   3.4958e+01   1.6230e+01   1.7858e+01   7.6644e+00 
  1.2400e+00   4.4252e-01   1.0904e-01   2.0054e-02   2.2962e-03 
  2.5583e-03   1.0877e-03   7.9882e-05   4.1882e-05   4.4069e-05 
  2.6414e-06   1.1025e-06   6.3515e-07   3.8751e-07   2.2807e-07 
  1.2762e-07   6.8033e-08   3.4710e-08  -7.5538e-02   1.2651e-03 


########################
# 00000052
########################
RSS 4706614.263544262
BP 0:
a0:   3.5483e+00   e0:  -5.7499e+00   b0:   3.9534e+03   
P: 
  3.9337e-02  -5.4070e-04  -2.5524e-02  -1.1594e-02   5.9343e-02 
 -3.3277e-01  -4.2591e-01   1.0725e-01   1.4901e-01   8.6265e-02 
 -6.2249e-02  -2.0653e-01  -2.1168e-03  -1.9494e+00   3.0356e+01 
  2.4336e+01   3.4958e+01   1.6230e+01   1.7858e+01   7.6644e+00 
  1.2400e+00   4.4252e-01   1.0904e-01   2.0054e-02   2.2962e-03 
  2.5583e-03   1.0877e-03   7.9882e-05   4.1882e-05   4.4069e-05 
  2.6414e-06   1.1025e-06   6.3515e-07   3.8751e-07   2.2807e-07 
  1.2762e-07   6.8033e-08   3.4710e-08  -5.7919e-02   1.0916e-03 


########################
# 00000053
########################
RSS 4768467.38888827
BP 0:
a0:   3.5258e+00   e0:  -6.9266e+00   b0:   2.9872e+03   
P: 
  3.9337e-02  -2.7229e-04   5.1798e-03  -2.1267e-02  -1.0789e-01 
 -3.3277e-01  -4.2591e-01  -2.1477e-01   1.6277e-01  -1.5847e-02 
 -2.7637e-02  -2.7831e-01  -2.4725e-03  -1.9494e+00   3.0356e+01 
  2.4336e+01   3.4958e+01   1.6230e+01   1.7858e+01   7.6644e+00 
  1.2400e+00   4.4252e-01   1.0904e-01   2.0054e-02   2.2962e-03 
  2.5583e-03   1.0877e-03   7.9882e-05   4.1882e-05   4.4069e-05 
  2.6414e-06   1.1025e-06   6.3515e-07   3.8751e-07   2.2807e-07 
  1.2762e-07   6.8033e-08   3.4710e-08  -8.2364e-02   1.2836e-03 


########################
# 00000054
########################
RSS 4796384.984947357
BP 0:
a0:   3.5693e+00   e0:  -3.1761e+00   b0:   3.9002e+03   
P: 
  3.9337e-02  -3.4707e-04  -6.9785e-02  -7.2168e-03   9.2377e-02 
 -3.3277e-01  -4.2591e-01  -8.0726e-02   4.0981e-02   6.6390e-02 
  1.0665e-02  -7.6488e-02  -2.7294e-04  -1.9494e+00   3.0356e+01 
  2.4336e+01   3.4958e+01   1.6230e+01   1.7858e+01   7.6644e+00 
  1.2400e+00   4.4252e-01   1.0904e-01   2.0054e-02   2.2962e-03 
  2.5583e-03   1.0877e-03   7.9882e-05   4.1882e-05   4.4069e-05 
  2.6414e-06   1.1025e-06   6.3515e-07   3.8751e-07   2.2807e-07 
  1.2762e-07   6.8033e-08   3.4710e-08  -6.5709e-02   1.2146e-03 


########################
# 00000055
########################
RSS 5012276.677488289
BP 0:
a0:   3.3977e+00   e0:  -8.6309e+00   b0:   6.1305e+02   
P: 
  3.9337e-02  -3.7276e-04  -1.3617e-03  -1.5239e-02  -3.1109e-01 
 -3.3277e-01  -4.2591e-01  -3.4633e-01   1.2363e-01  -2.2844e-02 
 -1.2947e-01  -3.1497e-01   8.7184e-04  -1.9494e+00   3.0356e+01 
  2.4336e+01   3.4958e+01   1.6230e+01   1.7858e+01   7.6644e+00 
  1.2400e+00   4.4252e-01   1.0904e-01   2.0054e-02   2.2962e-03 
  2.5583e-03   1.0877e-03   7.9882e-05   4.1882e-05   4.4069e-05 
  2.6414e-06   1.1025e-06   6.3515e-07   3.8751e-07   2.2807e-07 
  1.2762e-07   6.8033e-08   3.4710e-08  -4.2516e-02   1.2246e-03 


########################
# 00000056
########################
RSS 5237077.949411232
BP 0:
a0:   3.5712e+00   e0:  -2.4460e+00   b0:   3.7003e+03   
P: 
  3.9337e-02  -3.2123e-05   2.0768e-02  -3.3561e-02   6.5032e-02 
 -3.3277e-01  -4.2591e-01  -2.0895e-02   1.7441e-01   5.1376e-02 
  2.6716e-02  -4.0702e-02  -5.8188e-04  -1.9494e+00   3.0356e+01 
  2.4336e+01   3.4958e+01   1.6230e+01   1.7858e+01   7.6644e+00 
  1.2400e+00   4.4252e-01   1.0904e-01   2.0054e-02   2.2962e-03 
  2.5583e-03   1.0877e-03   7.9882e-05   4.1882e-05   4.4069e-05 
  2.6414e-06   1.1025e-06   6.3515e-07   3.8751e-07   2.2807e-07 
  1.2762e-07   6.8033e-08   3.4710e-08  -5.1961e-02   6.8775e-04 


########################
# 00000057
########################
RSS 5315769.713039257
BP 0:
a0:   3.5549e+00   e0:  -5.0791e+00   b0:   4.0877e+03   
P: 
  3.9337e-02  -3.2127e-04   1.0037e-03   6.9139e-03   4.0441e-02 
 -3.3277e-01  -4.2591e-01  -3.4199e-01   1.5947e-01  -2.1109e-02 
 -1.5486e-02  -1.6206e-01  -1.0053e-03  -1.9494e+00   3.0356e+01 
  2.4336e+01   3.4958e+01   1.6230e+01   1.7858e+01   7.6644e+00 
  1.2400e+00   4.4252e-01   1.0904e-01   2.0054e-02   2.2962e-03 
  2.5583e-03   1.0877e-03   7.9882e-05   4.1882e-05   4.4069e-05 
  2.6414e-06   1.1025e-06   6.3515e-07   3.8751e-07   2.2807e-07 
  1.2762e-07   6.8033e-08   3.4710e-08  -7.9296e-02   1.0886e-03 


########################
# 00000058
########################
RSS 5379695.40352902
BP 0:
a0:   3.5483e+00   e0:  -5.1089e+00   b0:   4.0027e+03   
P: 
  3.9337e-02  -4.5164e-04  -1.0397e-02  -3.4308e-02   4.7193e-03 
 -3.3277e-01  -4.2591e-01  -3.4877e-01   1.1294e-01  -2.4239e-02 
  3.3504e-02  -1.9161e-01  -1.2495e-03  -1.9494e+00   3.0356e+01 
  2.4336e+01   3.4958e+01   1.6230e+01   1.7858e+01   7.6644e+00 
  1.2400e+00   4.4252e-01   1.0904e-01   2.0054e-02   2.2962e-03 
  2.5583e-03   1.0877e-03   7.9882e-05   4.1882e-05   4.4069e-05 
  2.6414e-06   1.1025e-06   6.3515e-07   3.8751e-07   2.2807e-07 
  1.2762e-07   6.8033e-08   3.4710e-08  -8.7270e-02   1.1570e-03 


########################
# 00000059
########################
RSS 5572901.645523043
BP 0:
a0:   3.5699e+00   e0:  -3.3724e+00   b0:   4.1558e+03   
P: 
  3.9337e-02  -5.5338e-05   1.6859e-02   7.5451e-03   9.6985e-02 
 -3.3277e-01  -4.2591e-01  -2.0543e-01   7.5791e-02   7.0606e-02 
  4.1097e-02  -9.5456e-02  -2.9198e-03  -1.9494e+00   3.0356e+01 
  2.4336e+01   3.4958e+01   1.6230e+01   1.7858e+01   7.6644e+00 
  1.2400e+00   4.4252e-01   1.0904e-01   2.0054e-02   2.2962e-03 
  2.5583e-03   1.0877e-03   7.9882e-05   4.1882e-05   4.4069e-05 
  2.6414e-06   1.1025e-06   6.3515e-07   3.8751e-07   2.2807e-07 
  1.2762e-07   6.8033e-08   3.4710e-08  -9.5791e-02   1.2456e-03 


########################
# 00000060
########################
RSS 5638627.4716554945
BP 0:
a0:   3.5910e+00   e0:  -3.5878e+00   b0:   4.3415e+03   
P: 
  3.9337e-02   6.5902e-06  -1.8408e-02   1.3964e-02   2.2792e-01 
 -3.3277e-01  -4.2591e-01  -1.9234e-01   6.7289e-02   8.0291e-02 
 -1.3126e-01  -4.9342e-03  -7.1942e-04  -1.9494e+00   3.0356e+01 
  2.4336e+01   3.4958e+01   1.6230e+01   1.7858e+01   7.6644e+00 
  1.2400e+00   4.4252e-01   1.0904e-01   2.0054e-02   2.2962e-03 
  2.5583e-03   1.0877e-03   7.9882e-05   4.1882e-05   4.4069e-05 
  2.6414e-06   1.1025e-06   6.3515e-07   3.8751e-07   2.2807e-07 
  1.2762e-07   6.8033e-08   3.4710e-08  -8.8692e-02   7.2965e-04 


########################
# 00000061
########################
RSS 5777982.509062964
BP 0:
a0:   3.4844e+00   e0:  -8.2565e+00   b0:   1.5626e+03   
P: 
  3.9337e-02  -6.5664e-04  -7.1478e-02  -3.3493e-02  -2.1772e-01 
 -3.3277e-01  -4.2591e-01   5.6079e-02   1.3535e-01   3.7781e-02 
 -5.9506e-02  -3.5266e-01  -3.3037e-03  -1.9494e+00   3.0356e+01 
  2.4336e+01   3.4958e+01   1.6230e+01   1.7858e+01   7.6644e+00 
  1.2400e+00   4.4252e-01   1.0904e-01   2.0054e-02   2.2962e-03 
  2.5583e-03   1.0877e-03   7.9882e-05   4.1882e-05   4.4069e-05 
  2.6414e-06   1.1025e-06   6.3515e-07   3.8751e-07   2.2807e-07 
  1.2762e-07   6.8033e-08   3.4710e-08  -9.1806e-02   6.1725e-04 


########################
# 00000062
########################
RSS 5843081.58855481
BP 0:
a0:   3.6077e+00   e0:  -1.7105e+00   b0:   3.0758e+03   
P: 
  3.9337e-02  -8.0149e-04   6.7667e-03   5.1855e-03   1.0734e-01 
 -3.3277e-01  -4.2591e-01  -2.1798e-01   4.0568e-02  -1.5342e-03 
 -6.8407e-02   8.1179e-02  -1.3044e-04  -1.9494e+00   3.0356e+01 
  2.4336e+01   3.4958e+01   1.6230e+01   1.7858e+01   7.6644e+00 
  1.2400e+00   4.4252e-01   1.0904e-01   2.0054e-02   2.2962e-03 
  2.5583e-03   1.0877e-03   7.9882e-05   4.1882e-05   4.4069e-05 
  2.6414e-06   1.1025e-06   6.3515e-07   3.8751e-07   2.2807e-07 
  1.2762e-07   6.8033e-08   3.4710e-08  -5.4466e-02   1.1182e-03 


########################
# 00000063
########################
RSS 5993025.223330904
BP 0:
a0:   3.5721e+00   e0:  -4.0368e+00   b0:   4.5535e+03   
P: 
  3.9337e-02   2.3759e-04  -1.6556e-02  -4.4660e-02   1.7311e-01 
 -3.3277e-01  -4.2591e-01  -1.8410e-01   2.0377e-02   5.6093e-02 
 -3.8824e-02  -9.0324e-02  -2.6793e-03  -1.9494e+00   3.0356e+01 
  2.4336e+01   3.4958e+01   1.6230e+01   1.7858e+01   7.6644e+00 
  1.2400e+00   4.4252e-01   1.0904e-01   2.0054e-02   2.2962e-03 
  2.5583e-03   1.0877e-03   7.9882e-05   4.1882e-05   4.4069e-05 
  2.6414e-06   1.1025e-06   6.3515e-07   3.8751e-07   2.2807e-07 
  1.2762e-07   6.8033e-08   3.4710e-08  -3.6723e-02   1.3059e-03 


########################
# 00000064
########################
RSS 6409148.47429838
BP 0:
a0:   3.5859e+00   e0:  -2.1461e+00   b0:   3.7292e+03   
P: 
  3.9337e-02   1.1039e-05  -4.6701e-02   5.5589e-03   9.3912e-02 
 -3.3277e-01  -4.2591e-01  -2.6945e-01   1.3705e-01   1.6796e-02 
  1.9162e-02   4.3030e-03  -3.2210e-03  -1.9494e+00   3.0356e+01 
  2.4336e+01   3.4958e+01   1.6230e+01   1.7858e+01   7.6644e+00 
  1.2400e+00   4.4252e-01   1.0904e-01   2.0054e-02   2.2962e-03 
  2.5583e-03   1.0877e-03   7.9882e-05   4.1882e-05   4.4069e-05 
  2.6414e-06   1.1025e-06   6.3515e-07   3.8751e-07   2.2807e-07 
  1.2762e-07   6.8033e-08   3.4710e-08  -7.7381e-02   5.8026e-04 


########################
# 00000065
########################
RSS 6536835.344383315
BP 0:
a0:   3.5774e+00   e0:  -4.7636e+00   b0:   4.8537e+03   
P: 
  3.9337e-02  -3.3481e-04   1.5998e-02  -4.1122e-02   2.3610e-01 
 -3.3277e-01  -4.2591e-01  -2.7897e-01  -1.4112e-02   6.6789e-02 
 -1.1774e-01  -8.6296e-02   1.2708e-05  -1.9494e+00   3.0356e+01 
  2.4336e+01   3.4958e+01   1.6230e+01   1.7858e+01   7.6644e+00 
  1.2400e+00   4.4252e-01   1.0904e-01   2.0054e-02   2.2962e-03 
  2.5583e-03   1.0877e-03   7.9882e-05   4.1882e-05   4.4069e-05 
  2.6414e-06   1.1025e-06   6.3515e-07   3.8751e-07   2.2807e-07 
  1.2762e-07   6.8033e-08   3.4710e-08  -4.9320e-02   1.1845e-03 


########################
# 00000066
########################
RSS 6570743.825303404
BP 0:
a0:   3.5942e+00   e0:  -2.8488e+00   b0:   4.2764e+03   
P: 
  3.9337e-02  -8.3447e-04  -5.2441e-03  -3.5491e-02   2.2586e-01 
 -3.3277e-01  -4.2591e-01  -2.6508e-01   3.1668e-02   1.0027e-02 
 -1.1434e-01   4.1425e-02  -1.3520e-03  -1.9494e+00   3.0356e+01 
  2.4336e+01   3.4958e+01   1.6230e+01   1.7858e+01   7.6644e+00 
  1.2400e+00   4.4252e-01   1.0904e-01   2.0054e-02   2.2962e-03 
  2.5583e-03   1.0877e-03   7.9882e-05   4.1882e-05   4.4069e-05 
  2.6414e-06   1.1025e-06   6.3515e-07   3.8751e-07   2.2807e-07 
  1.2762e-07   6.8033e-08   3.4710e-08  -6.7374e-02   1.3676e-03 


########################
# 00000067
########################
RSS 7022990.929705553
BP 0:
a0:   3.5560e+00   e0:  -4.2421e+00   b0:   4.9135e+03   
P: 
  3.9337e-02  -3.4044e-04  -1.1274e-03   3.7228e-03   1.6920e-01 
 -3.3277e-01  -4.2591e-01   1.1685e-02   5.7518e-02  -1.6356e-02 
 -5.2811e-02  -1.0615e-01   7.0428e-04  -1.9494e+00   3.0356e+01 
  2.4336e+01   3.4958e+01   1.6230e+01   1.7858e+01   7.6644e+00 
  1.2400e+00   4.4252e-01   1.0904e-01   2.0054e-02   2.2962e-03 
  2.5583e-03   1.0877e-03   7.9882e-05   4.1882e-05   4.4069e-05 
  2.6414e-06   1.1025e-06   6.3515e-07   3.8751e-07   2.2807e-07 
  1.2762e-07   6.8033e-08   3.4710e-08  -3.2501e-02   1.4098e-03 


########################
# 00000068
########################
RSS 7196625.528431232
BP 0:
a0:   3.5651e+00   e0:  -3.0201e+00   b0:   4.8345e+03   
P: 
  3.9337e-02  -3.1223e-04  -2.2619e-02  -1.1414e-02   1.9741e-01 
 -3.3277e-01  -4.2591e-01   6.5753e-02  -5.4386e-02   4.9569e-02 
 -4.1886e-03  -6.2773e-02   2.6507e-04  -1.9494e+00   3.0356e+01 
  2.4336e+01   3.4958e+01   1.6230e+01   1.7858e+01   7.6644e+00 
  1.2400e+00   4.4252e-01   1.0904e-01   2.0054e-02   2.2962e-03 
  2.5583e-03   1.0877e-03   7.9882e-05   4.1882e-05   4.4069e-05 
  2.6414e-06   1.1025e-06   6.3515e-07   3.8751e-07   2.2807e-07 
  1.2762e-07   6.8033e-08   3.4710e-08  -6.3892e-02   5.0630e-04 


########################
# 00000069
########################
RSS 7324217.377917751
BP 0:
a0:   3.4488e+00   e0:  -9.4127e+00   b0:   9.1375e+02   
P: 
  3.9337e-02  -1.5767e-04   1.6921e-02  -1.4075e-02  -2.8929e-01 
 -3.3277e-01  -4.2591e-01  -3.8412e-01   1.4027e-01   3.2100e-02 
 -1.3541e-01  -3.6701e-01   5.8112e-04  -1.9494e+00   3.0356e+01 
  2.4336e+01   3.4958e+01   1.6230e+01   1.7858e+01   7.6644e+00 
  1.2400e+00   4.4252e-01   1.0904e-01   2.0054e-02   2.2962e-03 
  2.5583e-03   1.0877e-03   7.9882e-05   4.1882e-05   4.4069e-05 
  2.6414e-06   1.1025e-06   6.3515e-07   3.8751e-07   2.2807e-07 
  1.2762e-07   6.8033e-08   3.4710e-08  -6.7208e-02   1.0968e-03 


########################
# 00000070
########################
RSS 7617892.502787913
BP 0:
a0:   3.5341e+00   e0:  -8.5754e+00   b0:   3.0912e+03   
P: 
  3.9337e-02  -6.7701e-04  -2.4894e-02  -3.0091e-02  -6.5430e-02 
 -3.3277e-01  -4.2591e-01  -2.4304e-01   1.5068e-01   9.0045e-02 
 -1.0922e-01  -3.4203e-01  -2.1270e-03  -1.9494e+00   3.0356e+01 
  2.4336e+01   3.4958e+01   1.6230e+01   1.7858e+01   7.6644e+00 
  1.2400e+00   4.4252e-01   1.0904e-01   2.0054e-02   2.2962e-03 
  2.5583e-03   1.0877e-03   7.9882e-05   4.1882e-05   4.4069e-05 
  2.6414e-06   1.1025e-06   6.3515e-07   3.8751e-07   2.2807e-07 
  1.2762e-07   6.8033e-08   3.4710e-08  -4.6292e-02   1.0001e-03 


########################
# 00000071
########################
RSS 7626500.708568052
BP 0:
a0:   3.5577e+00   e0:  -4.3231e+00   b0:   5.0641e+03   
P: 
  3.9337e-02  -1.1604e-04  -7.1834e-02  -7.8732e-03   1.5858e-01 
 -3.3277e-01  -4.2591e-01  -7.6772e-02   3.9939e-02   6.7813e-02 
  3.1610e-02  -1.5507e-01  -2.6608e-03  -1.9494e+00   3.0356e+01 
  2.4336e+01   3.4958e+01   1.6230e+01   1.7858e+01   7.6644e+00 
  1.2400e+00   4.4252e-01   1.0904e-01   2.0054e-02   2.2962e-03 
  2.5583e-03   1.0877e-03   7.9882e-05   4.1882e-05   4.4069e-05 
  2.6414e-06   1.1025e-06   6.3515e-07   3.8751e-07   2.2807e-07 
  1.2762e-07   6.8033e-08   3.4710e-08  -8.2074e-02   5.7680e-04 


########################
# 00000072
########################
RSS 7957850.7028554715
BP 0:
a0:   3.5749e+00   e0:  -3.7592e+00   b0:   5.0272e+03   
P: 
  3.9337e-02  -2.7131e-04   1.2229e-02  -7.7854e-03   2.1421e-01 
 -3.3277e-01  -4.2591e-01  -2.9328e-01   1.4605e-01   7.0110e-03 
 -6.0646e-02  -4.8324e-02  -2.0909e-03  -1.9494e+00   3.0356e+01 
  2.4336e+01   3.4958e+01   1.6230e+01   1.7858e+01   7.6644e+00 
  1.2400e+00   4.4252e-01   1.0904e-01   2.0054e-02   2.2962e-03 
  2.5583e-03   1.0877e-03   7.9882e-05   4.1882e-05   4.4069e-05 
  2.6414e-06   1.1025e-06   6.3515e-07   3.8751e-07   2.2807e-07 
  1.2762e-07   6.8033e-08   3.4710e-08  -3.2295e-02   1.4225e-03 


########################
# 00000073
########################
RSS 8089364.389744326
BP 0:
a0:   3.5482e+00   e0:  -5.4346e+00   b0:   5.1175e+03   
P: 
  3.9337e-02  -1.1268e-04  -7.1397e-03  -1.2269e-02   1.4655e-01 
 -3.3277e-01  -4.2591e-01   2.1623e-02   8.7440e-02   2.2196e-02 
 -2.3488e-02  -1.9625e-01  -2.4326e-03  -1.9494e+00   3.0356e+01 
  2.4336e+01   3.4958e+01   1.6230e+01   1.7858e+01   7.6644e+00 
  1.2400e+00   4.4252e-01   1.0904e-01   2.0054e-02   2.2962e-03 
  2.5583e-03   1.0877e-03   7.9882e-05   4.1882e-05   4.4069e-05 
  2.6414e-06   1.1025e-06   6.3515e-07   3.8751e-07   2.2807e-07 
  1.2762e-07   6.8033e-08   3.4710e-08  -4.2205e-02   1.1390e-03 


########################
# 00000074
########################
RSS 8389625.001349727
BP 0:
a0:   3.5529e+00   e0:  -6.2068e+00   b0:   5.0500e+03   
P: 
  3.9337e-02   2.8096e-04   1.9936e-02  -9.2242e-03   1.5105e-01 
 -3.3277e-01  -4.2591e-01  -2.0391e-01   1.2853e-01  -9.0029e-03 
 -8.4514e-02  -1.9630e-01  -2.1466e-03  -1.9494e+00   3.0356e+01 
  2.4336e+01   3.4958e+01   1.6230e+01   1.7858e+01   7.6644e+00 
  1.2400e+00   4.4252e-01   1.0904e-01   2.0054e-02   2.2962e-03 
  2.5583e-03   1.0877e-03   7.9882e-05   4.1882e-05   4.4069e-05 
  2.6414e-06   1.1025e-06   6.3515e-07   3.8751e-07   2.2807e-07 
  1.2762e-07   6.8033e-08   3.4710e-08  -8.5941e-02   7.8864e-04 


########################
# 00000075
########################
RSS 8504393.116606973
BP 0:
a0:   3.6707e+00   e0:  -5.4761e-01   b0:   1.8667e+03   
P: 
  3.9337e-02  -7.0586e-04  -6.3474e-02  -4.2177e-02  -2.3157e-02 
 -3.3277e-01  -4.2591e-01  -3.8225e-01   1.3960e-01   5.6872e-02 
  3.6918e-02   1.2044e-01  -1.8308e-04  -1.9494e+00   3.0356e+01 
  2.4336e+01   3.4958e+01   1.6230e+01   1.7858e+01   7.6644e+00 
  1.2400e+00   4.4252e-01   1.0904e-01   2.0054e-02   2.2962e-03 
  2.5583e-03   1.0877e-03   7.9882e-05   4.1882e-05   4.4069e-05 
  2.6414e-06   1.1025e-06   6.3515e-07   3.8751e-07   2.2807e-07 
  1.2762e-07   6.8033e-08   3.4710e-08  -6.0740e-02   1.4142e-03 


########################
# 00000076
########################
RSS 8879884.126154445
BP 0:
a0:   3.5817e+00   e0:  -1.9414e+00   b0:   4.7095e+03   
P: 
  3.9337e-02   2.0367e-04   2.2968e-02  -2.1228e-02   2.3460e-01 
 -3.3277e-01  -4.2591e-01  -5.9386e-02   8.9749e-02  -2.7353e-02 
 -6.2814e-02   5.8106e-02  -1.5733e-03  -1.9494e+00   3.0356e+01 
  2.4336e+01   3.4958e+01   1.6230e+01   1.7858e+01   7.6644e+00 
  1.2400e+00   4.4252e-01   1.0904e-01   2.0054e-02   2.2962e-03 
  2.5583e-03   1.0877e-03   7.9882e-05   4.1882e-05   4.4069e-05 
  2.6414e-06   1.1025e-06   6.3515e-07   3.8751e-07   2.2807e-07 
  1.2762e-07   6.8033e-08   3.4710e-08  -9.3352e-02   8.4882e-04 


########################
# 00000077
########################
RSS 9178031.603546645
BP 0:
a0:   3.5508e+00   e0:  -6.2239e+00   b0:   5.2889e+03   
P: 
  3.9337e-02   2.2953e-04   1.8618e-02   4.8734e-03   1.7242e-01 
 -3.3277e-01  -4.2591e-01  -2.0150e-01  -3.1862e-02   1.2686e-02 
 -5.8488e-02  -2.1698e-01   2.7749e-04  -1.9494e+00   3.0356e+01 
  2.4336e+01   3.4958e+01   1.6230e+01   1.7858e+01   7.6644e+00 
  1.2400e+00   4.4252e-01   1.0904e-01   2.0054e-02   2.2962e-03 
  2.5583e-03   1.0877e-03   7.9882e-05   4.1882e-05   4.4069e-05 
  2.6414e-06   1.1025e-06   6.3515e-07   3.8751e-07   2.2807e-07 
  1.2762e-07   6.8033e-08   3.4710e-08  -7.2324e-02   9.8142e-04 


########################
# 00000078
########################
RSS 9432888.775801217
BP 0:
a0:   3.5382e+00   e0:  -7.3864e+00   b0:   4.6829e+03   
P: 
  3.9337e-02  -1.3190e-04  -3.2491e-03   3.6241e-03   4.2854e-02 
 -3.3277e-01  -4.2591e-01  -2.6070e-01   1.0015e-01   3.5707e-02 
 -6.9733e-03  -3.1540e-01  -2.3265e-03  -1.9494e+00   3.0356e+01 
  2.4336e+01   3.4958e+01   1.6230e+01   1.7858e+01   7.6644e+00 
  1.2400e+00   4.4252e-01   1.0904e-01   2.0054e-02   2.2962e-03 
  2.5583e-03   1.0877e-03   7.9882e-05   4.1882e-05   4.4069e-05 
  2.6414e-06   1.1025e-06   6.3515e-07   3.8751e-07   2.2807e-07 
  1.2762e-07   6.8033e-08   3.4710e-08  -6.4221e-02   9.8637e-04 


########################
# 00000079
########################
RSS 9688627.892719338
BP 0:
a0:   3.5481e+00   e0:  -6.8523e+00   b0:   5.2502e+03   
P: 
  3.9337e-02   2.6775e-04  -2.3251e-02  -1.5893e-02   1.7040e-01 
 -3.3277e-01  -4.2591e-01  -8.1188e-02  -5.5669e-04   3.7753e-02 
 -7.3640e-02  -2.5124e-01  -3.2919e-03  -1.9494e+00   3.0356e+01 
  2.4336e+01   3.4958e+01   1.6230e+01   1.7858e+01   7.6644e+00 
  1.2400e+00   4.4252e-01   1.0904e-01   2.0054e-02   2.2962e-03 
  2.5583e-03   1.0877e-03   7.9882e-05   4.1882e-05   4.4069e-05 
  2.6414e-06   1.1025e-06   6.3515e-07   3.8751e-07   2.2807e-07 
  1.2762e-07   6.8033e-08   3.4710e-08  -9.5795e-02   1.3137e-03 


########################
# 00000080
########################
RSS 10114772.128933847
BP 0:
a0:   3.5447e+00   e0:  -6.5617e+00   b0:   5.4716e+03   
P: 
  3.9337e-02  -6.9313e-04  -3.5045e-02  -5.5992e-03   1.8668e-01 
 -3.3277e-01  -4.2591e-01   1.1328e-01   1.3032e-01   8.9437e-03 
 -1.1054e-01  -2.2169e-01   1.0827e-04  -1.9494e+00   3.0356e+01 
  2.4336e+01   3.4958e+01   1.6230e+01   1.7858e+01   7.6644e+00 
  1.2400e+00   4.4252e-01   1.0904e-01   2.0054e-02   2.2962e-03 
  2.5583e-03   1.0877e-03   7.9882e-05   4.1882e-05   4.4069e-05 
  2.6414e-06   1.1025e-06   6.3515e-07   3.8751e-07   2.2807e-07 
  1.2762e-07   6.8033e-08   3.4710e-08  -5.2403e-02   1.2760e-03 


########################
# 00000081
########################
RSS 10206968.776245637
BP 0:
a0:   3.5632e+00   e0:  -2.8844e+00   b0:   5.5274e+03   
P: 
  3.9337e-02  -1.6878e-04  -5.8849e-02  -3.8283e-03   2.3173e-01 
 -3.3277e-01  -4.2591e-01  -4.6561e-02   1.7014e-02  -1.0341e-02 
  3.0884e-02  -5.7930e-02  -3.2102e-03  -1.9494e+00   3.0356e+01 
  2.4336e+01   3.4958e+01   1.6230e+01   1.7858e+01   7.6644e+00 
  1.2400e+00   4.4252e-01   1.0904e-01   2.0054e-02   2.2962e-03 
  2.5583e-03   1.0877e-03   7.9882e-05   4.1882e-05   4.4069e-05 
  2.6414e-06   1.1025e-06   6.3515e-07   3.8751e-07   2.2807e-07 
  1.2762e-07   6.8033e-08   3.4710e-08  -8.4010e-02   1.4667e-03 


########################
# 00000082
########################
RSS 10781225.730274392
BP 0:
a0:   3.5441e+00   e0:  -6.0111e+00   b0:   5.6840e+03   
P: 
  3.9337e-02  -1.0256e-04  -4.2609e-02   9.6017e-03   1.7631e-01 
 -3.3277e-01  -4.2591e-01  -7.7266e-02  -4.9758e-04  -1.9255e-02 
 -2.3399e-02  -2.2624e-01   3.3698e-04  -1.9494e+00   3.0356e+01 
  2.4336e+01   3.4958e+01   1.6230e+01   1.7858e+01   7.6644e+00 
  1.2400e+00   4.4252e-01   1.0904e-01   2.0054e-02   2.2962e-03 
  2.5583e-03   1.0877e-03   7.9882e-05   4.1882e-05   4.4069e-05 
  2.6414e-06   1.1025e-06   6.3515e-07   3.8751e-07   2.2807e-07 
  1.2762e-07   6.8033e-08   3.4710e-08  -4.0465e-02   1.3515e-03 


########################
# 00000083
########################
RSS 11275930.893434377
BP 0:
a0:   3.5476e+00   e0:  -5.5533e+00   b0:   5.7773e+03   
P: 
  3.9337e-02  -6.4280e-04  -4.5845e-02  -3.0689e-02   1.6221e-01 
 -3.3277e-01  -4.2591e-01  -2.3981e-01   6.7652e-02  -2.0134e-02 
  3.6964e-02  -2.1964e-01  -2.3298e-03  -1.9494e+00   3.0356e+01 
  2.4336e+01   3.4958e+01   1.6230e+01   1.7858e+01   7.6644e+00 
  1.2400e+00   4.4252e-01   1.0904e-01   2.0054e-02   2.2962e-03 
  2.5583e-03   1.0877e-03   7.9882e-05   4.1882e-05   4.4069e-05 
  2.6414e-06   1.1025e-06   6.3515e-07   3.8751e-07   2.2807e-07 
  1.2762e-07   6.8033e-08   3.4710e-08  -4.5438e-02   7.0493e-04 


########################
# 00000084
########################
RSS 11865717.142176224
BP 0:
a0:   3.5295e+00   e0:  -8.2935e+00   b0:   4.8318e+03   
P: 
  3.9337e-02  -1.8925e-04  -3.7667e-02  -1.1769e-02   5.9977e-02 
 -3.3277e-01  -4.2591e-01  -5.3557e-03   1.2001e-01   1.8501e-02 
 -7.4545e-02  -3.4409e-01  -1.1223e-03  -1.9494e+00   3.0356e+01 
  2.4336e+01   3.4958e+01   1.6230e+01   1.7858e+01   7.6644e+00 
  1.2400e+00   4.4252e-01   1.0904e-01   2.0054e-02   2.2962e-03 
  2.5583e-03   1.0877e-03   7.9882e-05   4.1882e-05   4.4069e-05 
  2.6414e-06   1.1025e-06   6.3515e-07   3.8751e-07   2.2807e-07 
  1.2762e-07   6.8033e-08   3.4710e-08  -5.4381e-02   9.1226e-04 


########################
# 00000085
########################
RSS 12213330.799152527
BP 0:
a0:   3.5433e+00   e0:  -8.6757e+00   b0:   4.9785e+03   
P: 
  3.9337e-02  -3.1435e-04  -4.2590e-02   4.5091e-03   1.1466e-01 
 -3.3277e-01  -4.2591e-01  -1.8582e-01   1.6373e-01   7.8892e-02 
 -1.3182e-01  -3.3144e-01  -1.2073e-03  -1.9494e+00   3.0356e+01 
  2.4336e+01   3.4958e+01   1.6230e+01   1.7858e+01   7.6644e+00 
  1.2400e+00   4.4252e-01   1.0904e-01   2.0054e-02   2.2962e-03 
  2.5583e-03   1.0877e-03   7.9882e-05   4.1882e-05   4.4069e-05 
  2.6414e-06   1.1025e-06   6.3515e-07   3.8751e-07   2.2807e-07 
  1.2762e-07   6.8033e-08   3.4710e-08  -6.9303e-02   8.3254e-04 


########################
# 00000086
########################
RSS 12433201.826131055
BP 0:
a0:   3.5196e+00   e0:  -8.2920e+00   b0:   4.7484e+03   
P: 
  3.9337e-02  -2.7331e-04   4.6409e-03  -6.7086e-03  -1.2176e-03 
 -3.3277e-01  -4.2591e-01  -2.9515e-02   1.3335e-01  -2.9087e-02 
 -1.2132e-02  -3.7169e-01  -1.5278e-03  -1.9494e+00   3.0356e+01 
  2.4336e+01   3.4958e+01   1.6230e+01   1.7858e+01   7.6644e+00 
  1.2400e+00   4.4252e-01   1.0904e-01   2.0054e-02   2.2962e-03 
  2.5583e-03   1.0877e-03   7.9882e-05   4.1882e-05   4.4069e-05 
  2.6414e-06   1.1025e-06   6.3515e-07   3.8751e-07   2.2807e-07 
  1.2762e-07   6.8033e-08   3.4710e-08  -5.0254e-02   1.2205e-03 


########################
# 00000087
########################
RSS 12472778.471238684
BP 0:
a0:   3.5575e+00   e0:  -8.2752e+00   b0:   5.5604e+03   
P: 
  3.9337e-02  -2.1049e-04   5.8627e-02  -5.3691e-02   2.1120e-01 
 -3.3277e-01  -4.2591e-01  -3.2518e-01   1.4631e-01   1.4097e-01 
 -1.5455e-01  -2.9031e-01   2.0661e-03  -1.9494e+00   3.0356e+01 
  2.4336e+01   3.4958e+01   1.6230e+01   1.7858e+01   7.6644e+00 
  1.2400e+00   4.4252e-01   1.0904e-01   2.0054e-02   2.2962e-03 
  2.5583e-03   1.0877e-03   7.9882e-05   4.1882e-05   4.4069e-05 
  2.6414e-06   1.1025e-06   6.3515e-07   3.8751e-07   2.2807e-07 
  1.2762e-07   6.8033e-08   3.4710e-08  -5.6876e-02   4.7630e-05 


########################
# 00000088
########################
RSS 12488888.359888693
BP 0:
a0:   3.5428e+00   e0:  -7.0406e+00   b0:   5.4031e+03   
P: 
  3.9337e-02  -1.3799e-03   4.6765e-03  -1.1876e-02  -3.0628e-02 
 -3.3277e-01  -4.2591e-01  -5.9549e-01   4.1741e-01   2.5718e-01 
  2.7309e-01  -4.3772e-01  -8.0878e-03  -1.9494e+00   3.0356e+01 
  2.4336e+01   3.4958e+01   1.6230e+01   1.7858e+01   7.6644e+00 
  1.2400e+00   4.4252e-01   1.0904e-01   2.0054e-02   2.2962e-03 
  2.5583e-03   1.0877e-03   7.9882e-05   4.1882e-05   4.4069e-05 
  2.6414e-06   1.1025e-06   6.3515e-07   3.8751e-07   2.2807e-07 
  1.2762e-07   6.8033e-08   3.4710e-08  -4.6681e-02  -8.0376e-04 


########################
# 00000089
########################
RSS 12720923.724354057
BP 0:
a0:   3.5375e+00   e0:  -7.7350e+00   b0:   5.4652e+03   
P: 
  3.9337e-02  -4.4211e-04   2.2524e-02  -2.5288e-02   1.2805e-01 
 -3.3277e-01  -4.2591e-01  -2.0863e-01   8.6902e-03  -2.9868e-02 
 -6.1261e-02  -3.0546e-01   1.0363e-03  -1.9494e+00   3.0356e+01 
  2.4336e+01   3.4958e+01   1.6230e+01   1.7858e+01   7.6644e+00 
  1.2400e+00   4.4252e-01   1.0904e-01   2.0054e-02   2.2962e-03 
  2.5583e-03   1.0877e-03   7.9882e-05   4.1882e-05   4.4069e-05 
  2.6414e-06   1.1025e-06   6.3515e-07   3.8751e-07   2.2807e-07 
  1.2762e-07   6.8033e-08   3.4710e-08  -7.6332e-02   8.6633e-04 


########################
# 00000090
########################
RSS 13220343.417159883
BP 0:
a0:   3.5396e+00   e0:  -8.6008e+00   b0:   5.2102e+03   
P: 
  3.9337e-02  -5.5451e-04   8.9890e-03   5.1801e-03   1.0698e-01 
 -3.3277e-01  -4.2591e-01  -2.7016e-01   2.2943e-02   7.2334e-02 
 -5.7838e-02  -3.6369e-01  -1.6213e-03  -1.9494e+00   3.0356e+01 
  2.4336e+01   3.4958e+01   1.6230e+01   1.7858e+01   7.6644e+00 
  1.2400e+00   4.4252e-01   1.0904e-01   2.0054e-02   2.2962e-03 
  2.5583e-03   1.0877e-03   7.9882e-05   4.1882e-05   4.4069e-05 
  2.6414e-06   1.1025e-06   6.3515e-07   3.8751e-07   2.2807e-07 
  1.2762e-07   6.8033e-08   3.4710e-08  -7.1824e-02   1.4758e-03 


########################
# 00000091
########################
RSS 13645310.251246128
BP 0:
a0:   3.5509e+00   e0:  -7.9821e+00   b0:   5.8618e+03   
P: 
  3.9337e-02   2.8532e-05  -7.8292e-03  -3.5494e-02   2.1176e-01 
 -3.3277e-01  -4.2591e-01  -3.1634e-01   8.7700e-02   2.8695e-02 
 -1.1068e-01  -2.8544e-01  -3.1126e-03  -1.9494e+00   3.0356e+01 
  2.4336e+01   3.4958e+01   1.6230e+01   1.7858e+01   7.6644e+00 
  1.2400e+00   4.4252e-01   1.0904e-01   2.0054e-02   2.2962e-03 
  2.5583e-03   1.0877e-03   7.9882e-05   4.1882e-05   4.4069e-05 
  2.6414e-06   1.1025e-06   6.3515e-07   3.8751e-07   2.2807e-07 
  1.2762e-07   6.8033e-08   3.4710e-08  -6.8380e-02   1.1053e-03 


########################
# 00000092
########################
RSS 14593457.962956252
BP 0:
a0:   3.5468e+00   e0:  -8.4141e+00   b0:   5.8652e+03   
P: 
  3.9337e-02  -2.4065e-05   1.6910e-02  -3.2276e-02   2.1192e-01 
 -3.3277e-01  -4.2591e-01  -1.8156e-01   7.0213e-02   4.8834e-02 
 -1.3118e-01  -3.1063e-01  -1.5955e-03  -1.9494e+00   3.0356e+01 
  2.4336e+01   3.4958e+01   1.6230e+01   1.7858e+01   7.6644e+00 
  1.2400e+00   4.4252e-01   1.0904e-01   2.0054e-02   2.2962e-03 
  2.5583e-03   1.0877e-03   7.9882e-05   4.1882e-05   4.4069e-05 
  2.6414e-06   1.1025e-06   6.3515e-07   3.8751e-07   2.2807e-07 
  1.2762e-07   6.8033e-08   3.4710e-08  -6.4389e-02   8.6262e-04 


########################
# 00000093
########################
RSS 16849514.7373238
BP 0:
a0:   3.5365e+00   e0:  -8.6025e+00   b0:   6.1652e+03   
P: 
  3.9337e-02  -5.1266e-04  -1.3662e-02  -1.3508e-03   2.0197e-01 
 -3.3277e-01  -4.2591e-01   8.4130e-02   8.8107e-02   4.7829e-02 
 -1.0628e-01  -3.4918e-01   1.6581e-04  -1.9494e+00   3.0356e+01 
  2.4336e+01   3.4958e+01   1.6230e+01   1.7858e+01   7.6644e+00 
  1.2400e+00   4.4252e-01   1.0904e-01   2.0054e-02   2.2962e-03 
  2.5583e-03   1.0877e-03   7.9882e-05   4.1882e-05   4.4069e-05 
  2.6414e-06   1.1025e-06   6.3515e-07   3.8751e-07   2.2807e-07 
  1.2762e-07   6.8033e-08   3.4710e-08  -5.2769e-02   1.2386e-03 


########################
# 00000094
########################
RSS 23790261.55070713
BP 0:
a0:   3.5433e+00   e0:  -6.3699e+00   b0:   8.0044e+03   
P: 
  3.9337e-02   7.4866e-04   6.2278e-02  -5.8894e-02   2.7004e-01 
 -3.3277e-01  -4.2591e-01  -3.0984e-01   2.3896e-01  -7.2761e-04 
  1.1098e-01  -3.0289e-01   1.6184e-03  -1.9494e+00   3.0356e+01 
  2.4336e+01   3.4958e+01   1.6230e+01   1.7858e+01   7.6644e+00 
  1.2400e+00   4.4252e-01   1.0904e-01   2.0054e-02   2.2962e-03 
  2.5583e-03   1.0877e-03   7.9882e-05   4.1882e-05   4.4069e-05 
  2.6414e-06   1.1025e-06   6.3515e-07   3.8751e-07   2.2807e-07 
  1.2762e-07   6.8033e-08   3.4710e-08  -3.0218e-02   2.5983e-04 


########################
# 00000095
########################
RSS 28101391.1274427
BP 0:
a0:   3.5457e+00   e0:  -1.1073e+01   b0:   7.1666e+03   
P: 
  3.9337e-02  -5.7387e-05  -1.0098e-01  -7.2391e-02   2.8750e-01 
 -3.3277e-01  -4.2591e-01  -6.3206e-01  -1.7681e-01   8.5441e-02 
 -9.4588e-02  -4.7231e-01  -4.2653e-03  -1.9494e+00   3.0356e+01 
  2.4336e+01   3.4958e+01   1.6230e+01   1.7858e+01   7.6644e+00 
  1.2400e+00   4.4252e-01   1.0904e-01   2.0054e-02   2.2962e-03 
  2.5583e-03   1.0877e-03   7.9882e-05   4.1882e-05   4.4069e-05 
  2.6414e-06   1.1025e-06   6.3515e-07   3.8751e-07   2.2807e-07 
  1.2762e-07   6.8033e-08   3.4710e-08  -2.6389e-03   1.6824e-03 


########################
# 00000096
########################
RSS 28647070.78063615
BP 0:
a0:   3.5585e+00   e0:  -9.6983e+00   b0:   8.3040e+03   
P: 
  3.9337e-02  -1.7411e-03  -2.1403e-01   3.8996e-02   3.6467e-01 
 -3.3277e-01  -4.2591e-01  -1.0784e+00   1.1418e-01   1.2335e-01 
 -1.6514e-02  -4.0120e-01  -3.9302e-03  -1.9494e+00   3.0356e+01 
  2.4336e+01   3.4958e+01   1.6230e+01   1.7858e+01   7.6644e+00 
  1.2400e+00   4.4252e-01   1.0904e-01   2.0054e-02   2.2962e-03 
  2.5583e-03   1.0877e-03   7.9882e-05   4.1882e-05   4.4069e-05 
  2.6414e-06   1.1025e-06   6.3515e-07   3.8751e-07   2.2807e-07 
  1.2762e-07   6.8033e-08   3.4710e-08  -1.2701e-01   9.2780e-04 


########################
# 00000097
########################
RSS 33950836.55198633
BP 0:
a0:   3.5312e+00   e0:  -1.1916e+01   b0:   7.3965e+03   
P: 
  3.9337e-02  -1.4006e-03   3.1966e-02  -3.9598e-03   2.8057e-01 
 -3.3277e-01  -4.2591e-01  -1.6331e-02  -1.2509e-01   9.6126e-02 
 -1.2291e-01  -5.3623e-01  -3.6567e-03  -1.9494e+00   3.0356e+01 
  2.4336e+01   3.4958e+01   1.6230e+01   1.7858e+01   7.6644e+00 
  1.2400e+00   4.4252e-01   1.0904e-01   2.0054e-02   2.2962e-03 
  2.5583e-03   1.0877e-03   7.9882e-05   4.1882e-05   4.4069e-05 
  2.6414e-06   1.1025e-06   6.3515e-07   3.8751e-07   2.2807e-07 
  1.2762e-07   6.8033e-08   3.4710e-08  -6.5221e-02   1.2749e-03 


########################
# 00000098
########################
RSS 87420215.1988919
BP 0:
a0:   3.4963e+00   e0:  -2.0080e+01   b0:   6.5059e+03   
P: 
  3.9337e-02  -2.1474e-03  -4.6148e-02   9.6089e-02   5.0061e-02 
 -3.3277e-01  -4.2591e-01  -3.2146e-01  -3.8697e-01   1.8850e-01 
 -1.9193e-01  -9.8566e-01   1.3191e-03  -1.9494e+00   3.0356e+01 
  2.4336e+01   3.4958e+01   1.6230e+01   1.7858e+01   7.6644e+00 
  1.2400e+00   4.4252e-01   1.0904e-01   2.0054e-02   2.2962e-03 
  2.5583e-03   1.0877e-03   7.9882e-05   4.1882e-05   4.4069e-05 
  2.6414e-06   1.1025e-06   6.3515e-07   3.8751e-07   2.2807e-07 
  1.2762e-07   6.8033e-08   3.4710e-08  -1.0059e-01   1.8143e-03 


########################
# 00000099
########################
RSS 145504818.53333098
BP 0:
a0:   3.5599e+00   e0:  -1.2561e+00   b0:   2.0128e+04   
P: 
  3.9337e-02   1.9278e-03  -2.0574e-01  -1.6775e-02   1.4883e+00 
 -3.3277e-01  -4.2591e-01   6.9145e-02   1.3239e-01  -1.4448e-02 
  2.4010e-01  -1.7202e-02  -1.2434e-03  -1.9494e+00   3.0356e+01 
  2.4336e+01   3.4958e+01   1.6230e+01   1.7858e+01   7.6644e+00 
  1.2400e+00   4.4252e-01   1.0904e-01   2.0054e-02   2.2962e-03 
  2.5583e-03   1.0877e-03   7.9882e-05   4.1882e-05   4.4069e-05 
  2.6414e-06   1.1025e-06   6.3515e-07   3.8751e-07   2.2807e-07 
  1.2762e-07   6.8033e-08   3.4710e-08  -1.3094e-01   2.2047e-03 


########################
# 00000100
########################
RSS 766125473.3922435
BP 0:
a0:   3.6300e+00   e0:   3.9604e+01   b0:   1.5232e+04   
P: 
  3.9337e-02   4.1756e-04  -2.5234e-01  -3.5871e-01   1.9315e+00 
 -3.3277e-01  -4.2591e-01   1.5497e+00  -2.5810e-01  -8.0390e-01 
  4.8946e-01   2.4748e+00   2.5723e-02  -1.9494e+00   3.0356e+01 
  2.4336e+01   3.4958e+01   1.6230e+01   1.7858e+01   7.6644e+00 
  1.2400e+00   4.4252e-01   1.0904e-01   2.0054e-02   2.2962e-03 
  2.5583e-03   1.0877e-03   7.9882e-05   4.1882e-05   4.4069e-05 
  2.6414e-06   1.1025e-06   6.3515e-07   3.8751e-07   2.2807e-07 
  1.2762e-07   6.8033e-08   3.4710e-08  -1.4775e-01   4.9291e-03 


