########################
# 00000001
########################
RSS 5019.400192225792
BP 0:
a0:   2.5279e+00   e0:  -4.1233e+00   b0:   4.8379e+01   
BP 1:
a0:   2.8349e+00   e0:  -2.2889e+00   b0:   9.4141e+00   
P: 
  1.8079e-01   2.0976e-01   2.2844e-01   3.6385e-02   5.1105e-02 
  4.3705e-03  -2.3091e-02  -1.6571e-03  -1.1287e-02  -3.4786e-03 
 -3.2347e-02  -2.6231e-02  -2.1166e-02   2.2173e-02  -7.6469e-03 
  1.7724e-02  -1.1405e-02   0.0000e+00  -1.9494e+00   3.0356e+01 
  2.4336e+01   3.4958e+01   1.6230e+01   1.7858e+01   7.6644e+00 
  1.2400e+00   4.4252e-01   1.0904e-01   2.0054e-02   2.2962e-03 
  2.5583e-03   1.0877e-03   7.9882e-05   4.1882e-05   4.4069e-05 
 -9.1197e+00   5.4723e+00  -1.8423e-01  -3.4679e-01  -7.6136e-02 
  1.2541e-01   2.5427e-02  -2.0373e-02   1.6017e-02  -1.1590e-02 
  9.5895e-04  -1.2819e-02  -1.0035e-02  -1.2995e-02  -8.7309e-03 
  2.5989e-02   3.2883e-03   7.1492e-03  -6.8505e-03   0.0000e+00 
 -1.9494e+00   3.0356e+01   2.4336e+01   3.4958e+01   1.6230e+01 
  1.7858e+01   7.6644e+00   1.2400e+00   4.4252e-01   1.0904e-01 
  2.0054e-02   2.2962e-03   2.5583e-03   1.0877e-03   7.9882e-05 
  4.1882e-05   4.4069e-05  -9.1387e+00   5.4563e+00  -1.2998e-01 
  9.3885e-02  -8.9083e-02   5.2979e-02  -3.9419e-02   1.7236e-02 
  8.9017e-03  -6.4807e-03  -4.0609e-03   1.6477e-02  -1.4465e-02 
  1.2573e-02  -1.1433e-02  -2.0435e-02  -2.1173e-02   2.2248e-02 
 -1.9398e-02   0.0000e+00 

########################
# 00000002
########################
RSS 5020.627663276286
BP 0:
a0:   2.5294e+00   e0:  -4.1189e+00   b0:   4.8356e+01   
BP 1:
a0:   2.8346e+00   e0:  -2.2883e+00   b0:   9.4078e+00   
P: 
  1.8071e-01   2.0944e-01   2.2826e-01   3.6412e-02   5.1084e-02 
  4.3731e-03  -2.3053e-02  -1.6224e-03  -1.1247e-02  -3.5190e-03 
 -3.2339e-02  -2.6216e-02  -2.1180e-02   2.2153e-02  -7.6072e-03 
  1.7716e-02  -1.1402e-02   0.0000e+00  -1.9494e+00   3.0356e+01 
  2.4336e+01   3.4958e+01   1.6230e+01   1.7858e+01   7.6644e+00 
  1.2400e+00   4.4252e-01   1.0904e-01   2.0054e-02   2.2962e-03 
  2.5583e-03   1.0877e-03   7.9882e-05   4.1882e-05   4.4069e-05 
 -9.1197e+00   5.4723e+00  -1.8440e-01  -3.4731e-01  -7.5546e-02 
  1.2538e-01   2.5436e-02  -2.0378e-02   1.5962e-02  -1.1578e-02 
  1.0291e-03  -1.2890e-02  -1.0045e-02  -1.3022e-02  -8.7087e-03 
  2.5967e-02   3.2883e-03   7.0948e-03  -6.8235e-03   0.0000e+00 
 -1.9494e+00   3.0356e+01   2.4336e+01   3.4958e+01   1.6230e+01 
  1.7858e+01   7.6644e+00   1.2400e+00   4.4252e-01   1.0904e-01 
  2.0054e-02   2.2962e-03   2.5583e-03   1.0877e-03   7.9882e-05 
  4.1882e-05   4.4069e-05  -9.1387e+00   5.4563e+00  -1.3003e-01 
  9.4578e-02  -8.9938e-02   5.3317e-02  -3.9606e-02   1.7233e-02 
  8.9113e-03  -6.4952e-03  -4.0982e-03   1.6463e-02  -1.4468e-02 
  1.2649e-02  -1.1439e-02  -2.0406e-02  -2.1189e-02   2.2293e-02 
 -1.9425e-02   0.0000e+00 

########################
# 00000003
########################
RSS 5028.122501446577
BP 0:
a0:   2.5291e+00   e0:  -4.1161e+00   b0:   4.8338e+01   
BP 1:
a0:   2.8403e+00   e0:  -2.2824e+00   b0:   9.4936e+00   
P: 
  1.8029e-01   2.0990e-01   2.2831e-01   3.6828e-02   5.1028e-02 
  4.3820e-03  -2.3044e-02  -1.6429e-03  -1.1328e-02  -3.6516e-03 
 -3.2257e-02  -2.6169e-02  -2.1180e-02   2.2096e-02  -7.7687e-03 
  1.7675e-02  -1.1342e-02   0.0000e+00  -1.9494e+00   3.0356e+01 
  2.4336e+01   3.4958e+01   1.6230e+01   1.7858e+01   7.6644e+00 
  1.2400e+00   4.4252e-01   1.0904e-01   2.0054e-02   2.2962e-03 
  2.5583e-03   1.0877e-03   7.9882e-05   4.1882e-05   4.4069e-05 
 -9.1198e+00   5.4723e+00  -1.8364e-01  -3.4714e-01  -7.5763e-02 
  1.2545e-01   2.5436e-02  -2.0421e-02   1.5926e-02  -1.1624e-02 
  1.1024e-03  -1.2970e-02  -1.0002e-02  -1.3046e-02  -8.6982e-03 
  2.5969e-02   3.2472e-03   7.0320e-03  -6.7772e-03   0.0000e+00 
 -1.9494e+00   3.0356e+01   2.4336e+01   3.4958e+01   1.6230e+01 
  1.7858e+01   7.6644e+00   1.2400e+00   4.4252e-01   1.0904e-01 
  2.0054e-02   2.2962e-03   2.5583e-03   1.0877e-03   7.9882e-05 
  4.1882e-05   4.4069e-05  -9.1387e+00   5.4563e+00  -1.3001e-01 
  9.4360e-02  -9.0030e-02   5.2784e-02  -3.9604e-02   1.7289e-02 
  8.9621e-03  -6.5126e-03  -4.0593e-03   1.6514e-02  -1.4401e-02 
  1.2560e-02  -1.1410e-02  -2.0415e-02  -2.1153e-02   2.2360e-02 
 -1.9317e-02   0.0000e+00 

########################
# 00000004
########################
RSS 5067.216508489805
BP 0:
a0:   2.5305e+00   e0:  -4.1115e+00   b0:   4.8318e+01   
BP 1:
a0:   2.8971e+00   e0:  -2.2333e+00   b0:   1.0405e+01   
P: 
  1.8014e-01   2.1084e-01   2.2902e-01   3.6335e-02   5.0372e-02 
  4.4406e-03  -2.3177e-02  -1.6346e-03  -1.1642e-02  -3.6712e-03 
 -3.2055e-02  -2.6417e-02  -2.0857e-02   2.1813e-02  -7.8355e-03 
  1.7785e-02  -1.1355e-02   0.0000e+00  -1.9494e+00   3.0356e+01 
  2.4336e+01   3.4958e+01   1.6230e+01   1.7858e+01   7.6644e+00 
  1.2400e+00   4.4252e-01   1.0904e-01   2.0054e-02   2.2962e-03 
  2.5583e-03   1.0877e-03   7.9882e-05   4.1882e-05   4.4069e-05 
 -9.1196e+00   5.4723e+00  -1.8457e-01  -3.4665e-01  -7.2879e-02 
  1.2430e-01   2.5581e-02  -2.0443e-02   1.5918e-02  -1.1610e-02 
  8.5229e-04  -1.2942e-02  -9.9412e-03  -1.3038e-02  -8.6559e-03 
  2.5991e-02   3.0081e-03   7.2487e-03  -6.7413e-03   0.0000e+00 
 -1.9494e+00   3.0356e+01   2.4336e+01   3.4958e+01   1.6230e+01 
  1.7858e+01   7.6644e+00   1.2400e+00   4.4252e-01   1.0904e-01 
  2.0054e-02   2.2962e-03   2.5583e-03   1.0877e-03   7.9882e-05 
  4.1882e-05   4.4069e-05  -9.1386e+00   5.4563e+00  -1.2908e-01 
  9.3670e-02  -8.7836e-02   5.4013e-02  -3.9433e-02   1.7419e-02 
  8.8886e-03  -6.4805e-03  -3.8226e-03   1.6573e-02  -1.4454e-02 
  1.2679e-02  -1.1362e-02  -2.0287e-02  -2.1226e-02   2.2364e-02 
 -1.9276e-02   0.0000e+00 

########################
# 00000005
########################
RSS 5193.841136526768
BP 0:
a0:   2.7784e+00   e0:  -4.0475e+00   b0:   8.3197e+01   
BP 1:
a0:   2.8855e+00   e0:  -2.2231e+00   b0:   1.0197e+01   
P: 
  1.8120e-01   2.1579e-01   2.2810e-01   3.4654e-02   4.9972e-02 
  4.1112e-03  -2.2757e-02  -1.6930e-03  -1.1184e-02  -3.3935e-03 
 -3.1914e-02  -2.5690e-02  -2.1457e-02   2.1350e-02  -8.3262e-03 
  1.8560e-02  -1.1707e-02   0.0000e+00  -1.9494e+00   3.0356e+01 
  2.4336e+01   3.4958e+01   1.6230e+01   1.7858e+01   7.6644e+00 
  1.2400e+00   4.4252e-01   1.0904e-01   2.0054e-02   2.2962e-03 
  2.5583e-03   1.0877e-03   7.9882e-05   4.1882e-05   4.4069e-05 
 -9.1194e+00   5.4722e+00  -1.8799e-01  -3.5846e-01  -7.0571e-02 
  1.2909e-01   2.3993e-02  -2.0488e-02   1.5533e-02  -1.2318e-02 
  7.6332e-04  -1.3171e-02  -1.0662e-02  -1.4142e-02  -9.5675e-03 
  2.6069e-02   2.1738e-03   7.2850e-03  -6.5322e-03   0.0000e+00 
 -1.9494e+00   3.0356e+01   2.4336e+01   3.4958e+01   1.6230e+01 
  1.7858e+01   7.6644e+00   1.2400e+00   4.4252e-01   1.0904e-01 
  2.0054e-02   2.2962e-03   2.5583e-03   1.0877e-03   7.9882e-05 
  4.1882e-05   4.4069e-05  -9.1390e+00   5.4562e+00  -1.3349e-01 
  9.8878e-02  -8.4427e-02   5.3787e-02  -4.0851e-02   1.6928e-02 
  9.2215e-03  -5.3984e-03  -3.7967e-03   1.6055e-02  -1.4130e-02 
  1.2568e-02  -1.2563e-02  -2.0630e-02  -2.0959e-02   2.3219e-02 
 -1.9732e-02   0.0000e+00 

########################
# 00000006
########################
RSS 5494.422610968602
BP 0:
a0:   2.7689e+00   e0:  -4.0398e+00   b0:   8.3730e+01   
BP 1:
a0:   3.0405e+00   e0:  -2.0407e+00   b0:   1.3143e+01   
P: 
  1.6727e-01   2.3463e-01   2.0717e-01   3.2453e-02   4.7795e-02 
  4.8350e-03  -2.0491e-02  -4.3968e-03  -1.2084e-02  -4.5546e-03 
 -3.0321e-02  -2.6269e-02  -2.1985e-02   2.1701e-02  -1.1764e-02 
  1.8299e-02  -1.0876e-02   0.0000e+00  -1.9494e+00   3.0356e+01 
  2.4336e+01   3.4958e+01   1.6230e+01   1.7858e+01   7.6644e+00 
  1.2400e+00   4.4252e-01   1.0904e-01   2.0054e-02   2.2962e-03 
  2.5583e-03   1.0877e-03   7.9882e-05   4.1882e-05   4.4069e-05 
 -9.1204e+00   5.4727e+00  -1.7869e-01  -3.7439e-01  -8.7884e-02 
  1.2349e-01   2.3424e-02  -2.0522e-02   1.3386e-02  -1.4838e-02 
  2.3696e-04  -1.4017e-02  -1.1084e-02  -1.3282e-02  -1.1139e-02 
  2.5356e-02  -4.3944e-04   7.7673e-03  -5.7737e-03   0.0000e+00 
 -1.9494e+00   3.0356e+01   2.4336e+01   3.4958e+01   1.6230e+01 
  1.7858e+01   7.6644e+00   1.2400e+00   4.4252e-01   1.0904e-01 
  2.0054e-02   2.2962e-03   2.5583e-03   1.0877e-03   7.9882e-05 
  4.1882e-05   4.4069e-05  -9.1383e+00   5.4576e+00  -1.6752e-01 
  1.0535e-01  -9.5031e-02   4.3529e-02  -3.9338e-02   1.7261e-02 
  9.6516e-03  -5.6123e-03  -4.1028e-03   1.4460e-02  -1.5159e-02 
  1.3812e-02  -1.0425e-02  -1.9569e-02  -2.2771e-02   2.1275e-02 
 -2.2488e-02   0.0000e+00 

########################
# 00000007
########################
RSS 8884.517339000115
BP 0:
a0:   3.1781e+00   e0:  -2.6111e+00   b0:   7.9409e+01   
BP 1:
a0:   3.5235e+00   e0:  -1.2224e+00   b0:   2.9668e+01   
P: 
  8.8222e-02   2.4872e-01   1.1085e-01  -5.9953e-02   4.6077e-02 
  3.2431e-03  -2.0046e-02  -5.6261e-03  -6.3860e-03  -5.3564e-03 
 -2.1040e-02  -1.1364e-02  -6.5132e-03   9.6470e-03  -1.9300e-02 
  1.9016e-02  -7.1839e-03   0.0000e+00  -1.9494e+00   3.0356e+01 
  2.4336e+01   3.4958e+01   1.6230e+01   1.7858e+01   7.6644e+00 
  1.2400e+00   4.4252e-01   1.0904e-01   2.0054e-02   2.2962e-03 
  2.5583e-03   1.0877e-03   7.9882e-05   4.1882e-05   4.4069e-05 
 -9.1189e+00   5.4741e+00  -1.2452e-01  -2.3092e-01  -6.5648e-02 
  1.2267e-01   2.6105e-03  -1.2960e-03   2.8980e-03  -2.1980e-02 
  1.7013e-03  -1.8285e-02  -1.2344e-02  -2.3531e-02  -2.5827e-03 
  3.1426e-03   5.5822e-03   8.7141e-03  -3.6336e-03   0.0000e+00 
 -1.9494e+00   3.0356e+01   2.4336e+01   3.4958e+01   1.6230e+01 
  1.7858e+01   7.6644e+00   1.2400e+00   4.4252e-01   1.0904e-01 
  2.0054e-02   2.2962e-03   2.5583e-03   1.0877e-03   7.9882e-05 
  4.1882e-05   4.4069e-05  -9.1460e+00   5.4587e+00  -4.6368e-02 
  1.7779e-01  -7.5130e-02  -6.2824e-04  -4.9170e-02   1.3913e-02 
  1.9981e-02  -4.8707e-03  -1.5067e-03   8.5768e-03  -1.8570e-02 
  7.7999e-03  -1.6106e-02  -9.2042e-03  -1.9844e-02   1.8661e-02 
 -1.3469e-02   0.0000e+00 

########################
# 00000008
########################
RSS 9974.584901372582
BP 0:
a0:   3.4666e+00   e0:  -1.6602e+00   b0:   8.5095e+01   
BP 1:
a0:   3.1893e+00   e0:  -1.7063e+00   b0:   1.7100e+01   
P: 
  0.0000e+00   0.0000e+00   0.0000e+00   0.0000e+00   0.0000e+00 
  0.0000e+00   0.0000e+00   0.0000e+00   0.0000e+00   0.0000e+00 
  0.0000e+00   0.0000e+00   0.0000e+00   0.0000e+00   0.0000e+00 
  0.0000e+00   0.0000e+00   0.0000e+00  -1.9494e+00   3.0356e+01 
  2.4336e+01   3.4958e+01   1.6230e+01   1.7858e+01   7.6644e+00 
  1.2400e+00   4.4252e-01   1.0904e-01   2.0054e-02   2.2962e-03 
  2.5583e-03   1.0877e-03   7.9882e-05   4.1882e-05   4.4069e-05 
 -9.1292e+00   5.4653e+00   0.0000e+00   0.0000e+00   0.0000e+00 
  0.0000e+00   0.0000e+00   0.0000e+00   0.0000e+00   0.0000e+00 
  0.0000e+00   0.0000e+00   0.0000e+00   0.0000e+00   0.0000e+00 
  0.0000e+00   0.0000e+00   0.0000e+00   0.0000e+00   0.0000e+00 
 -1.9494e+00   3.0356e+01   2.4336e+01   3.4958e+01   1.6230e+01 
  1.7858e+01   7.6644e+00   1.2400e+00   4.4252e-01   1.0904e-01 
  2.0054e-02   2.2962e-03   2.5583e-03   1.0877e-03   7.9882e-05 
  4.1882e-05   4.4069e-05  -9.1292e+00   5.4653e+00   0.0000e+00 
  0.0000e+00   0.0000e+00   0.0000e+00   0.0000e+00   0.0000e+00 
  0.0000e+00   0.0000e+00   0.0000e+00   0.0000e+00   0.0000e+00 
  0.0000e+00   0.0000e+00   0.0000e+00   0.0000e+00   0.0000e+00 
  0.0000e+00   0.0000e+00 

