RSS:  
0.1259913352582866

P:  
-41.5901204066
-19.9434508011
-0.527938267761
0.00712130965232
0.0168196722213
0.0215516847634
0.835888237001
1.81971822313
-6.69885982362
40.1233283996

Known:
a0:     3.89
e0:     -3.91
B0:     179.99999999949853
EC:     234.000 176.000 176.000  0.000  0.000  0.000 
        176.000 234.000 176.000  0.000  0.000  0.000 
        176.000 176.000 234.000  0.000  0.000  0.000 
         0.000  0.000  0.000 71.200  0.000  0.000 
         0.000  0.000  0.000  0.000 71.200  0.000 
         0.000  0.000  0.000  0.000  0.000 71.200 

Calculated:
a0:     3.8818229219863003
e0:     -3.910570146378684
B0:     180.80081475521533
EC:     231.911 176.893 176.893  0.000  0.000  0.000 
        176.893 231.911 176.893  0.000  0.000  0.000 
        176.893 176.893 231.911  0.000  0.000  0.000 
         0.000  0.000  0.000 70.591  0.000  0.000 
         0.000  0.000  0.000  0.000 70.591  0.000 
         0.000  0.000  0.000  0.000  0.000 70.591 



