RSS:  
89.2561795902184

P:  
0.0
0.0
0.0
-0.913471817998
7.77120827402
-6.02393172929
1.98452314777
-1.05417582675
-2.78694202308
3.54896949628
-0.23873514177
0.0351808013155
0.0714153795417
-0.0698548563722
-0.0709220728357
0.0262747471476
0.00222428422385
0.0
-1.94938564301
30.3556213379
24.3362083435
34.9576034546
16.2302913666
17.857875824
7.66438293457
1.23997938633
0.442521393299
0.109044238925
0.0200536046177
0.00229621282779
0.00255827326328
0.00108765787445
7.98819164629e-05
4.18824820372e-05
4.40689618699e-05
-18.360316028
1.54894287808
5.0

Known:
a0:     3.59
e0:     -4.27
B0:     221.99999999938152
EC:     365.600 141.600 233.800  0.000  0.000  0.000 
        141.600 298.700 130.400  0.000  0.000  0.000 
        233.800 130.400 364.600  0.000  0.000  0.000 
         0.000  0.000  0.000 186.300  0.000  0.000 
         0.000  0.000  0.000  0.000 266.800  0.000 
         0.000  0.000  0.000  0.000  0.000 186.300 

Calculated:
a0:     3.5020576179296987
e0:     -4.26501570017046
B0:     225.2571872393224
EC:     338.583 174.126 174.126  0.000  0.000  0.000 
        174.126 338.583 174.126  0.000  0.000  0.000 
        174.126 174.126 338.583  0.000  0.000  0.000 
         0.000  0.000  0.000 198.084  0.000  0.000 
         0.000  0.000  0.000  0.000 198.084  0.000 
         0.000  0.000  0.000  0.000  0.000 198.084 



