RSS:  
4820.351307480745

P:  
-1137.71311507
-445.085824507
-64.3815915923
-26.8765802711
33.2640240643
1.09638151331
-1.52035624945
0.0242386761092
-0.87472226741
-1.46907959244
-2.60430761669
0.0495791020703
2.34802273631
-0.962518926413
-1.51557445431
0.655011104747
0.0
0.0576225361237
0.0348280342422
0.0174826866169
0.0102339213114
0.00573026721945
0.0029693365332
0.0021019645008
0.00197297942901
0.00158268319743
0.00107860671116
0.000563478180452
0.000318091535948
0.000110889758967
2.23611156482e-05
6.94464721792e-07
0.0
-9.47276365263
7.90877937456

Known:
a0:     3.89
e0:     -3.91
B0:     179.99999999949853
EC:     234.000 176.000 176.000  0.000  0.000  0.000 
        176.000 234.000 176.000  0.000  0.000  0.000 
        176.000 176.000 234.000  0.000  0.000  0.000 
         0.000  0.000  0.000 71.200  0.000  0.000 
         0.000  0.000  0.000  0.000 71.200  0.000 
         0.000  0.000  0.000  0.000  0.000 71.200 

Calculated:
a0:     4.11882498973786
e0:     -3.6868470312295214
B0:     477.04691849103284
EC:     824.249 246.438 246.438  0.000  0.000  0.000 
        246.438 824.249 246.438  0.000  0.000  0.000 
        246.438 246.438 824.249  0.000  0.000  0.000 
         0.000  0.000  0.000 98.796  0.000  0.000 
         0.000  0.000  0.000  0.000 98.796  0.000 
         0.000  0.000  0.000  0.000  0.000 98.796 



