########################
# 00000001
########################
RSS 133952.251855333
BP 0:
a0:   3.5344e+00   e0:  -5.5144e+00   b0:   5.2703e+02   
P: 
 -2.6863e-01   4.7088e-02  -8.4966e-02  -8.6689e-02  -3.1452e-02 
 -2.6448e-02   2.8744e-03   2.7577e-03   1.4157e-03   1.3999e-05 
 -1.7688e-05  -2.3208e-09   1.6366e+00   4.6855e+00  -7.0246e+01 
  2.4389e+01  -4.9339e-01   2.3872e+00   6.9223e+00   5.8835e-01 


########################
# 00000002
########################
RSS 158188.64465788985
BP 0:
a0:   3.5365e+00   e0:  -4.9443e+00   b0:   4.2984e+02   
P: 
 -2.5145e-01   3.5495e-02  -6.2239e-02  -5.4534e-02  -2.7957e-02 
 -2.5550e-02   3.5832e-03   3.4512e-03   1.8788e-03   1.0181e-05 
 -2.0050e-05  -2.3361e-09   2.0351e+00   4.2689e+00  -6.2574e+01 
  3.2806e+01  -5.0235e-01   6.5862e-01   5.2353e+00   4.8948e-01 


########################
# 00000003
########################
RSS 160545.21856401273
BP 0:
a0:   3.4631e+00   e0:  -5.0106e+00   b0:   2.7419e+02   
P: 
 -2.5807e-01   6.0176e-03  -5.5280e-02  -4.3392e-02  -4.8969e-02 
 -2.8547e-02   3.2044e-03   2.9749e-03   1.2077e-03   5.5587e-06 
 -1.8940e-05  -1.1695e-09   1.6571e+00   4.7887e+00  -6.4122e+01 
  3.9152e+01  -4.5431e-01  -3.9994e-01   6.7828e+00   5.9678e-01 


########################
# 00000004
########################
RSS 161622.26272412768
BP 0:
a0:   3.3475e+00   e0:  -6.8995e+00   b0:   3.5661e+02   
P: 
 -2.6627e-01   7.7970e-02  -1.0998e-01  -6.2670e-02  -4.4741e-02 
 -2.9515e-02   3.2363e-04   2.3278e-04   7.6953e-04   1.1608e-05 
 -2.1528e-05  -3.7916e-09   2.0327e+00   5.3165e+00  -5.8787e+01 
  1.4517e+01  -6.7495e-01   1.5660e+00   8.7764e+00   9.8416e-01 


########################
# 00000005
########################
RSS 166020.2758040979
BP 0:
a0:   3.6161e+00   e0:  -5.0632e+00   b0:   6.3830e+02   
P: 
 -2.5712e-01   4.3080e-02  -9.0154e-02  -6.4310e-02  -2.4673e-02 
 -2.8687e-02   5.9429e-03   5.6606e-03   1.8911e-03   1.4649e-05 
 -1.8963e-05  -1.4143e-09   2.2532e+00   4.3237e+00  -6.3005e+01 
  2.5100e+01  -5.7927e-01  -1.4699e+00   7.1969e+00  -5.4067e-03 


########################
# 00000006
########################
RSS 189317.29572571375
BP 0:
a0:   3.4330e+00   e0:  -5.7565e+00   b0:   3.9567e+02   
P: 
 -2.6055e-01   8.7298e-02  -3.9642e-02  -3.1551e-02  -2.9219e-02 
 -2.5388e-02   1.6815e-03   1.6136e-03   1.4867e-03   1.0799e-05 
 -1.8196e-05  -3.1433e-09   1.5651e+00   3.1982e+00  -7.8075e+01 
  2.4529e+01  -4.4578e-01   1.1742e-01   4.1993e+00   2.5772e-01 


########################
# 00000007
########################
RSS 191161.75887760837
BP 0:
a0:   3.6290e+00   e0:  -4.4480e+00   b0:   4.6176e+02   
P: 
 -2.5471e-01  -1.3139e-02  -8.8319e-02  -6.1964e-02  -1.1563e-02 
 -2.5208e-02   3.2554e-03   3.1100e-03   1.8719e-03   7.0462e-06 
 -2.0763e-05  -3.6086e-09   2.0487e+00   5.3592e+00  -4.9187e+01 
  2.8507e+01  -6.3284e-01   9.7169e-01   6.7736e+00   5.4469e-02 


########################
# 00000008
########################
RSS 193994.89565052453
BP 0:
a0:   3.4909e+00   e0:  -4.2211e+00   b0:   2.1506e+02   
P: 
 -2.1471e-01  -1.1942e-02  -5.4300e-02  -1.2648e-02  -5.8195e-02 
 -2.5514e-02   4.0261e-03   3.5070e-03   6.6238e-04   1.0726e-05 
 -2.1050e-05   1.3622e-10   1.3896e+00   4.4436e+00  -4.8473e+01 
  4.6871e+01  -5.7754e-01  -6.2026e-01   4.7479e+00   3.1375e-01 


########################
# 00000009
########################
RSS 198444.4631180256
BP 0:
a0:   3.4645e+00   e0:  -6.0774e+00   b0:   4.3239e+02   
P: 
 -2.9303e-01   5.5552e-02  -6.1763e-02  -3.4291e-02  -3.0592e-02 
 -3.0286e-02   1.2492e-03   1.2813e-03   1.8258e-03   6.4534e-06 
 -1.8529e-05  -1.7238e-09   1.6401e+00   4.2858e+00  -7.6595e+01 
  4.0077e+01  -6.0560e-01  -2.0140e+00   8.3743e+00   6.6635e-01 


########################
# 00000010
########################
RSS 200133.73949993518
BP 0:
a0:   3.6223e+00   e0:  -4.5858e+00   b0:   5.3163e+02   
P: 
 -2.3173e-01   2.4794e-02  -8.7494e-02  -7.7607e-02  -2.2869e-02 
 -2.4795e-02   4.9452e-03   4.6830e-03   1.6220e-03   5.5671e-06 
 -1.9777e-05  -1.2867e-09   2.2551e+00   4.1717e+00  -7.6358e+01 
  3.0468e+01  -6.0828e-01   1.7386e-01   3.2745e+00   7.2839e-02 


########################
# 00000011
########################
RSS 201136.18783608917
BP 0:
a0:   3.6231e+00   e0:  -3.9570e+00   b0:   4.0747e+02   
P: 
 -2.2045e-01   6.7930e-04  -5.8032e-02  -5.6988e-02  -3.1958e-02 
 -2.9390e-02   4.6918e-03   4.4920e-03   2.3622e-03   1.2179e-05 
 -2.5377e-05  -3.7191e-09   1.9773e+00   4.7226e+00  -7.5769e+01 
  3.7346e+01  -3.9402e-01  -2.0651e+00   5.3138e+00   6.1652e-02 


########################
# 00000012
########################
RSS 201411.4101379019
BP 0:
a0:   3.4916e+00   e0:  -5.0540e+00   b0:   2.9216e+02   
P: 
 -2.5104e-01   3.1953e-02  -4.3113e-02  -9.6615e-02  -5.4098e-02 
 -2.7353e-02   4.9935e-03   4.6730e-03   2.0867e-03   1.5436e-05 
 -2.2537e-05  -3.6561e-09   2.0793e+00   5.8867e+00  -7.5483e+01 
  2.2955e+01  -3.4758e-01   3.6874e+00   8.5562e+00   1.2691e-01 


########################
# 00000013
########################
RSS 202141.542965147
BP 0:
a0:   3.4961e+00   e0:  -5.3318e+00   b0:   4.8899e+02   
P: 
 -2.2813e-01   7.7090e-02  -1.0611e-01  -4.3187e-02  -1.8029e-02 
 -2.7207e-02   1.4792e-03   1.6066e-03   2.2377e-03   5.4786e-06 
 -1.8184e-05  -1.0492e-09   1.5987e+00   5.2201e+00  -8.0843e+01 
  3.2208e+01  -5.4387e-01   1.8306e+00   6.8113e+00   9.0832e-01 


########################
# 00000014
########################
RSS 210079.12743017575
BP 0:
a0:   3.4533e+00   e0:  -3.7250e+00   b0:   1.3802e+02   
P: 
 -1.7021e-01  -2.4314e-02  -4.1394e-02  -3.0207e-02  -6.8926e-02 
 -2.3336e-02   4.9282e-03   4.3442e-03   4.6904e-04   1.6097e-05 
 -2.3202e-05  -1.3935e-09   1.4546e+00   3.6941e+00  -5.1661e+01 
  4.1860e+01  -6.9162e-01   1.0874e+00   6.6128e+00   2.2261e-01 


########################
# 00000015
########################
RSS 210787.55659011312
BP 0:
a0:   3.2713e+00   e0:  -5.8811e+00   b0:   1.6039e+02   
P: 
 -2.5144e-01   1.1408e-02  -7.8591e-02   3.4295e-03  -7.5643e-02 
 -2.8742e-02   2.6145e-03   2.0262e-03  -9.0031e-05   1.2478e-05 
 -1.7365e-05  -1.0119e-09   1.0588e+00   4.5889e+00  -5.4829e+01 
  4.1243e+01  -7.1215e-01  -1.1352e+00   4.4101e+00   6.3619e-01 


########################
# 00000016
########################
RSS 215176.1467142785
BP 0:
a0:   3.5413e+00   e0:  -4.4530e+00   b0:   3.1476e+02   
P: 
 -1.9569e-01   3.8749e-02  -9.0988e-02  -4.5799e-02  -4.9900e-02 
 -2.3496e-02   5.3594e-03   4.6504e-03   3.0918e-04   1.3437e-05 
 -2.4629e-05   1.2076e-09   1.4779e+00   4.6314e+00  -4.3898e+01 
  4.3654e+01  -5.4379e-01  -2.7699e+00   5.3448e+00   5.3278e-01 


########################
# 00000017
########################
RSS 215982.75298782703
BP 0:
a0:   3.2323e+00   e0:  -6.2827e+00   b0:   2.1907e+02   
P: 
 -2.3196e-01   7.7835e-02  -6.5353e-02  -3.3027e-02  -4.4748e-02 
 -2.3649e-02   4.5699e-03   4.5004e-03   2.3891e-03   9.5080e-06 
 -1.4509e-05  -1.9128e-09   2.0117e+00   5.6076e+00  -5.7272e+01 
  2.9545e+01  -5.8663e-01   2.7947e+00   5.8062e+00   6.7174e-01 


########################
# 00000018
########################
RSS 235564.67792317364
BP 0:
a0:   3.6211e+00   e0:  -3.9810e+00   b0:   3.3274e+02   
P: 
 -2.2476e-01  -3.4634e-02  -8.1215e-02  -3.7465e-02  -4.0140e-02 
 -2.6130e-02   1.8450e-03   1.3980e-03   8.9265e-05   7.0612e-06 
 -1.5773e-05  -1.9825e-10   1.1599e+00   4.6397e+00  -5.3111e+01 
  3.6993e+01  -5.8096e-01   2.1148e+00   3.9754e+00   3.7084e-02 


########################
# 00000019
########################
RSS 237608.43237712904
BP 0:
a0:   3.3057e+00   e0:  -5.5862e+00   b0:   1.9236e+02   
P: 
 -2.5605e-01   3.4575e-02  -1.0829e-01  -2.0569e-02  -3.8386e-02 
 -2.1928e-02   4.8542e-03   4.4837e-03   1.2491e-03   1.1159e-05 
 -1.8310e-05  -2.1268e-09   2.1880e+00   4.4294e+00  -5.8080e+01 
  2.4950e+01  -3.1886e-01  -1.1208e+00   4.1585e+00  -4.1850e-02 


########################
# 00000020
########################
RSS 260013.24634337673
BP 0:
a0:   3.6030e+00   e0:  -4.7075e+00   b0:   4.0711e+02   
P: 
 -2.6024e-01   5.3528e-03  -5.7388e-02  -2.4592e-02  -3.0368e-02 
 -2.7781e-02   5.2751e-03   4.8722e-03   1.3158e-03   5.3776e-06 
 -1.6600e-05  -3.2784e-09   1.9080e+00   3.6295e+00  -4.8112e+01 
  3.6564e+01  -6.6540e-01  -1.9026e+00   4.0462e+00   6.8394e-01 


########################
# 00000021
########################
RSS 271816.9267511318
BP 0:
a0:   3.4721e+00   e0:  -4.7741e+00   b0:   2.7653e+02   
P: 
 -2.0697e-01   5.3079e-02  -8.7222e-02  -2.9580e-02  -4.8251e-02 
 -2.8520e-02   3.9410e-03   3.5167e-03   1.1837e-03   1.5446e-05 
 -1.8016e-05  -3.0019e-09   2.0127e+00   5.4916e+00  -6.8658e+01 
  2.3704e+01  -4.3032e-01   5.7281e-01   3.6252e+00   6.9268e-01 


########################
# 00000022
########################
RSS 285773.8206566811
BP 0:
a0:   3.4204e+00   e0:  -5.8925e+00   b0:   2.6323e+02   
P: 
 -2.9108e-01   3.5897e-02  -3.0225e-02  -2.4505e-02  -4.7664e-02 
 -2.9130e-02   1.7541e-03   1.4801e-03   1.3697e-03   8.6200e-06 
 -2.3260e-05  -3.6002e-09   1.9399e+00   3.2709e+00  -5.2741e+01 
  3.8637e+01  -6.6925e-01   2.9502e-01   4.3674e+00   4.5091e-01 


########################
# 00000023
########################
RSS 289903.87866310193
BP 0:
a0:   3.6092e+00   e0:  -4.4426e+00   b0:   5.1884e+02   
P: 
 -2.1403e-01   6.3158e-02  -8.8547e-02  -1.8738e-02  -1.4976e-02 
 -2.8722e-02   4.8324e-03   4.5291e-03   1.4734e-03   8.6307e-06 
 -1.7018e-05  -1.9168e-09   1.8933e+00   2.8723e+00  -4.6486e+01 
  2.6671e+01  -5.0645e-01   6.5371e-01   4.6507e+00   5.7197e-02 


########################
# 00000024
########################
RSS 310210.8390345706
BP 0:
a0:   3.4469e+00   e0:  -4.7671e+00   b0:   2.2266e+02   
P: 
 -2.1622e-01   3.1583e-02  -3.3674e-02  -8.4664e-02  -5.1022e-02 
 -2.2003e-02   2.4720e-03   2.2514e-03   2.5541e-03   1.5218e-05 
 -2.2405e-05  -2.2185e-09   1.5607e+00   3.0682e+00  -5.6867e+01 
  3.0141e+01  -6.0925e-01   2.5909e+00   3.7457e+00   2.4054e-01 


########################
# 00000025
########################
RSS 314001.00571905944
BP 0:
a0:   3.6340e+00   e0:  -4.5602e+00   b0:   4.7690e+02   
P: 
 -2.2204e-01   3.8716e-02  -6.6766e-02  -4.9599e-02  -3.2116e-02 
 -2.9874e-02   5.6414e-03   5.1637e-03   1.2054e-03   1.0030e-05 
 -1.5336e-05  -2.5302e-09   1.7750e+00   3.3047e+00  -4.7913e+01 
  2.8711e+01  -6.4852e-01   2.5560e+00   4.5606e+00   3.7523e-01 


########################
# 00000026
########################
RSS 326589.2465619028
BP 0:
a0:   3.5913e+00   e0:  -5.0739e+00   b0:   4.8034e+02   
P: 
 -2.7474e-01   3.4400e-02  -7.9895e-02  -3.2826e-02  -5.7676e-03 
 -2.4248e-02   4.7632e-03   4.5142e-03   2.0651e-03   4.5248e-06 
 -2.0899e-05  -3.1468e-09   1.9819e+00   3.1658e+00  -6.0786e+01 
  2.6397e+01  -6.8204e-01  -2.4497e-01   3.9250e+00   7.7285e-01 


########################
# 00000027
########################
RSS 334409.79138293705
BP 0:
a0:   3.6751e+00   e0:  -3.4287e+00   b0:   3.7082e+02   
P: 
 -1.6978e-01  -1.5800e-03  -2.2642e-02  -5.0840e-02  -6.8061e-02 
 -2.8619e-02   5.9279e-03   5.2607e-03   1.0108e-03   1.2834e-05 
 -1.8266e-05   2.0434e-10   1.7749e+00   5.8808e+00  -6.4262e+01 
  3.9634e+01  -4.7660e-01   1.1911e+00   3.3765e+00   8.2523e-01 


########################
# 00000028
########################
RSS 338189.0500741818
BP 0:
a0:   3.4060e+00   e0:  -4.8661e+00   b0:   2.1640e+02   
P: 
 -1.9620e-01   3.7997e-02  -8.6674e-02  -3.8404e-02  -7.6489e-02 
 -2.3857e-02   3.9421e-03   3.2232e-03   7.0321e-05   9.1163e-06 
 -2.0182e-05  -9.8140e-10   9.4637e-01   5.4944e+00  -3.9679e+01 
  5.6279e+01  -4.6624e-01  -5.9422e-01   3.2191e+00   5.2810e-01 


########################
# 00000029
########################
RSS 345730.43122937746
BP 0:
a0:   3.6071e+00   e0:  -2.9837e+00   b0:   1.7726e+02   
P: 
 -1.6144e-01  -5.2866e-02  -2.1649e-02  -6.1106e-02  -8.7415e-02 
 -2.4804e-02   5.1240e-03   4.5103e-03   1.0311e-03   1.2071e-05 
 -2.3785e-05   1.5377e-10   1.3680e+00   4.9193e+00  -4.6152e+01 
  3.8482e+01  -3.8066e-01   1.7088e+00   2.6174e+00   1.1458e+00 


########################
# 00000030
########################
RSS 349037.7425880982
BP 0:
a0:   3.5279e+00   e0:  -4.9663e+00   b0:   3.7814e+02   
P: 
 -2.1247e-01   8.9552e-02  -9.0306e-02  -6.1692e-02  -2.7551e-02 
 -2.8246e-02   4.9676e-03   4.6938e-03   2.3291e-03   1.3660e-05 
 -2.0714e-05  -3.2606e-09   1.9410e+00   5.0506e+00  -6.4023e+01 
  2.9568e+01  -4.2149e-01   2.2663e+00   5.6366e+00   1.0417e-01 


########################
# 00000031
########################
RSS 351790.1658200158
BP 0:
a0:   3.5975e+00   e0:  -4.7941e+00   b0:   4.5408e+02   
P: 
 -2.3299e-01   5.6803e-02  -7.4589e-02  -3.1614e-02  -3.0888e-02 
 -2.9898e-02   5.1188e-03   4.6265e-03   1.3322e-03   1.0446e-05 
 -2.0628e-05  -1.5804e-09   2.2011e+00   5.5618e+00  -5.2617e+01 
  3.0793e+01  -5.5496e-01   1.3368e+00   5.4049e+00   3.4825e-01 


########################
# 00000032
########################
RSS 355306.3495322613
BP 0:
a0:   3.2451e+00   e0:  -6.6375e+00   b0:   1.9711e+02   
P: 
 -2.6260e-01   8.6401e-02  -7.7305e-02  -8.4342e-02  -5.0939e-02 
 -2.1272e-02   3.6143e-03   3.3074e-03   1.3300e-03   7.1455e-06 
 -2.0725e-05  -2.5780e-09   2.2318e+00   2.8306e+00  -7.1850e+01 
  3.1937e+01  -3.2705e-01  -1.2283e+00   4.6719e+00   4.2598e-01 


########################
# 00000033
########################
RSS 363335.4112007603
BP 0:
a0:   3.5950e+00   e0:  -4.5951e+00   b0:   3.6371e+02   
P: 
 -2.4376e-01   7.9832e-03  -1.3751e-02  -4.8654e-02  -6.3952e-02 
 -2.8067e-02   2.5753e-03   1.9929e-03   7.2751e-04   9.2693e-06 
 -2.1288e-05  -1.4616e-10   1.8202e+00   4.4945e+00  -6.9870e+01 
  3.8046e+01  -6.1730e-01  -1.0526e+00   6.8952e+00   6.6570e-01 


########################
# 00000034
########################
RSS 374411.47102372535
BP 0:
a0:   3.6837e+00   e0:  -3.0793e+00   b0:   3.3617e+02   
P: 
 -1.7021e-01  -1.5009e-02  -3.0251e-02   1.5766e-02  -4.4647e-02 
 -2.4906e-02   6.2960e-03   5.6559e-03   1.3009e-03   1.5535e-05 
 -1.9162e-05  -9.2873e-11   1.3648e+00   5.5744e+00  -5.4467e+01 
  5.0678e+01  -5.8126e-01  -1.6688e+00   2.9942e+00  -1.7213e-01 


########################
# 00000035
########################
RSS 384835.7526227314
BP 0:
a0:   3.6610e+00   e0:  -3.9247e+00   b0:   4.1979e+02   
P: 
 -2.3394e-01  -1.6085e-02  -5.7458e-02  -1.5723e-02  -2.2565e-02 
 -2.1360e-02   5.0145e-03   4.5103e-03   1.9090e-03   5.7557e-06 
 -2.5372e-05  -1.6987e-09   1.9235e+00   5.5908e+00  -7.3140e+01 
  3.4064e+01  -6.6134e-01  -1.3677e+00   6.5732e+00   2.4560e-01 


########################
# 00000036
########################
RSS 391636.05588346015
BP 0:
a0:   3.5178e+00   e0:  -4.5473e+00   b0:   2.9927e+02   
P: 
 -2.2258e-01   2.5763e-02  -8.0176e-02   1.6886e-02  -5.0537e-02 
 -2.8293e-02   3.6756e-03   3.1290e-03   1.3196e-03   7.3193e-06 
 -2.6517e-05   2.5955e-10   1.6086e+00   4.7479e+00  -5.2518e+01 
  3.7361e+01  -5.3776e-01  -1.5916e+00   5.5194e+00   8.2421e-03 


########################
# 00000037
########################
RSS 403197.71085829823
BP 0:
a0:   3.6302e+00   e0:  -4.9989e+00   b0:   5.8332e+02   
P: 
 -2.6719e-01   7.0642e-02  -2.4000e-02  -8.3970e-02  -1.5266e-02 
 -2.4622e-02   6.1319e-03   5.7308e-03   1.9464e-03   1.2822e-05 
 -1.8375e-05  -1.6902e-09   2.1193e+00   3.5351e+00  -7.8924e+01 
  3.6709e+01  -4.8981e-01  -1.2716e+00   4.6622e+00   6.4062e-01 


########################
# 00000038
########################
RSS 407727.56823788246
BP 0:
a0:   3.6138e+00   e0:  -3.9558e+00   b0:   3.6443e+02   
P: 
 -2.4400e-01   1.9242e-03  -1.9923e-02  -4.4752e-02  -1.7474e-02 
 -2.5426e-02   2.0847e-03   2.0473e-03   2.6472e-03   8.7328e-06 
 -1.5008e-05  -1.3842e-09   2.0535e+00   5.3550e+00  -6.9162e+01 
  3.5001e+01  -3.9025e-01  -3.3248e-01   5.5278e+00   7.5646e-01 


########################
# 00000039
########################
RSS 408619.2701036203
BP 0:
a0:   3.6098e+00   e0:  -4.7956e+00   b0:   4.8402e+02   
P: 
 -2.6458e-01   4.6546e-02  -6.3430e-02  -4.6379e-02  -1.2517e-02 
 -2.8717e-02   3.2395e-03   2.9416e-03   1.7768e-03   9.0522e-06 
 -2.3245e-05  -1.0335e-09   1.6465e+00   4.6983e+00  -6.5903e+01 
  2.9397e+01  -4.2098e-01  -1.2105e+00   5.7510e+00   8.1938e-01 


########################
# 00000040
########################
RSS 411849.02312650817
BP 0:
a0:   3.5310e+00   e0:  -5.3185e+00   b0:   4.2674e+02   
P: 
 -2.7283e-01   8.4766e-02  -8.4009e-02  -2.2127e-02  -9.4451e-03 
 -2.5747e-02   4.6125e-03   4.2679e-03   1.8154e-03   1.3693e-05 
 -1.9048e-05  -2.2697e-09   1.8979e+00   3.4710e+00  -5.6293e+01 
  2.3048e+01  -3.1026e-01  -7.3061e-01   6.6234e+00   6.6285e-01 


########################
# 00000041
########################
RSS 413295.1531259662
BP 0:
a0:   3.4819e+00   e0:  -4.6344e+00   b0:   2.5056e+02   
P: 
 -2.1905e-01   4.3234e-03  -9.8948e-02  -3.5478e-02  -4.6576e-02 
 -2.1856e-02   3.5715e-03   3.2098e-03   2.0622e-03   1.1362e-05 
 -1.4524e-05  -3.1425e-09   2.0462e+00   3.2814e+00  -6.0506e+01 
  3.5011e+01  -6.6652e-01   1.1802e+00   6.3346e+00   2.3525e-02 


########################
# 00000042
########################
RSS 413430.6101653591
BP 0:
a0:   3.5843e+00   e0:  -4.7159e+00   b0:   3.7643e+02   
P: 
 -2.6860e-01  -2.4944e-03  -8.7011e-02  -4.0246e-02  -1.6852e-02 
 -2.2823e-02   1.6230e-03   1.3392e-03   2.3182e-03   1.4461e-05 
 -2.4606e-05  -1.8999e-09   1.5728e+00   4.0677e+00  -7.4336e+01 
  3.0834e+01  -6.4997e-01  -1.4625e+00   5.4096e+00   6.2326e-01 


########################
# 00000043
########################
RSS 414204.4156296285
BP 0:
a0:   3.6275e+00   e0:  -3.9745e+00   b0:   3.7490e+02   
P: 
 -2.4755e-01  -3.9771e-02  -7.4609e-02   1.8943e-02  -6.4301e-02 
 -2.4292e-02   6.4898e-03   5.5192e-03   1.6511e-04   5.9221e-06 
 -2.2371e-05   1.1863e-09   1.7008e+00   5.2623e+00  -4.8208e+01 
  3.7659e+01  -4.0192e-01  -1.6040e+00   4.1486e+00   7.9079e-01 


########################
# 00000044
########################
RSS 414827.5267032366
BP 0:
a0:   3.7552e+00   e0:  -3.0909e+00   b0:   4.5263e+02   
P: 
 -2.0626e-01  -6.1856e-02  -1.7062e-02   1.0804e-02  -5.3574e-02 
 -2.7397e-02   4.9008e-03   4.0560e-03   8.7791e-06   9.6967e-06 
 -1.8086e-05  -1.0434e-09   1.4690e+00   3.0330e+00  -5.6393e+01 
  5.0536e+01  -4.6969e-01   8.1195e-01   4.5374e+00   3.1295e-01 


########################
# 00000045
########################
RSS 416445.8818648583
BP 0:
a0:   3.7336e+00   e0:  -3.1161e+00   b0:   3.6662e+02   
P: 
 -1.7021e-01  -3.8195e-02  -8.9221e-03   9.0864e-03  -6.2765e-02 
 -2.6966e-02   4.5496e-03   3.8112e-03   1.2532e-03   1.5210e-05 
 -2.1740e-05   9.0964e-10   1.3309e+00   3.8106e+00  -3.6755e+01 
  5.6517e+01  -7.5663e-01   9.1775e-01   6.4883e+00   1.1473e-01 


########################
# 00000046
########################
RSS 418958.59135367913
BP 0:
a0:   3.5678e+00   e0:  -4.8268e+00   b0:   3.2556e+02   
P: 
 -2.5791e-01  -3.4360e-02  -8.0062e-02  -4.1571e-02  -7.0387e-02 
 -2.9252e-02   1.5660e-03   9.9070e-04   3.9092e-04   5.8403e-06 
 -1.7117e-05   5.4239e-10   1.0232e+00   3.5052e+00  -4.1379e+01 
  5.4386e+01  -6.9935e-01   1.4047e-01   4.5705e+00   5.9355e-01 


########################
# 00000047
########################
RSS 420032.4081755959
BP 0:
a0:   3.6503e+00   e0:  -4.5105e+00   b0:   4.6933e+02   
P: 
 -2.7367e-01  -3.4299e-03  -3.0938e-02  -7.6328e-02  -9.2368e-03 
 -2.1362e-02   2.6193e-03   2.3944e-03   1.8495e-03   7.1807e-06 
 -1.5109e-05  -1.4647e-09   2.2791e+00   3.4326e+00  -4.3799e+01 
  3.3638e+01  -6.4299e-01  -7.2785e-01   5.0470e+00   6.8574e-01 


########################
# 00000048
########################
RSS 436341.3746250132
BP 0:
a0:   3.5338e+00   e0:  -5.9290e+00   b0:   4.5196e+02   
P: 
 -2.9984e-01   5.9868e-02  -1.1372e-01  -9.0623e-02  -3.0954e-02 
 -2.4413e-02   5.2721e-03   4.7057e-03   7.1887e-04   1.7581e-05 
 -1.2358e-05  -2.7571e-09   1.2362e+00   3.2376e+00  -6.3481e+01 
  2.4982e+01  -3.5159e-01   5.1860e-01   5.5488e+00   4.6899e-01 


########################
# 00000049
########################
RSS 461483.962904644
BP 0:
a0:   3.5289e+00   e0:  -4.9893e+00   b0:   3.7207e+02   
P: 
 -2.6538e-01   7.0515e-02  -2.1368e-02  -2.4546e-02  -1.6390e-02 
 -2.5863e-02   1.3146e-03   1.1591e-03   1.9654e-03   6.9978e-06 
 -2.1756e-05  -2.8801e-09   2.2723e+00   3.1925e+00  -6.0829e+01 
  4.1995e+01  -4.0596e-01   1.8790e+00   5.5422e+00   4.3722e-01 


########################
# 00000050
########################
RSS 461660.0787616287
BP 0:
a0:   3.6304e+00   e0:  -4.1683e+00   b0:   4.4327e+02   
P: 
 -2.3684e-01   2.8011e-02  -4.1317e-02  -8.5876e-02  -2.3749e-02 
 -2.1774e-02   4.6574e-03   4.3073e-03   2.5321e-03   9.3557e-06 
 -2.4738e-05  -2.9337e-09   1.8313e+00   4.4356e+00  -4.4864e+01 
  2.5765e+01  -3.2447e-01   1.1551e+00   5.3232e+00   7.1981e-01 


########################
# 00000051
########################
RSS 462978.48099552124
BP 0:
a0:   3.6762e+00   e0:  -4.0767e+00   b0:   4.9258e+02   
P: 
 -2.1889e-01  -2.2372e-03  -8.8439e-02  -8.2624e-02  -2.9705e-02 
 -2.7264e-02   3.8212e-03   3.4098e-03   2.0546e-03   1.5177e-05 
 -1.7216e-05  -2.9645e-09   1.8335e+00   5.4702e+00  -5.5395e+01 
  2.3874e+01  -5.1699e-01   1.8120e+00   3.4134e+00   5.1943e-01 


########################
# 00000052
########################
RSS 465059.631765871
BP 0:
a0:   3.4933e+00   e0:  -6.0029e+00   b0:   3.8040e+02   
P: 
 -2.8060e-01   7.9097e-02  -5.8174e-02  -9.0553e-02  -4.2353e-02 
 -2.9902e-02   3.9529e-03   3.7102e-03   2.4146e-03   1.0909e-05 
 -2.2435e-05  -3.6651e-09   1.9747e+00   4.9120e+00  -7.2651e+01 
  3.6791e+01  -4.7611e-01  -1.4234e+00   4.9921e+00   6.6116e-01 


########################
# 00000053
########################
RSS 499391.1637212149
BP 0:
a0:   3.5415e+00   e0:  -4.9875e+00   b0:   3.6803e+02   
P: 
 -2.6415e-01   3.1420e-02  -5.1929e-02  -5.7654e-02  -4.3730e-02 
 -2.5526e-02   5.1009e-03   4.7727e-03   2.5563e-03   8.9489e-06 
 -1.4885e-05  -1.4832e-09   2.4918e+00   4.1256e+00  -7.6981e+01 
  2.6465e+01  -4.1931e-01   1.5943e+00   3.9990e+00   1.1090e-01 


########################
# 00000054
########################
RSS 517569.92540952493
BP 0:
a0:   3.6768e+00   e0:  -2.4422e+00   b0:   1.7250e+02   
P: 
 -1.7121e-01  -8.7351e-02  -2.7438e-02  -3.7344e-02  -7.4679e-02 
 -2.2571e-02   5.2047e-03   4.6584e-03   1.7219e-03   1.0028e-05 
 -2.7826e-05  -1.3584e-09   1.2548e+00   5.7765e+00  -4.1642e+01 
  3.0323e+01  -2.1176e-01   1.8800e+00   3.7167e+00   9.9606e-01 


########################
# 00000055
########################
RSS 525643.7352407967
BP 0:
a0:   3.4275e+00   e0:  -6.1781e+00   b0:   3.1647e+02   
P: 
 -2.5781e-01   8.8476e-02  -9.2306e-02  -5.0781e-02  -4.0928e-02 
 -2.4942e-02   3.8941e-03   3.5451e-03   1.9958e-03   8.7427e-06 
 -1.9802e-05  -2.0729e-09   1.9594e+00   3.3955e+00  -6.7689e+01 
  2.9927e+01  -6.6493e-01   4.3794e-01   3.1615e+00   3.1975e-01 


########################
# 00000056
########################
RSS 528298.1253939501
BP 0:
a0:   3.6152e+00   e0:  -4.5231e+00   b0:   4.6733e+02   
P: 
 -2.1248e-01   6.6500e-02  -7.2973e-02  -8.0596e-02  -1.4315e-02 
 -2.2954e-02   2.4004e-03   2.0840e-03   1.8532e-03   1.3972e-05 
 -1.6951e-05  -1.9981e-09   2.0118e+00   5.7404e+00  -8.0465e+01 
  3.5415e+01  -5.7954e-01   1.6430e+00   6.8317e+00   2.7838e-01 


########################
# 00000057
########################
RSS 585609.2045120734
BP 0:
a0:   3.5409e+00   e0:  -5.1356e+00   b0:   3.9634e+02   
P: 
 -2.3622e-01   6.8786e-02  -8.9029e-02  -1.0113e-01  -3.3727e-02 
 -2.3467e-02   7.7679e-04   4.2606e-04   1.3718e-03   1.0164e-05 
 -2.1711e-05  -3.1415e-09   2.0450e+00   3.2652e+00  -8.1292e+01 
  1.7570e+01  -4.3139e-01   4.7598e-01   8.2681e+00   8.0553e-01 


########################
# 00000058
########################
RSS 588183.8893039178
BP 0:
a0:   3.4926e+00   e0:  -4.5944e+00   b0:   2.7440e+02   
P: 
 -2.3212e-01   1.8430e-02  -7.7452e-02  -4.7754e-02  -4.1168e-02 
 -2.2054e-02   1.3506e-03   1.0922e-03   2.4444e-03   1.1162e-05 
 -1.9536e-05  -8.7178e-10   2.3595e+00   5.1248e+00  -6.1229e+01 
  3.1351e+01  -4.5434e-01   1.6423e+00   7.1941e+00   5.6670e-01 


########################
# 00000059
########################
RSS 592202.4327229012
BP 0:
a0:   3.5424e+00   e0:  -5.6394e+00   b0:   4.3650e+02   
P: 
 -2.5661e-01   8.3908e-02  -7.3159e-02  -8.1818e-02  -3.5807e-02 
 -2.2059e-02   4.8629e-03   4.3376e-03   1.5600e-03   9.4341e-06 
 -1.8938e-05  -1.1912e-09   2.3518e+00   5.5267e+00  -5.8517e+01 
  4.2172e+01  -6.3399e-01   2.3325e+00   6.3291e+00   3.0853e-01 


########################
# 00000060
########################
RSS 593156.3509136384
BP 0:
a0:   3.7354e+00   e0:  -2.6437e+00   b0:   2.6348e+02   
P: 
 -1.9474e-01  -1.1665e-01  -5.7688e-02  -4.8817e-02  -7.8367e-02 
 -1.9449e-02   3.9643e-03   3.2473e-03   1.3575e-03   5.1100e-06 
 -2.4251e-05  -2.9125e-09   7.8721e-01   6.1550e+00  -5.4725e+01 
  2.3452e+01  -2.6889e-01   1.8002e+00   4.0654e+00   1.1612e+00 


########################
# 00000061
########################
RSS 596065.3995413657
BP 0:
a0:   3.6038e+00   e0:  -5.3633e+00   b0:   5.3851e+02   
P: 
 -2.9543e-01   5.1120e-02  -8.2208e-02  -7.6943e-02  -1.4946e-02 
 -2.2924e-02   6.0937e-03   5.5979e-03   2.0538e-03   7.8074e-06 
 -2.3295e-05  -1.8762e-09   2.0215e+00   2.9608e+00  -7.4141e+01 
  3.7623e+01  -4.4476e-01  -4.3328e-01   4.4264e+00   6.0824e-01 


########################
# 00000062
########################
RSS 609158.057160297
BP 0:
a0:   3.5430e+00   e0:  -3.9552e+00   b0:   2.4243e+02   
P: 
 -1.8978e-01  -6.0305e-03  -1.9606e-02  -4.1832e-02  -1.0246e-01 
 -2.7193e-02   2.9336e-03   2.2001e-03   1.4510e-03   9.8856e-06 
 -2.6016e-05  -8.4827e-10   1.8277e+00   3.8344e+00  -2.9726e+01 
  3.5518e+01  -4.8377e-01   2.9178e+00   1.3473e+00   1.5776e+00 


########################
# 00000063
########################
RSS 609454.1760023426
BP 0:
a0:   3.7514e+00   e0:  -2.3148e+00   b0:   2.9528e+02   
P: 
 -1.5506e-01  -6.2559e-02  -6.1343e-03  -1.1391e-02  -7.4930e-02 
 -2.4875e-02   7.2405e-03   6.4881e-03   1.4090e-03   8.5953e-06 
 -2.4494e-05  -1.6771e-09   7.7134e-01   5.2113e+00  -2.6282e+01 
  2.0737e+01  -1.9966e-01   2.0086e-01   3.7139e+00   6.6160e-01 


########################
# 00000064
########################
RSS 620755.3568224086
BP 0:
a0:   3.7330e+00   e0:  -4.0882e+00   b0:   6.0585e+02   
P: 
 -2.1774e-01  -1.9995e-02  -5.5762e-02  -4.6811e-02  -5.4814e-02 
 -2.7085e-02   5.9465e-03   4.9321e-03   5.4284e-04   7.7298e-06 
 -2.5778e-05   1.3653e-09   1.7338e+00   3.6135e+00  -3.6113e+01 
  4.2322e+01  -7.5441e-01   1.4661e+00   5.2844e+00   6.2858e-01 


########################
# 00000065
########################
RSS 656184.8291631172
BP 0:
a0:   3.5264e+00   e0:  -2.6612e+00   b0:   1.2121e+02   
P: 
 -1.5822e-01  -5.2716e-02  -2.8692e-03  -3.4762e-02  -8.7383e-02 
 -2.1253e-02   4.6709e-03   4.1780e-03   2.5407e-03   8.6465e-06 
 -2.7359e-05  -2.1228e-10   1.3499e+00   4.9502e+00  -2.8738e+01 
  2.4191e+01  -2.4456e-01   4.4948e+00   4.8551e+00   7.8800e-01 


########################
# 00000066
########################
RSS 659775.2822494152
BP 0:
a0:   2.3905e+00   e0:  -6.3054e+00   b0:  -2.9419e+01   
P: 
 -2.4817e-01   2.4548e-02  -4.7850e-02   2.1498e-03  -7.1724e-02 
 -2.7490e-02   5.1178e-03   4.6626e-03   1.2931e-03   1.5320e-05 
 -2.2808e-05   1.2756e-09   1.4333e+00   4.5275e+00  -5.3213e+01 
  4.1437e+01  -6.3111e-01  -4.8798e-01   5.8462e+00   7.9798e-01 


########################
# 00000067
########################
RSS 660246.4522588551
BP 0:
a0:   3.6925e+00   e0:  -3.5034e+00   b0:   4.8902e+02   
P: 
 -2.0552e-01   1.0152e-02  -1.5245e-02   1.6586e-02  -4.1902e-02 
 -2.4470e-02   5.0641e-03   4.2839e-03   7.4701e-04   6.9401e-06 
 -1.5580e-05   3.3990e-10   1.7937e+00   4.3857e+00  -4.5195e+01 
  3.7481e+01  -4.7363e-01   1.1203e+00   2.8310e+00  -1.6018e-01 


########################
# 00000068
########################
RSS 668388.1287584652
BP 0:
a0:   3.6217e+00   e0:  -4.6816e+00   b0:   5.4011e+02   
P: 
 -2.4341e-01   8.1226e-02  -5.0931e-02  -3.7079e-02  -2.0321e-02 
 -2.9882e-02   4.8875e-03   4.4896e-03   2.6656e-03   1.0416e-05 
 -2.4208e-05  -2.9410e-09   2.3016e+00   4.2241e+00  -5.9638e+01 
  3.3117e+01  -3.4421e-01   2.5437e+00   3.3578e+00   5.2145e-01 


########################
# 00000069
########################
RSS 706241.8648594125
BP 0:
a0:   3.8990e+00   e0:  -1.8941e+00   b0:   3.0307e+02   
P: 
 -1.5106e-01  -1.4138e-01  -4.0667e-02  -6.0912e-02  -5.7697e-02 
 -2.4920e-02   5.6398e-03   5.1948e-03   2.1794e-03   6.0801e-06 
 -2.8197e-05  -8.2389e-10   1.2357e+00   6.3820e+00  -4.4999e+01 
  3.6453e+01  -8.5964e-02   2.0025e+00   3.4283e+00   9.5899e-01 


########################
# 00000070
########################
RSS 706556.648499139
BP 0:
a0:   3.6221e+00   e0:  -4.3704e+00   b0:   4.7937e+02   
P: 
 -2.2448e-01   5.0437e-02  -5.5847e-02  -5.1970e-02  -4.7519e-02 
 -2.3222e-02   5.8369e-03   5.1105e-03   1.6911e-03   5.9299e-06 
 -2.4976e-05  -8.9881e-10   2.1241e+00   4.0332e+00  -4.6072e+01 
  2.8842e+01  -3.5363e-01  -1.2932e+00   6.6782e+00   3.9120e-01 


########################
# 00000071
########################
RSS 748574.8411645446
BP 0:
a0:   3.6873e+00   e0:  -4.1501e+00   b0:   4.7372e+02   
P: 
 -2.4917e-01  -2.7750e-02  -1.6300e-02  -4.9082e-02  -4.9260e-02 
 -2.1519e-02   1.9554e-03   1.2958e-03   1.1691e-03   5.3568e-06 
 -1.9766e-05  -9.6237e-11   1.6293e+00   5.2589e+00  -4.8244e+01 
  4.1250e+01  -7.2132e-01   1.3957e+00   6.5614e+00  -1.5371e-01 


########################
# 00000072
########################
RSS 748879.8137390713
BP 0:
a0:   3.6490e+00   e0:  -4.3320e+00   b0:   5.6420e+02   
P: 
 -2.3453e-01   5.5002e-02  -7.7631e-02  -6.8922e-02  -1.0487e-02 
 -2.3696e-02   3.9950e-03   3.5877e-03   1.8684e-03   5.5554e-06 
 -1.6598e-05  -2.5303e-09   2.0977e+00   5.2163e+00  -6.8487e+01 
  2.4612e+01  -3.0886e-01   1.0547e+00   5.1883e+00   8.2717e-01 


########################
# 00000073
########################
RSS 754423.1787481232
BP 0:
a0:   3.4905e+00   e0:  -6.0721e+00   b0:   3.9534e+02   
P: 
 -2.9096e-01   6.7567e-02  -8.8636e-02  -8.5253e-02  -5.0510e-02 
 -2.5973e-02   5.3013e-03   4.8924e-03   2.4367e-03   9.3663e-06 
 -1.4817e-05  -2.9504e-09   1.6020e+00   2.8258e+00  -4.7302e+01 
  2.6307e+01  -3.7616e-01  -1.0544e+00   6.2141e+00   5.0775e-01 


########################
# 00000074
########################
RSS 774081.2955195992
BP 0:
a0:   3.6158e+00   e0:  -2.4756e+00   b0:   1.7890e+02   
P: 
 -1.3535e-01  -3.2899e-02  -2.2812e-02  -3.5401e-02  -7.4223e-02 
 -1.8483e-02   3.8394e-03   3.2917e-03   2.2434e-03   5.5845e-06 
 -2.9708e-05  -2.2459e-09   1.3240e+00   4.4576e+00  -6.0146e+01 
  3.7861e+01  -3.0714e-01   1.1540e-01   5.6548e+00   4.9351e-01 


########################
# 00000075
########################
RSS 782080.5007304498
BP 0:
a0:   3.6223e+00   e0:  -4.2511e+00   b0:   4.9094e+02   
P: 
 -2.0961e-01   8.5504e-02  -2.6692e-02  -3.3640e-02  -2.1716e-02 
 -2.1566e-02   4.7218e-03   4.2542e-03   2.3440e-03   1.0614e-05 
 -1.5646e-05  -1.9241e-09   2.3220e+00   5.2613e+00  -6.2674e+01 
  2.7242e+01  -4.6880e-01   1.6957e+00   4.8520e+00   7.3310e-01 


########################
# 00000076
########################
RSS 826796.0046960942
BP 0:
a0:   3.5968e+00   e0:  -4.7979e+00   b0:   4.8830e+02   
P: 
 -2.1957e-01   6.8820e-02  -1.0499e-01  -6.7221e-02  -3.6944e-02 
 -2.4224e-02   5.3782e-03   4.8455e-03   2.1513e-03   5.8320e-06 
 -1.6298e-05  -3.1406e-09   2.4465e+00   2.8872e+00  -5.1483e+01 
  2.5429e+01  -4.6580e-01  -1.5829e-01   4.6178e+00   1.1530e-01 


########################
# 00000077
########################
RSS 831293.0849197818
BP 0:
a0:   3.7162e+00   e0:  -3.7212e+00   b0:   6.0402e+02   
P: 
 -2.2622e-01  -4.7608e-03  -7.7906e-02  -7.8374e-02  -1.4075e-02 
 -2.1510e-02   4.4497e-03   3.9401e-03   2.3728e-03   6.5822e-06 
 -2.0989e-05  -8.7938e-10   1.8644e+00   2.7693e+00  -7.1998e+01 
  4.0978e+01  -3.5679e-01   7.1857e-01   6.4425e+00   4.2483e-01 


########################
# 00000078
########################
RSS 843646.8494751803
BP 0:
a0:   3.6127e+00   e0:  -5.3253e+00   b0:   5.5364e+02   
P: 
 -2.9368e-01   4.9284e-02  -5.7650e-02  -4.2101e-02  -4.2151e-02 
 -2.9818e-02   2.3821e-03   1.6909e-03   4.8405e-04   5.4582e-06 
 -2.2479e-05  -2.7845e-09   1.4646e+00   6.0367e+00  -7.4191e+01 
  3.8434e+01  -4.0723e-01   3.6074e-01   6.3481e+00   3.8848e-01 


########################
# 00000079
########################
RSS 854324.5561422114
BP 0:
a0:   3.6531e+00   e0:  -4.3048e+00   b0:   5.6518e+02   
P: 
 -2.2686e-01   5.1307e-02  -1.0050e-01  -2.9554e-02  -1.1885e-02 
 -2.6753e-02   1.9730e-03   1.4908e-03   1.6868e-03   6.1132e-06 
 -2.4622e-05  -3.6285e-09   2.4774e+00   5.1059e+00  -5.0945e+01 
  4.0518e+01  -4.2535e-01   1.9462e+00   6.0708e+00   4.2948e-01 


########################
# 00000080
########################
RSS 865660.1820921149
BP 0:
a0:   3.7283e+00   e0:  -3.6871e+00   b0:   6.1814e+02   
P: 
 -2.1238e-01  -2.1150e-02  -1.0022e-01  -3.0849e-04  -4.7037e-02 
 -2.7235e-02   5.2297e-03   4.1527e-03   3.6444e-04   1.4323e-05 
 -1.7179e-05  -3.3626e-10   9.4768e-01   3.0921e+00  -6.5825e+01 
  3.9431e+01  -4.6199e-01  -3.2583e+00   2.9988e+00   6.2039e-01 


########################
# 00000081
########################
RSS 890991.0315082847
BP 0:
a0:   3.7678e+00   e0:  -3.2801e+00   b0:   4.8882e+02   
P: 
 -2.0450e-01  -9.2471e-02  -6.2720e-02  -6.5985e-02  -8.8446e-02 
 -2.1423e-02   4.6025e-03   3.4662e-03   1.0048e-03   1.1968e-05 
 -2.3378e-05   8.0167e-10   1.8325e+00   6.3924e+00  -3.8578e+01 
  4.3361e+01  -4.6221e-01   2.8533e+00   2.2159e+00   1.4721e+00 


########################
# 00000082
########################
RSS 915158.6993597645
BP 0:
a0:   3.4777e+00   e0:  -2.0612e+00   b0:   8.6856e+01   
P: 
 -9.0720e-02  -1.2178e-02  -1.9611e-02  -5.2761e-02  -6.3622e-02 
 -2.0208e-02   3.4804e-03   3.2152e-03   2.0097e-03   1.9776e-06 
 -3.1462e-05  -3.2079e-09   1.4793e+00   4.7769e+00  -4.3123e+01 
  4.3521e+01  -1.4423e-01  -1.7118e+00   5.7631e+00   2.4977e-01 


########################
# 00000083
########################
RSS 916536.6775773065
BP 0:
a0:   3.7702e+00   e0:  -2.3281e+00   b0:   2.8036e+02   
P: 
 -1.5033e-01  -8.2633e-02  -1.0092e-02  -5.8455e-02  -9.3824e-02 
 -1.6595e-02   5.8579e-03   5.0369e-03   2.8762e-03   1.1768e-06 
 -3.5296e-05  -3.4484e-09   1.3452e+00   5.6321e+00  -6.3343e+01 
  4.6991e+01  -3.2020e-01   1.2512e+00   5.5889e+00   3.0695e-01 


########################
# 00000084
########################
RSS 928984.9161182917
BP 0:
a0:   3.7965e+00   e0:  -2.8902e+00   b0:   5.3254e+02   
P: 
 -1.7882e-01  -6.0155e-02  -1.1993e-02   2.1665e-02  -6.1017e-02 
 -2.2852e-02   2.3878e-03   1.2797e-03   1.0004e-04   7.5555e-06 
 -2.6533e-05  -2.8127e-10   9.3505e-01   4.4125e+00  -5.8164e+01 
  4.7379e+01  -6.3342e-01   1.3522e+00   5.1115e+00   7.7491e-01 


########################
# 00000085
########################
RSS 936719.0031357829
BP 0:
a0:   3.6425e+00   e0:  -5.2128e+00   b0:   5.7647e+02   
P: 
 -2.7203e-01   4.6706e-02  -2.8527e-02  -8.8110e-02  -4.5924e-02 
 -2.8048e-02   3.9117e-03   3.3353e-03   1.8396e-03   1.1958e-05 
 -1.4692e-05  -2.5135e-09   2.4096e+00   3.2519e+00  -7.6092e+01 
  3.2125e+01  -6.4736e-01   1.1711e+00   4.7692e+00   8.1371e-01 


########################
# 00000086
########################
RSS 945181.1457789838
BP 0:
a0:   3.7297e+00   e0:  -3.9961e+00   b0:   5.6934e+02   
P: 
 -2.3300e-01  -2.9573e-02  -2.1396e-02  -2.1216e-02  -6.4193e-02 
 -2.3805e-02   3.7703e-03   2.7000e-03   8.0592e-04   1.6336e-05 
 -1.9592e-05  -1.3952e-09   1.7367e+00   5.8011e+00  -5.3432e+01 
  4.0318e+01  -7.5012e-01  -2.0233e+00   4.9545e+00   1.9131e-01 


########################
# 00000087
########################
RSS 978482.6914831921
BP 0:
a0:   3.7423e+00   e0:  -3.8068e+00   b0:   5.6156e+02   
P: 
 -1.9930e-01  -4.2372e-02  -6.5594e-02  -4.6688e-02  -6.9382e-02 
 -2.9357e-02   2.5299e-03   1.6732e-03   1.0737e-03   9.6503e-06 
 -1.6368e-05   1.7602e-09   1.1278e+00   3.9213e+00  -3.9292e+01 
  4.2168e+01  -7.5381e-01  -2.5123e-01   2.7454e+00   8.4178e-01 


########################
# 00000088
########################
RSS 989135.6194032563
BP 0:
a0:   3.8190e+00   e0:  -2.6493e+00   b0:   5.6792e+02   
P: 
 -1.9352e-01  -8.5784e-02   5.6321e-04  -4.5546e-02  -6.8334e-02 
 -2.2638e-02   6.5299e-03   5.5291e-03   2.3822e-03   1.4344e-05 
 -2.6708e-05  -2.3428e-09   1.5587e+00   5.8652e+00  -4.7427e+01 
  3.0691e+01  -1.9896e-01   4.2263e+00   3.6951e+00   9.1571e-01 


########################
# 00000089
########################
RSS 990384.9840514559
BP 0:
a0:   3.5885e+00   e0:  -5.7138e+00   b0:   5.5401e+02   
P: 
 -2.9026e-01   7.7092e-02  -9.2174e-02  -7.0558e-02  -2.5704e-02 
 -2.6123e-02   4.1725e-03   3.6656e-03   2.4145e-03   1.2288e-05 
 -2.1768e-05  -9.3278e-10   2.4788e+00   5.4526e+00  -6.1457e+01 
  3.0470e+01  -5.0844e-01   8.9852e-02   6.5945e+00   8.5612e-01 


########################
# 00000090
########################
RSS 991552.9130326938
BP 0:
a0:   3.6365e+00   e0:  -4.6186e+00   b0:   4.9474e+02   
P: 
 -2.9411e-01  -1.4837e-02  -6.7934e-02  -5.4978e-02  -3.7375e-02 
 -2.1208e-02   2.7212e-03   2.1473e-03   2.2000e-03   7.1300e-06 
 -2.1781e-05  -3.5694e-09   2.2272e+00   5.3275e+00  -4.6347e+01 
  3.4871e+01  -3.7566e-01  -1.4801e-01   4.8486e+00   4.6876e-01 


########################
# 00000091
########################
RSS 993939.1090838513
BP 0:
a0:   3.6873e+00   e0:  -4.5006e+00   b0:   5.9538e+02   
P: 
 -2.4115e-01   1.7204e-02  -5.0433e-02  -8.3347e-02  -4.6993e-02 
 -2.5816e-02   3.1190e-03   2.4218e-03   1.6705e-03   5.4224e-06 
 -2.4726e-05  -7.0389e-10   2.3074e+00   2.8754e+00  -6.6359e+01 
  3.7461e+01  -6.2844e-01   3.1379e+00   3.3692e+00   9.3063e-01 


########################
# 00000092
########################
RSS 994765.2519503585
BP 0:
a0:   3.6067e+00   e0:  -4.9410e+00   b0:   5.2393e+02   
P: 
 -2.2913e-01   8.2920e-02  -9.4065e-02  -6.7847e-02  -2.7021e-02 
 -2.4611e-02   1.3902e-03   8.7859e-04   1.8124e-03   1.0885e-05 
 -2.3013e-05  -1.8413e-09   2.0606e+00   3.1608e+00  -8.0883e+01 
  2.6341e+01  -5.2138e-01  -1.4905e+00   4.8310e+00   2.2370e-01 


########################
# 00000093
########################
RSS 995048.9396382389
BP 0:
a0:   3.7383e+00   e0:  -3.4935e+00   b0:   6.0552e+02   
P: 
 -2.0722e-01  -1.2796e-02  -5.5348e-02  -6.1182e-02  -3.2800e-02 
 -2.5472e-02   3.5299e-03   2.9434e-03   2.5374e-03   1.0818e-05 
 -2.0579e-05  -2.4847e-09   2.3287e+00   2.9285e+00  -5.8570e+01 
  2.7720e+01  -4.0957e-01   1.7113e+00   3.6636e+00   8.8982e-02 


########################
# 00000094
########################
RSS 1005554.8280978003
BP 0:
a0:   3.6577e+00   e0:  -4.6704e+00   b0:   6.4428e+02   
P: 
 -2.6287e-01   6.6594e-02  -5.8159e-02  -2.5326e-02  -1.1751e-02 
 -2.9074e-02   4.6510e-03   4.1738e-03   2.5456e-03   1.1089e-05 
 -1.6427e-05  -2.6528e-09   1.7433e+00   4.3869e+00  -7.5144e+01 
  3.4106e+01  -3.7133e-01  -1.6578e+00   4.7113e+00   6.0443e-01 


########################
# 00000095
########################
RSS 1007950.8687465268
BP 0:
a0:   3.7398e+00   e0:  -2.8978e+00   b0:   4.7384e+02   
P: 
 -2.1425e-01  -4.3664e-02   3.0008e-03  -2.1666e-02  -6.4267e-02 
 -2.0273e-02   4.0054e-03   3.0741e-03   1.6622e-03   1.0472e-05 
 -2.8265e-05  -1.2097e-09   8.0574e-01   4.5569e+00  -2.2858e+01 
  3.1217e+01  -1.1105e-01   2.3697e+00   3.0680e+00   5.1240e-01 


########################
# 00000096
########################
RSS 1011249.0846631549
BP 0:
a0:   3.5690e+00   e0:  -5.4652e+00   b0:   4.9578e+02   
P: 
 -2.8344e-01   7.6412e-02  -5.9098e-02  -5.0046e-02  -4.0566e-02 
 -2.3504e-02   3.9140e-03   3.2794e-03   1.8572e-03   1.5305e-05 
 -1.5413e-05  -2.4913e-09   1.9089e+00   4.3090e+00  -6.8748e+01 
  4.0513e+01  -3.9146e-01   2.8015e+00   6.4951e+00   3.7945e-01 


########################
# 00000097
########################
RSS 1025403.3455005807
BP 0:
a0:   3.7204e+00   e0:  -3.7317e+00   b0:   5.5392e+02   
P: 
 -2.2779e-01  -2.9530e-02  -4.6634e-02   1.9872e-02  -7.0503e-02 
 -2.2215e-02   5.8998e-03   4.5822e-03   6.8292e-04   1.5921e-05 
 -2.4502e-05   1.4772e-11   1.8451e+00   5.4556e+00  -5.6663e+01 
  4.6633e+01  -5.5695e-01  -1.2489e+00   3.5361e+00   2.9664e-01 


########################
# 00000098
########################
RSS 1027392.2836733229
BP 0:
a0:   3.7005e+00   e0:  -4.3148e+00   b0:   6.9436e+02   
P: 
 -2.5911e-01   3.5985e-02  -3.6091e-02  -7.6673e-02  -1.6549e-02 
 -2.4781e-02   4.2389e-03   3.6361e-03   1.8905e-03   5.3757e-06 
 -2.1451e-05  -3.8131e-09   2.0214e+00   3.1097e+00  -6.7329e+01 
  3.6274e+01  -3.1145e-01   1.1751e+00   5.2728e+00   1.6026e-01 


########################
# 00000099
########################
RSS 1031403.3047715689
BP 0:
a0:   3.7267e+00   e0:  -2.9462e+00   b0:   4.0496e+02   
P: 
 -1.7524e-01  -4.8246e-02  -5.0803e-02  -4.6179e-02  -7.4597e-02 
 -1.7812e-02   3.8251e-03   2.9117e-03   1.8623e-03   8.6851e-06 
 -2.6043e-05  -8.1973e-10   1.2150e+00   3.1284e+00  -5.5197e+01 
  3.8302e+01  -3.9324e-01   2.4741e+00   4.5877e+00   1.7882e-01 


########################
# 00000100
########################
RSS 1033954.5330326554
BP 0:
a0:   3.6479e+00   e0:  -4.8434e+00   b0:   5.3868e+02   
P: 
 -2.6711e-01   1.5291e-02  -5.9268e-02  -8.4102e-02  -5.0416e-02 
 -2.7716e-02   1.6384e-03   1.0588e-03   2.0127e-03   1.0918e-05 
 -2.3101e-05  -2.8530e-09   1.4414e+00   5.2603e+00  -7.2855e+01 
  1.7893e+01  -5.1287e-01   2.2216e+00   5.0231e+00   6.1718e-01 


