RSS:  
4974.599009399651

P:  
0.997426378584
0.972471007027
0.916989508994
-0.0936732687732
-0.0210117265542
0.0219240021654
-0.00699047970224
-0.01724343606
-0.00560277831078
0.000691835644531
-0.0076295127284
0.00119204427772
0.0358575782777
0.0507019144759
0.011381384379
0.000390250936615
-0.014303306561
0.00070659369448
-0.00139657649144
-1.94938564301
30.3556213379
24.3362083435
34.9576034546
16.2302913666
17.857875824
7.66438293457
1.23997938633
0.442521393299
0.109044238925
0.0200536046177
0.00229621282779
0.00255827326328
0.00108765787445
7.98819164629e-05
4.18824820372e-05
4.40689618699e-05
-9.11678437651
5.4731648437
0.98772992831
1.00169916811
1.0623047323
-0.0978027685251
0.00195162037581
0.00323569109613
0.0127568739438
0.000109199914063
0.0108452867583
0.0335399534935
0.00710835314452
-0.0101171357505
-0.00952711222312
-0.00727252972219
0.0305880271828
-0.0164205361381
0.000251425647947
-0.000439494623926
0.000130540833255
-1.94938564301
30.3556213379
24.3362083435
34.9576034546
16.2302913666
17.857875824
7.66438293457
1.23997938633
0.442521393299
0.109044238925
0.0200536046177
0.00229621282779
0.00255827326328
0.00108765787445
7.98819164629e-05
4.18824820372e-05
4.40689618699e-05
-9.09862370098
5.45614003296
0.983249517571
0.99887103
1.06317971459
0.0148581191652
0.00134416243907
-0.0194156234647
0.0124622645983
0.0150680867062
0.0133710441299
0.00991651201224
-0.0144876134372
0.0101710658906
0.0183424861591
0.0204434431366
-0.00236980316451
0.0101455523236
0.0241685563089
-0.00170611754641
0.00137752697902

Known:
a0:     3.42
e0:     -4.27
B0:     221.99999999938152
EC:     365.600 141.600 141.600  0.000  0.000  0.000 
        141.600 365.600 141.600  0.000  0.000  0.000 
        141.600 141.600 365.600  0.000  0.000  0.000 
         0.000  0.000  0.000 186.000  0.000  0.000 
         0.000  0.000  0.000  0.000 186.000  0.000 
         0.000  0.000  0.000  0.000  0.000 186.000 

Known:
a0:     3.89
e0:     -3.91
B0:     179.99999999949853
EC:     234.000 176.000 176.000  0.000  0.000  0.000 
        176.000 234.000 176.000  0.000  0.000  0.000 
        176.000 176.000 234.000  0.000  0.000  0.000 
         0.000  0.000  0.000 71.200  0.000  0.000 
         0.000  0.000  0.000  0.000 71.200  0.000 
         0.000  0.000  0.000  0.000  0.000 71.200 

Calculated:
a0:     3.0112370045079127
e0:     -3.9510766221417377
B0:     77.68985038689247
EC:     124.084 60.395 60.395  0.000  0.000  0.000 
        60.395 124.084 60.395  0.000  0.000  0.000 
        60.395 60.395 124.084  0.000  0.000  0.000 
         0.000  0.000  0.000 106.490  0.000  0.000 
         0.000  0.000  0.000  0.000 106.490  0.000 
         0.000  0.000  0.000  0.000  0.000 106.490 

Calculated:
a0:     2.8341151560801534
e0:     -2.1604666143320865
B0:     9.719756710738912
EC:     159.505 11.913 11.913  0.000  0.000  0.000 
        11.913 159.505 11.913  0.000  0.000  0.000 
        11.913 11.913 159.505  0.000  0.000  0.000 
         0.000  0.000  0.000 90.616  0.000  0.000 
         0.000  0.000  0.000  0.000 90.616  0.000 
         0.000  0.000  0.000  0.000  0.000 90.616 



