RSS:  
11.297970843580545

P:  
0.534420992528
2.47169335212
3.6257069834
3.82909491313
5.19186576171
6.33755779955
-0.841576950177
-0.0383947726963
-0.0294524573202
-0.128408998522
0.00520775514485
-0.00170930280102
0.0394113928403
-0.0422574395115
-0.0213208471328
8.05766457709
0.0114177525692
0.621299314042
2.49024877765
3.7067206089
4.04646406127
5.129625837
10.4651677848
-0.531917907679
0.00819678006193
0.0170694071332
0.0235647715838
0.00109856183591
0.00123425795763
0.00107912672968
0.000763479532288
0.00079806642351
38.7466665276
0.00147277303909
0.602048570328
2.26359143452
3.43770779041
3.82473215572
6.26620847068
10.0199970093
-0.575533602202
0.00701238359162
0.016332381528
0.0209839035
0.00093513950121
0.00104311414373
0.00113875181931
0.00108217041263
0.000908875043296
47.3106872912
0.000941496075096
0.112299035058
1.40619993696
17.3081280086
-42.0918943023
0.841304291493
1.82752443123
-6.74702695992
41.2855553711

Known:
a0:     3.89
e0:     -3.91
B0:     179.99999999949853
EC:     234.000 176.000 176.000  0.000  0.000  0.000 
        176.000 234.000 176.000  0.000  0.000  0.000 
        176.000 176.000 234.000  0.000  0.000  0.000 
         0.000  0.000  0.000 71.200  0.000  0.000 
         0.000  0.000  0.000  0.000 71.200  0.000 
         0.000  0.000  0.000  0.000  0.000 71.200 

Known:
a0:     3.42
e0:     -4.27
B0:     221.99999999938152
EC:     365.600 141.600 233.800  0.000  0.000  0.000 
        141.600 298.700 130.400  0.000  0.000  0.000 
        233.800 130.400 364.600  0.000  0.000  0.000 
         0.000  0.000  0.000 186.300  0.000  0.000 
         0.000  0.000  0.000  0.000 266.800  0.000 
         0.000  0.000  0.000  0.000  0.000 186.300 

Calculated:
a0:     3.8656701275644165
e0:     -3.9089055449028005
B0:     185.71006578848434
EC:     233.315 176.998 176.998  0.000  0.000  0.000 
        176.998 233.315 176.998  0.000  0.000  0.000 
        176.998 176.998 233.315  0.000  0.000  0.000 
         0.000  0.000  0.000 68.763  0.000  0.000 
         0.000  0.000  0.000  0.000 68.763  0.000 
         0.000  0.000  0.000  0.000  0.000 68.763 

Calculated:
a0:     3.4019185834004837
e0:     -4.284301052888037
B0:     229.0789440028979
EC:     367.288 140.921 239.156  0.000  0.000  0.000 
        140.921 298.090 125.649  0.000  0.000  0.000 
        239.156 125.649 367.288  0.000  0.000  0.000 
         0.000  0.000  0.000 187.421  0.000  0.000 
         0.000  0.000  0.000  0.000 258.396  0.000 
         0.000  0.000  0.000  0.000  0.000 187.421 



