RSS:  
822129028.1193507

P:  
371.886208879
346.570295247
-158.489659676
-15.3259074323
7.47829608755
-0.475691421712
-2.5917580213
5.06068872716
3.104377106
0.00879142199052
2.45577602456
3.56198503098
-3.02809445774
0.878403295884
-0.293318953358
-1.94938564301
30.3556213379
24.3362083435
34.9576034546
16.2302913666
17.857875824
7.66438293457
1.23997938633
0.442521393299
0.109044238925
0.0200536046177
0.00229621282779
0.00255827326328
0.00108765787445
7.98819164629e-05
4.18824820372e-05
4.40689618699e-05
23.8669740114
1.98098051924

Known:
a0:     3.42
e0:     -4.27
B0:     221.99999999938152
EC:     365.600 141.600 233.800  0.000  0.000  0.000 
        141.600 298.700 130.400  0.000  0.000  0.000 
        233.800 130.400 364.600  0.000  0.000  0.000 
         0.000  0.000  0.000 186.300  0.000  0.000 
         0.000  0.000  0.000  0.000 266.800  0.000 
         0.000  0.000  0.000  0.000  0.000 186.300 

Calculated:
a0:     -35.07209356138193
e0:     -601.2925668384678
B0:     -7.611586659500102
EC:     4121.507 -1.069 3410.554  0.000  0.000  0.000 
        -1.069 -0.218 32.551  0.000  0.000  0.000 
        3410.554 32.551 2706.337  0.000  0.000  0.000 
         0.000  0.000  0.000 1030.382  0.000  0.000 
         0.000  0.000  0.000  0.000  0.326  0.000 
         0.000  0.000  0.000  0.000  0.000 -0.669 



