########################
# 00000001
########################
RSS 72308691.98475033
BP 0:
a0:   7.5697e+00   e0:   3.7017e-01   b0:  -1.6541e+01   
P: 
  4.2583e+06  -2.0600e+02   3.3473e+02  -2.9781e+02  -7.5459e+01 
  1.1256e+02  -5.2682e+01   2.2785e+01  -2.1968e+01   4.4738e+00 
  1.3479e+01  -4.8590e+00  -1.0308e+01   7.3934e+00  -2.5405e+00 
  4.5360e-01   2.6048e-03   0.0000e+00   5.7623e-02   3.4828e-02 
  1.7483e-02   1.0234e-02   5.7303e-03   2.9693e-03   2.1020e-03 
  1.9730e-03   1.5827e-03   1.0786e-03   5.6348e-04   3.1809e-04 
  1.1089e-04   2.2361e-05   6.9446e-07   0.0000e+00  -9.4728e+00 
  7.9088e+00 

########################
# 00000002
########################
RSS 245911490.36278293
BP 0:
a0:   4.2567e+00   e0:  -5.7852e+00   b0:   3.4218e+02   
P: 
  4.0776e+06  -2.0294e+02   3.5953e+02  -2.7097e+02  -7.0150e+01 
  1.1654e+02  -5.6355e+01   2.1242e+01  -2.2303e+01   4.8537e+00 
  1.2738e+01  -4.5713e+00  -9.5595e+00   7.0010e+00  -2.8094e+00 
  4.8376e-01   2.4444e-03   0.0000e+00   5.7623e-02   3.4828e-02 
  1.7483e-02   1.0234e-02   5.7303e-03   2.9693e-03   2.1020e-03 
  1.9730e-03   1.5827e-03   1.0786e-03   5.6348e-04   3.1809e-04 
  1.1089e-04   2.2361e-05   6.9446e-07   0.0000e+00  -9.4728e+00 
  7.9088e+00 

########################
# 00000003
########################
RSS 315738906.31471676
BP 0:
a0:   4.8473e+00   e0:  -1.1561e+01   b0:  -2.3430e+02   
P: 
  4.1784e+06  -1.9661e+02   3.4621e+02  -3.1992e+02  -7.5971e+01 
  1.1235e+02  -5.7321e+01   2.2666e+01  -1.9772e+01   4.5757e+00 
  1.3898e+01  -4.5797e+00  -9.8220e+00   7.6552e+00  -2.4652e+00 
  4.4969e-01   2.7041e-03   0.0000e+00   5.7623e-02   3.4828e-02 
  1.7483e-02   1.0234e-02   5.7303e-03   2.9693e-03   2.1020e-03 
  1.9730e-03   1.5827e-03   1.0786e-03   5.6348e-04   3.1809e-04 
  1.1089e-04   2.2361e-05   6.9446e-07   0.0000e+00  -9.4728e+00 
  7.9088e+00 

########################
# 00000004
########################
RSS 3237079640.2533116
BP 0:
a0:   4.9174e+00   e0:   6.1263e+00   b0:   1.7213e+03   
P: 
  1.7103e+06  -1.8103e+02   1.9525e+02  -2.4137e+02  -6.6273e+01 
  2.0198e+02  -7.8828e+01   2.1266e+01  -1.2365e+01   6.4099e+00 
  1.7843e+01  -2.2816e+00  -3.0429e+00   3.0825e+00  -3.1720e+00 
  3.7708e-01   3.1727e-03   0.0000e+00   5.7623e-02   3.4828e-02 
  1.7483e-02   1.0234e-02   5.7303e-03   2.9693e-03   2.1020e-03 
  1.9730e-03   1.5827e-03   1.0786e-03   5.6348e-04   3.1809e-04 
  1.1089e-04   2.2361e-05   6.9446e-07   0.0000e+00  -9.4728e+00 
  7.9088e+00 

