---START---
00000001
PARAMETERS 
43
3.02474387578
0.591557923331
-1.08190224663
-0.477233941128
-0.733549379941
-0.723841102445
-0.751091435652
-0.792470479095
-0.575770171918
-0.133759467133
0.0508499755358
0.0372487733878
0.0411791005519
-0.0110326038656
0.000939534902436
-1.94938564301
30.3556213379
24.3362083435
34.9576034546
16.2302913666
17.857875824
7.66438293457
1.23997938633
0.442521393299
0.109044238925
0.0200536046177
0.00229621282779
0.00255827326328
0.00108765787445
7.98819164629e-05
4.18824820372e-05
4.40689618699e-05
2.6413863452e-06
1.10245503038e-06
6.35151934603e-07
3.87506304378e-07
2.28070874186e-07
1.27619927071e-07
6.8033251921e-08
3.47100943543e-08
-0.00172860221937
4.85476737283e-05
0.00708598816295
RSS 2064.0464606434216
BP MaxDensity 0.03470885469971787
EFS MaxDensity 0.04234136755137862
a0 3.599179858638442
e0 -4.349983194045093
b0 230.12009256914484
---END---
---START---
00000002
PARAMETERS 
43
3.01966089198
0.59219332858
-1.08158962872
-0.478333248259
-0.732290787551
-0.723183241294
-0.751394986031
-0.793756933002
-0.576412092742
-0.133624329708
0.0508719967304
0.037296368726
0.0410897035454
-0.0110359437044
0.000938812607957
-1.94938564301
30.3556213379
24.3362083435
34.9576034546
16.2302913666
17.857875824
7.66438293457
1.23997938633
0.442521393299
0.109044238925
0.0200536046177
0.00229621282779
0.00255827326328
0.00108765787445
7.98819164629e-05
4.18824820372e-05
4.40689618699e-05
2.6413863452e-06
1.10245503038e-06
6.35151934603e-07
3.87506304378e-07
2.28070874186e-07
1.27619927071e-07
6.8033251921e-08
3.47100943543e-08
-0.00172860221937
4.8572012925e-05
0.0070849838704
RSS 2069.1961416650215
BP MaxDensity 0.03470885469971787
EFS MaxDensity 0.04234136755137862
a0 3.6022119072253402
e0 -4.353011502121211
b0 229.52279126390823
---END---
---START---
00000003
PARAMETERS 
43
3.02157455372
0.592924949538
-1.08022190271
-0.47821464494
-0.731748377154
-0.723566542663
-0.751461246301
-0.794100425436
-0.57666879973
-0.133691804795
0.0509054857717
0.0372640528006
0.0411280092011
-0.0110305175577
0.000939578718431
-1.94938564301
30.3556213379
24.3362083435
34.9576034546
16.2302913666
17.857875824
7.66438293457
1.23997938633
0.442521393299
0.109044238925
0.0200536046177
0.00229621282779
0.00255827326328
0.00108765787445
7.98819164629e-05
4.18824820372e-05
4.40689618699e-05
2.6413863452e-06
1.10245503038e-06
6.35151934603e-07
3.87506304378e-07
2.28070874186e-07
1.27619927071e-07
6.8033251921e-08
3.47100943543e-08
-0.00172860221937
4.87074932072e-05
0.00709004677315
RSS 2081.8022558749726
BP MaxDensity 0.03470885469971787
EFS MaxDensity 0.04234136755137862
a0 3.6036718035088047
e0 -4.354834451552823
b0 225.3411739384006
---END---
---START---
00000004
PARAMETERS 
43
3.03311824896
0.592820191939
-1.07746368449
-0.476092539865
-0.729679724432
-0.725104617247
-0.750475702567
-0.792216648173
-0.577209900538
-0.133226768798
0.0504424721124
0.0371740584374
0.041582046876
-0.0110750544707
0.000935745588159
-1.94938564301
30.3556213379
24.3362083435
34.9576034546
16.2302913666
17.857875824
7.66438293457
1.23997938633
0.442521393299
0.109044238925
0.0200536046177
0.00229621282779
0.00255827326328
0.00108765787445
7.98819164629e-05
4.18824820372e-05
4.40689618699e-05
2.6413863452e-06
1.10245503038e-06
6.35151934603e-07
3.87506304378e-07
2.28070874186e-07
1.27619927071e-07
6.8033251921e-08
3.47100943543e-08
-0.00172860221937
4.85685529625e-05
0.00707348856358
RSS 2146.3697982603358
BP MaxDensity 0.03470885469971787
EFS MaxDensity 0.04234136755137862
a0 3.5950621659367443
e0 -4.346722158687414
b0 229.58872805026297
---END---
---START---
00000005
PARAMETERS 
43
3.06078620937
0.597894261056
-1.05857950639
-0.469731798298
-0.739230473101
-0.72625291664
-0.753887328526
-0.802754944861
-0.586300157968
-0.129943437336
0.0493855941438
0.0381129811929
0.0419027288757
-0.0111712205014
0.000937102269991
-1.94938564301
30.3556213379
24.3362083435
34.9576034546
16.2302913666
17.857875824
7.66438293457
1.23997938633
0.442521393299
0.109044238925
0.0200536046177
0.00229621282779
0.00255827326328
0.00108765787445
7.98819164629e-05
4.18824820372e-05
4.40689618699e-05
2.6413863452e-06
1.10245503038e-06
6.35151934603e-07
3.87506304378e-07
2.28070874186e-07
1.27619927071e-07
6.8033251921e-08
3.47100943543e-08
-0.00172860221937
4.80157131596e-05
0.00717250065844
RSS 2437.1091636188007
BP MaxDensity 0.03470885469971787
EFS MaxDensity 0.04234136755137862
a0 3.6087188394904843
e0 -4.365088091737353
b0 220.15255833603553
---END---
---START---
00000006
PARAMETERS 
43
3.06477005223
0.604848260511
-1.06304185191
-0.479919680326
-0.718429006939
-0.732710912802
-0.756824217003
-0.807911993843
-0.591655631787
-0.123525791333
0.0471143469725
0.0387989705404
0.0438793324036
-0.0114493134514
0.00093376078265
-1.94938564301
30.3556213379
24.3362083435
34.9576034546
16.2302913666
17.857875824
7.66438293457
1.23997938633
0.442521393299
0.109044238925
0.0200536046177
0.00229621282779
0.00255827326328
0.00108765787445
7.98819164629e-05
4.18824820372e-05
4.40689618699e-05
2.6413863452e-06
1.10245503038e-06
6.35151934603e-07
3.87506304378e-07
2.28070874186e-07
1.27619927071e-07
6.8033251921e-08
3.47100943543e-08
-0.00172860221937
4.73953950308e-05
0.00725184576056
RSS 3147.9988579057
BP MaxDensity 0.03470885469971787
EFS MaxDensity 0.04234136755137862
a0 3.604373136265312
e0 -4.377626283370651
b0 222.56472589664912
---END---
---START---
00000007
PARAMETERS 
43
3.12804
0.593425
-1.04066
-0.481059
-0.726982
-0.728192
-0.755163
-0.81845
-0.602545
-0.121443
0.0457397
0.0397489
0.0455602
-0.0120015
0.000906175
-1.94939
30.3556
24.3362
34.9576
16.2303
17.8579
7.66438
1.23998
0.442521
0.109044
0.0200536
0.00229621
0.00255827
0.00108766
7.98819e-05
4.18825e-05
4.4069e-05
2.64139e-06
1.10246e-06
6.35152e-07
3.87506e-07
2.28071e-07
1.2762e-07
6.80333e-08
3.47101e-08
-0.0017286
4.87214e-05
0.00696488
RSS 3621.608638032065
BP MaxDensity 0.03470885469971787
EFS MaxDensity 0.04234136755137862
a0 3.623083335153531
e0 -4.386949594537894
b0 214.23780686222722
---END---
