########################
# 00000001
########################
RSS 6.582073396369651
BP 0:
a0:   3.9486e+00   e0:  -3.9125e+00   b0:   1.7130e+02   
P: 
 -1.5776e+02  -3.3182e+00   6.8612e+01  -1.3394e+00  -5.3010e+01 
  1.0076e+01  -1.2171e+00   9.4789e-02  -8.9388e-01  -2.2320e+00 
 -4.2390e-01   1.6419e+00   4.0396e-01  -7.8855e-01   6.4558e-01 
 -2.1660e-01   1.4684e-02   0.0000e+00  -1.9494e+00   3.0356e+01 
  2.4336e+01   3.4958e+01   1.6230e+01   1.7858e+01   7.6644e+00 
  1.2400e+00   4.4252e-01   1.0904e-01   2.0054e-02   2.2962e-03 
  2.5583e-03   1.0877e-03   7.9882e-05   4.1882e-05   4.4069e-05 
 -1.8569e+01  -4.1149e-01   1.0000e+00 

########################
# 00000002
########################
RSS 6.582399221491366
BP 0:
a0:   3.9487e+00   e0:  -3.9108e+00   b0:   1.7136e+02   
P: 
 -1.5776e+02  -2.4362e+00   6.6821e+01  -1.3342e+00  -5.2122e+01 
  1.0272e+01  -1.2485e+00   9.4761e-02  -8.9747e-01  -2.2320e+00 
 -4.2390e-01   1.6419e+00   4.0393e-01  -7.8840e-01   6.4529e-01 
 -2.1651e-01   1.4692e-02   0.0000e+00  -1.9494e+00   3.0356e+01 
  2.4336e+01   3.4958e+01   1.6230e+01   1.7858e+01   7.6644e+00 
  1.2400e+00   4.4252e-01   1.0904e-01   2.0054e-02   2.2962e-03 
  2.5583e-03   1.0877e-03   7.9882e-05   4.1882e-05   4.4069e-05 
 -1.8568e+01  -8.2085e-01   1.0000e+00 

########################
# 00000003
########################
RSS 6.583419827641335
BP 0:
a0:   3.9488e+00   e0:  -3.9086e+00   b0:   1.7093e+02   
P: 
 -1.5776e+02  -2.6017e+00   6.8612e+01  -1.3394e+00  -6.0667e+01 
  5.6011e+00  -1.2171e+00   9.4551e-02  -8.7446e-01  -2.2320e+00 
 -4.2711e-01   1.6406e+00   4.0394e-01  -7.8839e-01   6.4577e-01 
 -2.1669e-01   1.4695e-02   0.0000e+00  -1.9494e+00   3.0356e+01 
  2.4336e+01   3.4958e+01   1.6230e+01   1.7858e+01   7.6644e+00 
  1.2400e+00   4.4252e-01   1.0904e-01   2.0054e-02   2.2962e-03 
  2.5583e-03   1.0877e-03   7.9882e-05   4.1882e-05   4.4069e-05 
 -1.8564e+01  -4.1148e-01   1.0000e+00 

########################
# 00000004
########################
RSS 6.584233921740061
BP 0:
a0:   3.9485e+00   e0:  -3.9100e+00   b0:   1.7078e+02   
P: 
 -1.5776e+02  -3.3195e+00   6.8612e+01  -1.3394e+00  -6.0669e+01 
  5.6009e+00  -1.2171e+00   9.4759e-02  -8.9386e-01  -2.2320e+00 
 -4.2711e-01   1.6406e+00   4.0395e-01  -7.8839e-01   6.4555e-01 
 -2.1660e-01   1.4692e-02   0.0000e+00  -1.9494e+00   3.0356e+01 
  2.4336e+01   3.4958e+01   1.6230e+01   1.7858e+01   7.6644e+00 
  1.2400e+00   4.4252e-01   1.0904e-01   2.0054e-02   2.2962e-03 
  2.5583e-03   1.0877e-03   7.9882e-05   4.1882e-05   4.4069e-05 
 -1.8564e+01  -4.1148e-01   1.0000e+00 

########################
# 00000005
########################
RSS 6.584616250582108
BP 0:
a0:   3.9485e+00   e0:  -3.9097e+00   b0:   1.7080e+02   
P: 
 -1.5776e+02  -3.3195e+00   6.8612e+01  -1.3394e+00  -6.0669e+01 
  5.6011e+00  -1.2171e+00   9.4759e-02  -8.9385e-01  -2.2320e+00 
 -4.2711e-01   1.6406e+00   4.0394e-01  -7.8839e-01   6.4555e-01 
 -2.1660e-01   1.4692e-02   0.0000e+00  -1.9494e+00   3.0356e+01 
  2.4336e+01   3.4958e+01   1.6230e+01   1.7858e+01   7.6644e+00 
  1.2400e+00   4.4252e-01   1.0904e-01   2.0054e-02   2.2962e-03 
  2.5583e-03   1.0877e-03   7.9882e-05   4.1882e-05   4.4069e-05 
 -1.8564e+01  -4.1148e-01   1.0000e+00 

########################
# 00000006
########################
RSS 6.584702919781911
BP 0:
a0:   3.9485e+00   e0:  -3.9099e+00   b0:   1.7078e+02   
P: 
 -1.5776e+02  -3.3195e+00   6.8612e+01  -1.3394e+00  -6.0669e+01 
  5.6010e+00  -1.2171e+00   9.4759e-02  -8.9386e-01  -2.2320e+00 
 -4.2711e-01   1.6406e+00   4.0394e-01  -7.8839e-01   6.4555e-01 
 -2.1660e-01   1.4692e-02   0.0000e+00  -1.9494e+00   3.0356e+01 
  2.4336e+01   3.4958e+01   1.6230e+01   1.7858e+01   7.6644e+00 
  1.2400e+00   4.4252e-01   1.0904e-01   2.0054e-02   2.2962e-03 
  2.5583e-03   1.0877e-03   7.9882e-05   4.1882e-05   4.4069e-05 
 -1.8564e+01  -4.1148e-01   1.0000e+00 

########################
# 00000007
########################
RSS 6.5847539803151145
BP 0:
a0:   3.9485e+00   e0:  -3.9098e+00   b0:   1.7079e+02   
P: 
 -1.5776e+02  -3.3195e+00   6.8612e+01  -1.3394e+00  -6.0669e+01 
  5.6010e+00  -1.2171e+00   9.4760e-02  -8.9385e-01  -2.2320e+00 
 -4.2712e-01   1.6406e+00   4.0394e-01  -7.8838e-01   6.4556e-01 
 -2.1661e-01   1.4692e-02   0.0000e+00  -1.9494e+00   3.0356e+01 
  2.4336e+01   3.4958e+01   1.6230e+01   1.7858e+01   7.6644e+00 
  1.2400e+00   4.4252e-01   1.0904e-01   2.0054e-02   2.2962e-03 
  2.5583e-03   1.0877e-03   7.9882e-05   4.1882e-05   4.4069e-05 
 -1.8564e+01  -4.1148e-01   1.0000e+00 

########################
# 00000008
########################
RSS 6.584906165732559
BP 0:
a0:   3.9484e+00   e0:  -3.9102e+00   b0:   1.7077e+02   
P: 
 -1.5776e+02  -3.3195e+00   6.8613e+01  -1.3394e+00  -6.0669e+01 
  5.6011e+00  -1.2171e+00   9.4758e-02  -8.9385e-01  -2.2320e+00 
 -4.2711e-01   1.6406e+00   4.0394e-01  -7.8839e-01   6.4555e-01 
 -2.1661e-01   1.4692e-02   0.0000e+00  -1.9494e+00   3.0356e+01 
  2.4336e+01   3.4958e+01   1.6230e+01   1.7858e+01   7.6644e+00 
  1.2400e+00   4.4252e-01   1.0904e-01   2.0054e-02   2.2962e-03 
  2.5583e-03   1.0877e-03   7.9882e-05   4.1882e-05   4.4069e-05 
 -1.8564e+01  -4.1148e-01   1.0000e+00 

########################
# 00000009
########################
RSS 6.585059357651522
BP 0:
a0:   3.9485e+00   e0:  -3.9096e+00   b0:   1.7080e+02   
P: 
 -1.5776e+02  -3.3195e+00   6.8612e+01  -1.3394e+00  -6.0668e+01 
  5.6010e+00  -1.2171e+00   9.4759e-02  -8.9385e-01  -2.2320e+00 
 -4.2711e-01   1.6406e+00   4.0394e-01  -7.8839e-01   6.4556e-01 
 -2.1660e-01   1.4692e-02   0.0000e+00  -1.9494e+00   3.0356e+01 
  2.4336e+01   3.4958e+01   1.6230e+01   1.7858e+01   7.6644e+00 
  1.2400e+00   4.4252e-01   1.0904e-01   2.0054e-02   2.2962e-03 
  2.5583e-03   1.0877e-03   7.9882e-05   4.1882e-05   4.4069e-05 
 -1.8564e+01  -4.1149e-01   1.0000e+00 

########################
# 00000010
########################
RSS 6.585175795940602
BP 0:
a0:   3.9486e+00   e0:  -3.9090e+00   b0:   1.7084e+02   
P: 
 -1.5776e+02  -3.3195e+00   6.8612e+01  -1.3394e+00  -6.0668e+01 
  5.6011e+00  -1.2171e+00   9.4759e-02  -8.9386e-01  -2.2320e+00 
 -4.2711e-01   1.6406e+00   4.0394e-01  -7.8838e-01   6.4556e-01 
 -2.1660e-01   1.4692e-02   0.0000e+00  -1.9494e+00   3.0356e+01 
  2.4336e+01   3.4958e+01   1.6230e+01   1.7858e+01   7.6644e+00 
  1.2400e+00   4.4252e-01   1.0904e-01   2.0054e-02   2.2962e-03 
  2.5583e-03   1.0877e-03   7.9882e-05   4.1882e-05   4.4069e-05 
 -1.8564e+01  -4.1149e-01   1.0000e+00 

########################
# 00000011
########################
RSS 6.585308930989826
BP 0:
a0:   3.9486e+00   e0:  -3.9092e+00   b0:   1.7083e+02   
P: 
 -1.5776e+02  -3.3195e+00   6.8613e+01  -1.3394e+00  -6.0667e+01 
  5.6010e+00  -1.2171e+00   9.4759e-02  -8.9387e-01  -2.2320e+00 
 -4.2711e-01   1.6406e+00   4.0394e-01  -7.8839e-01   6.4557e-01 
 -2.1660e-01   1.4692e-02   0.0000e+00  -1.9494e+00   3.0356e+01 
  2.4336e+01   3.4958e+01   1.6230e+01   1.7858e+01   7.6644e+00 
  1.2400e+00   4.4252e-01   1.0904e-01   2.0054e-02   2.2962e-03 
  2.5583e-03   1.0877e-03   7.9882e-05   4.1882e-05   4.4069e-05 
 -1.8564e+01  -4.1149e-01   1.0000e+00 

########################
# 00000012
########################
RSS 6.585521358014139
BP 0:
a0:   3.9486e+00   e0:  -3.9092e+00   b0:   1.7082e+02   
P: 
 -1.5776e+02  -3.3195e+00   6.8612e+01  -1.3394e+00  -6.0667e+01 
  5.6009e+00  -1.2171e+00   9.4759e-02  -8.9388e-01  -2.2320e+00 
 -4.2711e-01   1.6406e+00   4.0394e-01  -7.8839e-01   6.4556e-01 
 -2.1660e-01   1.4692e-02   0.0000e+00  -1.9494e+00   3.0356e+01 
  2.4336e+01   3.4958e+01   1.6230e+01   1.7858e+01   7.6644e+00 
  1.2400e+00   4.4252e-01   1.0904e-01   2.0054e-02   2.2962e-03 
  2.5583e-03   1.0877e-03   7.9882e-05   4.1882e-05   4.4069e-05 
 -1.8564e+01  -4.1149e-01   1.0000e+00 

########################
# 00000013
########################
RSS 6.585672983076835
BP 0:
a0:   3.9486e+00   e0:  -3.9090e+00   b0:   1.7084e+02   
P: 
 -1.5776e+02  -3.3195e+00   6.8613e+01  -1.3394e+00  -6.0667e+01 
  5.6010e+00  -1.2171e+00   9.4760e-02  -8.9387e-01  -2.2320e+00 
 -4.2711e-01   1.6406e+00   4.0394e-01  -7.8839e-01   6.4556e-01 
 -2.1660e-01   1.4692e-02   0.0000e+00  -1.9494e+00   3.0356e+01 
  2.4336e+01   3.4958e+01   1.6230e+01   1.7858e+01   7.6644e+00 
  1.2400e+00   4.4252e-01   1.0904e-01   2.0054e-02   2.2962e-03 
  2.5583e-03   1.0877e-03   7.9882e-05   4.1882e-05   4.4069e-05 
 -1.8564e+01  -4.1149e-01   1.0000e+00 

########################
# 00000014
########################
RSS 6.585797654544024
BP 0:
a0:   3.9486e+00   e0:  -3.9089e+00   b0:   1.7085e+02   
P: 
 -1.5776e+02  -3.3195e+00   6.8613e+01  -1.3394e+00  -6.0667e+01 
  5.6010e+00  -1.2171e+00   9.4759e-02  -8.9387e-01  -2.2320e+00 
 -4.2711e-01   1.6406e+00   4.0394e-01  -7.8839e-01   6.4557e-01 
 -2.1660e-01   1.4692e-02   0.0000e+00  -1.9494e+00   3.0356e+01 
  2.4336e+01   3.4958e+01   1.6230e+01   1.7858e+01   7.6644e+00 
  1.2400e+00   4.4252e-01   1.0904e-01   2.0054e-02   2.2962e-03 
  2.5583e-03   1.0877e-03   7.9882e-05   4.1882e-05   4.4069e-05 
 -1.8564e+01  -4.1149e-01   1.0000e+00 

########################
# 00000015
########################
RSS 6.585845096750594
BP 0:
a0:   3.9486e+00   e0:  -3.9090e+00   b0:   1.7083e+02   
P: 
 -1.5776e+02  -3.3195e+00   6.8613e+01  -1.3394e+00  -6.0667e+01 
  5.6009e+00  -1.2171e+00   9.4761e-02  -8.9386e-01  -2.2320e+00 
 -4.2711e-01   1.6406e+00   4.0394e-01  -7.8839e-01   6.4557e-01 
 -2.1660e-01   1.4692e-02   0.0000e+00  -1.9494e+00   3.0356e+01 
  2.4336e+01   3.4958e+01   1.6230e+01   1.7858e+01   7.6644e+00 
  1.2400e+00   4.4252e-01   1.0904e-01   2.0054e-02   2.2962e-03 
  2.5583e-03   1.0877e-03   7.9882e-05   4.1882e-05   4.4069e-05 
 -1.8564e+01  -4.1149e-01   1.0000e+00 

########################
# 00000016
########################
RSS 6.585859427692597
BP 0:
a0:   3.9486e+00   e0:  -3.9090e+00   b0:   1.7084e+02   
P: 
 -1.5776e+02  -3.3196e+00   6.8612e+01  -1.3394e+00  -6.0667e+01 
  5.6010e+00  -1.2171e+00   9.4758e-02  -8.9388e-01  -2.2320e+00 
 -4.2711e-01   1.6406e+00   4.0395e-01  -7.8838e-01   6.4557e-01 
 -2.1660e-01   1.4692e-02   0.0000e+00  -1.9494e+00   3.0356e+01 
  2.4336e+01   3.4958e+01   1.6230e+01   1.7858e+01   7.6644e+00 
  1.2400e+00   4.4252e-01   1.0904e-01   2.0054e-02   2.2962e-03 
  2.5583e-03   1.0877e-03   7.9882e-05   4.1882e-05   4.4069e-05 
 -1.8564e+01  -4.1149e-01   1.0000e+00 

########################
# 00000017
########################
RSS 6.585941374487063
BP 0:
a0:   3.9486e+00   e0:  -3.9089e+00   b0:   1.7085e+02   
P: 
 -1.5776e+02  -3.3196e+00   6.8612e+01  -1.3394e+00  -6.0667e+01 
  5.6010e+00  -1.2171e+00   9.4759e-02  -8.9389e-01  -2.2320e+00 
 -4.2711e-01   1.6406e+00   4.0394e-01  -7.8838e-01   6.4557e-01 
 -2.1660e-01   1.4692e-02   0.0000e+00  -1.9494e+00   3.0356e+01 
  2.4336e+01   3.4958e+01   1.6230e+01   1.7858e+01   7.6644e+00 
  1.2400e+00   4.4252e-01   1.0904e-01   2.0054e-02   2.2962e-03 
  2.5583e-03   1.0877e-03   7.9882e-05   4.1882e-05   4.4069e-05 
 -1.8564e+01  -4.1149e-01   1.0000e+00 

########################
# 00000018
########################
RSS 6.585960092919301
BP 0:
a0:   3.9486e+00   e0:  -3.9088e+00   b0:   1.7086e+02   
P: 
 -1.5776e+02  -3.3195e+00   6.8613e+01  -1.3394e+00  -6.0668e+01 
  5.6010e+00  -1.2171e+00   9.4758e-02  -8.9387e-01  -2.2320e+00 
 -4.2711e-01   1.6407e+00   4.0394e-01  -7.8839e-01   6.4557e-01 
 -2.1660e-01   1.4692e-02   0.0000e+00  -1.9494e+00   3.0356e+01 
  2.4336e+01   3.4958e+01   1.6230e+01   1.7858e+01   7.6644e+00 
  1.2400e+00   4.4252e-01   1.0904e-01   2.0054e-02   2.2962e-03 
  2.5583e-03   1.0877e-03   7.9882e-05   4.1882e-05   4.4069e-05 
 -1.8564e+01  -4.1148e-01   1.0000e+00 

########################
# 00000019
########################
RSS 6.586290354616644
BP 0:
a0:   3.9486e+00   e0:  -3.9090e+00   b0:   1.7084e+02   
P: 
 -1.5776e+02  -3.3195e+00   6.8612e+01  -1.3394e+00  -6.0667e+01 
  5.6010e+00  -1.2171e+00   9.4761e-02  -8.9386e-01  -2.2320e+00 
 -4.2711e-01   1.6406e+00   4.0393e-01  -7.8840e-01   6.4557e-01 
 -2.1660e-01   1.4692e-02   0.0000e+00  -1.9494e+00   3.0356e+01 
  2.4336e+01   3.4958e+01   1.6230e+01   1.7858e+01   7.6644e+00 
  1.2400e+00   4.4252e-01   1.0904e-01   2.0054e-02   2.2962e-03 
  2.5583e-03   1.0877e-03   7.9882e-05   4.1882e-05   4.4069e-05 
 -1.8564e+01  -4.1148e-01   1.0000e+00 

########################
# 00000020
########################
RSS 6.586333595431074
BP 0:
a0:   3.9486e+00   e0:  -3.9086e+00   b0:   1.7086e+02   
P: 
 -1.5776e+02  -3.3196e+00   6.8613e+01  -1.3394e+00  -6.0668e+01 
  5.6010e+00  -1.2171e+00   9.4763e-02  -8.9389e-01  -2.2320e+00 
 -4.2710e-01   1.6406e+00   4.0394e-01  -7.8838e-01   6.4557e-01 
 -2.1660e-01   1.4692e-02   0.0000e+00  -1.9494e+00   3.0356e+01 
  2.4336e+01   3.4958e+01   1.6230e+01   1.7858e+01   7.6644e+00 
  1.2400e+00   4.4252e-01   1.0904e-01   2.0054e-02   2.2962e-03 
  2.5583e-03   1.0877e-03   7.9882e-05   4.1882e-05   4.4069e-05 
 -1.8564e+01  -4.1147e-01   1.0000e+00 

########################
# 00000021
########################
RSS 6.5863436983859325
BP 0:
a0:   3.9486e+00   e0:  -3.9089e+00   b0:   1.7084e+02   
P: 
 -1.5776e+02  -3.3195e+00   6.8613e+01  -1.3394e+00  -6.0667e+01 
  5.6008e+00  -1.2171e+00   9.4761e-02  -8.9385e-01  -2.2320e+00 
 -4.2711e-01   1.6406e+00   4.0393e-01  -7.8839e-01   6.4556e-01 
 -2.1660e-01   1.4692e-02   0.0000e+00  -1.9494e+00   3.0356e+01 
  2.4336e+01   3.4958e+01   1.6230e+01   1.7858e+01   7.6644e+00 
  1.2400e+00   4.4252e-01   1.0904e-01   2.0054e-02   2.2962e-03 
  2.5583e-03   1.0877e-03   7.9882e-05   4.1882e-05   4.4069e-05 
 -1.8564e+01  -4.1148e-01   1.0000e+00 

########################
# 00000022
########################
RSS 6.586348331030692
BP 0:
a0:   3.9487e+00   e0:  -3.9084e+00   b0:   1.7088e+02   
P: 
 -1.5776e+02  -3.3196e+00   6.8612e+01  -1.3394e+00  -6.0668e+01 
  5.6011e+00  -1.2171e+00   9.4762e-02  -8.9388e-01  -2.2320e+00 
 -4.2711e-01   1.6406e+00   4.0394e-01  -7.8838e-01   6.4558e-01 
 -2.1660e-01   1.4692e-02   0.0000e+00  -1.9494e+00   3.0356e+01 
  2.4336e+01   3.4958e+01   1.6230e+01   1.7858e+01   7.6644e+00 
  1.2400e+00   4.4252e-01   1.0904e-01   2.0054e-02   2.2962e-03 
  2.5583e-03   1.0877e-03   7.9882e-05   4.1882e-05   4.4069e-05 
 -1.8564e+01  -4.1148e-01   1.0000e+00 

########################
# 00000023
########################
RSS 6.586370056030956
BP 0:
a0:   3.9485e+00   e0:  -3.9097e+00   b0:   1.7079e+02   
P: 
 -1.5777e+02  -3.3195e+00   6.8612e+01  -1.3349e+00  -6.0656e+01 
  5.6010e+00  -1.2486e+00   9.4775e-02  -8.9385e-01  -2.2321e+00 
 -4.2711e-01   1.6406e+00   4.0388e-01  -7.8833e-01   6.4556e-01 
 -2.1661e-01   1.4693e-02   0.0000e+00  -1.9494e+00   3.0356e+01 
  2.4336e+01   3.4958e+01   1.6230e+01   1.7858e+01   7.6644e+00 
  1.2400e+00   4.4252e-01   1.0904e-01   2.0054e-02   2.2962e-03 
  2.5583e-03   1.0877e-03   7.9882e-05   4.1882e-05   4.4069e-05 
 -1.8564e+01  -4.1149e-01   1.0000e+00 

########################
# 00000024
########################
RSS 6.586392713850983
BP 0:
a0:   3.9486e+00   e0:  -3.9086e+00   b0:   1.7086e+02   
P: 
 -1.5776e+02  -3.3195e+00   6.8612e+01  -1.3394e+00  -6.0668e+01 
  5.6011e+00  -1.2171e+00   9.4761e-02  -8.9388e-01  -2.2320e+00 
 -4.2711e-01   1.6406e+00   4.0394e-01  -7.8839e-01   6.4557e-01 
 -2.1660e-01   1.4692e-02   0.0000e+00  -1.9494e+00   3.0356e+01 
  2.4336e+01   3.4958e+01   1.6230e+01   1.7858e+01   7.6644e+00 
  1.2400e+00   4.4252e-01   1.0904e-01   2.0054e-02   2.2962e-03 
  2.5583e-03   1.0877e-03   7.9882e-05   4.1882e-05   4.4069e-05 
 -1.8564e+01  -4.1149e-01   1.0000e+00 

########################
# 00000025
########################
RSS 6.586393620723827
BP 0:
a0:   3.9486e+00   e0:  -3.9087e+00   b0:   1.7085e+02   
P: 
 -1.5776e+02  -3.3195e+00   6.8612e+01  -1.3394e+00  -6.0668e+01 
  5.6011e+00  -1.2171e+00   9.4761e-02  -8.9389e-01  -2.2320e+00 
 -4.2710e-01   1.6406e+00   4.0394e-01  -7.8839e-01   6.4557e-01 
 -2.1660e-01   1.4692e-02   0.0000e+00  -1.9494e+00   3.0356e+01 
  2.4336e+01   3.4958e+01   1.6230e+01   1.7858e+01   7.6644e+00 
  1.2400e+00   4.4252e-01   1.0904e-01   2.0054e-02   2.2962e-03 
  2.5583e-03   1.0877e-03   7.9882e-05   4.1882e-05   4.4069e-05 
 -1.8564e+01  -4.1148e-01   1.0000e+00 

########################
# 00000026
########################
RSS 6.586446125439913
BP 0:
a0:   3.9487e+00   e0:  -3.9085e+00   b0:   1.7087e+02   
P: 
 -1.5776e+02  -3.3196e+00   6.8612e+01  -1.3394e+00  -6.0667e+01 
  5.6011e+00  -1.2171e+00   9.4762e-02  -8.9388e-01  -2.2320e+00 
 -4.2711e-01   1.6406e+00   4.0394e-01  -7.8839e-01   6.4557e-01 
 -2.1660e-01   1.4692e-02   0.0000e+00  -1.9494e+00   3.0356e+01 
  2.4336e+01   3.4958e+01   1.6230e+01   1.7858e+01   7.6644e+00 
  1.2400e+00   4.4252e-01   1.0904e-01   2.0054e-02   2.2962e-03 
  2.5583e-03   1.0877e-03   7.9882e-05   4.1882e-05   4.4069e-05 
 -1.8564e+01  -4.1148e-01   1.0000e+00 

########################
# 00000027
########################
RSS 6.586648318614694
BP 0:
a0:   3.9486e+00   e0:  -3.9086e+00   b0:   1.7086e+02   
P: 
 -1.5776e+02  -3.3196e+00   6.8613e+01  -1.3394e+00  -6.0667e+01 
  5.6010e+00  -1.2171e+00   9.4763e-02  -8.9389e-01  -2.2320e+00 
 -4.2710e-01   1.6406e+00   4.0394e-01  -7.8839e-01   6.4557e-01 
 -2.1660e-01   1.4692e-02   0.0000e+00  -1.9494e+00   3.0356e+01 
  2.4336e+01   3.4958e+01   1.6230e+01   1.7858e+01   7.6644e+00 
  1.2400e+00   4.4252e-01   1.0904e-01   2.0054e-02   2.2962e-03 
  2.5583e-03   1.0877e-03   7.9882e-05   4.1882e-05   4.4069e-05 
 -1.8564e+01  -4.1148e-01   1.0000e+00 

########################
# 00000028
########################
RSS 6.586675463879409
BP 0:
a0:   3.9487e+00   e0:  -3.9084e+00   b0:   1.7087e+02   
P: 
 -1.5776e+02  -3.3196e+00   6.8611e+01  -1.3394e+00  -6.0668e+01 
  5.6011e+00  -1.2171e+00   9.4762e-02  -8.9389e-01  -2.2320e+00 
 -4.2710e-01   1.6406e+00   4.0394e-01  -7.8838e-01   6.4558e-01 
 -2.1660e-01   1.4692e-02   0.0000e+00  -1.9494e+00   3.0356e+01 
  2.4336e+01   3.4958e+01   1.6230e+01   1.7858e+01   7.6644e+00 
  1.2400e+00   4.4252e-01   1.0904e-01   2.0054e-02   2.2962e-03 
  2.5583e-03   1.0877e-03   7.9882e-05   4.1882e-05   4.4069e-05 
 -1.8564e+01  -4.1148e-01   1.0000e+00 

########################
# 00000029
########################
RSS 6.586702836832696
BP 0:
a0:   3.9486e+00   e0:  -3.9089e+00   b0:   1.7084e+02   
P: 
 -1.5776e+02  -3.3195e+00   6.8613e+01  -1.3394e+00  -6.0667e+01 
  5.6010e+00  -1.2485e+00   9.4755e-02  -8.9749e-01  -2.2321e+00 
 -4.2710e-01   1.6406e+00   4.0394e-01  -7.8839e-01   6.4557e-01 
 -2.1660e-01   1.4692e-02   0.0000e+00  -1.9494e+00   3.0356e+01 
  2.4336e+01   3.4958e+01   1.6230e+01   1.7858e+01   7.6644e+00 
  1.2400e+00   4.4252e-01   1.0904e-01   2.0054e-02   2.2962e-03 
  2.5583e-03   1.0877e-03   7.9882e-05   4.1882e-05   4.4069e-05 
 -1.8564e+01  -4.1149e-01   1.0000e+00 

########################
# 00000030
########################
RSS 6.586946717696848
BP 0:
a0:   3.9486e+00   e0:  -3.9086e+00   b0:   1.7086e+02   
P: 
 -1.5776e+02  -3.3196e+00   6.8613e+01  -1.3394e+00  -6.0667e+01 
  5.6014e+00  -1.2171e+00   9.4763e-02  -8.9388e-01  -2.2320e+00 
 -4.2710e-01   1.6407e+00   4.0393e-01  -7.8840e-01   6.4557e-01 
 -2.1660e-01   1.4692e-02   0.0000e+00  -1.9494e+00   3.0356e+01 
  2.4336e+01   3.4958e+01   1.6230e+01   1.7858e+01   7.6644e+00 
  1.2400e+00   4.4252e-01   1.0904e-01   2.0054e-02   2.2962e-03 
  2.5583e-03   1.0877e-03   7.9882e-05   4.1882e-05   4.4069e-05 
 -1.8564e+01  -4.1149e-01   1.0000e+00 

########################
# 00000031
########################
RSS 6.586948261906495
BP 0:
a0:   3.9486e+00   e0:  -3.9087e+00   b0:   1.7085e+02   
P: 
 -1.5776e+02  -3.3195e+00   6.8613e+01  -1.3394e+00  -6.0667e+01 
  5.6009e+00  -1.2171e+00   9.4760e-02  -8.9387e-01  -2.2320e+00 
 -4.2711e-01   1.6406e+00   4.0393e-01  -7.8840e-01   6.4558e-01 
 -2.1660e-01   1.4692e-02   0.0000e+00  -1.9494e+00   3.0356e+01 
  2.4336e+01   3.4958e+01   1.6230e+01   1.7858e+01   7.6644e+00 
  1.2400e+00   4.4252e-01   1.0904e-01   2.0054e-02   2.2962e-03 
  2.5583e-03   1.0877e-03   7.9882e-05   4.1882e-05   4.4069e-05 
 -1.8564e+01  -4.1149e-01   1.0000e+00 

########################
# 00000032
########################
RSS 6.5869590243912945
BP 0:
a0:   3.9487e+00   e0:  -3.9084e+00   b0:   1.7087e+02   
P: 
 -1.5776e+02  -3.3196e+00   6.8612e+01  -1.3394e+00  -6.0668e+01 
  5.6010e+00  -1.2171e+00   9.4762e-02  -8.9389e-01  -2.2320e+00 
 -4.2711e-01   1.6406e+00   4.0394e-01  -7.8839e-01   6.4558e-01 
 -2.1660e-01   1.4692e-02   0.0000e+00  -1.9494e+00   3.0356e+01 
  2.4336e+01   3.4958e+01   1.6230e+01   1.7858e+01   7.6644e+00 
  1.2400e+00   4.4252e-01   1.0904e-01   2.0054e-02   2.2962e-03 
  2.5583e-03   1.0877e-03   7.9882e-05   4.1882e-05   4.4069e-05 
 -1.8564e+01  -4.1148e-01   1.0000e+00 

########################
# 00000033
########################
RSS 6.586994118705147
BP 0:
a0:   3.9486e+00   e0:  -3.9086e+00   b0:   1.7085e+02   
P: 
 -1.5776e+02  -3.3196e+00   6.8612e+01  -1.3394e+00  -6.0668e+01 
  5.6010e+00  -1.2171e+00   9.4761e-02  -8.9387e-01  -2.2320e+00 
 -4.2710e-01   1.6406e+00   4.0395e-01  -7.8840e-01   6.4558e-01 
 -2.1660e-01   1.4692e-02   0.0000e+00  -1.9494e+00   3.0356e+01 
  2.4336e+01   3.4958e+01   1.6230e+01   1.7858e+01   7.6644e+00 
  1.2400e+00   4.4252e-01   1.0904e-01   2.0054e-02   2.2962e-03 
  2.5583e-03   1.0877e-03   7.9882e-05   4.1882e-05   4.4069e-05 
 -1.8564e+01  -4.1149e-01   1.0000e+00 

########################
# 00000034
########################
RSS 6.5870156306608
BP 0:
a0:   3.9487e+00   e0:  -3.9084e+00   b0:   1.7087e+02   
P: 
 -1.5776e+02  -3.3196e+00   6.8613e+01  -1.3394e+00  -6.0667e+01 
  5.6011e+00  -1.2171e+00   9.4761e-02  -8.9387e-01  -2.2320e+00 
 -4.2710e-01   1.6406e+00   4.0394e-01  -7.8839e-01   6.4558e-01 
 -2.1660e-01   1.4692e-02   0.0000e+00  -1.9494e+00   3.0356e+01 
  2.4336e+01   3.4958e+01   1.6230e+01   1.7858e+01   7.6644e+00 
  1.2400e+00   4.4252e-01   1.0904e-01   2.0054e-02   2.2962e-03 
  2.5583e-03   1.0877e-03   7.9882e-05   4.1882e-05   4.4069e-05 
 -1.8564e+01  -4.1149e-01   1.0000e+00 

########################
# 00000035
########################
RSS 6.587028177599328
BP 0:
a0:   3.9487e+00   e0:  -3.9084e+00   b0:   1.7087e+02   
P: 
 -1.5776e+02  -3.3195e+00   6.8612e+01  -1.3394e+00  -6.0668e+01 
  5.6012e+00  -1.2171e+00   9.4761e-02  -8.9387e-01  -2.2320e+00 
 -4.2711e-01   1.6406e+00   4.0394e-01  -7.8839e-01   6.4557e-01 
 -2.1660e-01   1.4692e-02   0.0000e+00  -1.9494e+00   3.0356e+01 
  2.4336e+01   3.4958e+01   1.6230e+01   1.7858e+01   7.6644e+00 
  1.2400e+00   4.4252e-01   1.0904e-01   2.0054e-02   2.2962e-03 
  2.5583e-03   1.0877e-03   7.9882e-05   4.1882e-05   4.4069e-05 
 -1.8564e+01  -4.1149e-01   1.0000e+00 

########################
# 00000036
########################
RSS 6.5870434760520835
BP 0:
a0:   3.9486e+00   e0:  -3.9085e+00   b0:   1.7087e+02   
P: 
 -1.5776e+02  -3.3195e+00   6.8611e+01  -1.3394e+00  -6.0668e+01 
  5.6012e+00  -1.2171e+00   9.4765e-02  -8.9388e-01  -2.2320e+00 
 -4.2709e-01   1.6407e+00   4.0393e-01  -7.8841e-01   6.4558e-01 
 -2.1660e-01   1.4692e-02   0.0000e+00  -1.9494e+00   3.0356e+01 
  2.4336e+01   3.4958e+01   1.6230e+01   1.7858e+01   7.6644e+00 
  1.2400e+00   4.4252e-01   1.0904e-01   2.0054e-02   2.2962e-03 
  2.5583e-03   1.0877e-03   7.9882e-05   4.1882e-05   4.4069e-05 
 -1.8564e+01  -4.1149e-01   1.0000e+00 

########################
# 00000037
########################
RSS 6.587161320251975
BP 0:
a0:   3.9487e+00   e0:  -3.9084e+00   b0:   1.7088e+02   
P: 
 -1.5776e+02  -3.3195e+00   6.8613e+01  -1.3394e+00  -6.0668e+01 
  5.6015e+00  -1.2171e+00   9.4762e-02  -8.9388e-01  -2.2320e+00 
 -4.2710e-01   1.6407e+00   4.0394e-01  -7.8840e-01   6.4558e-01 
 -2.1660e-01   1.4692e-02   0.0000e+00  -1.9494e+00   3.0356e+01 
  2.4336e+01   3.4958e+01   1.6230e+01   1.7858e+01   7.6644e+00 
  1.2400e+00   4.4252e-01   1.0904e-01   2.0054e-02   2.2962e-03 
  2.5583e-03   1.0877e-03   7.9882e-05   4.1882e-05   4.4069e-05 
 -1.8564e+01  -4.1148e-01   1.0000e+00 

########################
# 00000038
########################
RSS 6.587182082013953
BP 0:
a0:   3.9487e+00   e0:  -3.9083e+00   b0:   1.7088e+02   
P: 
 -1.5776e+02  -3.3195e+00   6.8612e+01  -1.3394e+00  -6.0667e+01 
  5.6012e+00  -1.2171e+00   9.4762e-02  -8.9388e-01  -2.2320e+00 
 -4.2710e-01   1.6407e+00   4.0394e-01  -7.8840e-01   6.4558e-01 
 -2.1660e-01   1.4692e-02   0.0000e+00  -1.9494e+00   3.0356e+01 
  2.4336e+01   3.4958e+01   1.6230e+01   1.7858e+01   7.6644e+00 
  1.2400e+00   4.4252e-01   1.0904e-01   2.0054e-02   2.2962e-03 
  2.5583e-03   1.0877e-03   7.9882e-05   4.1882e-05   4.4069e-05 
 -1.8564e+01  -4.1149e-01   1.0000e+00 

########################
# 00000039
########################
RSS 6.587264555366804
BP 0:
a0:   3.9486e+00   e0:  -3.9090e+00   b0:   1.7081e+02   
P: 
 -1.5776e+02  -3.3197e+00   6.6825e+01  -1.3394e+00  -6.0668e+01 
  1.0272e+01  -1.2171e+00   9.4762e-02  -8.9389e-01  -2.2322e+00 
 -4.2712e-01   1.6406e+00   4.0394e-01  -7.8842e-01   6.4558e-01 
 -2.1660e-01   1.4692e-02   0.0000e+00  -1.9494e+00   3.0356e+01 
  2.4336e+01   3.4958e+01   1.6230e+01   1.7858e+01   7.6644e+00 
  1.2400e+00   4.4252e-01   1.0904e-01   2.0054e-02   2.2962e-03 
  2.5583e-03   1.0877e-03   7.9882e-05   4.1882e-05   4.4069e-05 
 -1.8564e+01  -4.1148e-01   1.0000e+00 

########################
# 00000040
########################
RSS 6.587285224040693
BP 0:
a0:   3.9487e+00   e0:  -3.9083e+00   b0:   1.7088e+02   
P: 
 -1.5776e+02  -3.3196e+00   6.8612e+01  -1.3394e+00  -6.0668e+01 
  5.6009e+00  -1.2171e+00   9.4764e-02  -8.9389e-01  -2.2320e+00 
 -4.2711e-01   1.6406e+00   4.0394e-01  -7.8839e-01   6.4557e-01 
 -2.1660e-01   1.4692e-02   0.0000e+00  -1.9494e+00   3.0356e+01 
  2.4336e+01   3.4958e+01   1.6230e+01   1.7858e+01   7.6644e+00 
  1.2400e+00   4.4252e-01   1.0904e-01   2.0054e-02   2.2962e-03 
  2.5583e-03   1.0877e-03   7.9882e-05   4.1882e-05   4.4069e-05 
 -1.8564e+01  -4.1148e-01   1.0000e+00 

########################
# 00000041
########################
RSS 6.587368092989819
BP 0:
a0:   3.9487e+00   e0:  -3.9083e+00   b0:   1.7088e+02   
P: 
 -1.5776e+02  -3.3196e+00   6.8612e+01  -1.3394e+00  -6.0668e+01 
  5.6010e+00  -1.2171e+00   9.4762e-02  -8.9388e-01  -2.2320e+00 
 -4.2710e-01   1.6406e+00   4.0395e-01  -7.8839e-01   6.4558e-01 
 -2.1660e-01   1.4692e-02   0.0000e+00  -1.9494e+00   3.0356e+01 
  2.4336e+01   3.4958e+01   1.6230e+01   1.7858e+01   7.6644e+00 
  1.2400e+00   4.4252e-01   1.0904e-01   2.0054e-02   2.2962e-03 
  2.5583e-03   1.0877e-03   7.9882e-05   4.1882e-05   4.4069e-05 
 -1.8564e+01  -4.1148e-01   1.0000e+00 

########################
# 00000042
########################
RSS 6.58748091136066
BP 0:
a0:   3.9487e+00   e0:  -3.9082e+00   b0:   1.7089e+02   
P: 
 -1.5776e+02  -3.3196e+00   6.8612e+01  -1.3394e+00  -6.0667e+01 
  5.6011e+00  -1.2171e+00   9.4761e-02  -8.9387e-01  -2.2320e+00 
 -4.2710e-01   1.6406e+00   4.0394e-01  -7.8839e-01   6.4558e-01 
 -2.1660e-01   1.4692e-02   0.0000e+00  -1.9494e+00   3.0356e+01 
  2.4336e+01   3.4958e+01   1.6230e+01   1.7858e+01   7.6644e+00 
  1.2400e+00   4.4252e-01   1.0904e-01   2.0054e-02   2.2962e-03 
  2.5583e-03   1.0877e-03   7.9882e-05   4.1882e-05   4.4069e-05 
 -1.8564e+01  -4.1149e-01   1.0000e+00 

########################
# 00000043
########################
RSS 6.587494272642475
BP 0:
a0:   3.9487e+00   e0:  -3.9080e+00   b0:   1.7090e+02   
P: 
 -1.5776e+02  -3.3196e+00   6.8613e+01  -1.3394e+00  -6.0668e+01 
  5.6011e+00  -1.2171e+00   9.4763e-02  -8.9388e-01  -2.2320e+00 
 -4.2710e-01   1.6406e+00   4.0395e-01  -7.8839e-01   6.4558e-01 
 -2.1660e-01   1.4692e-02   0.0000e+00  -1.9494e+00   3.0356e+01 
  2.4336e+01   3.4958e+01   1.6230e+01   1.7858e+01   7.6644e+00 
  1.2400e+00   4.4252e-01   1.0904e-01   2.0054e-02   2.2962e-03 
  2.5583e-03   1.0877e-03   7.9882e-05   4.1882e-05   4.4069e-05 
 -1.8564e+01  -4.1149e-01   1.0000e+00 

########################
# 00000044
########################
RSS 6.587527691238943
BP 0:
a0:   3.9487e+00   e0:  -3.9082e+00   b0:   1.7089e+02   
P: 
 -1.5776e+02  -3.3195e+00   6.8612e+01  -1.3394e+00  -6.0667e+01 
  5.6013e+00  -1.2171e+00   9.4764e-02  -8.9388e-01  -2.2320e+00 
 -4.2710e-01   1.6407e+00   4.0394e-01  -7.8840e-01   6.4558e-01 
 -2.1660e-01   1.4692e-02   0.0000e+00  -1.9494e+00   3.0356e+01 
  2.4336e+01   3.4958e+01   1.6230e+01   1.7858e+01   7.6644e+00 
  1.2400e+00   4.4252e-01   1.0904e-01   2.0054e-02   2.2962e-03 
  2.5583e-03   1.0877e-03   7.9882e-05   4.1882e-05   4.4069e-05 
 -1.8564e+01  -4.1149e-01   1.0000e+00 

########################
# 00000045
########################
RSS 6.587710750717757
BP 0:
a0:   3.9487e+00   e0:  -3.9082e+00   b0:   1.7089e+02   
P: 
 -1.5776e+02  -3.3196e+00   6.8613e+01  -1.3394e+00  -6.0667e+01 
  5.6011e+00  -1.2171e+00   9.4761e-02  -8.9388e-01  -2.2320e+00 
 -4.2710e-01   1.6406e+00   4.0394e-01  -7.8839e-01   6.4558e-01 
 -2.1660e-01   1.4692e-02   0.0000e+00  -1.9494e+00   3.0356e+01 
  2.4336e+01   3.4958e+01   1.6230e+01   1.7858e+01   7.6644e+00 
  1.2400e+00   4.4252e-01   1.0904e-01   2.0054e-02   2.2962e-03 
  2.5583e-03   1.0877e-03   7.9882e-05   4.1882e-05   4.4069e-05 
 -1.8564e+01  -4.1149e-01   1.0000e+00 

########################
# 00000046
########################
RSS 6.5878512230924
BP 0:
a0:   3.9487e+00   e0:  -3.9080e+00   b0:   1.7090e+02   
P: 
 -1.5776e+02  -3.3196e+00   6.8613e+01  -1.3394e+00  -6.0667e+01 
  5.6011e+00  -1.2171e+00   9.4761e-02  -8.9388e-01  -2.2320e+00 
 -4.2710e-01   1.6407e+00   4.0394e-01  -7.8839e-01   6.4558e-01 
 -2.1660e-01   1.4692e-02   0.0000e+00  -1.9494e+00   3.0356e+01 
  2.4336e+01   3.4958e+01   1.6230e+01   1.7858e+01   7.6644e+00 
  1.2400e+00   4.4252e-01   1.0904e-01   2.0054e-02   2.2962e-03 
  2.5583e-03   1.0877e-03   7.9882e-05   4.1882e-05   4.4069e-05 
 -1.8564e+01  -4.1148e-01   1.0000e+00 

########################
# 00000047
########################
RSS 6.587889179106372
BP 0:
a0:   3.9486e+00   e0:  -3.9086e+00   b0:   1.7085e+02   
P: 
 -1.5776e+02  -3.3196e+00   6.8612e+01  -1.3394e+00  -6.0669e+01 
  1.0271e+01  -1.2171e+00   9.4762e-02  -8.9388e-01  -2.2321e+00 
 -4.2711e-01   1.6406e+00   4.0390e-01  -7.8838e-01   6.4558e-01 
 -2.1660e-01   1.4693e-02   0.0000e+00  -1.9494e+00   3.0356e+01 
  2.4336e+01   3.4958e+01   1.6230e+01   1.7858e+01   7.6644e+00 
  1.2400e+00   4.4252e-01   1.0904e-01   2.0054e-02   2.2962e-03 
  2.5583e-03   1.0877e-03   7.9882e-05   4.1882e-05   4.4069e-05 
 -1.8564e+01  -4.1148e-01   1.0000e+00 

########################
# 00000048
########################
RSS 6.587917135042544
BP 0:
a0:   3.9487e+00   e0:  -3.9082e+00   b0:   1.7089e+02   
P: 
 -1.5776e+02  -3.3196e+00   6.8613e+01  -1.3395e+00  -6.0667e+01 
  5.6010e+00  -1.2171e+00   9.4763e-02  -8.9389e-01  -2.2320e+00 
 -4.2709e-01   1.6406e+00   4.0393e-01  -7.8839e-01   6.4558e-01 
 -2.1660e-01   1.4692e-02   0.0000e+00  -1.9494e+00   3.0356e+01 
  2.4336e+01   3.4958e+01   1.6230e+01   1.7858e+01   7.6644e+00 
  1.2400e+00   4.4252e-01   1.0904e-01   2.0054e-02   2.2962e-03 
  2.5583e-03   1.0877e-03   7.9882e-05   4.1882e-05   4.4069e-05 
 -1.8564e+01  -4.1149e-01   1.0000e+00 

########################
# 00000049
########################
RSS 6.587952480337397
BP 0:
a0:   3.9487e+00   e0:  -3.9081e+00   b0:   1.7089e+02   
P: 
 -1.5776e+02  -3.3196e+00   6.8614e+01  -1.3394e+00  -6.0667e+01 
  5.6010e+00  -1.2171e+00   9.4761e-02  -8.9387e-01  -2.2320e+00 
 -4.2710e-01   1.6406e+00   4.0394e-01  -7.8840e-01   6.4558e-01 
 -2.1660e-01   1.4692e-02   0.0000e+00  -1.9494e+00   3.0356e+01 
  2.4336e+01   3.4958e+01   1.6230e+01   1.7858e+01   7.6644e+00 
  1.2400e+00   4.4252e-01   1.0904e-01   2.0054e-02   2.2962e-03 
  2.5583e-03   1.0877e-03   7.9882e-05   4.1882e-05   4.4069e-05 
 -1.8564e+01  -4.1149e-01   1.0000e+00 

########################
# 00000050
########################
RSS 6.58797271240866
BP 0:
a0:   3.9487e+00   e0:  -3.9081e+00   b0:   1.7090e+02   
P: 
 -1.5776e+02  -3.3196e+00   6.8613e+01  -1.3394e+00  -6.0667e+01 
  5.6011e+00  -1.2171e+00   9.4761e-02  -8.9388e-01  -2.2320e+00 
 -4.2710e-01   1.6406e+00   4.0394e-01  -7.8839e-01   6.4558e-01 
 -2.1660e-01   1.4692e-02   0.0000e+00  -1.9494e+00   3.0356e+01 
  2.4336e+01   3.4958e+01   1.6230e+01   1.7858e+01   7.6644e+00 
  1.2400e+00   4.4252e-01   1.0904e-01   2.0054e-02   2.2962e-03 
  2.5583e-03   1.0877e-03   7.9882e-05   4.1882e-05   4.4069e-05 
 -1.8564e+01  -4.1150e-01   1.0000e+00 

########################
# 00000051
########################
RSS 6.588001026873968
BP 0:
a0:   3.9487e+00   e0:  -3.9083e+00   b0:   1.7087e+02   
P: 
 -1.5776e+02  -3.3196e+00   6.8613e+01  -1.3394e+00  -6.0668e+01 
  5.6011e+00  -1.2171e+00   9.4763e-02  -8.9389e-01  -2.2320e+00 
 -4.2711e-01   1.6406e+00   4.0394e-01  -7.8839e-01   6.4558e-01 
 -2.1660e-01   1.4692e-02   0.0000e+00  -1.9494e+00   3.0356e+01 
  2.4336e+01   3.4958e+01   1.6230e+01   1.7858e+01   7.6644e+00 
  1.2400e+00   4.4252e-01   1.0904e-01   2.0054e-02   2.2962e-03 
  2.5583e-03   1.0877e-03   7.9882e-05   4.1882e-05   4.4069e-05 
 -1.8564e+01  -4.1147e-01   1.0000e+00 

########################
# 00000052
########################
RSS 6.588054220724199
BP 0:
a0:   3.9487e+00   e0:  -3.9081e+00   b0:   1.7089e+02   
P: 
 -1.5776e+02  -3.3195e+00   6.8613e+01  -1.3394e+00  -6.0667e+01 
  5.6010e+00  -1.2171e+00   9.4763e-02  -8.9388e-01  -2.2320e+00 
 -4.2710e-01   1.6406e+00   4.0393e-01  -7.8839e-01   6.4559e-01 
 -2.1660e-01   1.4693e-02   0.0000e+00  -1.9494e+00   3.0356e+01 
  2.4336e+01   3.4958e+01   1.6230e+01   1.7858e+01   7.6644e+00 
  1.2400e+00   4.4252e-01   1.0904e-01   2.0054e-02   2.2962e-03 
  2.5583e-03   1.0877e-03   7.9882e-05   4.1882e-05   4.4069e-05 
 -1.8564e+01  -4.1149e-01   1.0000e+00 

########################
# 00000053
########################
RSS 6.588247657580934
BP 0:
a0:   3.9487e+00   e0:  -3.9079e+00   b0:   1.7091e+02   
P: 
 -1.5776e+02  -3.3196e+00   6.8613e+01  -1.3394e+00  -6.0667e+01 
  5.6010e+00  -1.2171e+00   9.4762e-02  -8.9388e-01  -2.2320e+00 
 -4.2710e-01   1.6406e+00   4.0394e-01  -7.8838e-01   6.4558e-01 
 -2.1660e-01   1.4692e-02   0.0000e+00  -1.9494e+00   3.0356e+01 
  2.4336e+01   3.4958e+01   1.6230e+01   1.7858e+01   7.6644e+00 
  1.2400e+00   4.4252e-01   1.0904e-01   2.0054e-02   2.2962e-03 
  2.5583e-03   1.0877e-03   7.9882e-05   4.1882e-05   4.4069e-05 
 -1.8564e+01  -4.1148e-01   1.0000e+00 

########################
# 00000054
########################
RSS 6.588408478027151
BP 0:
a0:   3.9487e+00   e0:  -3.9079e+00   b0:   1.7091e+02   
P: 
 -1.5776e+02  -3.3196e+00   6.8613e+01  -1.3394e+00  -6.0668e+01 
  5.6012e+00  -1.2171e+00   9.4762e-02  -8.9387e-01  -2.2320e+00 
 -4.2710e-01   1.6406e+00   4.0394e-01  -7.8839e-01   6.4558e-01 
 -2.1660e-01   1.4692e-02   0.0000e+00  -1.9494e+00   3.0356e+01 
  2.4336e+01   3.4958e+01   1.6230e+01   1.7858e+01   7.6644e+00 
  1.2400e+00   4.4252e-01   1.0904e-01   2.0054e-02   2.2962e-03 
  2.5583e-03   1.0877e-03   7.9882e-05   4.1882e-05   4.4069e-05 
 -1.8564e+01  -4.1149e-01   1.0000e+00 

########################
# 00000055
########################
RSS 6.588472798460429
BP 0:
a0:   3.9487e+00   e0:  -3.9080e+00   b0:   1.7090e+02   
P: 
 -1.5776e+02  -3.3196e+00   6.8613e+01  -1.3394e+00  -6.0667e+01 
  5.6010e+00  -1.2171e+00   9.4761e-02  -8.9387e-01  -2.2320e+00 
 -4.2710e-01   1.6406e+00   4.0394e-01  -7.8839e-01   6.4558e-01 
 -2.1660e-01   1.4692e-02   0.0000e+00  -1.9494e+00   3.0356e+01 
  2.4336e+01   3.4958e+01   1.6230e+01   1.7858e+01   7.6644e+00 
  1.2400e+00   4.4252e-01   1.0904e-01   2.0054e-02   2.2962e-03 
  2.5583e-03   1.0877e-03   7.9882e-05   4.1882e-05   4.4069e-05 
 -1.8564e+01  -4.1149e-01   1.0000e+00 

########################
# 00000056
########################
RSS 6.588700267108561
BP 0:
a0:   3.9487e+00   e0:  -3.9078e+00   b0:   1.7091e+02   
P: 
 -1.5776e+02  -3.3196e+00   6.8613e+01  -1.3394e+00  -6.0666e+01 
  5.6010e+00  -1.2171e+00   9.4760e-02  -8.9388e-01  -2.2320e+00 
 -4.2710e-01   1.6406e+00   4.0394e-01  -7.8839e-01   6.4558e-01 
 -2.1660e-01   1.4692e-02   0.0000e+00  -1.9494e+00   3.0356e+01 
  2.4336e+01   3.4958e+01   1.6230e+01   1.7858e+01   7.6644e+00 
  1.2400e+00   4.4252e-01   1.0904e-01   2.0054e-02   2.2962e-03 
  2.5583e-03   1.0877e-03   7.9882e-05   4.1882e-05   4.4069e-05 
 -1.8564e+01  -4.1149e-01   1.0000e+00 

########################
# 00000057
########################
RSS 6.589051787775169
BP 0:
a0:   3.9488e+00   e0:  -3.9077e+00   b0:   1.7092e+02   
P: 
 -1.5776e+02  -3.3196e+00   6.8613e+01  -1.3394e+00  -6.0667e+01 
  5.6011e+00  -1.2171e+00   9.4762e-02  -8.9388e-01  -2.2320e+00 
 -4.2710e-01   1.6406e+00   4.0394e-01  -7.8838e-01   6.4558e-01 
 -2.1660e-01   1.4692e-02   0.0000e+00  -1.9494e+00   3.0356e+01 
  2.4336e+01   3.4958e+01   1.6230e+01   1.7858e+01   7.6644e+00 
  1.2400e+00   4.4252e-01   1.0904e-01   2.0054e-02   2.2962e-03 
  2.5583e-03   1.0877e-03   7.9882e-05   4.1882e-05   4.4069e-05 
 -1.8564e+01  -4.1148e-01   1.0000e+00 

########################
# 00000058
########################
RSS 6.589192238082595
BP 0:
a0:   3.9488e+00   e0:  -3.9077e+00   b0:   1.7092e+02   
P: 
 -1.5776e+02  -3.3196e+00   6.8612e+01  -1.3395e+00  -6.0667e+01 
  5.6011e+00  -1.2171e+00   9.4763e-02  -8.9388e-01  -2.2320e+00 
 -4.2709e-01   1.6406e+00   4.0393e-01  -7.8838e-01   6.4559e-01 
 -2.1660e-01   1.4692e-02   0.0000e+00  -1.9494e+00   3.0356e+01 
  2.4336e+01   3.4958e+01   1.6230e+01   1.7858e+01   7.6644e+00 
  1.2400e+00   4.4252e-01   1.0904e-01   2.0054e-02   2.2962e-03 
  2.5583e-03   1.0877e-03   7.9882e-05   4.1882e-05   4.4069e-05 
 -1.8564e+01  -4.1149e-01   1.0000e+00 

########################
# 00000059
########################
RSS 6.589532906819363
BP 0:
a0:   3.9488e+00   e0:  -3.9076e+00   b0:   1.7092e+02   
P: 
 -1.5776e+02  -3.3196e+00   6.8612e+01  -1.3394e+00  -6.0668e+01 
  5.6011e+00  -1.2171e+00   9.4761e-02  -8.9388e-01  -2.2320e+00 
 -4.2710e-01   1.6406e+00   4.0394e-01  -7.8838e-01   6.4559e-01 
 -2.1660e-01   1.4692e-02   0.0000e+00  -1.9494e+00   3.0356e+01 
  2.4336e+01   3.4958e+01   1.6230e+01   1.7858e+01   7.6644e+00 
  1.2400e+00   4.4252e-01   1.0904e-01   2.0054e-02   2.2962e-03 
  2.5583e-03   1.0877e-03   7.9882e-05   4.1882e-05   4.4069e-05 
 -1.8564e+01  -4.1148e-01   1.0000e+00 

########################
# 00000060
########################
RSS 6.589823769305504
BP 0:
a0:   3.9488e+00   e0:  -3.9075e+00   b0:   1.7093e+02   
P: 
 -1.5776e+02  -3.3196e+00   6.8613e+01  -1.3394e+00  -6.0667e+01 
  5.6010e+00  -1.2171e+00   9.4762e-02  -8.9388e-01  -2.2320e+00 
 -4.2710e-01   1.6406e+00   4.0394e-01  -7.8839e-01   6.4559e-01 
 -2.1660e-01   1.4692e-02   0.0000e+00  -1.9494e+00   3.0356e+01 
  2.4336e+01   3.4958e+01   1.6230e+01   1.7858e+01   7.6644e+00 
  1.2400e+00   4.4252e-01   1.0904e-01   2.0054e-02   2.2962e-03 
  2.5583e-03   1.0877e-03   7.9882e-05   4.1882e-05   4.4069e-05 
 -1.8564e+01  -4.1149e-01   1.0000e+00 

########################
# 00000061
########################
RSS 6.592644408682495
BP 0:
a0:   3.9494e+00   e0:  -3.9082e+00   b0:   1.7139e+02   
P: 
 -1.5764e+02  -2.4373e+00   6.6828e+01  -1.3341e+00  -5.2084e+01 
  1.0272e+01  -1.2486e+00   9.4681e-02  -8.9746e-01  -2.2321e+00 
 -4.2709e-01   1.6413e+00   4.0394e-01  -7.8786e-01   6.4562e-01 
 -2.1661e-01   1.4653e-02   0.0000e+00  -1.9494e+00   3.0356e+01 
  2.4336e+01   3.4958e+01   1.6230e+01   1.7858e+01   7.6644e+00 
  1.2400e+00   4.4252e-01   1.0904e-01   2.0054e-02   2.2962e-03 
  2.5583e-03   1.0877e-03   7.9882e-05   4.1882e-05   4.4069e-05 
 -1.8568e+01  -8.2177e-01   1.0000e+00 

########################
# 00000062
########################
RSS 6.5963984474042805
BP 0:
a0:   3.9485e+00   e0:  -3.9097e+00   b0:   1.7086e+02   
P: 
 -1.5775e+02  -3.3196e+00   6.6824e+01  -1.3348e+00  -6.0667e+01 
  1.0272e+01  -1.2485e+00   9.4766e-02  -8.9748e-01  -2.2323e+00 
 -4.2714e-01   1.6408e+00   4.0393e-01  -7.8840e-01   6.4559e-01 
 -2.1661e-01   1.4691e-02   0.0000e+00  -1.9494e+00   3.0356e+01 
  2.4336e+01   3.4958e+01   1.6230e+01   1.7858e+01   7.6644e+00 
  1.2400e+00   4.4252e-01   1.0904e-01   2.0054e-02   2.2962e-03 
  2.5583e-03   1.0877e-03   7.9882e-05   4.1882e-05   4.4069e-05 
 -1.8567e+01  -8.2176e-01   1.0000e+00 

########################
# 00000063
########################
RSS 6.596443766013517
BP 0:
a0:   3.9486e+00   e0:  -3.9095e+00   b0:   1.7087e+02   
P: 
 -1.5775e+02  -3.3196e+00   6.6824e+01  -1.3348e+00  -6.0667e+01 
  1.0272e+01  -1.2485e+00   9.4766e-02  -8.9749e-01  -2.2323e+00 
 -4.2713e-01   1.6408e+00   4.0393e-01  -7.8839e-01   6.4560e-01 
 -2.1661e-01   1.4691e-02   0.0000e+00  -1.9494e+00   3.0356e+01 
  2.4336e+01   3.4958e+01   1.6230e+01   1.7858e+01   7.6644e+00 
  1.2400e+00   4.4252e-01   1.0904e-01   2.0054e-02   2.2962e-03 
  2.5583e-03   1.0877e-03   7.9882e-05   4.1882e-05   4.4069e-05 
 -1.8567e+01  -8.2176e-01   1.0000e+00 

########################
# 00000064
########################
RSS 6.597059501520285
BP 0:
a0:   3.9485e+00   e0:  -3.9088e+00   b0:   1.7082e+02   
P: 
 -1.6009e+02  -3.3195e+00   6.3494e+01  -1.3348e+00  -5.2979e+01 
  5.6009e+00  -1.2171e+00   9.0845e-02  -8.9387e-01  -2.2320e+00 
 -4.2711e-01   1.6405e+00   4.0397e-01  -7.8840e-01   6.4558e-01 
 -2.1660e-01   1.4692e-02   0.0000e+00  -1.9494e+00   3.0356e+01 
  2.4336e+01   3.4958e+01   1.6230e+01   1.7858e+01   7.6644e+00 
  1.2400e+00   4.4252e-01   1.0904e-01   2.0054e-02   2.2962e-03 
  2.5583e-03   1.0877e-03   7.9882e-05   4.1882e-05   4.4069e-05 
 -1.8564e+01  -8.2167e-01   1.0000e+00 

########################
# 00000065
########################
RSS 6.597658316375055
BP 0:
a0:   3.9484e+00   e0:  -3.9108e+00   b0:   1.7077e+02   
P: 
 -1.5775e+02  -3.3195e+00   6.6824e+01  -1.3348e+00  -6.0667e+01 
  1.0272e+01  -1.2485e+00   9.4771e-02  -8.9744e-01  -2.2322e+00 
 -4.2711e-01   1.6408e+00   4.0393e-01  -7.8842e-01   6.4559e-01 
 -2.1662e-01   1.4692e-02   0.0000e+00  -1.9494e+00   3.0356e+01 
  2.4336e+01   3.4958e+01   1.6230e+01   1.7858e+01   7.6644e+00 
  1.2400e+00   4.4252e-01   1.0904e-01   2.0054e-02   2.2962e-03 
  2.5583e-03   1.0877e-03   7.9882e-05   4.1882e-05   4.4069e-05 
 -1.8567e+01  -8.2177e-01   1.0000e+00 

########################
# 00000066
########################
RSS 6.59768463424759
BP 0:
a0:   3.9484e+00   e0:  -3.9103e+00   b0:   1.7079e+02   
P: 
 -1.5775e+02  -3.3196e+00   6.6824e+01  -1.3348e+00  -6.0667e+01 
  1.0272e+01  -1.2485e+00   9.4770e-02  -8.9745e-01  -2.2322e+00 
 -4.2711e-01   1.6408e+00   4.0394e-01  -7.8843e-01   6.4560e-01 
 -2.1662e-01   1.4692e-02   0.0000e+00  -1.9494e+00   3.0356e+01 
  2.4336e+01   3.4958e+01   1.6230e+01   1.7858e+01   7.6644e+00 
  1.2400e+00   4.4252e-01   1.0904e-01   2.0054e-02   2.2962e-03 
  2.5583e-03   1.0877e-03   7.9882e-05   4.1882e-05   4.4069e-05 
 -1.8567e+01  -8.2177e-01   1.0000e+00 

########################
# 00000067
########################
RSS 6.59777839486123
BP 0:
a0:   3.9485e+00   e0:  -3.9106e+00   b0:   1.7098e+02   
P: 
 -1.5821e+02  -3.3203e+00   6.9515e+01  -1.3394e+00  -6.0668e+01 
  5.6009e+00  -1.2171e+00   9.4749e-02  -8.9765e-01  -2.2320e+00 
 -4.2482e-01   1.6406e+00   4.0394e-01  -7.8839e-01   6.4557e-01 
 -2.1660e-01   1.4683e-02   0.0000e+00  -1.9494e+00   3.0356e+01 
  2.4336e+01   3.4958e+01   1.6230e+01   1.7858e+01   7.6644e+00 
  1.2400e+00   4.4252e-01   1.0904e-01   2.0054e-02   2.2962e-03 
  2.5583e-03   1.0877e-03   7.9882e-05   4.1882e-05   4.4069e-05 
 -1.8564e+01  -8.2072e-01   1.0000e+00 

########################
# 00000068
########################
RSS 6.5979202159540336
BP 0:
a0:   3.9484e+00   e0:  -3.9107e+00   b0:   1.7077e+02   
P: 
 -1.5775e+02  -3.3196e+00   6.6824e+01  -1.3348e+00  -6.0668e+01 
  1.0272e+01  -1.2485e+00   9.4770e-02  -8.9744e-01  -2.2322e+00 
 -4.2712e-01   1.6408e+00   4.0393e-01  -7.8843e-01   6.4559e-01 
 -2.1662e-01   1.4692e-02   0.0000e+00  -1.9494e+00   3.0356e+01 
  2.4336e+01   3.4958e+01   1.6230e+01   1.7858e+01   7.6644e+00 
  1.2400e+00   4.4252e-01   1.0904e-01   2.0054e-02   2.2962e-03 
  2.5583e-03   1.0877e-03   7.9882e-05   4.1882e-05   4.4069e-05 
 -1.8567e+01  -8.2177e-01   1.0000e+00 

########################
# 00000069
########################
RSS 6.5984942474740205
BP 0:
a0:   3.9482e+00   e0:  -3.9108e+00   b0:   1.7055e+02   
P: 
 -1.5776e+02  -3.3195e+00   6.3475e+01  -1.3394e+00  -6.0668e+01 
  5.6012e+00  -1.2171e+00   9.4828e-02  -8.9714e-01  -2.2320e+00 
 -4.2711e-01   1.6400e+00   4.0388e-01  -7.8839e-01   6.4557e-01 
 -2.1661e-01   1.4692e-02   0.0000e+00  -1.9494e+00   3.0356e+01 
  2.4336e+01   3.4958e+01   1.6230e+01   1.7858e+01   7.6644e+00 
  1.2400e+00   4.4252e-01   1.0904e-01   2.0054e-02   2.2962e-03 
  2.5583e-03   1.0877e-03   7.9882e-05   4.1882e-05   4.4069e-05 
 -1.8564e+01  -4.1149e-01   1.0000e+00 

########################
# 00000070
########################
RSS 6.59872522090496
BP 0:
a0:   3.9483e+00   e0:  -3.9110e+00   b0:   1.7076e+02   
P: 
 -1.5774e+02  -3.3196e+00   6.6824e+01  -1.3348e+00  -6.0672e+01 
  1.0272e+01  -1.2485e+00   9.4760e-02  -8.9744e-01  -2.2322e+00 
 -4.2715e-01   1.6408e+00   4.0393e-01  -7.8843e-01   6.4559e-01 
 -2.1662e-01   1.4691e-02   0.0000e+00  -1.9494e+00   3.0356e+01 
  2.4336e+01   3.4958e+01   1.6230e+01   1.7858e+01   7.6644e+00 
  1.2400e+00   4.4252e-01   1.0904e-01   2.0054e-02   2.2962e-03 
  2.5583e-03   1.0877e-03   7.9882e-05   4.1882e-05   4.4069e-05 
 -1.8568e+01  -8.2177e-01   1.0000e+00 

########################
# 00000071
########################
RSS 6.599223203508613
BP 0:
a0:   3.9484e+00   e0:  -3.9106e+00   b0:   1.7077e+02   
P: 
 -1.5774e+02  -3.3195e+00   6.6823e+01  -1.3348e+00  -6.0673e+01 
  1.0272e+01  -1.2485e+00   9.4760e-02  -8.9744e-01  -2.2322e+00 
 -4.2716e-01   1.6408e+00   4.0393e-01  -7.8843e-01   6.4561e-01 
 -2.1662e-01   1.4691e-02   0.0000e+00  -1.9494e+00   3.0356e+01 
  2.4336e+01   3.4958e+01   1.6230e+01   1.7858e+01   7.6644e+00 
  1.2400e+00   4.4252e-01   1.0904e-01   2.0054e-02   2.2962e-03 
  2.5583e-03   1.0877e-03   7.9882e-05   4.1882e-05   4.4069e-05 
 -1.8568e+01  -8.2177e-01   1.0000e+00 

########################
# 00000072
########################
RSS 6.599265561106429
BP 0:
a0:   3.9494e+00   e0:  -3.9068e+00   b0:   1.7130e+02   
P: 
 -1.5778e+02  -3.3193e+00   6.3480e+01  -1.3347e+00  -5.3000e+01 
  1.0271e+01  -1.2488e+00   9.4779e-02  -8.9745e-01  -2.2322e+00 
 -4.2716e-01   1.6413e+00   4.0389e-01  -7.8811e-01   6.4591e-01 
 -2.1676e-01   1.4691e-02   0.0000e+00  -1.9494e+00   3.0356e+01 
  2.4336e+01   3.4958e+01   1.6230e+01   1.7858e+01   7.6644e+00 
  1.2400e+00   4.4252e-01   1.0904e-01   2.0054e-02   2.2962e-03 
  2.5583e-03   1.0877e-03   7.9882e-05   4.1882e-05   4.4069e-05 
 -1.8567e+01  -8.2183e-01   1.0000e+00 

########################
# 00000073
########################
RSS 6.599278284057553
BP 0:
a0:   3.9483e+00   e0:  -3.9112e+00   b0:   1.7074e+02   
P: 
 -1.5774e+02  -3.3195e+00   6.6824e+01  -1.3348e+00  -6.0672e+01 
  1.0272e+01  -1.2485e+00   9.4759e-02  -8.9743e-01  -2.2322e+00 
 -4.2715e-01   1.6408e+00   4.0393e-01  -7.8844e-01   6.4559e-01 
 -2.1662e-01   1.4691e-02   0.0000e+00  -1.9494e+00   3.0356e+01 
  2.4336e+01   3.4958e+01   1.6230e+01   1.7858e+01   7.6644e+00 
  1.2400e+00   4.4252e-01   1.0904e-01   2.0054e-02   2.2962e-03 
  2.5583e-03   1.0877e-03   7.9882e-05   4.1882e-05   4.4069e-05 
 -1.8568e+01  -8.2177e-01   1.0000e+00 

########################
# 00000074
########################
RSS 6.599506868218846
BP 0:
a0:   3.9483e+00   e0:  -3.9111e+00   b0:   1.7074e+02   
P: 
 -1.5774e+02  -3.3196e+00   6.6823e+01  -1.3348e+00  -6.0673e+01 
  1.0272e+01  -1.2485e+00   9.4759e-02  -8.9745e-01  -2.2322e+00 
 -4.2716e-01   1.6408e+00   4.0393e-01  -7.8844e-01   6.4560e-01 
 -2.1662e-01   1.4691e-02   0.0000e+00  -1.9494e+00   3.0356e+01 
  2.4336e+01   3.4958e+01   1.6230e+01   1.7858e+01   7.6644e+00 
  1.2400e+00   4.4252e-01   1.0904e-01   2.0054e-02   2.2962e-03 
  2.5583e-03   1.0877e-03   7.9882e-05   4.1882e-05   4.4069e-05 
 -1.8568e+01  -8.2177e-01   1.0000e+00 

########################
# 00000075
########################
RSS 6.599781353533066
BP 0:
a0:   3.9485e+00   e0:  -3.9090e+00   b0:   1.7084e+02   
P: 
 -1.5776e+02  -3.3195e+00   6.6822e+01  -1.3347e+00  -6.0668e+01 
  1.0272e+01  -1.2485e+00   9.4762e-02  -8.9747e-01  -2.2320e+00 
 -4.2710e-01   1.6406e+00   4.0393e-01  -7.8839e-01   6.4557e-01 
 -2.1660e-01   1.4692e-02   0.0000e+00  -1.9494e+00   3.0356e+01 
  2.4336e+01   3.4958e+01   1.6230e+01   1.7858e+01   7.6644e+00 
  1.2400e+00   4.4252e-01   1.0904e-01   2.0054e-02   2.2962e-03 
  2.5583e-03   1.0877e-03   7.9882e-05   4.1882e-05   4.4069e-05 
 -1.8568e+01  -8.2177e-01   1.0000e+00 

########################
# 00000076
########################
RSS 6.599834665225962
BP 0:
a0:   3.9486e+00   e0:  -3.9088e+00   b0:   1.7086e+02   
P: 
 -1.5778e+02  -3.3196e+00   6.6822e+01  -2.4197e+00  -6.0663e+01 
  1.0075e+01  -1.2485e+00   9.0263e-02  -8.9748e-01  -2.2321e+00 
 -4.2713e-01   1.6406e+00   4.0394e-01  -7.8840e-01   6.4559e-01 
 -2.1660e-01   1.4693e-02   0.0000e+00  -1.9494e+00   3.0356e+01 
  2.4336e+01   3.4958e+01   1.6230e+01   1.7858e+01   7.6644e+00 
  1.2400e+00   4.4252e-01   1.0904e-01   2.0054e-02   2.2962e-03 
  2.5583e-03   1.0877e-03   7.9882e-05   4.1882e-05   4.4069e-05 
 -1.8567e+01  -8.2176e-01   1.0000e+00 

########################
# 00000077
########################
RSS 6.600170730799671
BP 0:
a0:   3.9485e+00   e0:  -3.9090e+00   b0:   1.7085e+02   
P: 
 -1.5776e+02  -3.3196e+00   6.6821e+01  -1.3347e+00  -6.0668e+01 
  1.0272e+01  -1.2485e+00   9.4762e-02  -8.9748e-01  -2.2320e+00 
 -4.2710e-01   1.6406e+00   4.0393e-01  -7.8839e-01   6.4558e-01 
 -2.1660e-01   1.4692e-02   0.0000e+00  -1.9494e+00   3.0356e+01 
  2.4336e+01   3.4958e+01   1.6230e+01   1.7858e+01   7.6644e+00 
  1.2400e+00   4.4252e-01   1.0904e-01   2.0054e-02   2.2962e-03 
  2.5583e-03   1.0877e-03   7.9882e-05   4.1882e-05   4.4069e-05 
 -1.8568e+01  -8.2177e-01   1.0000e+00 

########################
# 00000078
########################
RSS 6.600261191675696
BP 0:
a0:   3.9483e+00   e0:  -3.9109e+00   b0:   1.7072e+02   
P: 
 -1.5776e+02  -3.3196e+00   6.8614e+01  -1.3394e+00  -6.0667e+01 
  1.0273e+01  -1.2171e+00   9.4761e-02  -8.9387e-01  -2.2322e+00 
 -4.2710e-01   1.6406e+00   4.0391e-01  -7.8838e-01   6.4558e-01 
 -2.1662e-01   1.4692e-02   0.0000e+00  -1.9494e+00   3.0356e+01 
  2.4336e+01   3.4958e+01   1.6230e+01   1.7858e+01   7.6644e+00 
  1.2400e+00   4.4252e-01   1.0904e-01   2.0054e-02   2.2962e-03 
  2.5583e-03   1.0877e-03   7.9882e-05   4.1882e-05   4.4069e-05 
 -1.8567e+01  -8.2183e-01   1.0000e+00 

########################
# 00000079
########################
RSS 6.600264707771106
BP 0:
a0:   3.9485e+00   e0:  -3.9092e+00   b0:   1.7083e+02   
P: 
 -1.5776e+02  -3.3196e+00   6.6821e+01  -1.3347e+00  -6.0668e+01 
  1.0272e+01  -1.2485e+00   9.4761e-02  -8.9747e-01  -2.2320e+00 
 -4.2710e-01   1.6406e+00   4.0393e-01  -7.8840e-01   6.4557e-01 
 -2.1660e-01   1.4692e-02   0.0000e+00  -1.9494e+00   3.0356e+01 
  2.4336e+01   3.4958e+01   1.6230e+01   1.7858e+01   7.6644e+00 
  1.2400e+00   4.4252e-01   1.0904e-01   2.0054e-02   2.2962e-03 
  2.5583e-03   1.0877e-03   7.9882e-05   4.1882e-05   4.4069e-05 
 -1.8568e+01  -8.2177e-01   1.0000e+00 

########################
# 00000080
########################
RSS 6.600271643928353
BP 0:
a0:   3.9484e+00   e0:  -3.9100e+00   b0:   1.7077e+02   
P: 
 -1.5775e+02  -3.3194e+00   6.6824e+01  -1.3348e+00  -6.0669e+01 
  1.0273e+01  -1.2485e+00   9.4766e-02  -8.9740e-01  -2.2322e+00 
 -4.2713e-01   1.6407e+00   4.0392e-01  -7.8845e-01   6.4560e-01 
 -2.1661e-01   1.4692e-02   0.0000e+00  -1.9494e+00   3.0356e+01 
  2.4336e+01   3.4958e+01   1.6230e+01   1.7858e+01   7.6644e+00 
  1.2400e+00   4.4252e-01   1.0904e-01   2.0054e-02   2.2962e-03 
  2.5583e-03   1.0877e-03   7.9882e-05   4.1882e-05   4.4069e-05 
 -1.8568e+01  -8.2176e-01   1.0000e+00 

########################
# 00000081
########################
RSS 6.600368069539094
BP 0:
a0:   3.9486e+00   e0:  -3.9086e+00   b0:   1.7087e+02   
P: 
 -1.5778e+02  -3.3196e+00   6.6822e+01  -2.4197e+00  -6.0663e+01 
  1.0075e+01  -1.2485e+00   9.0263e-02  -8.9748e-01  -2.2321e+00 
 -4.2714e-01   1.6406e+00   4.0393e-01  -7.8840e-01   6.4559e-01 
 -2.1660e-01   1.4693e-02   0.0000e+00  -1.9494e+00   3.0356e+01 
  2.4336e+01   3.4958e+01   1.6230e+01   1.7858e+01   7.6644e+00 
  1.2400e+00   4.4252e-01   1.0904e-01   2.0054e-02   2.2962e-03 
  2.5583e-03   1.0877e-03   7.9882e-05   4.1882e-05   4.4069e-05 
 -1.8567e+01  -8.2176e-01   1.0000e+00 

########################
# 00000082
########################
RSS 6.600422007601816
BP 0:
a0:   3.9482e+00   e0:  -3.9115e+00   b0:   1.7070e+02   
P: 
 -1.5777e+02  -3.3189e+00   6.8613e+01  -1.3394e+00  -6.0667e+01 
  1.0273e+01  -1.2171e+00   9.4763e-02  -8.9388e-01  -2.2320e+00 
 -4.2710e-01   1.6406e+00   4.0393e-01  -7.8840e-01   6.4557e-01 
 -2.1662e-01   1.4692e-02   0.0000e+00  -1.9494e+00   3.0356e+01 
  2.4336e+01   3.4958e+01   1.6230e+01   1.7858e+01   7.6644e+00 
  1.2400e+00   4.4252e-01   1.0904e-01   2.0054e-02   2.2962e-03 
  2.5583e-03   1.0877e-03   7.9882e-05   4.1882e-05   4.4069e-05 
 -1.8568e+01  -8.2178e-01   1.0000e+00 

########################
# 00000083
########################
RSS 6.600444256312558
BP 0:
a0:   3.9484e+00   e0:  -3.9105e+00   b0:   1.7075e+02   
P: 
 -1.5775e+02  -3.3193e+00   6.6824e+01  -1.3348e+00  -6.0669e+01 
  1.0273e+01  -1.2485e+00   9.4766e-02  -8.9740e-01  -2.2322e+00 
 -4.2713e-01   1.6407e+00   4.0393e-01  -7.8846e-01   6.4560e-01 
 -2.1661e-01   1.4692e-02   0.0000e+00  -1.9494e+00   3.0356e+01 
  2.4336e+01   3.4958e+01   1.6230e+01   1.7858e+01   7.6644e+00 
  1.2400e+00   4.4252e-01   1.0904e-01   2.0054e-02   2.2962e-03 
  2.5583e-03   1.0877e-03   7.9882e-05   4.1882e-05   4.4069e-05 
 -1.8568e+01  -8.2176e-01   1.0000e+00 

########################
# 00000084
########################
RSS 6.600555181898846
BP 0:
a0:   3.9486e+00   e0:  -3.9086e+00   b0:   1.7087e+02   
P: 
 -1.5776e+02  -3.3196e+00   6.6821e+01  -1.3348e+00  -6.0667e+01 
  1.0272e+01  -1.2485e+00   9.4761e-02  -8.9748e-01  -2.2320e+00 
 -4.2710e-01   1.6406e+00   4.0394e-01  -7.8839e-01   6.4558e-01 
 -2.1660e-01   1.4692e-02   0.0000e+00  -1.9494e+00   3.0356e+01 
  2.4336e+01   3.4958e+01   1.6230e+01   1.7858e+01   7.6644e+00 
  1.2400e+00   4.4252e-01   1.0904e-01   2.0054e-02   2.2962e-03 
  2.5583e-03   1.0877e-03   7.9882e-05   4.1882e-05   4.4069e-05 
 -1.8568e+01  -8.2177e-01   1.0000e+00 

########################
# 00000085
########################
RSS 6.600595647716749
BP 0:
a0:   3.9485e+00   e0:  -3.9095e+00   b0:   1.7081e+02   
P: 
 -1.5775e+02  -3.3194e+00   6.6823e+01  -1.3348e+00  -6.0669e+01 
  1.0273e+01  -1.2485e+00   9.4766e-02  -8.9739e-01  -2.2322e+00 
 -4.2713e-01   1.6407e+00   4.0392e-01  -7.8844e-01   6.4561e-01 
 -2.1661e-01   1.4692e-02   0.0000e+00  -1.9494e+00   3.0356e+01 
  2.4336e+01   3.4958e+01   1.6230e+01   1.7858e+01   7.6644e+00 
  1.2400e+00   4.4252e-01   1.0904e-01   2.0054e-02   2.2962e-03 
  2.5583e-03   1.0877e-03   7.9882e-05   4.1882e-05   4.4069e-05 
 -1.8568e+01  -8.2177e-01   1.0000e+00 

########################
# 00000086
########################
RSS 6.600760816768342
BP 0:
a0:   3.9484e+00   e0:  -3.9109e+00   b0:   1.7098e+02   
P: 
 -1.5775e+02  -3.3194e+00   6.6820e+01  -1.3344e+00  -5.3004e+01 
  1.0272e+01  -1.2487e+00   9.4838e-02  -8.9705e-01  -2.2322e+00 
 -4.2458e-01   1.6406e+00   4.0395e-01  -7.8849e-01   6.4558e-01 
 -2.1660e-01   1.4691e-02   0.0000e+00  -1.9494e+00   3.0356e+01 
  2.4336e+01   3.4958e+01   1.6230e+01   1.7858e+01   7.6644e+00 
  1.2400e+00   4.4252e-01   1.0904e-01   2.0054e-02   2.2962e-03 
  2.5583e-03   1.0877e-03   7.9882e-05   4.1882e-05   4.4069e-05 
 -1.8569e+01  -8.2175e-01   1.0000e+00 

########################
# 00000087
########################
RSS 6.600783513461624
BP 0:
a0:   3.9486e+00   e0:  -3.9088e+00   b0:   1.7086e+02   
P: 
 -1.5776e+02  -3.3196e+00   6.6821e+01  -1.3347e+00  -6.0667e+01 
  1.0272e+01  -1.2485e+00   9.4762e-02  -8.9747e-01  -2.2320e+00 
 -4.2710e-01   1.6406e+00   4.0393e-01  -7.8839e-01   6.4558e-01 
 -2.1660e-01   1.4692e-02   0.0000e+00  -1.9494e+00   3.0356e+01 
  2.4336e+01   3.4958e+01   1.6230e+01   1.7858e+01   7.6644e+00 
  1.2400e+00   4.4252e-01   1.0904e-01   2.0054e-02   2.2962e-03 
  2.5583e-03   1.0877e-03   7.9882e-05   4.1882e-05   4.4069e-05 
 -1.8568e+01  -8.2176e-01   1.0000e+00 

########################
# 00000088
########################
RSS 6.600825307233591
BP 0:
a0:   3.9484e+00   e0:  -3.9109e+00   b0:   1.7098e+02   
P: 
 -1.5775e+02  -3.3194e+00   6.6821e+01  -1.3344e+00  -5.3003e+01 
  1.0272e+01  -1.2487e+00   9.4839e-02  -8.9704e-01  -2.2322e+00 
 -4.2458e-01   1.6406e+00   4.0395e-01  -7.8848e-01   6.4558e-01 
 -2.1660e-01   1.4691e-02   0.0000e+00  -1.9494e+00   3.0356e+01 
  2.4336e+01   3.4958e+01   1.6230e+01   1.7858e+01   7.6644e+00 
  1.2400e+00   4.4252e-01   1.0904e-01   2.0054e-02   2.2962e-03 
  2.5583e-03   1.0877e-03   7.9882e-05   4.1882e-05   4.4069e-05 
 -1.8569e+01  -8.2175e-01   1.0000e+00 

########################
# 00000089
########################
RSS 6.6010130306996135
BP 0:
a0:   3.9484e+00   e0:  -3.9108e+00   b0:   1.7099e+02   
P: 
 -1.5775e+02  -3.3194e+00   6.6821e+01  -1.3344e+00  -5.3004e+01 
  1.0272e+01  -1.2487e+00   9.4840e-02  -8.9705e-01  -2.2322e+00 
 -4.2458e-01   1.6406e+00   4.0394e-01  -7.8848e-01   6.4558e-01 
 -2.1660e-01   1.4691e-02   0.0000e+00  -1.9494e+00   3.0356e+01 
  2.4336e+01   3.4958e+01   1.6230e+01   1.7858e+01   7.6644e+00 
  1.2400e+00   4.4252e-01   1.0904e-01   2.0054e-02   2.2962e-03 
  2.5583e-03   1.0877e-03   7.9882e-05   4.1882e-05   4.4069e-05 
 -1.8569e+01  -8.2175e-01   1.0000e+00 

########################
# 00000090
########################
RSS 6.601136055577765
BP 0:
a0:   3.9486e+00   e0:  -3.9086e+00   b0:   1.7087e+02   
P: 
 -1.5776e+02  -3.3196e+00   6.6820e+01  -1.3347e+00  -6.0667e+01 
  1.0272e+01  -1.2485e+00   9.4762e-02  -8.9749e-01  -2.2320e+00 
 -4.2710e-01   1.6406e+00   4.0393e-01  -7.8839e-01   6.4559e-01 
 -2.1660e-01   1.4692e-02   0.0000e+00  -1.9494e+00   3.0356e+01 
  2.4336e+01   3.4958e+01   1.6230e+01   1.7858e+01   7.6644e+00 
  1.2400e+00   4.4252e-01   1.0904e-01   2.0054e-02   2.2962e-03 
  2.5583e-03   1.0877e-03   7.9882e-05   4.1882e-05   4.4069e-05 
 -1.8568e+01  -8.2177e-01   1.0000e+00 

########################
# 00000091
########################
RSS 6.601294144503944
BP 0:
a0:   3.9484e+00   e0:  -3.9099e+00   b0:   1.7077e+02   
P: 
 -1.5779e+02  -3.3197e+00   6.6828e+01  -1.3348e+00  -6.0667e+01 
  1.0272e+01  -1.2486e+00   9.4766e-02  -8.9747e-01  -2.2321e+00 
 -4.2709e-01   1.6406e+00   4.0395e-01  -7.8848e-01   6.4562e-01 
 -2.1661e-01   1.4691e-02   0.0000e+00  -1.9494e+00   3.0356e+01 
  2.4336e+01   3.4958e+01   1.6230e+01   1.7858e+01   7.6644e+00 
  1.2400e+00   4.4252e-01   1.0904e-01   2.0054e-02   2.2962e-03 
  2.5583e-03   1.0877e-03   7.9882e-05   4.1882e-05   4.4069e-05 
 -1.8568e+01  -8.2177e-01   1.0000e+00 

########################
# 00000092
########################
RSS 6.601325659112779
BP 0:
a0:   3.9484e+00   e0:  -3.9098e+00   b0:   1.7077e+02   
P: 
 -1.5779e+02  -3.3197e+00   6.6828e+01  -1.3348e+00  -6.0667e+01 
  1.0272e+01  -1.2486e+00   9.4767e-02  -8.9747e-01  -2.2321e+00 
 -4.2709e-01   1.6406e+00   4.0395e-01  -7.8847e-01   6.4562e-01 
 -2.1661e-01   1.4691e-02   0.0000e+00  -1.9494e+00   3.0356e+01 
  2.4336e+01   3.4958e+01   1.6230e+01   1.7858e+01   7.6644e+00 
  1.2400e+00   4.4252e-01   1.0904e-01   2.0054e-02   2.2962e-03 
  2.5583e-03   1.0877e-03   7.9882e-05   4.1882e-05   4.4069e-05 
 -1.8568e+01  -8.2177e-01   1.0000e+00 

########################
# 00000093
########################
RSS 6.601336986465157
BP 0:
a0:   3.9484e+00   e0:  -3.9094e+00   b0:   1.7079e+02   
P: 
 -1.5778e+02  -3.3195e+00   6.6828e+01  -1.3346e+00  -6.0664e+01 
  1.0273e+01  -1.2486e+00   9.4761e-02  -8.9752e-01  -2.2320e+00 
 -4.2708e-01   1.6406e+00   4.0394e-01  -7.8848e-01   6.4558e-01 
 -2.1659e-01   1.4693e-02   0.0000e+00  -1.9494e+00   3.0356e+01 
  2.4336e+01   3.4958e+01   1.6230e+01   1.7858e+01   7.6644e+00 
  1.2400e+00   4.4252e-01   1.0904e-01   2.0054e-02   2.2962e-03 
  2.5583e-03   1.0877e-03   7.9882e-05   4.1882e-05   4.4069e-05 
 -1.8567e+01  -8.2175e-01   1.0000e+00 

########################
# 00000094
########################
RSS 6.60137277460448
BP 0:
a0:   3.9484e+00   e0:  -3.9097e+00   b0:   1.7079e+02   
P: 
 -1.5776e+02  -3.3196e+00   6.8612e+01  -1.3347e+00  -6.0670e+01 
  5.6010e+00  -1.2485e+00   9.4756e-02  -8.9750e-01  -2.2320e+00 
 -4.2711e-01   1.6406e+00   4.0389e-01  -7.8839e-01   6.4559e-01 
 -2.1661e-01   1.4692e-02   0.0000e+00  -1.9494e+00   3.0356e+01 
  2.4336e+01   3.4958e+01   1.6230e+01   1.7858e+01   7.6644e+00 
  1.2400e+00   4.4252e-01   1.0904e-01   2.0054e-02   2.2962e-03 
  2.5583e-03   1.0877e-03   7.9882e-05   4.1882e-05   4.4069e-05 
 -1.8567e+01  -8.2177e-01   1.0000e+00 

########################
# 00000095
########################
RSS 6.601378724973371
BP 0:
a0:   3.9484e+00   e0:  -3.9099e+00   b0:   1.7077e+02   
P: 
 -1.5779e+02  -3.3197e+00   6.6828e+01  -1.3348e+00  -6.0667e+01 
  1.0272e+01  -1.2486e+00   9.4766e-02  -8.9746e-01  -2.2321e+00 
 -4.2709e-01   1.6406e+00   4.0394e-01  -7.8848e-01   6.4562e-01 
 -2.1661e-01   1.4691e-02   0.0000e+00  -1.9494e+00   3.0356e+01 
  2.4336e+01   3.4958e+01   1.6230e+01   1.7858e+01   7.6644e+00 
  1.2400e+00   4.4252e-01   1.0904e-01   2.0054e-02   2.2962e-03 
  2.5583e-03   1.0877e-03   7.9882e-05   4.1882e-05   4.4069e-05 
 -1.8568e+01  -8.2177e-01   1.0000e+00 

########################
# 00000096
########################
RSS 6.601549341078385
BP 0:
a0:   3.9485e+00   e0:  -3.9095e+00   b0:   1.7079e+02   
P: 
 -1.5779e+02  -3.3197e+00   6.6829e+01  -1.3348e+00  -6.0666e+01 
  1.0272e+01  -1.2486e+00   9.4766e-02  -8.9746e-01  -2.2321e+00 
 -4.2709e-01   1.6406e+00   4.0394e-01  -7.8847e-01   6.4562e-01 
 -2.1661e-01   1.4691e-02   0.0000e+00  -1.9494e+00   3.0356e+01 
  2.4336e+01   3.4958e+01   1.6230e+01   1.7858e+01   7.6644e+00 
  1.2400e+00   4.4252e-01   1.0904e-01   2.0054e-02   2.2962e-03 
  2.5583e-03   1.0877e-03   7.9882e-05   4.1882e-05   4.4069e-05 
 -1.8568e+01  -8.2177e-01   1.0000e+00 

########################
# 00000097
########################
RSS 6.601989511621937
BP 0:
a0:   3.9482e+00   e0:  -3.9111e+00   b0:   1.7068e+02   
P: 
 -1.5775e+02  -3.3195e+00   6.6821e+01  -1.3348e+00  -6.0667e+01 
  1.0272e+01  -1.2485e+00   9.4762e-02  -8.9739e-01  -2.2322e+00 
 -4.2713e-01   1.6406e+00   4.0395e-01  -7.8850e-01   6.4558e-01 
 -2.1660e-01   1.4691e-02   0.0000e+00  -1.9494e+00   3.0356e+01 
  2.4336e+01   3.4958e+01   1.6230e+01   1.7858e+01   7.6644e+00 
  1.2400e+00   4.4252e-01   1.0904e-01   2.0054e-02   2.2962e-03 
  2.5583e-03   1.0877e-03   7.9882e-05   4.1882e-05   4.4069e-05 
 -1.8568e+01  -8.2175e-01   1.0000e+00 

########################
# 00000098
########################
RSS 6.602015911098255
BP 0:
a0:   3.9484e+00   e0:  -3.9094e+00   b0:   1.7078e+02   
P: 
 -1.5778e+02  -3.3195e+00   6.6828e+01  -1.3346e+00  -6.0664e+01 
  1.0273e+01  -1.2486e+00   9.4762e-02  -8.9751e-01  -2.2320e+00 
 -4.2708e-01   1.6406e+00   4.0393e-01  -7.8849e-01   6.4559e-01 
 -2.1659e-01   1.4693e-02   0.0000e+00  -1.9494e+00   3.0356e+01 
  2.4336e+01   3.4958e+01   1.6230e+01   1.7858e+01   7.6644e+00 
  1.2400e+00   4.4252e-01   1.0904e-01   2.0054e-02   2.2962e-03 
  2.5583e-03   1.0877e-03   7.9882e-05   4.1882e-05   4.4069e-05 
 -1.8567e+01  -8.2175e-01   1.0000e+00 

########################
# 00000099
########################
RSS 6.602064823595146
BP 0:
a0:   3.9485e+00   e0:  -3.9090e+00   b0:   1.7081e+02   
P: 
 -1.5776e+02  -3.3196e+00   6.6825e+01  -1.3347e+00  -6.0671e+01 
  1.0272e+01  -1.2485e+00   9.4759e-02  -8.9745e-01  -2.2321e+00 
 -4.2712e-01   1.6406e+00   4.0391e-01  -7.8844e-01   6.4559e-01 
 -2.1660e-01   1.4692e-02   0.0000e+00  -1.9494e+00   3.0356e+01 
  2.4336e+01   3.4958e+01   1.6230e+01   1.7858e+01   7.6644e+00 
  1.2400e+00   4.4252e-01   1.0904e-01   2.0054e-02   2.2962e-03 
  2.5583e-03   1.0877e-03   7.9882e-05   4.1882e-05   4.4069e-05 
 -1.8567e+01  -8.2175e-01   1.0000e+00 

########################
# 00000100
########################
RSS 6.602625691976286
BP 0:
a0:   3.9483e+00   e0:  -3.9114e+00   b0:   1.7070e+02   
P: 
 -1.5774e+02  -3.3196e+00   6.6817e+01  -1.3349e+00  -6.0659e+01 
  1.0272e+01  -1.2486e+00   9.4774e-02  -8.9739e-01  -2.2321e+00 
 -4.2715e-01   1.6408e+00   4.0387e-01  -7.8844e-01   6.4560e-01 
 -2.1662e-01   1.4692e-02   0.0000e+00  -1.9494e+00   3.0356e+01 
  2.4336e+01   3.4958e+01   1.6230e+01   1.7858e+01   7.6644e+00 
  1.2400e+00   4.4252e-01   1.0904e-01   2.0054e-02   2.2962e-03 
  2.5583e-03   1.0877e-03   7.9882e-05   4.1882e-05   4.4069e-05 
 -1.8567e+01  -8.2177e-01   1.0000e+00 

