RSS:  
36.98203937746977

P:  
-36.5540536943
21.8144454622
-1.06882955227
2.17017966425
6.69737742394
2.58940859512
8.29763238337
-0.556459419716
-5.65030529508
3.78427535852
0.264082774201
0.062236557983
-0.00344996782068
-0.180560254415
0.124961363986
-0.0322144195924
0.000541478517592
0.0
-1.94938564301
30.3556213379
24.3362083435
34.9576034546
16.2302913666
17.857875824
7.66438293457
1.23997938633
0.442521393299
0.109044238925
0.0200536046177
0.00229621282779
0.00255827326328
0.00108765787445
7.98819164629e-05
4.18824820372e-05
4.40689618699e-05
-17.5580856865
0.544337185381
1.0

Known:
a0:     3.59
e0:     -4.27
B0:     221.99999999938152
EC:     365.600 141.600 233.800  0.000  0.000  0.000 
        141.600 298.700 130.400  0.000  0.000  0.000 
        233.800 130.400 364.600  0.000  0.000  0.000 
         0.000  0.000  0.000 186.300  0.000  0.000 
         0.000  0.000  0.000  0.000 266.800  0.000 
         0.000  0.000  0.000  0.000  0.000 186.300 

Calculated:
a0:     3.4844415148576564
e0:     -4.268041435977925
B0:     248.534322671078
EC:     326.508 144.252 254.249  0.000  0.000  0.000 
        144.252 325.506 151.100  0.000  0.000  0.000 
        254.249 151.100 326.508  0.000  0.000  0.000 
         0.000  0.000  0.000 166.136  0.000  0.000 
         0.000  0.000  0.000  0.000 267.522  0.000 
         0.000  0.000  0.000  0.000  0.000 166.136 



