  0.0000000000E+00  0.0000000000E+00
  0.6493506494E-02  0.4855418855E+01
  0.1298701299E-01  0.1352974968E+02
  0.1948051948E-01  0.2146821205E+02
  0.2597402597E-01  0.2710683024E+02
  0.3246753247E-01  0.3028805493E+02
  0.3896103896E-01  0.3143879142E+02
  0.4545454545E-01  0.3116981925E+02
  0.5194805195E-01  0.3006354403E+02
  0.5844155844E-01  0.2859805322E+02
  0.6493506494E-01  0.2712355848E+02
  0.7142857143E-01  0.2586854712E+02
  0.7792207792E-01  0.2496333672E+02
  0.8441558442E-01  0.2446373745E+02
  0.9090909091E-01  0.2437050761E+02
  0.9740259740E-01  0.2464659909E+02
  0.1038961039E+00  0.2523249769E+02
  0.1103896104E+00  0.2605845064E+02
  0.1168831169E+00  0.2705296839E+02
  0.1233766234E+00  0.2814806798E+02
  0.1298701299E+00  0.2928221296E+02
  0.1363636364E+00  0.3040181896E+02
  0.1428571429E+00  0.3146190186E+02
  0.1493506494E+00  0.3242618957E+02
  0.1558441558E+00  0.3326686704E+02
  0.1623376623E+00  0.3396405278E+02
  0.1688311688E+00  0.3450507832E+02
  0.1753246753E+00  0.3488363316E+02
  0.1818181818E+00  0.3509883394E+02
  0.1883116883E+00  0.3515427274E+02
  0.1948051948E+00  0.3505709294E+02
  0.2012987013E+00  0.3481713155E+02
  0.2077922078E+00  0.3444615568E+02
  0.2142857143E+00  0.3395720795E+02
  0.2207792208E+00  0.3336406462E+02
  0.2272727273E+00  0.3268080041E+02
  0.2337662338E+00  0.3192144818E+02
  0.2402597403E+00  0.3109973811E+02
  0.2467532468E+00  0.3022890085E+02
  0.2532467532E+00  0.2932152041E+02
  0.2597402597E+00  0.2838942517E+02
  0.2662337662E+00  0.2744360842E+02
  0.2727272727E+00  0.2649417227E+02
  0.2792207792E+00  0.2555029124E+02
  0.2857142857E+00  0.2462019292E+02
  0.2922077922E+00  0.2371115426E+02
  0.2987012987E+00  0.2282951221E+02
  0.3051948052E+00  0.2198068733E+02
  0.3116883117E+00  0.2116921898E+02
  0.3181818182E+00  0.2039881026E+02
  0.3246753247E+00  0.1967238073E+02
  0.3311688312E+00  0.1899212477E+02
  0.3376623377E+00  0.1835957360E+02
  0.3441558442E+00  0.1777565887E+02
  0.3506493506E+00  0.1724077618E+02
  0.3571428571E+00  0.1675484706E+02
  0.3636363636E+00  0.1631737821E+02
  0.3701298701E+00  0.1592751733E+02
  0.3766233766E+00  0.1558410485E+02
  0.3831168831E+00  0.1528572146E+02
  0.3896103896E+00  0.1503073127E+02
  0.3961038961E+00  0.1481732080E+02
  0.4025974026E+00  0.1464353394E+02
  0.4090909091E+00  0.1450730331E+02
  0.4155844156E+00  0.1440647813E+02
  0.4220779221E+00  0.1433884922E+02
  0.4285714286E+00  0.1430217113E+02
  0.4350649351E+00  0.1429418195E+02
  0.4415584416E+00  0.1431262091E+02
  0.4480519481E+00  0.1435524398E+02
  0.4545454545E+00  0.1441983779E+02
  0.4610389610E+00  0.1450423175E+02
  0.4675324675E+00  0.1460630878E+02
  0.4740259740E+00  0.1472401458E+02
  0.4805194805E+00  0.1485536550E+02
  0.4870129870E+00  0.1499845517E+02
  0.4935064935E+00  0.1515146000E+02
  0.5000000000E+00  0.1531264340E+02
  0.5064935065E+00  0.1548035905E+02
  0.5129870130E+00  0.1565305314E+02
  0.5194805195E+00  0.1582926563E+02
  0.5259740260E+00  0.1600763073E+02
  0.5324675325E+00  0.1618687658E+02
  0.5389610390E+00  0.1636582425E+02
  0.5454545455E+00  0.1654338609E+02
  0.5519480519E+00  0.1671856366E+02
  0.5584415584E+00  0.1689044508E+02
  0.5649350649E+00  0.1705820211E+02
  0.5714285714E+00  0.1722108691E+02
  0.5779220779E+00  0.1737842851E+02
  0.5844155844E+00  0.1752962922E+02
  0.5909090909E+00  0.1767416086E+02
  0.5974025974E+00  0.1781156096E+02
  0.6038961039E+00  0.1794142889E+02
  0.6103896104E+00  0.1806342213E+02
  0.6168831169E+00  0.1817725250E+02
  0.6233766234E+00  0.1828268248E+02
  0.6298701299E+00  0.1837952171E+02
  0.6363636364E+00  0.1846762357E+02
  0.6428571429E+00  0.1854688184E+02
  0.6493506494E+00  0.1861722764E+02
  0.6558441558E+00  0.1867862639E+02
  0.6623376623E+00  0.1873107500E+02
  0.6688311688E+00  0.1877459921E+02
  0.6753246753E+00  0.1880925104E+02
  0.6818181818E+00  0.1883510644E+02
  0.6883116883E+00  0.1885226309E+02
  0.6948051948E+00  0.1886083825E+02
  0.7012987013E+00  0.1886096688E+02
  0.7077922078E+00  0.1885279976E+02
  0.7142857143E+00  0.1883650185E+02
  0.7207792208E+00  0.1881225063E+02
  0.7272727273E+00  0.1878023470E+02
  0.7337662338E+00  0.1874065231E+02
  0.7402597403E+00  0.1869371018E+02
  0.7467532468E+00  0.1863962219E+02
  0.7532467532E+00  0.1857860835E+02
  0.7597402597E+00  0.1851089374E+02
  0.7662337662E+00  0.1843670750E+02
  0.7727272727E+00  0.1835628198E+02
  0.7792207792E+00  0.1826985190E+02
  0.7857142857E+00  0.1817765355E+02
  0.7922077922E+00  0.1807992407E+02
  0.7987012987E+00  0.1797690080E+02
  0.8051948052E+00  0.1786882064E+02
  0.8116883117E+00  0.1775591949E+02
  0.8181818182E+00  0.1763843172E+02
  0.8246753247E+00  0.1751658966E+02
  0.8311688312E+00  0.1739062318E+02
  0.8376623377E+00  0.1726075925E+02
  0.8441558442E+00  0.1712722160E+02
  0.8506493506E+00  0.1699023036E+02
  0.8571428571E+00  0.1685000172E+02
  0.8636363636E+00  0.1670674773E+02
  0.8701298701E+00  0.1656067595E+02
  0.8766233766E+00  0.1641198934E+02
  0.8831168831E+00  0.1626088597E+02
  0.8896103896E+00  0.1610755892E+02
  0.8961038961E+00  0.1595219609E+02
  0.9025974026E+00  0.1579498010E+02
  0.9090909091E+00  0.1563608822E+02
  0.9155844156E+00  0.1547569224E+02
  0.9220779221E+00  0.1531395843E+02
  0.9285714286E+00  0.1515104753E+02
  0.9350649351E+00  0.1498711469E+02
  0.9415584416E+00  0.1482230949E+02
  0.9480519481E+00  0.1465677593E+02
  0.9545454545E+00  0.1449065248E+02
  0.9610389610E+00  0.1432407210E+02
  0.9675324675E+00  0.1415716228E+02
  0.9740259740E+00  0.1399004513E+02
  0.9805194805E+00  0.1382283743E+02
  0.9870129870E+00  0.1365565073E+02
  0.9935064935E+00  0.1348859142E+02
  0.1000000000E+01  0.1332176084E+02
  0.1006493506E+01  0.1315525538E+02
  0.1012987013E+01  0.1298916659E+02
  0.1019480519E+01  0.1282358132E+02
  0.1025974026E+01  0.1265858179E+02
  0.1032467532E+01  0.1249424578E+02
  0.1038961039E+01  0.1233064669E+02
  0.1045454545E+01  0.1216785372E+02
  0.1051948052E+01  0.1200593199E+02
  0.1058441558E+01  0.1184494267E+02
  0.1064935065E+01  0.1168494310E+02
  0.1071428571E+01  0.1152598694E+02
  0.1077922078E+01  0.1136812433E+02
  0.1084415584E+01  0.1121140196E+02
  0.1090909091E+01  0.1105586326E+02
  0.1097402597E+01  0.1090154851E+02
  0.1103896104E+01  0.1074849497E+02
  0.1110389610E+01  0.1059673700E+02
  0.1116883117E+01  0.1044630620E+02
  0.1123376623E+01  0.1029723154E+02
  0.1129870130E+01  0.1014953944E+02
  0.1136363636E+01  0.1000325392E+02
  0.1142857143E+01  0.9858396711E+01
  0.1149350649E+01  0.9714987371E+01
  0.1155844156E+01  0.9573043366E+01
  0.1162337662E+01  0.9432580196E+01
  0.1168831169E+01  0.9293611491E+01
  0.1175324675E+01  0.9156149104E+01
  0.1181818182E+01  0.9020203205E+01
  0.1188311688E+01  0.8885782375E+01
  0.1194805195E+01  0.8752893685E+01
  0.1201298701E+01  0.8621542785E+01
  0.1207792208E+01  0.8491733977E+01
  0.1214285714E+01  0.8363470295E+01
  0.1220779221E+01  0.8236753576E+01
  0.1227272727E+01  0.8111584527E+01
  0.1233766234E+01  0.7987962791E+01
  0.1240259740E+01  0.7865887011E+01
  0.1246753247E+01  0.7745354887E+01
  0.1253246753E+01  0.7626363234E+01
  0.1259740260E+01  0.7508908034E+01
  0.1266233766E+01  0.7392984487E+01
  0.1272727273E+01  0.7278587060E+01
  0.1279220779E+01  0.7165709530E+01
  0.1285714286E+01  0.7054345029E+01
  0.1292207792E+01  0.6944486083E+01
  0.1298701299E+01  0.6836124650E+01
  0.1305194805E+01  0.6729252160E+01
  0.1311688312E+01  0.6623859543E+01
  0.1318181818E+01  0.6519937265E+01
  0.1324675325E+01  0.6417475360E+01
  0.1331168831E+01  0.6316463453E+01
  0.1337662338E+01  0.6216890794E+01
  0.1344155844E+01  0.6118746276E+01
  0.1350649351E+01  0.6022018467E+01
  0.1357142857E+01  0.5926695626E+01
  0.1363636364E+01  0.5832765731E+01
  0.1370129870E+01  0.5740216492E+01
  0.1376623377E+01  0.5649035377E+01
  0.1383116883E+01  0.5559209627E+01
  0.1389610390E+01  0.5470726272E+01
  0.1396103896E+01  0.5383572152E+01
  0.1402597403E+01  0.5297733929E+01
  0.1409090909E+01  0.5213198102E+01
  0.1415584416E+01  0.5129951023E+01
  0.1422077922E+01  0.5047978909E+01
  0.1428571429E+01  0.4967267857E+01
  0.1435064935E+01  0.4887803853E+01
  0.1441558442E+01  0.4809572788E+01
  0.1448051948E+01  0.4732560465E+01
  0.1454545455E+01  0.4656752613E+01
  0.1461038961E+01  0.4582134897E+01
  0.1467532468E+01  0.4508692927E+01
  0.1474025974E+01  0.4436412270E+01
  0.1480519481E+01  0.4365278456E+01
  0.1487012987E+01  0.4295276991E+01
  0.1493506494E+01  0.4226393361E+01
  0.1500000000E+01  0.4158613047E+01
  0.1506493506E+01  0.4091921527E+01
  0.1512987013E+01  0.4026304287E+01
  0.1519480519E+01  0.3961746829E+01
  0.1525974026E+01  0.3898234679E+01
  0.1532467532E+01  0.3835753390E+01
  0.1538961039E+01  0.3774288554E+01
  0.1545454545E+01  0.3713825807E+01
  0.1551948052E+01  0.3654350837E+01
  0.1558441558E+01  0.3595849385E+01
  0.1564935065E+01  0.3538307259E+01
  0.1571428571E+01  0.3481710334E+01
  0.1577922078E+01  0.3426044562E+01
  0.1584415584E+01  0.3371295974E+01
  0.1590909091E+01  0.3317450687E+01
  0.1597402597E+01  0.3264494910E+01
  0.1603896104E+01  0.3212414948E+01
  0.1610389610E+01  0.3161197207E+01
  0.1616883117E+01  0.3110828197E+01
  0.1623376623E+01  0.3061294541E+01
  0.1629870130E+01  0.3012582973E+01
  0.1636363636E+01  0.2964680348E+01
  0.1642857143E+01  0.2917573640E+01
  0.1649350649E+01  0.2871249951E+01
  0.1655844156E+01  0.2825696512E+01
  0.1662337662E+01  0.2780900684E+01
  0.1668831169E+01  0.2736849966E+01
  0.1675324675E+01  0.2693531992E+01
  0.1681818182E+01  0.2650934540E+01
  0.1688311688E+01  0.2609045529E+01
  0.1694805195E+01  0.2567853023E+01
  0.1701298701E+01  0.2527345235E+01
  0.1707792208E+01  0.2487510527E+01
  0.1714285714E+01  0.2448337411E+01
  0.1720779221E+01  0.2409814552E+01
  0.1727272727E+01  0.2371930768E+01
  0.1733766234E+01  0.2334675035E+01
  0.1740259740E+01  0.2298036482E+01
  0.1746753247E+01  0.2262004395E+01
  0.1753246753E+01  0.2226568219E+01
  0.1759740260E+01  0.2191717556E+01
  0.1766233766E+01  0.2157442166E+01
  0.1772727273E+01  0.2123731969E+01
  0.1779220779E+01  0.2090577041E+01
  0.1785714286E+01  0.2057967618E+01
  0.1792207792E+01  0.2025894095E+01
  0.1798701299E+01  0.1994347024E+01
  0.1805194805E+01  0.1963317112E+01
  0.1811688312E+01  0.1932795227E+01
  0.1818181818E+01  0.1902772389E+01
  0.1824675325E+01  0.1873239776E+01
  0.1831168831E+01  0.1844188718E+01
  0.1837662338E+01  0.1815610699E+01
  0.1844155844E+01  0.1787497354E+01
  0.1850649351E+01  0.1759840471E+01
  0.1857142857E+01  0.1732631983E+01
  0.1863636364E+01  0.1705863975E+01
  0.1870129870E+01  0.1679528676E+01
  0.1876623377E+01  0.1653618459E+01
  0.1883116883E+01  0.1628125842E+01
  0.1889610390E+01  0.1603043483E+01
  0.1896103896E+01  0.1578364180E+01
  0.1902597403E+01  0.1554080869E+01
  0.1909090909E+01  0.1530186620E+01
  0.1915584416E+01  0.1506674638E+01
  0.1922077922E+01  0.1483538260E+01
  0.1928571429E+01  0.1460770953E+01
  0.1935064935E+01  0.1438366312E+01
  0.1941558442E+01  0.1416318056E+01
  0.1948051948E+01  0.1394620030E+01
  0.1954545455E+01  0.1373266198E+01
  0.1961038961E+01  0.1352250645E+01
  0.1967532468E+01  0.1331567573E+01
  0.1974025974E+01  0.1311211299E+01
  0.1980519481E+01  0.1291176253E+01
  0.1987012987E+01  0.1271456976E+01
  0.1993506494E+01  0.1252048115E+01
  0.2000000000E+01  0.1232944427E+01
  0.2006493506E+01  0.1214140772E+01
  0.2012987013E+01  0.1195632112E+01
  0.2019480519E+01  0.1177413507E+01
  0.2025974026E+01  0.1159480118E+01
  0.2032467532E+01  0.1141827200E+01
  0.2038961039E+01  0.1124450102E+01
  0.2045454545E+01  0.1107344265E+01
  0.2051948052E+01  0.1090505217E+01
  0.2058441558E+01  0.1073928578E+01
  0.2064935065E+01  0.1057610049E+01
  0.2071428571E+01  0.1041545417E+01
  0.2077922078E+01  0.1025730549E+01
  0.2084415584E+01  0.1010161395E+01
  0.2090909091E+01  0.9948339779E+00
  0.2097402597E+01  0.9797443999E+00
  0.2103896104E+01  0.9648888360E+00
  0.2110389610E+01  0.9502635337E+00
  0.2116883117E+01  0.9358648109E+00
  0.2123376623E+01  0.9216890545E+00
  0.2129870130E+01  0.9077327183E+00
  0.2136363636E+01  0.8939923216E+00
  0.2142857143E+01  0.8804644475E+00
  0.2149350649E+01  0.8671457416E+00
  0.2155844156E+01  0.8540329098E+00
  0.2162337662E+01  0.8411227175E+00
  0.2168831169E+01  0.8284119878E+00
  0.2175324675E+01  0.8158976001E+00
  0.2181818182E+01  0.8035764887E+00
  0.2188311688E+01  0.7914456414E+00
  0.2194805195E+01  0.7795020983E+00
  0.2201298701E+01  0.7677429506E+00
  0.2207792208E+01  0.7561653389E+00
  0.2214285714E+01  0.7447664526E+00
  0.2220779221E+01  0.7335435282E+00
  0.2227272727E+01  0.7224938484E+00
  0.2233766234E+01  0.7116147412E+00
  0.2240259740E+01  0.7009035784E+00
  0.2246753247E+01  0.6903577747E+00
  0.2253246753E+01  0.6799747869E+00
  0.2259740260E+01  0.6697521126E+00
  0.2266233766E+01  0.6596872896E+00
  0.2272727273E+01  0.6497778948E+00
  0.2279220779E+01  0.6400215432E+00
  0.2285714286E+01  0.6304158872E+00
  0.2292207792E+01  0.6209586158E+00
  0.2298701299E+01  0.6116474539E+00
  0.2305194805E+01  0.6024801611E+00
  0.2311688312E+01  0.5934545314E+00
  0.2318181818E+01  0.5845683924E+00
  0.2324675325E+01  0.5758196043E+00
  0.2331168831E+01  0.5672060596E+00
  0.2337662338E+01  0.5587256824E+00
  0.2344155844E+01  0.5503764276E+00
  0.2350649351E+01  0.5421562804E+00
  0.2357142857E+01  0.5340632557E+00
  0.2363636364E+01  0.5260953977E+00
  0.2370129870E+01  0.5182507790E+00
  0.2376623377E+01  0.5105275006E+00
  0.2383116883E+01  0.5029236909E+00
  0.2389610390E+01  0.4954375054E+00
  0.2396103896E+01  0.4880671264E+00
  0.2402597403E+01  0.4808107624E+00
  0.2409090909E+01  0.4736666476E+00
  0.2415584416E+01  0.4666330415E+00
  0.2422077922E+01  0.4597082289E+00
  0.2428571429E+01  0.4528905187E+00
  0.2435064935E+01  0.4461782443E+00
  0.2441558442E+01  0.4395697630E+00
  0.2448051948E+01  0.4330634552E+00
  0.2454545455E+01  0.4266577248E+00
  0.2461038961E+01  0.4203509984E+00
  0.2467532468E+01  0.4141417250E+00
  0.2474025974E+01  0.4080283759E+00
  0.2480519481E+01  0.4020094442E+00
  0.2487012987E+01  0.3960834445E+00
  0.2493506494E+01  0.3902489129E+00
  0.2500000000E+01  0.3845044064E+00
  0.2506493506E+01  0.3788485027E+00
  0.2512987013E+01  0.3732798002E+00
  0.2519480519E+01  0.3677969173E+00
  0.2525974026E+01  0.3623984926E+00
  0.2532467532E+01  0.3570831843E+00
  0.2538961039E+01  0.3518496701E+00
  0.2545454545E+01  0.3466966471E+00
  0.2551948052E+01  0.3416228314E+00
  0.2558441558E+01  0.3366269578E+00
  0.2564935065E+01  0.3317077799E+00
  0.2571428571E+01  0.3268640696E+00
  0.2577922078E+01  0.3220946170E+00
  0.2584415584E+01  0.3173982301E+00
  0.2590909091E+01  0.3127737348E+00
  0.2597402597E+01  0.3082199745E+00
  0.2603896104E+01  0.3037358099E+00
  0.2610389610E+01  0.2993201191E+00
  0.2616883117E+01  0.2949717969E+00
  0.2623376623E+01  0.2906897550E+00
  0.2629870130E+01  0.2864729217E+00
  0.2636363636E+01  0.2823202419E+00
  0.2642857143E+01  0.2782306763E+00
  0.2649350649E+01  0.2742032020E+00
  0.2655844156E+01  0.2702368118E+00
  0.2662337662E+01  0.2663305143E+00
  0.2668831169E+01  0.2624833334E+00
  0.2675324675E+01  0.2586943085E+00
  0.2681818182E+01  0.2549624940E+00
  0.2688311688E+01  0.2512869594E+00
  0.2694805195E+01  0.2476667890E+00
  0.2701298701E+01  0.2441010814E+00
  0.2707792208E+01  0.2405889501E+00
  0.2714285714E+01  0.2371295225E+00
  0.2720779221E+01  0.2337219402E+00
  0.2727272727E+01  0.2303653589E+00
  0.2733766234E+01  0.2270589478E+00
  0.2740259740E+01  0.2238018898E+00
  0.2746753247E+01  0.2205933812E+00
  0.2753246753E+01  0.2174326316E+00
  0.2759740260E+01  0.2143188636E+00
  0.2766233766E+01  0.2112513126E+00
  0.2772727273E+01  0.2082292271E+00
  0.2779220779E+01  0.2052518677E+00
  0.2785714286E+01  0.2023185078E+00
  0.2792207792E+01  0.1994284329E+00
  0.2798701299E+01  0.1965809406E+00
  0.2805194805E+01  0.1937753403E+00
  0.2811688312E+01  0.1910109534E+00
  0.2818181818E+01  0.1882871126E+00
  0.2824675325E+01  0.1856031623E+00
  0.2831168831E+01  0.1829584581E+00
  0.2837662338E+01  0.1803523665E+00
  0.2844155844E+01  0.1777842652E+00
  0.2850649351E+01  0.1752535427E+00
  0.2857142857E+01  0.1727595979E+00
  0.2863636364E+01  0.1703018404E+00
  0.2870129870E+01  0.1678796901E+00
  0.2876623377E+01  0.1654925770E+00
  0.2883116883E+01  0.1631399411E+00
  0.2889610390E+01  0.1608212324E+00
  0.2896103896E+01  0.1585359104E+00
  0.2902597403E+01  0.1562834443E+00
  0.2909090909E+01  0.1540633128E+00
  0.2915584416E+01  0.1518750036E+00
  0.2922077922E+01  0.1497180137E+00
  0.2928571429E+01  0.1475918490E+00
  0.2935064935E+01  0.1454960242E+00
  0.2941558442E+01  0.1434300628E+00
  0.2948051948E+01  0.1413934968E+00
  0.2954545455E+01  0.1393858664E+00
  0.2961038961E+01  0.1374067202E+00
  0.2967532468E+01  0.1354556149E+00
  0.2974025974E+01  0.1335321152E+00
  0.2980519481E+01  0.1316357936E+00
  0.2987012987E+01  0.1297662302E+00
  0.2993506494E+01  0.1279230128E+00
  0.3000000000E+01  0.1261057366E+00
  0.3006493506E+01  0.1243140041E+00
  0.3012987013E+01  0.1225474248E+00
  0.3019480519E+01  0.1208056155E+00
  0.3025974026E+01  0.1190881997E+00
  0.3032467532E+01  0.1173948079E+00
  0.3038961039E+01  0.1157250771E+00
  0.3045454545E+01  0.1140786507E+00
  0.3051948052E+01  0.1124551788E+00
  0.3058441558E+01  0.1108543177E+00
  0.3064935065E+01  0.1092757298E+00
  0.3071428571E+01  0.1077190837E+00
  0.3077922078E+01  0.1061840536E+00
  0.3084415584E+01  0.1046703200E+00
  0.3090909091E+01  0.1031775688E+00
  0.3097402597E+01  0.1017054915E+00
  0.3103896104E+01  0.1002537853E+00
  0.3110389610E+01  0.9882215268E-01
  0.3116883117E+01  0.9741030128E-01
  0.3123376623E+01  0.9601794407E-01
  0.3129870130E+01  0.9464479903E-01
  0.3136363636E+01  0.9329058911E-01
  0.3142857143E+01  0.9195504214E-01
  0.3149350649E+01  0.9063789071E-01
  0.3155844156E+01  0.8933887207E-01
  0.3162337662E+01  0.8805772809E-01
  0.3168831169E+01  0.8679420507E-01
  0.3175324675E+01  0.8554805374E-01
  0.3181818182E+01  0.8431902911E-01
  0.3188311688E+01  0.8310689041E-01
  0.3194805195E+01  0.8191140098E-01
  0.3201298701E+01  0.8073232821E-01
  0.3207792208E+01  0.7956944343E-01
  0.3214285714E+01  0.7842252186E-01
  0.3220779221E+01  0.7729134248E-01
  0.3227272727E+01  0.7617568799E-01
  0.3233766234E+01  0.7507534473E-01
  0.3240259740E+01  0.7399010256E-01
  0.3246753247E+01  0.7291975484E-01
  0.3253246753E+01  0.7186409833E-01
  0.3259740260E+01  0.7082293311E-01
  0.3266233766E+01  0.6979606253E-01
  0.3272727273E+01  0.6878329310E-01
  0.3279220779E+01  0.6778443449E-01
  0.3285714286E+01  0.6679929939E-01
  0.3292207792E+01  0.6582770348E-01
  0.3298701299E+01  0.6486946538E-01
  0.3305194805E+01  0.6392440655E-01
  0.3311688312E+01  0.6299235126E-01
  0.3318181818E+01  0.6207312652E-01
  0.3324675325E+01  0.6116656200E-01
  0.3331168831E+01  0.6027249002E-01
  0.3337662338E+01  0.5939074543E-01
  0.3344155844E+01  0.5852116562E-01
  0.3350649351E+01  0.5766359043E-01
  0.3357142857E+01  0.5681786209E-01
  0.3363636364E+01  0.5598382520E-01
  0.3370129870E+01  0.5516132665E-01
  0.3376623377E+01  0.5435021559E-01
  0.3383116883E+01  0.5355034337E-01
  0.3389610390E+01  0.5276156351E-01
  0.3396103896E+01  0.5198373163E-01
  0.3402597403E+01  0.5121670543E-01
  0.3409090909E+01  0.5046034464E-01
  0.3415584416E+01  0.4971451095E-01
  0.3422077922E+01  0.4897906803E-01
  0.3428571429E+01  0.4825388142E-01
  0.3435064935E+01  0.4753881855E-01
  0.3441558442E+01  0.4683374865E-01
  0.3448051948E+01  0.4613854275E-01
  0.3454545455E+01  0.4545307366E-01
  0.3461038961E+01  0.4477721586E-01
  0.3467532468E+01  0.4411084554E-01
  0.3474025974E+01  0.4345384054E-01
  0.3480519481E+01  0.4280608032E-01
  0.3487012987E+01  0.4216744591E-01
  0.3493506494E+01  0.4153781992E-01
  0.3500000000E+01  0.4091708646E-01
  0.3506493506E+01  0.4030513116E-01
  0.3512987013E+01  0.3970184109E-01
  0.3519480519E+01  0.3910710480E-01
  0.3525974026E+01  0.3852081223E-01
  0.3532467532E+01  0.3794285470E-01
  0.3538961039E+01  0.3737312492E-01
  0.3545454545E+01  0.3681151691E-01
  0.3551948052E+01  0.3625792602E-01
  0.3558441558E+01  0.3571224891E-01
  0.3564935065E+01  0.3517438347E-01
  0.3571428571E+01  0.3464422886E-01
  0.3577922078E+01  0.3412168547E-01
  0.3584415584E+01  0.3360665490E-01
  0.3590909091E+01  0.3309903991E-01
  0.3597402597E+01  0.3259874445E-01
  0.3603896104E+01  0.3210567360E-01
  0.3610389610E+01  0.3161973360E-01
  0.3616883117E+01  0.3114083176E-01
  0.3623376623E+01  0.3066887652E-01
  0.3629870130E+01  0.3020377737E-01
  0.3636363636E+01  0.2974544488E-01
  0.3642857143E+01  0.2929379065E-01
  0.3649350649E+01  0.2884872734E-01
  0.3655844156E+01  0.2841016858E-01
  0.3662337662E+01  0.2797802904E-01
  0.3668831169E+01  0.2755222435E-01
  0.3675324675E+01  0.2713267113E-01
  0.3681818182E+01  0.2671928694E-01
  0.3688311688E+01  0.2631199032E-01
  0.3694805195E+01  0.2591070071E-01
  0.3701298701E+01  0.2551533848E-01
  0.3707792208E+01  0.2512582493E-01
  0.3714285714E+01  0.2474208223E-01
  0.3720779221E+01  0.2436403346E-01
  0.3727272727E+01  0.2399160256E-01
  0.3733766234E+01  0.2362471435E-01
  0.3740259740E+01  0.2326329449E-01
  0.3746753247E+01  0.2290726949E-01
  0.3753246753E+01  0.2255656671E-01
  0.3759740260E+01  0.2221111431E-01
  0.3766233766E+01  0.2187084130E-01
  0.3772727273E+01  0.2153567745E-01
  0.3779220779E+01  0.2120555339E-01
  0.3785714286E+01  0.2088040048E-01
  0.3792207792E+01  0.2056015090E-01
  0.3798701299E+01  0.2024473758E-01
  0.3805194805E+01  0.1993409425E-01
  0.3811688312E+01  0.1962815535E-01
  0.3818181818E+01  0.1932685611E-01
  0.3824675325E+01  0.1903013247E-01
  0.3831168831E+01  0.1873792114E-01
  0.3837662338E+01  0.1845015952E-01
  0.3844155844E+01  0.1816678576E-01
  0.3850649351E+01  0.1788773871E-01
  0.3857142857E+01  0.1761295793E-01
  0.3863636364E+01  0.1734238368E-01
  0.3870129870E+01  0.1707595690E-01
  0.3876623377E+01  0.1681361924E-01
  0.3883116883E+01  0.1655531303E-01
  0.3889610390E+01  0.1630098124E-01
  0.3896103896E+01  0.1605056756E-01
  0.3902597403E+01  0.1580401630E-01
  0.3909090909E+01  0.1556127244E-01
  0.3915584416E+01  0.1532228162E-01
  0.3922077922E+01  0.1508699012E-01
  0.3928571429E+01  0.1485534484E-01
  0.3935064935E+01  0.1462729335E-01
  0.3941558442E+01  0.1440278382E-01
  0.3948051948E+01  0.1418176504E-01
  0.3954545455E+01  0.1396418644E-01
  0.3961038961E+01  0.1374999804E-01
  0.3967532468E+01  0.1353915048E-01
  0.3974025974E+01  0.1333159499E-01
  0.3980519481E+01  0.1312728341E-01
  0.3987012987E+01  0.1292616815E-01
  0.3993506494E+01  0.1272820223E-01
  0.4000000000E+01  0.1253333922E-01
  0.4006493506E+01  0.1234153330E-01
  0.4012987013E+01  0.1215273919E-01
  0.4019480519E+01  0.1196691220E-01
  0.4025974026E+01  0.1178400817E-01
  0.4032467532E+01  0.1160398353E-01
  0.4038961039E+01  0.1142679523E-01
  0.4045454545E+01  0.1125240079E-01
  0.4051948052E+01  0.1108075826E-01
  0.4058441558E+01  0.1091182622E-01
  0.4064935065E+01  0.1074556379E-01
  0.4071428571E+01  0.1058193061E-01
  0.4077922078E+01  0.1042088685E-01
  0.4084415584E+01  0.1026239319E-01
  0.4090909091E+01  0.1010641082E-01
  0.4097402597E+01  0.9952901450E-02
  0.4103896104E+01  0.9801827275E-02
  0.4110389610E+01  0.9653151002E-02
  0.4116883117E+01  0.9506835825E-02
  0.4123376623E+01  0.9362845429E-02
  0.4129870130E+01  0.9221143984E-02
  0.4136363636E+01  0.9081696138E-02
  0.4142857143E+01  0.8944467014E-02
  0.4149350649E+01  0.8809422208E-02
  0.4155844156E+01  0.8676527778E-02
  0.4162337662E+01  0.8545750248E-02
  0.4168831169E+01  0.8417056595E-02
  0.4175324675E+01  0.8290414251E-02
  0.4181818182E+01  0.8165791094E-02
  0.4188311688E+01  0.8043155448E-02
  0.4194805195E+01  0.7922476073E-02
  0.4201298701E+01  0.7803722166E-02
  0.4207792208E+01  0.7686863353E-02
  0.4214285714E+01  0.7571869685E-02
  0.4220779221E+01  0.7458711636E-02
  0.4227272727E+01  0.7347360097E-02
  0.4233766234E+01  0.7237786369E-02
  0.4240259740E+01  0.7129962163E-02
  0.4246753247E+01  0.7023859594E-02
  0.4253246753E+01  0.6919451177E-02
  0.4259740260E+01  0.6816709819E-02
  0.4266233766E+01  0.6715608822E-02
  0.4272727273E+01  0.6616121871E-02
  0.4279220779E+01  0.6518223037E-02
  0.4285714286E+01  0.6421886766E-02
  0.4292207792E+01  0.6327087879E-02
  0.4298701299E+01  0.6233801567E-02
  0.4305194805E+01  0.6142003386E-02
  0.4311688312E+01  0.6051669253E-02
  0.4318181818E+01  0.5962775442E-02
  0.4324675325E+01  0.5875298582E-02
  0.4331168831E+01  0.5789215648E-02
  0.4337662338E+01  0.5704503961E-02
  0.4344155844E+01  0.5621141184E-02
  0.4350649351E+01  0.5539105314E-02
  0.4357142857E+01  0.5458374684E-02
  0.4363636364E+01  0.5378927952E-02
  0.4370129870E+01  0.5300744103E-02
  0.4376623377E+01  0.5223802442E-02
  0.4383116883E+01  0.5148082591E-02
  0.4389610390E+01  0.5073564485E-02
  0.4396103896E+01  0.5000228366E-02
  0.4402597403E+01  0.4928054784E-02
  0.4409090909E+01  0.4857024588E-02
  0.4415584416E+01  0.4787118925E-02
  0.4422077922E+01  0.4718319237E-02
  0.4428571429E+01  0.4650607255E-02
  0.4435064935E+01  0.4583964993E-02
  0.4441558442E+01  0.4518374754E-02
  0.4448051948E+01  0.4453819113E-02
  0.4454545455E+01  0.4390280924E-02
  0.4461038961E+01  0.4327743312E-02
  0.4467532468E+01  0.4266189668E-02
  0.4474025974E+01  0.4205603650E-02
  0.4480519481E+01  0.4145969175E-02
  0.4487012987E+01  0.4087270416E-02
  0.4493506494E+01  0.4029491803E-02
  0.4500000000E+01  0.3972618014E-02
  0.4506493506E+01  0.3916633973E-02
  0.4512987013E+01  0.3861524850E-02
  0.4519480519E+01  0.3807276054E-02
  0.4525974026E+01  0.3753873229E-02
  0.4532467532E+01  0.3701302255E-02
  0.4538961039E+01  0.3649549241E-02
  0.4545454545E+01  0.3598600522E-02
  0.4551948052E+01  0.3548442658E-02
  0.4558441558E+01  0.3499062430E-02
  0.4564935065E+01  0.3450446834E-02
  0.4571428571E+01  0.3402583081E-02
  0.4577922078E+01  0.3355458596E-02
  0.4584415584E+01  0.3309061007E-02
  0.4590909091E+01  0.3263378151E-02
  0.4597402597E+01  0.3218398066E-02
  0.4603896104E+01  0.3174108987E-02
  0.4610389610E+01  0.3130499349E-02
  0.4616883117E+01  0.3087557775E-02
  0.4623376623E+01  0.3045273084E-02
  0.4629870130E+01  0.3003634278E-02
  0.4636363636E+01  0.2962630545E-02
  0.4642857143E+01  0.2922251256E-02
  0.4649350649E+01  0.2882485960E-02
  0.4655844156E+01  0.2843324383E-02
  0.4662337662E+01  0.2804756423E-02
  0.4668831169E+01  0.2766772151E-02
  0.4675324675E+01  0.2729361806E-02
  0.4681818182E+01  0.2692515792E-02
  0.4688311688E+01  0.2656224677E-02
  0.4694805195E+01  0.2620479189E-02
  0.4701298701E+01  0.2585270214E-02
  0.4707792208E+01  0.2550588796E-02
  0.4714285714E+01  0.2516426129E-02
  0.4720779221E+01  0.2482773559E-02
  0.4727272727E+01  0.2449622583E-02
  0.4733766234E+01  0.2416964840E-02
  0.4740259740E+01  0.2384792116E-02
  0.4746753247E+01  0.2353096336E-02
  0.4753246753E+01  0.2321869566E-02
  0.4759740260E+01  0.2291104009E-02
  0.4766233766E+01  0.2260792002E-02
  0.4772727273E+01  0.2230926014E-02
  0.4779220779E+01  0.2201498646E-02
  0.4785714286E+01  0.2172502627E-02
  0.4792207792E+01  0.2143930811E-02
  0.4798701299E+01  0.2115776177E-02
  0.4805194805E+01  0.2088031826E-02
  0.4811688312E+01  0.2060690981E-02
  0.4818181818E+01  0.2033746979E-02
  0.4824675325E+01  0.2007193277E-02
  0.4831168831E+01  0.1981023445E-02
  0.4837662338E+01  0.1955231164E-02
  0.4844155844E+01  0.1929810229E-02
  0.4850649351E+01  0.1904754539E-02
  0.4857142857E+01  0.1880058103E-02
  0.4863636364E+01  0.1855715035E-02
  0.4870129870E+01  0.1831719550E-02
  0.4876623377E+01  0.1808065968E-02
  0.4883116883E+01  0.1784748705E-02
  0.4889610390E+01  0.1761762278E-02
  0.4896103896E+01  0.1739101299E-02
  0.4902597403E+01  0.1716760475E-02
  0.4909090909E+01  0.1694734608E-02
  0.4915584416E+01  0.1673018587E-02
  0.4922077922E+01  0.1651607396E-02
  0.4928571429E+01  0.1630496106E-02
  0.4935064935E+01  0.1609679872E-02
  0.4941558442E+01  0.1589153939E-02
  0.4948051948E+01  0.1568913633E-02
  0.4954545455E+01  0.1548954363E-02
  0.4961038961E+01  0.1529271620E-02
  0.4967532468E+01  0.1509860974E-02
  0.4974025974E+01  0.1490718074E-02
  0.4980519481E+01  0.1471838643E-02
  0.4987012987E+01  0.1453218484E-02
  0.4993506494E+01  0.1434853471E-02
  0.5000000000E+01  0.1416739553E-02
  0.5006493506E+01  0.1398872749E-02
  0.5012987013E+01  0.1381249149E-02
  0.5019480519E+01  0.1363864912E-02
  0.5025974026E+01  0.1346716265E-02
  0.5032467532E+01  0.1329799503E-02
  0.5038961039E+01  0.1313110984E-02
  0.5045454545E+01  0.1296647133E-02
  0.5051948052E+01  0.1280404436E-02
  0.5058441558E+01  0.1264379443E-02
  0.5064935065E+01  0.1248568764E-02
  0.5071428571E+01  0.1232969067E-02
  0.5077922078E+01  0.1217577083E-02
  0.5084415584E+01  0.1202389598E-02
  0.5090909091E+01  0.1187403455E-02
  0.5097402597E+01  0.1172615553E-02
  0.5103896104E+01  0.1158022846E-02
  0.5110389610E+01  0.1143622341E-02
  0.5116883117E+01  0.1129411099E-02
  0.5123376623E+01  0.1115386230E-02
  0.5129870130E+01  0.1101544899E-02
  0.5136363636E+01  0.1087884317E-02
  0.5142857143E+01  0.1074401747E-02
  0.5149350649E+01  0.1061094497E-02
  0.5155844156E+01  0.1047959926E-02
  0.5162337662E+01  0.1034995437E-02
  0.5168831169E+01  0.1022198479E-02
  0.5175324675E+01  0.1009566545E-02
  0.5181818182E+01  0.9970971730E-03
  0.5188311688E+01  0.9847879437E-03
  0.5194805195E+01  0.9726364801E-03
  0.5201298701E+01  0.9606404465E-03
  0.5207792208E+01  0.9487975482E-03
  0.5214285714E+01  0.9371055304E-03
  0.5220779221E+01  0.9255621774E-03
  0.5227272727E+01  0.9141653123E-03
  0.5233766234E+01  0.9029127959E-03
  0.5240259740E+01  0.8918025260E-03
  0.5246753247E+01  0.8808324370E-03
  0.5253246753E+01  0.8700004991E-03
  0.5259740260E+01  0.8593047173E-03
  0.5266233766E+01  0.8487431313E-03
  0.5272727273E+01  0.8383138145E-03
  0.5279220779E+01  0.8280148735E-03
  0.5285714286E+01  0.8178444475E-03
  0.5292207792E+01  0.8078007075E-03
  0.5298701299E+01  0.7978818559E-03
  0.5305194805E+01  0.7880861260E-03
  0.5311688312E+01  0.7784117810E-03
  0.5318181818E+01  0.7688571140E-03
  0.5324675325E+01  0.7594204471E-03
  0.5331168831E+01  0.7501001308E-03
  0.5337662338E+01  0.7408945437E-03
  0.5344155844E+01  0.7318020917E-03
  0.5350649351E+01  0.7228212080E-03
  0.5357142857E+01  0.7139503518E-03
  0.5363636364E+01  0.7051880086E-03
  0.5370129870E+01  0.6965326890E-03
  0.5376623377E+01  0.6879829290E-03
  0.5383116883E+01  0.6795372888E-03
  0.5389610390E+01  0.6711943527E-03
  0.5396103896E+01  0.6629527286E-03
  0.5402597403E+01  0.6548110476E-03
  0.5409090909E+01  0.6467679634E-03
  0.5415584416E+01  0.6388221520E-03
  0.5422077922E+01  0.6309723114E-03
  0.5428571429E+01  0.6232171609E-03
  0.5435064935E+01  0.6155554409E-03
  0.5441558442E+01  0.6079859123E-03
  0.5448051948E+01  0.6005073565E-03
  0.5454545455E+01  0.5931185746E-03
  0.5461038961E+01  0.5858183872E-03
  0.5467532468E+01  0.5786056340E-03
  0.5474025974E+01  0.5714791735E-03
  0.5480519481E+01  0.5644378827E-03
  0.5487012987E+01  0.5574806565E-03
  0.5493506494E+01  0.5506064077E-03
  0.5500000000E+01  0.5438140661E-03
  0.5506493506E+01  0.5371025791E-03
  0.5512987013E+01  0.5304709104E-03
  0.5519480519E+01  0.5239180402E-03
  0.5525974026E+01  0.5174429649E-03
  0.5532467532E+01  0.5110446966E-03
  0.5538961039E+01  0.5047222631E-03
  0.5545454545E+01  0.4984747070E-03
  0.5551948052E+01  0.4923010863E-03
  0.5558441558E+01  0.4862004732E-03
  0.5564935065E+01  0.4801719545E-03
  0.5571428571E+01  0.4742146311E-03
  0.5577922078E+01  0.4683276176E-03
  0.5584415584E+01  0.4625100423E-03
  0.5590909091E+01  0.4567610466E-03
  0.5597402597E+01  0.4510797851E-03
  0.5603896104E+01  0.4454654253E-03
  0.5610389610E+01  0.4399171469E-03
  0.5616883117E+01  0.4344341425E-03
  0.5623376623E+01  0.4290156162E-03
  0.5629870130E+01  0.4236607844E-03
  0.5636363636E+01  0.4183688749E-03
  0.5642857143E+01  0.4131391271E-03
  0.5649350649E+01  0.4079707916E-03
  0.5655844156E+01  0.4028631298E-03
  0.5662337662E+01  0.3978154141E-03
  0.5668831169E+01  0.3928269275E-03
  0.5675324675E+01  0.3878969633E-03
  0.5681818182E+01  0.3830248251E-03
  0.5688311688E+01  0.3782098264E-03
  0.5694805195E+01  0.3734512908E-03
  0.5701298701E+01  0.3687485512E-03
  0.5707792208E+01  0.3641009501E-03
  0.5714285714E+01  0.3595078395E-03
  0.5720779221E+01  0.3549685802E-03
  0.5727272727E+01  0.3504825423E-03
  0.5733766234E+01  0.3460491044E-03
  0.5740259740E+01  0.3416676538E-03
  0.5746753247E+01  0.3373375864E-03
  0.5753246753E+01  0.3330583063E-03
  0.5759740260E+01  0.3288292259E-03
  0.5766233766E+01  0.3246497654E-03
  0.5772727273E+01  0.3205193532E-03
  0.5779220779E+01  0.3164374250E-03
  0.5785714286E+01  0.3124034245E-03
  0.5792207792E+01  0.3084168026E-03
  0.5798701299E+01  0.3044770176E-03
  0.5805194805E+01  0.3005835351E-03
  0.5811688312E+01  0.2967358276E-03
  0.5818181818E+01  0.2929333746E-03
  0.5824675325E+01  0.2891756624E-03
  0.5831168831E+01  0.2854621840E-03
  0.5837662338E+01  0.2817924391E-03
  0.5844155844E+01  0.2781659336E-03
  0.5850649351E+01  0.2745821799E-03
  0.5857142857E+01  0.2710406967E-03
  0.5863636364E+01  0.2675410087E-03
  0.5870129870E+01  0.2640826467E-03
  0.5876623377E+01  0.2606651474E-03
  0.5883116883E+01  0.2572880532E-03
  0.5889610390E+01  0.2539509124E-03
  0.5896103896E+01  0.2506532788E-03
  0.5902597403E+01  0.2473947118E-03
  0.5909090909E+01  0.2441747761E-03
  0.5915584416E+01  0.2409930419E-03
  0.5922077922E+01  0.2378490845E-03
  0.5928571429E+01  0.2347424845E-03
  0.5935064935E+01  0.2316728273E-03
  0.5941558442E+01  0.2286397037E-03
  0.5948051948E+01  0.2256427091E-03
  0.5954545455E+01  0.2226814438E-03
  0.5961038961E+01  0.2197555129E-03
  0.5967532468E+01  0.2168645261E-03
  0.5974025974E+01  0.2140080977E-03
  0.5980519481E+01  0.2111858465E-03
  0.5987012987E+01  0.2083973958E-03
  0.5993506494E+01  0.2056423734E-03
  0.6000000000E+01  0.2029204111E-03
  0.6006493506E+01  0.2002311452E-03
  0.6012987013E+01  0.1975742159E-03
  0.6019480519E+01  0.1949492679E-03
  0.6025974026E+01  0.1923559497E-03
  0.6032467532E+01  0.1897939137E-03
  0.6038961039E+01  0.1872628163E-03
  0.6045454545E+01  0.1847623179E-03
  0.6051948052E+01  0.1822920825E-03
  0.6058441558E+01  0.1798517779E-03
  0.6064935065E+01  0.1774410758E-03
  0.6071428571E+01  0.1750596511E-03
  0.6077922078E+01  0.1727071827E-03
  0.6084415584E+01  0.1703833527E-03
  0.6090909091E+01  0.1680878470E-03
  0.6097402597E+01  0.1658203547E-03
  0.6103896104E+01  0.1635805682E-03
  0.6110389610E+01  0.1613681835E-03
  0.6116883117E+01  0.1591828997E-03
  0.6123376623E+01  0.1570244191E-03
  0.6129870130E+01  0.1548924473E-03
  0.6136363636E+01  0.1527866930E-03
  0.6142857143E+01  0.1507068680E-03
  0.6149350649E+01  0.1486526872E-03
  0.6155844156E+01  0.1466238684E-03
  0.6162337662E+01  0.1446201324E-03
  0.6168831169E+01  0.1426412031E-03
  0.6175324675E+01  0.1406868071E-03
  0.6181818182E+01  0.1387566740E-03
  0.6188311688E+01  0.1368505361E-03
  0.6194805195E+01  0.1349681285E-03
  0.6201298701E+01  0.1331091892E-03
  0.6207792208E+01  0.1312734587E-03
  0.6214285714E+01  0.1294606804E-03
  0.6220779221E+01  0.1276706001E-03
  0.6227272727E+01  0.1259029664E-03
  0.6233766234E+01  0.1241575303E-03
  0.6240259740E+01  0.1224340456E-03
  0.6246753247E+01  0.1207322684E-03
  0.6253246753E+01  0.1190519574E-03
  0.6259740260E+01  0.1173928736E-03
  0.6266233766E+01  0.1157547807E-03
  0.6272727273E+01  0.1141374445E-03
  0.6279220779E+01  0.1125406334E-03
  0.6285714286E+01  0.1109641179E-03
  0.6292207792E+01  0.1094076711E-03
  0.6298701299E+01  0.1078710681E-03
  0.6305194805E+01  0.1063540865E-03
  0.6311688312E+01  0.1048565061E-03
  0.6318181818E+01  0.1033781087E-03
  0.6324675325E+01  0.1019186785E-03
  0.6331168831E+01  0.1004780018E-03
  0.6337662338E+01  0.9905586696E-04
  0.6344155844E+01  0.9765206460E-04
  0.6350649351E+01  0.9626638731E-04
  0.6357142857E+01  0.9489862980E-04
  0.6363636364E+01  0.9354858882E-04
  0.6370129870E+01  0.9221606313E-04
  0.6376623377E+01  0.9090085350E-04
  0.6383116883E+01  0.8960276270E-04
  0.6389610390E+01  0.8832159544E-04
  0.6396103896E+01  0.8705715838E-04
  0.6402597403E+01  0.8580926009E-04
  0.6409090909E+01  0.8457771105E-04
  0.6415584416E+01  0.8336232363E-04
  0.6422077922E+01  0.8216291206E-04
  0.6428571429E+01  0.8097929241E-04
  0.6435064935E+01  0.7981128257E-04
  0.6441558442E+01  0.7865870226E-04
  0.6448051948E+01  0.7752137298E-04
  0.6454545455E+01  0.7639911799E-04
  0.6461038961E+01  0.7529176233E-04
  0.6467532468E+01  0.7419913276E-04
  0.6474025974E+01  0.7312105779E-04
  0.6480519481E+01  0.7205736760E-04
  0.6487012987E+01  0.7100789410E-04
  0.6493506494E+01  0.6997247084E-04
  0.6500000000E+01  0.6895093305E-04
