0.0 0.0
0.00649491508612 12.56954789
0.0129898301722 26.09214924
0.0194847452531 31.24854989
0.0259796603392 30.61643471
0.0324745754253 27.91366325
0.0389694905114 25.51291528
0.0454644055923 24.40609873
0.0519593206784 24.70482241
0.0584542357645 26.07407754
0.0649491508612 28.04446228
0.0714440659579 30.17964168
0.0779389810017 32.13861771
0.0844338960984 33.68967942
0.0909288111951 34.70369938
0.0974237262918 35.13700896
0.103918641336 35.00958101
0.110413556432 34.38311448
0.116908471529 33.34233274
0.123403386626 31.98103383
0.129898301722 30.39278564
0.136393216766 28.66521669
0.142888131863 26.87669484
0.14938304696 25.09449464
0.155877962056 23.37395173
0.1623728771 21.75837144
0.168867792197 20.27956076
0.175362707294 18.95885092
0.18185762239 17.80844746
0.188352537487 16.83293364
0.194847452531 16.03077391
0.201342367627 15.39570651
0.207837282724 14.91796371
0.214332197821 14.58529943
0.220827112865 14.38383318
0.227322027961 14.29873349
0.233816943058 14.31476808
0.240311858155 14.41674567
0.246806773251 14.58986849
0.253301688295 14.82000938
0.259796603392 15.09392314
0.266291518489 15.39939905
0.272786433585 15.72536067
0.279281348629 16.06191888
0.285776263726 16.40038449
0.292271178822 16.73324727
0.298766093919 17.05412829
0.305261009016 17.35771253
0.31175592406 17.63966806
0.318250839156 17.89655744
0.324745754253 18.125746
0.33124066935 18.32531071
0.337735584394 18.49395242
0.34423049949 18.63091332
0.350725414587 18.73590079
0.357220329684 18.80901817
0.36371524478 18.85070253
0.370210159824 18.86166933
0.376705074921 18.84286337
0.383199990018 18.79541567
0.389694905114 18.72060561
0.396189820158 18.61982775
0.402684735255 18.4945628
0.409179650352 18.34635228
0.415674565448 18.17677636
0.422169480545 17.98743459
0.428664395589 17.77992911
0.435159310685 17.55585017
0.441654225782 17.31676362
0.448149140879 17.06420026
0.454644055923 16.7996469
0.461138971019 16.52453883
0.467633886116 16.24025378
0.474128801213 15.9481071
0.480623716309 15.64934808
0.487118631353 15.34515738
0.49361354645 15.03664533
0.500108461547 14.72485116
0.506603376643 14.41074295
0.513098291687 14.09521823
0.519593206784 13.77910524
0.526088121881 13.46316463
0.532583037083 13.14809156
0.539077952021 12.83451821
0.545572866959 12.52301652
0.552067782426 12.21410117
0.558562697364 11.90823265
0.565057612302 11.60582049
0.57155252724 11.30722647
0.578047442707 11.01276793
0.584542357645 10.72272088
0.591037272583 10.43732321
0.59753218805 10.1567777
0.604027102988 9.881254948
0.610522017926 9.610896145
0.617016932864 9.345815723
0.623511848331 9.086103834
0.630006763269 8.831828669
0.636501678207 8.58303862
0.642996593145 8.339764272
0.649491508612 8.10202024
0.65598642355 7.869806852
0.662481338488 7.643111684
0.668976253955 7.42191095
0.675471168893 7.206170768
0.681966083831 6.995848297
0.688460998769 6.790892764
0.694955914236 6.591246382
0.701450829174 6.396845185
0.707945744112 6.207619759
0.714440659579 6.023495915
0.720935574517 5.844395282
0.727430489455 5.670235842
0.733925404393 5.500932413
0.74042031986 5.336397086
0.746915234798 5.176539617
0.753410149736 5.021267786
0.759905064674 4.870487727
0.766399980141 4.724104229
0.772894895079 4.58202101
0.779389810017 4.444140981
0.785884725484 4.310366482
0.792379640422 4.180599505
0.79887455536 4.054741911
0.805369470298 3.93269562
0.811864385765 3.814362803
0.818359300703 3.699646056
0.824854215641 3.588448566
0.831349131108 3.480674265
0.837844046046 3.376227979
0.844338960984 3.275015564
0.850833875922 3.176944034
0.857328791389 3.081921682
0.863823706327 2.989858186
0.870318621265 2.900664714
0.876813536203 2.814254012
0.88330845167 2.73054049
0.889803366608 2.649440294
0.896298281546 2.570871373
0.902793197013 2.494753532
0.909288111951 2.421008483
0.915783026889 2.349559883
0.922277941827 2.280333362
0.928772857294 2.213256552
0.935267772232 2.1482591
0.94176268717 2.085272676
0.948257602637 2.024230974
0.954752517575 1.965069708
0.961247432513 1.907726604
0.967742347451 1.852141377
0.974237262918 1.798255715
0.980732177856 1.746013249
0.987227092794 1.695359525
0.993722007732 1.646241966
1.0002169232 1.598609836
1.00671183814 1.552414195
1.01320675307 1.507607861
1.01970166854 1.46414536
1.02619658348 1.421982875
1.03269149842 1.381078203
1.03918641336 1.341390698
1.04568132882 1.302881226
1.05217624376 1.265512105
1.0586711587 1.229247058
1.06516607417 1.19405116
1.0716609891 1.159890786
1.07815590404 1.126733557
1.08465081898 1.094548294
1.09114573445 1.063304962
1.09764064939 1.032974628
1.10413556432 1.003529407
1.11063047926 0.9749424212
1.11712539473 0.9471877514
1.12362030967 0.9202403951
1.1301152246 0.8940762245
1.13661014007 0.8686719465
1.14310505501 0.8440050637
1.14959996995 0.8200538382
1.15609488489 0.7967972558
1.16258980035 0.7742149929
1.16908471529 0.7522873845
1.17557963023 0.7309953942
1.1820745457 0.7103205856
1.18856946063 0.6902450952
1.19506437557 0.6707516071
1.20155929051 0.6518233293
1.20805420598 0.6334439708
1.21454912091 0.6155977206
1.22104403585 0.5982692282
1.22753895079 0.5814435848
1.23403386626 0.565106306
1.2405287812 0.5492433158
1.24702369613 0.5338409312
1.2535186116 0.5188858481
1.26001352654 0.5043651285
1.26650844148 0.4902661875
1.27300335641 0.4765767825
1.27949827188 0.4632850021
1.28599318682 0.4503792557
1.29248810176 0.437848265
1.29898301722 0.4256810543
1.30547793216 0.4138669425
1.3119728471 0.4023955355
1.31846776204 0.3912567186
1.32496267751 0.3804406496
1.33145759244 0.3699377521
1.33795250738 0.3597387094
1.34444742232 0.3498344585
1.35094233779 0.3402161841
1.35743725272 0.3308753135
1.36393216766 0.3218035108
1.37042708313 0.3129926722
1.37692199807 0.3044349209
1.38341691301 0.2961226022
1.38991182794 0.2880482787
1.39640674341 0.2802047258
1.40290165835 0.2725849272
1.40939657329 0.2651820705
1.41589148875 0.2579895426
1.42238640369 0.2510009255
1.42888131863 0.2442099921
1.43537623357 0.2376107017
1.44187114903 0.2311971963
1.44836606397 0.2249637959
1.45486097891 0.2189049947
1.46135589385 0.213015457
1.46785080932 0.207290013
1.47434572425 0.2017236549
1.48084063919 0.1963115329
1.48733555466 0.1910489512
1.4938304696 0.1859313639
1.50032538453 0.1809543714
1.50682029947 0.1761137163
1.51331521494 0.1714052796
1.51981012988 0.1668250771
1.52630504481 0.1623692553
1.53279996028 0.1580340878
1.53929487522 0.1538159719
1.54578979016 0.1497114246
1.5522847051 0.145717079
1.55877962056 0.1418296812
1.5652745355 0.1380460863
1.57176945044 0.1343632555
1.57826436538 0.130778252
1.58475928084 0.1272882385
1.59125419578 0.1238904734
1.59774911072 0.1205823079
1.60424402619 0.1173611826
1.61073894112 0.1142246247
1.61723385606 0.1111702449
1.623728771 0.1081957344
1.63022368647 0.1052988622
1.63671860141 0.1024774721
1.64321351634 0.09972948033
1.64970843181 0.09705287244
1.65620334675 0.0944457011
1.66269826169 0.09190608341
1.66919317663 0.08943219854
1.67568809209 0.0870222853
1.68218300703 0.08467463993
1.68867792197 0.08238761381
1.69517283691 0.08015961138
1.70166775237 0.07798908799
1.70816266731 0.07587454794
1.71465758225 0.07381454254
1.72115249772 0.07180766822
1.72764741265 0.06985256472
1.73414232759 0.06794791341
1.74063724253 0.06609243555
1.747132158 0.06428489071
1.75362707294 0.06252407525
1.76012198787 0.06080882082
1.76661690334 0.05913799292
1.77311181828 0.05751048957
1.77960673322 0.05592524001
1.78610164815 0.05438120341
1.79259656362 0.05287736771
1.79909147856 0.0514127485
1.8055863935 0.04998638789
1.81208130844 0.04859735349
1.8185762239 0.04724473744
1.82507113884 0.04592765543
1.83156605378 0.04464524584
1.83806096925 0.04339666889
1.84455588418 0.04218110577
1.85105079912 0.04099775796
1.85754571406 0.03984584643
1.86404062953 0.03872461096
1.87053554446 0.03763330953
1.8770304594 0.03657121762
1.88352537487 0.03553762768
1.89002028981 0.03453184855
1.89651520475 0.03355320491
1.90301011968 0.03260103683
1.90950503515 0.03167469925
1.91599995009 0.03077356153
1.92249486503 0.02989700707
1.92898977996 0.02904443286
1.93548469543 0.02821524914
1.94197961037 0.02740887899
1.94847452531 0.02662475805
1.95496944077 0.02586233415
1.96146435571 0.02512106703
1.96795927065 0.02440042804
1.97445418559 0.02369989987
1.98094910106 0.0230189763
1.98744401599 0.02235716191
1.99393893093 0.0217139719
2.0004338464 0.02108893183
2.00692876134 0.02048157743
2.01342367627 0.01989145435
2.01991859121 0.01931811804
2.02641350668 0.01876113347
2.03290842162 0.01822007504
2.03940333655 0.01769452635
2.04589825149 0.01718408004
2.05239316696 0.01668833765
2.0588880819 0.01620690946
2.06538299684 0.01573941433
2.0718779123 0.01528547954
2.07837282724 0.01484474068
2.08486774218 0.0144168415
2.09136265712 0.01400143377
2.09785757258 0.01359817713
2.10435248752 0.01320673901
2.11084740246 0.01282679444
2.11734231793 0.01245802598
2.12383723287 0.01210012358
2.1303321478 0.01175278442
2.13682706274 0.01141571285
2.14332197821 0.01108862025
2.14981689315 0.01077122487
2.15631180808 0.01046325179
2.16280672302 0.01016443274
2.16930163849 0.009874506038
2.17579655343 0.00959321642
2.18229146837 0.009320314976
2.18878638383 0.009055559017
2.19528129877 0.008798711966
2.20177621371 0.00854954325
2.20827112865 0.008307828188
2.21476604411 0.008073347884
2.22126095905 0.007845889119
2.22775587399 0.007625244239
2.23425078946 0.007411211053
2.24074570439 0.007203592725
2.24724061933 0.007002197667
2.25373553427 0.006806839434
2.26023044974 0.006617336621
2.26672536468 0.006433512759
2.27322027961 0.006255196211
2.27971519455 0.006082220072
2.28621011002 0.005914422067
2.29270502496 0.005751644448
2.29919993989 0.005593733901
2.30569485536 0.00544054144
2.3121897703 0.005291922316
2.31868468524 0.005147735917
2.32517960017 0.005007845671
2.33167451564 0.004872118959
2.33816943058 0.004740427014
2.34466434552 0.004612644833
2.35115926099 0.004488651084
2.35765417592 0.00436832802
2.36414909086 0.004251561387
2.3706440058 0.004138240338
2.37713892127 0.004028257349
2.3836338362 0.003921508132
2.39012875114 0.003817891551
2.39662366608 0.003717309546
2.40311858155 0.003619667045
2.40961349649 0.003524871891
2.41610841142 0.00343283476
2.42260332689 0.003343469087
2.42909824183 0.003256690992
2.43559315677 0.003172419203
2.4420880717 0.003090574989
2.44858298717 0.003011082083
2.45507790211 0.00293386662
2.46157281705 0.002858857063
2.46806773251 0.002785984141
2.47456264745 0.002715180782
2.48105756239 0.00264638205
2.48755247733 0.002579525082
2.4940473928 0.002514549029
2.50054230773 0.002451394997
2.50703722267 0.002390005985
2.51353213761 0.002330326835
2.52002705308 0.00227230417
2.52652196801 0.002215886344
2.53301688295 0.002161023392
2.53951179842 0.002107666972
2.54600671336 0.002055770319
2.55250162829 0.002005288199
2.55899654323 0.001956176855
2.5654914587 0.001908393966
2.57198637364 0.001861898603
2.57848128858 0.001816651178
2.58497620404 0.001772613411
2.59147111898 0.00172974828
2.59796603392 0.001688019988
2.60446094886 0.001647393919
2.61095586432 0.001607836601
2.61745077926 0.00156931567
2.6239456942 0.001531799834
2.63044060914 0.001495258837
2.63693552461 0.001459663428
2.64343043954 0.001424985322
2.64992535448 0.001391197176
2.65642026995 0.001358272552
2.66291518489 0.00132618589
2.66941009982 0.001294912477
2.67590501476 0.00126442842
2.68239993023 0.001234710619
2.68889484517 0.001205736739
2.69538976011 0.001177485184
2.70188467557 0.001149935074
2.70837959051 0.00112306622
2.71487450545 0.001096859099
2.72136942039 0.001071294834
2.72786433585 0.001046355171
2.73435925079 0.001022022454
2.74085416573 0.0009982796124
2.74734908067 0.0009751101328
2.75384399613 0.000952498045
2.76033891107 0.0009304279009
2.76683382601 0.0009088847575
2.77332874148 0.000887854159
2.77982365642 0.0008673221197
2.78631857135 0.000847275108
2.79281348629 0.0008277000305
2.79930840176 0.0008085842166
2.8058033167 0.0007899154037
2.81229823163 0.0007716817232
2.8187931471 0.0007538716862
2.82528806204 0.0007364741705
2.83178297698 0.0007194784079
2.83827789191 0.000702873971
2.84477280738 0.0006866507621
2.85126772232 0.0006707990009
2.85776263726 0.0006553092134
2.8642575522 0.0006401722213
2.87075246766 0.0006253791315
2.8772473826 0.0006109213256
2.88374229754 0.0005967904508
2.89023721301 0.0005829784099
2.89673212794 0.0005694773525
2.90322704288 0.0005562796663
2.90972195782 0.0005433779686
2.91621687329 0.0005307650979
2.92271178822 0.0005184341065
2.92920670316 0.0005063782525
2.93570161863 0.0004945909927
2.94219653357 0.0004830659757
2.94869144851 0.0004717970348
2.95518636344 0.0004607781814
2.96168127891 0.0004500035993
2.96817619385 0.0004394676378
2.97467110879 0.0004291648066
2.98116602373 0.0004190897696
2.98766093919 0.0004092373396
2.99415585413 0.0003996024734
3.00065076907 0.0003901802664
3.00714568454 0.0003809659478
3.01364059947 0.000371954876
3.02013551441 0.0003631425343
3.02663042935 0.0003545245261
3.03312534482 0.0003460965711
3.03962025975 0.0003378545012
3.04611517469 0.0003297942569
3.05261009016 0.0003219118829
3.0591050051 0.0003142035254
3.06559992004 0.0003066654279
3.07209483497 0.0002992939286
3.07858975044 0.0002920854566
3.08508466538 0.0002850365294
3.09157958032 0.0002781437495
3.09807449525 0.0002714038019
3.10456941072 0.0002648134512
3.11106432566 0.0002583695393
3.1175592406 0.0002520689826
3.12405415606 0.0002459087695
3.130549071 0.0002398859585
3.13704398594 0.0002339976759
3.14353890088 0.0002282411132
3.15003381635 0.0002226135256
3.15652873128 0.0002171122298
3.16302364622 0.0002117346023
3.16951856169 0.0002064780773
3.17601347663 0.000201340145
3.18250839156 0.0001963183502
3.1890033065 0.0001914102906
3.19549822197 0.0001866136149
3.20199313691 0.000181926022
3.20848805185 0.0001773452588
3.21498296678 0.0001728691195
3.22147788225 0.000168495444
3.22797279719 0.0001642221166
3.23446771213 0.0001600470647
3.24096262759 0.0001559682581
3.24745754253 0.0001519837074
3.25395245747 0.0001480914631
3.26044737241 0.0001442896146
3.26694228787 0.0001405762893
3.27343720281 0.0001369496513
3.27993211775 0.0001334079009
3.28642703322 0.0001299492735
3.29292194816 0.0001265720389
3.29941686309 0.0001232745001
3.30591177803 0.0001200549932
3.3124066935 0.0001169118858
3.31890160844 0.0001138435772
3.32539652337 0.0001108484968
3.33189143831 0.0001079251041
3.33838635378 0.0001050718877
3.34488126872 0.0001022873648
3.35137618365 9.957008063e-05
3.35787109912 9.691860774e-05
3.36436601406 9.433154552e-05
3.370860929 9.180751966e-05
3.37735584394 8.934518158e-05
3.3838507594 8.694320799e-05
3.39034567434 8.460030034e-05
3.39684058928 8.231518435e-05
3.40333550475 8.008660961e-05
3.40983041968 7.791334905e-05
3.41632533462 7.579419857e-05
3.42282024956 7.372797659e-05
3.42931516503 7.171352365e-05
3.43581007996 6.974970202e-05
3.4423049949 6.783539532e-05
3.44879990984 6.596950813e-05
3.45529482531 6.415096563e-05
3.46178974025 6.237871327e-05
3.46828465518 6.065171638e-05
3.47477957065 5.89689599e-05
3.48127448559 5.732944797e-05
3.48776940053 5.573220369e-05
3.49426431547 5.417626874e-05
3.50075923093 5.266070312e-05
3.50725414587 5.118458483e-05
3.51374906081 4.974700959e-05
3.52024397628 4.834709053e-05
3.52673889121 4.698395796e-05
3.53323380615 4.565675901e-05
3.53972872109 4.436465746e-05
3.54622363656 4.31068334e-05
3.55271855149 4.188248299e-05
3.55921346643 4.069081822e-05
3.56570838137 3.953106667e-05
3.57220329684 3.840247119e-05
3.57869821178 3.730428977e-05
3.58519312671 3.623579519e-05
3.59168804218 3.519627486e-05
3.59818295712 3.418503056e-05
3.60467787206 3.320137821e-05
3.61117278699 3.224464764e-05
3.61766770246 3.131418241e-05
3.6241626174 3.040933951e-05
3.63065753234 2.952948922e-05
3.6371524478 2.867401487e-05
3.64364736274 2.784231262e-05
3.65014227768 2.703379124e-05
3.65663719262 2.624787196e-05
3.66313210809 2.54839882e-05
3.66962702302 2.474158542e-05
3.67612193796 2.40201209e-05
3.6826168529 2.331906353e-05
3.68911176837 2.263789364e-05
3.6956066833 2.197610281e-05
3.70210159824 2.133319368e-05
3.70859651371 2.070867973e-05
3.71509142865 2.010208513e-05
3.72158634359 1.951294457e-05
3.72808125852 1.894080302e-05
3.73457617399 1.838521562e-05
3.74107108893 1.784574747e-05
3.74756600387 1.732197343e-05
3.75406091933 1.6813478e-05
3.76055583427 1.631985513e-05
3.76705074921 1.584070802e-05
3.77354566415 1.537564901e-05
3.78004057961 1.492429935e-05
3.78653549455 1.448628911e-05
3.79303040949 1.406125694e-05
3.79952532443 1.364884997e-05
3.8060202399 1.324872365e-05
3.81251515483 1.286054156e-05
3.81901006977 1.248397526e-05
3.82550498524 1.211870418e-05
3.83199990018 1.176441544e-05
3.83849481511 1.142080369e-05
3.84498973005 1.108757099e-05
3.85148464552 1.076442664e-05
3.85797956046 1.045108709e-05
3.8644744754 1.014727571e-05
3.87096939086 9.852722741e-06
3.8774643058 9.567165107e-06
3.88395922074 9.290346293e-06
3.89045413568 9.022016213e-06
3.89694905114 8.761931076e-06
3.90344396608 8.509853259e-06
3.90993888102 8.265551177e-06
3.91643379596 8.028799158e-06
3.92292871142 7.799377318e-06
3.92942362636 7.577071442e-06
3.9359185413 7.361672857e-06
3.94241345677 7.152978319e-06
3.9489083717 6.950789894e-06
3.95540328664 6.754914842e-06
3.96189820158 6.565165504e-06
3.96839311705 6.381359192e-06
3.97488803199 6.203318075e-06
3.98138294692 6.030869076e-06
3.98787786239 5.863843763e-06
3.99437277733 5.702078242e-06
4.00086769227 5.545413058e-06
4.00736260721 5.393693091e-06
4.01385752267 5.24676746e-06
4.02035243761 5.10448942e-06
4.02684735255 4.96671627e-06
4.03334226749 4.833309255e-06
4.03983718295 4.704133477e-06
4.04633209789 4.579057801e-06
4.05282701283 4.457954767e-06
4.0593219283 4.340700501e-06
4.06581684323 4.227174628e-06
4.07231175817 4.11726019e-06
4.07880667311 4.01084356e-06
4.08530158858 3.907814361e-06
4.09179650351 3.808065387e-06
4.09829141845 3.711492524e-06
4.10478633392 3.617994672e-06
4.11128124886 3.527473672e-06
4.1177761638 3.439834229e-06
4.12427107873 3.354983841e-06
4.1307659942 3.272832727e-06
4.13726090914 3.193293759e-06
4.14375582408 3.116282393e-06
4.15025073902 3.0417166e-06
4.15674565448 2.969516806e-06
4.16324056942 2.899605821e-06
4.16973548436 2.831908782e-06
4.17623039983 2.766353088e-06
4.18272531476 2.702868341e-06
4.1892202297 2.641386289e-06
4.19571514464 2.581840767e-06
4.20221006011 2.524167638e-06
4.20870497504 2.468304745e-06
4.21519988998 2.414191849e-06
4.22169480545 2.361770583e-06
4.22818972039 2.310984397e-06
4.23468463533 2.261778511e-06
4.24117955026 2.21409986e-06
4.24767446573 2.167897053e-06
4.25416938067 2.123120323e-06
4.26066429561 2.07972148e-06
4.26715921054 2.03765387e-06
4.27365412601 1.996872326e-06
4.28014904095 1.957333133e-06
4.28664395589 1.918993978e-06
4.29313887135 1.881813917e-06
4.29963378629 1.845753332e-06
4.30612870123 1.810773892e-06
4.31262361617 1.776838515e-06
4.31911853164 1.743911335e-06
4.32561344657 1.711957663e-06
4.33210836151 1.680943952e-06
4.33860327698 1.650837766e-06
4.34509819192 1.621607744e-06
4.35159310685 1.593223568e-06
4.35808802179 1.565655934e-06
4.36458293726 1.53887652e-06
4.3710778522 1.512857954e-06
4.37757276713 1.487573789e-06
4.38406768207 1.462998472e-06
4.39056259754 1.439107317e-06
4.39705751248 1.415876481e-06
4.40355242742 1.393282933e-06
4.41004734288 1.371304432e-06
4.41654225782 1.349919502e-06
4.42303717276 1.329107407e-06
4.4295320877 1.308848129e-06
4.43602700316 1.289122345e-06
4.4425219181 1.269911404e-06
4.44901683304 1.251197306e-06
4.45551174851 1.232962683e-06
4.46200666344 1.215190776e-06
4.46850157838 1.197865416e-06
4.47499649332 1.180971006e-06
4.48149140879 1.164492503e-06
4.48798632373 1.148415398e-06
4.49448123866 1.132725699e-06
4.5009761536 1.117409914e-06
4.50747106907 1.102455036e-06
4.51396598401 1.087848526e-06
4.52046089895 1.073578296e-06
4.52695581441 1.059632697e-06
4.53345072935 1.046000502e-06
4.53994564429 1.032670891e-06
4.54644055923 1.01963344e-06
4.55293547469 1.006878107e-06
4.55943038963 9.943952164e-07
4.56592530457 9.821754503e-07
4.57242022004 9.702098334e-07
4.57891513497 9.584897224e-07
4.58541004991 9.470067946e-07
4.59190496485 9.357530364e-07
4.59839988032 9.247207329e-07
4.60489479526 9.139024573e-07
4.61138971019 9.03291061e-07
4.61788462513 8.928796638e-07
4.6243795406 8.826616441e-07
4.63087445554 8.726306304e-07
4.63736937047 8.62780492e-07
4.64386428594 8.531053304e-07
4.65035920088 8.435994711e-07
4.65685411582 8.342574559e-07
4.66334903076 8.250740344e-07
4.66984394622 8.160441573e-07
4.67633886116 8.071629686e-07
4.6828337761 7.984257985e-07
4.68932869157 7.898281571e-07
4.6958236065 7.813657274e-07
4.70231852144 7.730343591e-07
4.70881343638 7.648300624e-07
4.71530835185 7.567490021e-07
4.72180326678 7.48787492e-07
4.72829818172 7.409419889e-07
4.73479309666 7.332090879e-07
4.74128801213 7.255855167e-07
4.74778292706 7.180681306e-07
4.754277842 7.106539083e-07
4.76077275747 7.033399464e-07
4.76726767241 6.961234554e-07
4.77376258735 6.890017553e-07
4.78025750228 6.819722714e-07
4.78675241775 6.750325299e-07
4.79324733269 6.681801548e-07
4.79974224763 6.614128631e-07
4.80623716309 6.547284621e-07
4.81273207803 6.481248454e-07
4.81922699297 6.415999894e-07
4.82572190791 6.351519505e-07
4.83221682338 6.287788616e-07
4.83871173831 6.224789292e-07
4.84520665325 6.162504305e-07
4.85170156819 6.100917104e-07
4.85819648366 6.040011791e-07
4.86469139859 5.979773093e-07
4.87118631353 5.920186336e-07
4.877681229 5.861237422e-07
4.88417614394 5.802912806e-07
4.89067105888 5.745199472e-07
4.89716597381 5.688084914e-07
4.90366088928 5.631557111e-07
4.91015580422 5.575604512e-07
4.91665071916 5.520216012e-07
4.92314563462 5.465380936e-07
4.92964054956 5.411089021e-07
4.9361354645 5.357330398e-07
4.94263037944 5.304095576e-07
4.9491252949 5.251375427e-07
4.95562020984 5.199161167e-07
4.96211512478 5.147444346e-07
4.96861003972 5.096216833e-07
4.97510495518 5.045470798e-07
4.98159987012 4.995198704e-07
4.98809478506 4.945393293e-07
4.99458970053 4.896047574e-07
5.00108461547 4.847154809e-07
5.0075795304 4.798708505e-07
5.01407444534 4.750702402e-07
5.02056936081 4.703130465e-07
5.02706427575 4.655986869e-07
5.03355919069 4.609265994e-07
5.04005410615 4.562962416e-07
5.04654902109 4.517070896e-07
5.05304393603 4.471586371e-07
5.05953885097 4.42650395e-07
5.06603376643 4.381818903e-07
5.07252868137 4.337526655e-07
5.07902359631 4.293622778e-07
5.08551851125 4.250102985e-07
5.09201342671 4.206963124e-07
5.09850834165 4.164199171e-07
5.10500325659 4.121807223e-07
5.11149817206 4.079783494e-07
5.11799308699 4.038124312e-07
5.12448800193 3.996826106e-07
5.13098291687 3.95588541e-07
5.13747783234 3.915298852e-07
5.14397274728 3.875063152e-07
5.15046766221 3.835175117e-07
5.15696257768 3.795631638e-07
5.16345749262 3.756429684e-07
5.16995240756 3.7175663e-07
5.1764473225 3.679038601e-07
5.18294223796 3.640843773e-07
5.1894371529 3.602979064e-07
5.19593206784 3.565441785e-07
5.20242698278 3.528229304e-07
5.20892189824 3.491339047e-07
5.21541681318 3.454768492e-07
5.22191172812 3.418515166e-07
5.22840664359 3.382576645e-07
5.23490155852 3.346950551e-07
5.24139647346 3.311634546e-07
5.2478913884 3.276626338e-07
5.25438630387 3.241923669e-07
5.26088121881 3.20752432e-07
5.26737613374 3.173426107e-07
5.27387104921 3.139626878e-07
5.28036596415 3.106124515e-07
5.28686087909 3.072916928e-07
5.29335579614 3.040002055e-07
5.29985071002 3.007377862e-07
5.3063456239 2.97504234e-07
5.31284053778 2.942993504e-07
5.31933545695 2.911229392e-07
5.32583037083 2.879748065e-07
5.33232528471 2.848547602e-07
5.33882019859 2.817626105e-07
5.34531511247 2.786981692e-07
5.35181003164 2.7566125e-07
5.35830494552 2.726516681e-07
5.3647998594 2.696692404e-07
5.37129477328 2.667137855e-07
5.37778969245 2.63785123e-07
5.38428460633 2.608830743e-07
5.39077952021 2.580074618e-07
5.39727443409 2.551581092e-07
5.40376935326 2.523348415e-07
5.41026426714 2.495374846e-07
5.41675918102 2.467658656e-07
5.4232540949 2.440198127e-07
5.42974900878 2.412991547e-07
5.43624392795 2.386037218e-07
5.44273884183 2.359333447e-07
5.44923375571 2.332878551e-07
5.45572866959 2.306670856e-07
5.46222358876 2.280708694e-07
5.46871850264 2.254990405e-07
5.47521341652 2.229514336e-07
5.4817083304 2.204278842e-07
5.48820324428 2.179282283e-07
5.49469816345 2.154523026e-07
5.50119307733 2.129999446e-07
5.50768799121 2.10570992e-07
5.51418290509 2.081652835e-07
5.52067782426 2.057826581e-07
5.52717273814 2.034229555e-07
5.53366765202 2.010860159e-07
5.5401625659 1.987716799e-07
5.54665748507 1.964797887e-07
5.55315239895 1.942101842e-07
5.55964731283 1.919627085e-07
5.56614222671 1.897372043e-07
5.57263714059 1.875335149e-07
5.57913205976 1.853514839e-07
5.58562697364 1.831909555e-07
5.59212188752 1.810517743e-07
5.5986168014 1.789337853e-07
5.60511172057 1.768368343e-07
5.61160663445 1.747607671e-07
5.61810154833 1.727054303e-07
5.62459646221 1.706706707e-07
5.63109137609 1.686563359e-07
5.63758629526 1.666622736e-07
5.64408120914 1.646883322e-07
5.65057612302 1.627343605e-07
5.6570710369 1.608002077e-07
5.66356595607 1.588857236e-07
5.67006086995 1.569907584e-07
5.67655578383 1.551151627e-07
5.68305069771 1.532587877e-07
5.68954561688 1.51421485e-07
5.69604053076 1.496031067e-07
5.70253544464 1.478035054e-07
5.70903035852 1.460225343e-07
5.7155252724 1.442600469e-07
5.72202019157 1.425158974e-07
5.72851510545 1.407899402e-07
5.73501001933 1.390820306e-07
5.74150493321 1.373920241e-07
5.74799985238 1.35719777e-07
5.75449476626 1.340651458e-07
5.76098968014 1.324279879e-07
5.76748459402 1.308081609e-07
5.7739795079 1.292055231e-07
5.78047442707 1.276199334e-07
5.78696934095 1.260512511e-07
5.79346425483 1.244993363e-07
5.79995916871 1.229640494e-07
5.80645408788 1.214452516e-07
5.81294900176 1.199428044e-07
5.81944391564 1.184565701e-07
5.82593882952 1.169864115e-07
5.83243374869 1.155321921e-07
5.83892866257 1.140937759e-07
5.84542357645 1.126710275e-07
5.85191849033 1.11263812e-07
5.85841340421 1.098719954e-07
5.86490832338 1.084954441e-07
5.87140323726 1.071340251e-07
5.87789815114 1.057876061e-07
5.88439306502 1.044560556e-07
5.89088798419 1.031392424e-07
5.89738289807 1.018370361e-07
5.90387781195 1.005493071e-07
5.91037272583 9.927592612e-08
5.916867645 9.801676482e-08
5.92336255888 9.677169538e-08
5.92985747276 9.554059068e-08
5.93635238664 9.432332427e-08
5.94284730052 9.311977034e-08
5.94934221969 9.192980379e-08
5.95583713357 9.075330017e-08
5.96233204745 8.959013573e-08
5.96882696133 8.844018739e-08
5.9753218805 8.730333276e-08
5.98181679438 8.617945016e-08
5.98831170826 8.506841858e-08
5.99480662214 8.397011771e-08
6.00130153602 8.288442795e-08
6.00779645519 8.18112304e-08
6.01429136907 8.075040685e-08
6.02078628295 7.970183983e-08
6.02728119683 7.866541254e-08
6.033776116 7.764100891e-08
6.04027102988 7.66285136e-08
6.04676594376 7.562781197e-08
6.05326085764 7.463879008e-08
6.05975577681 7.366133475e-08
6.06625069069 7.269533349e-08
6.07274560457 7.174067454e-08
6.07924051845 7.079724688e-08
6.08573543233 6.986494018e-08
6.0922303515 6.894364488e-08
6.09872526538 6.803325212e-08
6.10522017926 6.713365378e-08
6.11171509314 6.624474245e-08
6.11821001231 6.536641148e-08
6.12470492619 6.449855493e-08
6.13119984007 6.364106759e-08
6.13769475395 6.279384501e-08
6.14418966783 6.195678343e-08
6.150684587 6.112977986e-08
6.15717950088 6.031273201e-08
6.16367441476 5.950553834e-08
6.17016932864 5.870809806e-08
6.17666424781 5.792031106e-08
6.18315916169 5.714207802e-08
6.18965407557 5.637330032e-08
6.19614898945 5.561388006e-08
6.20264390862 5.48637201e-08
6.2091388225 5.412272401e-08
6.21563373638 5.33907961e-08
6.22212865026 5.266784139e-08
6.22862356414 5.195376564e-08
6.23511848331 5.124847534e-08
6.24161339719 5.055187769e-08
6.24810831107 4.986388063e-08
6.25460322495 4.918439281e-08
6.26109814412 4.85133236e-08
6.267593058 4.785058309e-08
6.27408797188 4.719608211e-08
6.28058288576 4.654973216e-08
6.28707779964 4.59114455e-08
6.29357271881 4.528113508e-08
6.30006763269 4.465871456e-08
6.30656254657 4.404409831e-08
6.31305746045 4.343720141e-08
6.31955237962 4.283793966e-08
6.3260472935 4.224622953e-08
6.33254220738 4.166198821e-08
6.33903712126 4.108513359e-08
6.34553204043 4.051558425e-08
6.35202695431 3.995325947e-08
6.35852186819 3.939807921e-08
6.36501678207 3.884996412e-08
6.37151169595 3.830883555e-08
6.37800661512 3.777461552e-08
6.384501529 3.724722673e-08
6.39099644288 3.672659258e-08
6.39749135676 3.621263711e-08
6.40398627593 3.570528506e-08
6.41048118981 3.520446183e-08
6.41697610369 3.471009349e-08
6.42347101757 3.422210677e-08
6.42996593145 3.374042906e-08
6.43646085062 3.326498841e-08
6.4429557645 3.279571353e-08
6.44945067838 3.233253378e-08
6.45594559226 3.187537916e-08
6.46244051143 3.142418033e-08
6.46893542531 3.097886857e-08
6.47543033919 3.053937582e-08
6.48192525307 3.010563465e-08
6.48842017224 2.967757826e-08
6.49491508612 2.925514047e-08
6.50141 2.883825576e-08
