##############################################################################################################################
ENERGY RESULTS
Config Count: 149
##############################################################################################################################
Config 1:   407.717569595      -502.772913442     -95.0553438465     1.59264675623      -1.96395669313     -0.3713099369      
Config 2:   469.153231407      -493.794960472     -24.6417290647     1.83262981018      -1.92888656434     -0.096256754159    
Config 3:   378.867591674      -507.128457636     -128.260865962     1.47995152998      -1.98097053764     -0.501019007664    
Config 4:   347.899069204      -511.855323606     -163.956254403     1.35898073908      -1.99943485784     -0.640454118761    
Config 5:   501.326388245      -489.928482443     11.3979058017      1.95830620408      -1.91378313454     0.0445230695379    
Config 6:   314.943999796      -516.736060861     -201.792061066     1.2302499992       -2.01850023774     -0.788250238538    
Config 7:   438.579685999      -498.082864248     -59.5031782494     1.71320189843      -1.94563618847     -0.232434290037    
Config 8:   408.527859092      -502.72095362      -94.1930945282     1.59581194958      -1.96375372508     -0.367941775501    
Config 9:   408.764766529      -502.756076749     -93.9913102202     1.59673736925      -1.9638909248      -0.367153555548    
Config 10:  415.515883754      -503.15923148      -87.6433477258     1.62310892091      -1.96546574797     -0.342356827054    
Config 11:  407.717569595      -502.772913442     -95.0553438465     1.59264675623      -1.96395669313     -0.3713099369      
Config 12:  401.17304972       -502.313498306     -101.140448586     1.56708222547      -1.96216210276     -0.395079877289    
Config 13:  404.002673913      -503.503948378     -99.5012744652     1.57813544497      -1.96681229835     -0.38867685338     
Config 14:  407.717569595      -502.772913442     -95.0553438465     1.59264675623      -1.96395669313     -0.3713099369      
Config 15:  408.985567694      -502.816988061     -93.8314203675     1.5975998738       -1.96412885961     -0.366528985811    
Config 16:  407.717569595      -502.772913442     -95.0553438465     1.59264675623      -1.96395669313     -0.3713099369      
Config 17:  395.655496234      -504.977999816     -109.322503582     1.54552928216      -1.97257031178     -0.427041029619    
Config 18:  402.038318996      -503.870605345     -101.832286348     1.57046218358      -1.96824455213     -0.397782368547    
Config 19:  408.030524529      -502.727698979     -94.69717445       1.59386923644      -1.96378007414     -0.369910837695    
Config 20:  397.869293581      -504.607174315     -106.737880734     1.55417692805      -1.97112177467     -0.416944846619    
Config 21:  404.284240495      -503.051281695     -98.7670411999     1.57923531443      -1.96504406912     -0.385808754687    
Config 22:  408.285662475      -502.711119619     -94.4254571437     1.59486586904      -1.96371531101     -0.368849441968    
Config 23:  408.285628376      -502.711129306     -94.4255009301     1.59486573584      -1.96371534885     -0.368849613008    
Config 24:  390.807989914      -504.290136259     -113.482146344     1.5265937106       -1.96988334476     -0.443289634157    
Config 25:  407.589594657      -502.583163357     -94.9935686998     1.59214685413      -1.96321548186     -0.371068627733    
Config 26:  412.564597693      -503.024506155     -90.4599084622     1.61158045974      -1.96493947717     -0.35335901743     
Config 27:  394.221834538      -503.961027511     -109.739192973     1.53992904116      -1.96859776372     -0.428668722551    
Config 28:  397.538968176      -503.644968347     -106.106000171     1.55288659444      -1.96736315761     -0.414476563167    
Config 29:  406.287320089      -502.279522609     -95.9922025193     1.5870598441       -1.96202938519     -0.374969541091    
Config 30:  407.918849043      -502.759804771     -94.8409557272     1.59343300408      -1.96390548738     -0.370472483309    
Config 31:  409.353049365      -502.866545523     -93.5134961579     1.59903534908      -1.96432244345     -0.365287094367    
Config 32:  407.717569595      -502.772913442     -95.0553438465     1.59264675623      -1.96395669313     -0.3713099369      
Config 33:  395.659399959      -504.978118023     -109.318718064     1.54554453109      -1.97257077353     -0.427026242439    
Config 34:  408.658004014      -502.783065272     -94.1250612585     1.59632032818      -1.96399634872     -0.367676020541    
Config 35:  404.001509679      -503.503899802     -99.5023901238     1.57813089718      -1.9668121086      -0.388681211421    
Config 36:  408.393834177      -502.756772162     -94.3629379845     1.59528841475      -1.96389364126     -0.368605226502    
Config 37:  399.996198112      -504.238355298     -104.242157185     1.56248514888      -1.96968107538     -0.407195926504    
Config 38:  408.764832797      -502.756044888     -93.9912120918     1.59673762811      -1.96389080035     -0.367153172233    
Config 39:  407.717569595      -502.772913442     -95.0553438465     1.59264675623      -1.96395669313     -0.3713099369      
Config 40:  407.717569595      -502.772913442     -95.0553438465     1.59264675623      -1.96395669313     -0.3713099369      
Config 41:  407.717569595      -502.772913442     -95.0553438465     1.59264675623      -1.96395669313     -0.3713099369      
Config 42:  406.03812111       -502.681096355     -96.6429752453     1.58608641058      -1.96359803264     -0.377511622052    
Config 43:  407.717569595      -502.772913442     -95.0553438465     1.59264675623      -1.96395669313     -0.3713099369      
Config 44:  399.993732399      -504.23826739      -104.244534991     1.56247551718      -1.96968073199     -0.407205214807    
Config 45:  407.685011694      -502.757373089     -95.0723613945     1.59251957693      -1.96389598863     -0.371376411697    
Config 46:  407.717569595      -502.772913442     -95.0553438465     1.59264675623      -1.96395669313     -0.3713099369      
Config 47:  402.036521164      -503.870535989     -101.834014825     1.5704551608       -1.96824428121     -0.397789120412    
Config 48:  416.852805236      -503.228676785     -86.3758715496     1.62833127045      -1.96573701869     -0.33740574824     
Config 49:  397.872460762      -504.607278513     -106.734817751     1.55418929985      -1.97112218169     -0.416932881839    
Config 50:  408.911869397      -502.828319127     -93.91644973       1.59731198983      -1.96417312159     -0.366861131758    
Config 51:  408.985816835      -502.81695857      -93.8311417351     1.59760084701      -1.96412874442     -0.366527897403    
Config 52:  400.887973105      -503.341957422     -102.453984317     1.56596864494      -1.96617952118     -0.40021087624     
Config 53:  405.893290778      -503.138319154     -97.2450283754     1.5855206671       -1.96538405919     -0.379863392091    
Config 54:  407.810266952      -502.757611489     -94.9473445368     1.59300885528      -1.96389691988     -0.370888064597    
Config 55:  408.527771906      -502.720968774     -94.1931968682     1.59581160901      -1.96375378427     -0.367942175266    
Config 56:  407.72629885       -502.782184012     -95.0558851622     1.59268085488      -1.9639929063      -0.371312051415    
Config 57:  407.811258164      -502.757312324     -94.9460541605     1.5930127272       -1.96389575127     -0.370883024064    
Config 58:  408.152344791      -502.748651791     -94.5963070006     1.59434509684      -1.96386192106     -0.369516824221    
Config 59:  404.397221767      -502.569433959     -98.1722121922     1.57967664753      -1.9631618514      -0.383485203876    
Config 60:  408.030528205      -502.727693708     -94.697165503      1.5938692508       -1.96378005355     -0.369910802746    
Config 61:  407.713184986      -502.673089081     -94.9599040952     1.59262962885      -1.96356675422     -0.370937125372    
Config 62:  406.874797311      -502.386826463     -95.5120291522     1.589354677        -1.96244854087     -0.373093863876    
Config 63:  414.094073881      -503.09118895      -88.9971150684     1.6175549761       -1.96519995683     -0.347644980736    
Config 64:  405.892725375      -503.138293772     -97.2455683971     1.58551845849      -1.96538396005     -0.379865501551    
Config 65:  399.424308649      -502.189760202     -102.765451553     1.56025120566      -1.96167875079     -0.401427545131    
Config 66:  397.571267833      -502.068100077     -104.496832244     1.55301276497      -1.96120351592     -0.408190750952    
Config 67:  407.308700479      -502.487831366     -95.1791308866     1.59104961125      -1.96284309127     -0.371793480026    
Config 68:  402.799770903      -502.439927438     -99.6401565342     1.57343660509      -1.96265596655     -0.389219361462    
Config 69:  410.937723466      -502.960097659     -92.0223741923     1.60522548229      -1.96468788148     -0.359462399189    
Config 70:  387.380465765      -504.632830545     -117.25236478      1.51320494439      -1.97122199432     -0.458017049923    
Config 71:  49.0006677993      -257.629113018     -208.628445218     0.382817717182     -2.01272744545     -1.62990972827     
Config 72:  48.9682787496      -257.63511358      -208.66683483      0.382564677731     -2.01277432484     -1.63020964711     
Config 73:  48.7728743257      -257.608572573     -208.835698248     0.381038080669     -2.01256697323     -1.63152889256     
Config 74:  49.0432105027      -257.619119851     -208.575909348     0.383150082053     -2.01264937384     -1.62949929178     
Config 75:  48.8719612765      -257.612359732     -208.740398456     0.381812197473     -2.01259656041     -1.63078436293     
Config 76:  44.7237533737      -257.747965929     -213.024212555     0.349404323232     -2.01365598382     -1.66425166059     
Config 77:  49.0432105027      -257.619119851     -208.575909348     0.383150082053     -2.01264937384     -1.62949929178     
Config 78:  48.942650128       -257.641839276     -208.699189148     0.382364454125     -2.01282686935     -1.63046241522     
Config 79:  49.0432105027      -257.619119851     -208.575909348     0.383150082053     -2.01264937384     -1.62949929178     
Config 80:  36.0409488224      -258.004312518     -221.963363695     0.281569912675     -2.01565869154     -1.73408877887     
Config 81:  42.5486044428      -257.812090148     -215.263485705     0.332410972209     -2.01415695428     -1.68174598207     
Config 82:  49.027739955       -257.621765371     -208.594025416     0.383029218398     -2.01267004196     -1.62964082357     
Config 83:  38.1743079215      -257.939531279     -219.765223358     0.298236780637     -2.01515258812     -1.71691580748     
Config 84:  46.8864785843      -257.683705659     -210.797227075     0.36630061394      -2.01315395046     -1.64685333652     
Config 85:  49.020494484       -257.624715662     -208.604221178     0.382972613156     -2.01269309111     -1.62972047795     
Config 86:  49.0204944839      -257.624715662     -208.604221178     0.382972613156     -2.01269309111     -1.62972047795     
Config 87:  38.1743088854      -257.93953125      -219.765222365     0.298236788167     -2.01515258789     -1.71691579973     
Config 88:  48.9508238863      -257.615220944     -208.664397058     0.382428311612     -2.01261891362     -1.63019060201     
Config 89:  48.9508238863      -257.615220944     -208.664397058     0.382428311612     -2.01261891362     -1.63019060201     
Config 90:  40.3643365035      -257.875978163     -217.511641659     0.315346378934     -2.0146560794      -1.69930970046     
Config 91:  42.5486044428      -257.812090148     -215.263485705     0.332410972209     -2.01415695428     -1.68174598207     
Config 92:  48.6731410927      -257.604075898     -208.930934805     0.380258914786     -2.01253184295     -1.63227292817     
Config 93:  49.0277399535      -257.621765372     -208.594025418     0.383029218387     -2.01267004197     -1.62964082358     
Config 94:  49.0339053045      -257.618653875     -208.584748571     0.383077385191     -2.0126457334      -1.62956834821     
Config 95:  49.0432105027      -257.619119851     -208.575909348     0.383150082053     -2.01264937384     -1.62949929178     
Config 96:  36.0409486197      -258.004312527     -221.963363907     0.281569911092     -2.01565869161     -1.73408878052     
Config 97:  48.9682787467      -257.63511358      -208.666834833     0.382564677709     -2.01277432484     -1.63020964713     
Config 98:  44.723754009       -257.747965911     -213.024211902     0.349404328196     -2.01365598368     -1.66425165548     
Config 99:  49.0006677993      -257.629113018     -208.628445218     0.382817717182     -2.01272744545     -1.62990972827     
Config 100: 40.364336513       -257.875978163     -217.51164165      0.315346379008     -2.0146560794      -1.69930970039     
Config 101: 48.9682787467      -257.63511358      -208.666834833     0.382564677709     -2.01277432484     -1.63020964713     
Config 102: 49.0432105027      -257.619119851     -208.575909348     0.383150082053     -2.01264937384     -1.62949929178     
Config 103: 49.0432105027      -257.619119851     -208.575909348     0.383150082053     -2.01264937384     -1.62949929178     
Config 104: 49.0432105027      -257.619119851     -208.575909348     0.383150082053     -2.01264937384     -1.62949929178     
Config 105: 49.0339058181      -257.618653859     -208.584748041     0.383077389204     -2.01264573327     -1.62956834407     
Config 106: 49.0432105027      -257.619119851     -208.575909348     0.383150082053     -2.01264937384     -1.62949929178     
Config 107: 40.3643361206      -257.875978174     -217.511642054     0.315346375942     -2.01465607949     -1.69930970355     
Config 108: 49.0339053079      -257.618653874     -208.584748566     0.383077385218     -2.01264573339     -1.62956834817     
Config 109: 49.0432105027      -257.619119851     -208.575909348     0.383150082053     -2.01264937384     -1.62949929178     
Config 110: 42.5486045708      -257.812090144     -215.263485573     0.332410973209     -2.01415695425     -1.68174598104     
Config 111: 48.6731410927      -257.604075898     -208.930934805     0.380258914787     -2.01253184295     -1.63227292817     
Config 112: 38.174308888       -257.939531249     -219.765222361     0.298236788188     -2.01515258788     -1.7169157997      
Config 113: 48.942650128       -257.641839276     -208.699189148     0.382364454125     -2.01282686935     -1.63046241522     
Config 114: 48.942650128       -257.641839276     -208.699189148     0.382364454125     -2.01282686935     -1.63046241522     
Config 115: 44.7237533711      -257.74796593      -213.024212559     0.349404323212     -2.01365598383     -1.66425166062     
Config 116: 46.886478594       -257.68370566      -210.797227066     0.366300614016     -2.01315395047     -1.64685333645     
Config 117: 49.04176067        -257.619708224     -208.577947554     0.383138755235     -2.0126539705      -1.62951521527     
Config 118: 49.0006678027      -257.629113018     -208.628445215     0.382817717209     -2.01272744545     -1.62990972824     
Config 119: 49.0417606737      -257.619708224     -208.57794755      0.383138755263     -2.0126539705      -1.62951521524     
Config 120: 49.0417606737      -257.619708224     -208.57794755      0.383138755263     -2.0126539705      -1.62951521524     
Config 121: 49.020494484       -257.624715662     -208.604221178     0.382972613156     -2.01269309111     -1.62972047795     
Config 122: 48.9995668482      -257.617451256     -208.617884408     0.382809116001     -2.01263633794     -1.62982722194     
Config 123: 49.0277399535      -257.621765372     -208.594025418     0.383029218387     -2.01267004197     -1.62964082358     
Config 124: 48.9995674973      -257.617451236     -208.617883739     0.382809121073     -2.01263633778     -1.62982721671     
Config 125: 48.7728743241      -257.608572573     -208.835698249     0.381038080657     -2.01256697323     -1.63152889257     
Config 126: 48.8719609057      -257.612359743     -208.740398837     0.381812194576     -2.01259656049     -1.63078436592     
Config 127: 46.886478075       -257.683705675     -210.797227599     0.366300609961     -2.01315395058     -1.64685334062     
Config 128: 48.7728752758      -257.608572544     -208.835697269     0.381038088092     -2.012566973       -1.63152888491     
Config 129: 48.6731408439      -257.604075906     -208.930935062     0.380258912843     -2.01253184301     -1.63227293017     
Config 130: 48.8719609072      -257.612359743     -208.740398836     0.381812194587     -2.01259656049     -1.63078436591     
Config 131: 48.950823759       -257.615220948     -208.664397189     0.382428310617     -2.01261891365     -1.63019060304     
Config 132: 48.9995674938      -257.617451236     -208.617883742     0.382809121045     -2.01263633778     -1.62982721673     
Config 133: 36.0409485708      -258.004312526     -221.963363955     0.28156991071      -2.01565869161     -1.7340887809      
Config 134: 155.755044184      -254.446189482     -98.6911452978     1.21683628269      -1.98786085533     -0.771024572639    
Config 135: -27.973629608      -260.341780411     -288.315410019     -0.218543981313    -2.03392015946     -2.25246414078     
Config 136: -4.11240058597     -259.372907511     -263.485308097     -0.0321281295779   -2.02635083993     -2.05847896951     
Config 137: 205.611436152      -252.902349916     -47.2909137634     1.60633934494      -1.97579960872     -0.369460263777    
Config 138: -89.7694629313     -263.438422122     -353.207885053     -0.701323929151    -2.05811267282     -2.75943660198     
Config 139: 129.869062526      -255.216119321     -125.347056795     1.01460205098      -1.9938759322      -0.979273881212    
Config 140: 103.411619569      -255.98250842      -152.570888851     0.807903277882     -1.99986334703     -1.19196006915     
Config 141: -50.4900381629     -261.35368253      -311.843720693     -0.394453423148    -2.04182564477     -2.43627906791     
Config 142: -71.1557423651     -262.374993729     -333.530736094     -0.555904237227    -2.04980463851     -2.60570887574     
Config 143: 21.1464231587      -258.457829805     -237.311406646     0.165206430928     -2.01920179535     -1.85399536442     
Config 144: 49.0432105027      -257.619119851     -208.575909348     0.383150082053     -2.01264937384     -1.62949929178     
Config 145: 229.821883451      -252.169109164     -22.3472257131     1.79548346446      -1.97007116534     -0.174587700884    
Config 146: -108.144121398     -264.546474388     -372.690595787     -0.844875948425    -2.06676933116     -2.91164527958     
Config 147: 76.4374024954      -256.79472918      -180.357326684     0.597167206995     -2.00620882172     -1.40904161472     
Config 148: 180.979313266      -253.661380815     -72.6820675496     1.41390088489      -1.98172953762     -0.567828652731    
Config 149: 503.765755065      -494.278047888     9.48770717752      1.96783498072      -1.93077362456     0.0370613561622    
##############################################################################################################################
