RSS:  
11808749.603968572

P:  
-0.170093997606
-0.183063232131
-0.379627159992
-0.39738043965
-0.012848036257
-0.0679238232768
-0.0288004585065
-0.199168865794
-0.100745780503
-0.0789632056596
0.00970021512479
0.0716767397478
0.0506293635943
-0.0230851145542
-0.020480939153
0.0219364229968
0.00365015700704
-0.00852088538155
-0.00171011173079
-0.00571300981202
0.0027535682861
0.000704421477472
-0.000296530144115
-4.60240903441e-05
2.04473635685e-05
-2.13506207916e-05
1.70579437279
1.64744107818
1.21311293849
1.26483408622
1.84783372244
1.57597888076
0.177008664358
1.99925937401
0.0923219289784
0.0122641191715
0.0164029360939
0.0166283125249
0.00693414161535
0.00477607765461
0.00032593155302
0.0
0.034738979309
-0.603145344846
-0.375473322878
-0.0245357478982
-1.98438813541
-1.81334982351
-0.563823426666
-1.79320721826
-1.34992337146
-0.574183190888
-1.92359154113
-0.256992498589
-0.581132651705
-1.0390816141
-2.53134175845
-1.4567499806
-2.01172078498
-1.98626373742
-2.84682918455
-1.34689586237
-1.5281391969
-0.487508686799
-2.14829218408

EFS Density:
30.374860443183113

BP Density:
30.449886292065983


Known:
a0:     3.42
e0:     -4.27
B0:     210.99999999941215
EC:     365.000 137.000 137.000  0.000  0.000  0.000 
        137.000 365.000 137.000  0.000  0.000  0.000 
        137.000 137.000 365.000  0.000  0.000  0.000 
         0.000  0.000  0.000 186.000  0.000  0.000 
         0.000  0.000  0.000  0.000 186.000  0.000 
         0.000  0.000  0.000  0.000  0.000 186.000 

Calculated:
a0:     3.355170627662545
e0:     -0.8298362417989649
B0:     4658.675211178462
EC:     7497.079 1770.060 1770.060  0.000  0.000  0.000 
        1770.060 7497.079 1770.060  0.000  0.000  0.000 
        1770.060 1770.060 7497.079  0.000  0.000  0.000 
         0.000  0.000  0.000 2667.802  0.000  0.000 
         0.000  0.000  0.000  0.000 2667.802  0.000 
         0.000  0.000  0.000  0.000  0.000 2667.802 

Known:
a0:     2.86
e0:     -4.32
B0:     169.99999999952638
EC:     243.000 145.000 145.000  0.000  0.000  0.000 
        145.000 243.000 145.000  0.000  0.000  0.000 
        145.000 145.000 243.000  0.000  0.000  0.000 
         0.000  0.000  0.000 116.000  0.000  0.000 
         0.000  0.000  0.000  0.000 116.000  0.000 
         0.000  0.000  0.000  0.000  0.000 116.000 

Calculated:
a0:     2.9162459427873695
e0:     -1.2708802643814676
B0:     881.3355023355626
EC:     2300.677 337.015 337.015  0.000  0.000  0.000 
        337.015 2300.677 337.015  0.000  0.000  0.000 
        337.015 337.015 2300.677  0.000  0.000  0.000 
         0.000  0.000  0.000 212.923  0.000  0.000 
         0.000  0.000  0.000  0.000 212.923  0.000 
         0.000  0.000  0.000  0.000  0.000 212.923 




RSS Details:  
===============================  
Total:      11808749.603968572
a0:         0.00736645359771
e0:         21.1318578454
b0:         790.211958928
ec:         7791.20368775
g:          0.0
e:          0.0
v:          0.0
a0 (w):     184.161339943
e0 (w):     528296.446134
b0 (w):     790211.958928
ec (w):     7791203.68775
g (w):      0.0
e (w):      0.0
v (w):      0.0


