RSS:  
245.24141142638328

P:  
0.763340368704
0.477471961279
1.3963585506
-0.0654610473527
-0.0569934286338
-2.24128855617e-05
0.0412985731902
0.0293528138204
-0.00775836851662
0.818922371352
0.820655702232
0.0560182111972
0.0402264796981
0.0603741525238
0.0094650126456
0.0171090703644
-0.0212219683043
-0.00245785446257
-0.00187744325952
-1.97529966014
30.5199653837
24.1244721881
35.2931824484
15.9995337482
17.7563315581
7.64440834051
1.24278236824
0.443633780726
0.108245739999
0.0201642274109
0.00229025799803
0.00257516168164
0.00108960724658
8.08044353567e-05
4.16961675399e-05
4.37192151177e-05
-6.91326900665
3.71443635504
1.0844660535
-0.80536347287
-0.309978587758
-0.0163481050841
-0.1941290464
0.00357891159681
-0.0154698447714
0.0120689891739
0.0201726084887
0.555077300625
-0.708219563142
0.0827332002353
0.286608580442
0.115010229989
0.0130516552954
0.0198902085632
-0.010551005706
-0.00103983254968
-0.00201060031188
-1.94737282245
30.4310745813
24.1791815039
35.0905230992
16.0680950877
17.726585483
7.68858187999
1.23021586468
0.43730060502
0.109673630011
0.0198168058675
0.00231182578542
0.0025593007652
0.00108837772924
7.93808631814e-05
4.1465066055e-05
4.45273577978e-05
-23.0307969075
8.21182537913
0.693463574871
0.120221916951
3.85826876821
-0.0811025344427
-0.159096001603
0.00349427698212
0.00996515085844
0.0855009997779
0.0534852304742
1.13583794162
0.0187383814987
0.171727643307
0.0273619831136
0.0538669529812
0.0176231354567
0.0181990721617
-0.00791459287979
5.53045151741e-06
-0.000977052826091

Known:
a0:     3.42
e0:     -4.27
B0:     221.99999999938152
EC:     365.600 141.600 141.600  0.000  0.000  0.000 
        141.600 365.600 141.600  0.000  0.000  0.000 
        141.600 141.600 365.600  0.000  0.000  0.000 
         0.000  0.000  0.000 186.000  0.000  0.000 
         0.000  0.000  0.000  0.000 186.000  0.000 
         0.000  0.000  0.000  0.000  0.000 186.000 

Known:
a0:     3.89
e0:     -3.91
B0:     179.99999999949853
EC:     234.000 176.000 176.000  0.000  0.000  0.000 
        176.000 234.000 176.000  0.000  0.000  0.000 
        176.000 176.000 234.000  0.000  0.000  0.000 
         0.000  0.000  0.000 71.200  0.000  0.000 
         0.000  0.000  0.000  0.000 71.200  0.000 
         0.000  0.000  0.000  0.000  0.000 71.200 

Calculated:
a0:     3.418425841292277
e0:     -4.319899894101512
B0:     229.90844187488418
EC:     303.967 184.327 184.327  0.000  0.000  0.000 
        184.327 303.967 184.327  0.000  0.000  0.000 
        184.327 184.327 303.967  0.000  0.000  0.000 
         0.000  0.000  0.000 186.457  0.000  0.000 
         0.000  0.000  0.000  0.000 186.457  0.000 
         0.000  0.000  0.000  0.000  0.000 186.457 

Calculated:
a0:     3.7580309449357605
e0:     -3.8556078613055362
B0:     150.10432626149486
EC:     287.651 125.093 125.093  0.000  0.000  0.000 
        125.093 287.651 125.093  0.000  0.000  0.000 
        125.093 125.093 287.651  0.000  0.000  0.000 
         0.000  0.000  0.000 130.562  0.000  0.000 
         0.000  0.000  0.000  0.000 130.562  0.000 
         0.000  0.000  0.000  0.000  0.000 130.562 



