RSS:  
25409.78400664753

P:  
-0.0179323297322
0.0293771743419
0.0439965467511
-0.00212741706096
0.0469282259953
-0.0369692881258
-0.0154444300708
0.00695891089507
0.0207982225304
0.00344922432943
-0.00423838291554
0.00936775404169
-0.0158210222003
-35.3193093663
3.26315212521
-10.2551643207
3.83349228493

Known:
a0:     3.89
e0:     -3.91
B0:     179.99999999949853
EC:     234.000 176.000 176.000  0.000  0.000  0.000 
        176.000 234.000 176.000  0.000  0.000  0.000 
        176.000 176.000 234.000  0.000  0.000  0.000 
         0.000  0.000  0.000 71.200  0.000  0.000 
         0.000  0.000  0.000  0.000 71.200  0.000 
         0.000  0.000  0.000  0.000  0.000 71.200 

Calculated:
a0:     4.715938126450577
e0:     -1.0351395374800603
B0:     -177.82246595318395
EC:      0.000 27.258 27.258  0.000  0.000  0.000 
        27.258  0.000 27.258  0.000  0.000  0.000 
        27.258 27.258  0.000  0.000  0.000  0.000 
         0.000  0.000  0.000  5.203  0.000  0.000 
         0.000  0.000  0.000  0.000  5.203  0.000 
         0.000  0.000  0.000  0.000  0.000  5.203 



