---START---
00000001
PARAMETERS 
51
0.00203928179514
0.00199477960332
-0.0281203305396
0.00553624461663
0.00850711017747
-0.0084159153018
0.0176733509607
0.00815640247888
-0.00152999706678
-0.00193453869619
-0.00299394044725
0.0011682619132
0.000871565853972
0.00218747170727
-0.000237367310532
-0.000412985720153
-0.00200608876488
0.00169565925357
-0.00111158379632
0.00282827361677
-0.000570112065483
0.000789455860193
0.00245951132046
-1.94938564301
30.3556213379
24.3362083435
34.9576034546
16.2302913666
17.857875824
7.66438293457
1.23997938633
0.442521393299
0.109044238925
0.0200536046177
0.00229621282779
0.00255827326328
0.00108765787445
7.98819164629e-05
4.18824820372e-05
4.40689618699e-05
2.6413863452e-06
1.10245503038e-06
6.35151934603e-07
3.87506304378e-07
2.28070874186e-07
1.27619927071e-07
6.8033251921e-08
3.47100943543e-08
-0.00172860221937
5.84332325502e-05
0.00741373827766
RSS 18942.67318033457
BP MaxDensity 0.048885972853246674
EFS MaxDensity 0.04234136755137862
a0 3.1923293394404073
e0 -5.519237587924517
b0 169.81603514484274
---END---
---START---
00000002
PARAMETERS 
51
0.00206407297796
0.00201245301997
-0.0281206989989
0.0054744149237
0.00857313032228
-0.00842703497915
0.0175791679908
0.00816495490001
-0.0014607939193
-0.00196393189325
-0.00299356686655
0.00116934043809
0.0008711509769
0.0021860414406
-0.000235187211519
-0.000416207021898
-0.0020097012809
0.00170287897443
-0.00111040402491
0.00282601650408
-0.000567634117957
0.000787135590915
0.00245659827898
-1.94938564301
30.3556213379
24.3362083435
34.9576034546
16.2302913666
17.857875824
7.66438293457
1.23997938633
0.442521393299
0.109044238925
0.0200536046177
0.00229621282779
0.00255827326328
0.00108765787445
7.98819164629e-05
4.18824820372e-05
4.40689618699e-05
2.6413863452e-06
1.10245503038e-06
6.35151934603e-07
3.87506304378e-07
2.28070874186e-07
1.27619927071e-07
6.8033251921e-08
3.47100943543e-08
-0.00172860221937
6.13124664555e-05
0.00740971778405
RSS 18946.72123685806
BP MaxDensity 0.048885972853246674
EFS MaxDensity 0.04234136755137862
a0 3.1941354585663526
e0 -5.516941556591523
b0 169.47369174450975
---END---
---START---
00000003
PARAMETERS 
51
0.00214043752985
0.00203502757566
-0.0283227037558
0.00540982801595
0.00854731155482
-0.00834003567553
0.0178377081566
0.00812477607919
-0.00158594486221
-0.00195124089955
-0.00298670169988
0.00116983558543
0.000870396732213
0.00219275933192
-0.00022888365793
-0.000410610667841
-0.00199945878163
0.00169936737307
-0.00111090413515
0.00283270304392
-0.000570370049574
0.000784609034394
0.00246537892482
-1.94938564301
30.3556213379
24.3362083435
34.9576034546
16.2302913666
17.857875824
7.66438293457
1.23997938633
0.442521393299
0.109044238925
0.0200536046177
0.00229621282779
0.00255827326328
0.00108765787445
7.98819164629e-05
4.18824820372e-05
4.40689618699e-05
2.6413863452e-06
1.10245503038e-06
6.35151934603e-07
3.87506304378e-07
2.28070874186e-07
1.27619927071e-07
6.8033251921e-08
3.47100943543e-08
-0.00172860221937
5.93794315591e-05
0.00740460577919
RSS 18954.392733012635
BP MaxDensity 0.048885972853246674
EFS MaxDensity 0.04234136755137862
a0 3.1898369389625763
e0 -5.517060250902267
b0 170.51190733538834
---END---
---START---
00000004
PARAMETERS 
51
0.00214045085447
0.0020350146258
-0.0283227813864
0.00540995813312
0.00854721410215
-0.00834007792581
0.0178378416108
0.00812487636362
-0.00158597596239
-0.001951344255
-0.00298669011432
0.00116984596072
0.000870403463254
0.00219275731526
-0.000228880365493
-0.000410608198361
-0.00199947308197
0.00169937909992
-0.00111091427355
0.00283271677317
-0.000570359592815
0.000784606313633
0.00246538599997
-1.94938564301
30.3556213379
24.3362083435
34.9576034546
16.2302913666
17.857875824
7.66438293457
1.23997938633
0.442521393299
0.109044238925
0.0200536046177
0.00229621282779
0.00255827326328
0.00108765787445
7.98819164629e-05
4.18824820372e-05
4.40689618699e-05
2.6413863452e-06
1.10245503038e-06
6.35151934603e-07
3.87506304378e-07
2.28070874186e-07
1.27619927071e-07
6.8033251921e-08
3.47100943543e-08
-0.00172860221937
5.93908688646e-05
0.00740460362613
RSS 18954.580073137444
BP MaxDensity 0.048885972853246674
EFS MaxDensity 0.04234136755137862
a0 3.1898181335952125
e0 -5.516959833981784
b0 170.51292713830873
---END---
---START---
00000005
PARAMETERS 
51
0.00183754765428
0.00224302595135
-0.0281012568513
0.00579671416048
0.00828109335399
-0.00851911992843
0.0177844630805
0.00830309918528
-0.00183375192821
-0.00204674341757
-0.00295636328082
0.00116864759196
0.000858031185637
0.00228150968075
-0.000261369922122
-0.000364785127529
-0.00203388709811
0.00174573157958
-0.00109456321425
0.00287697336695
-0.000567931818385
0.000781430418267
0.00241728271154
-1.94938564301
30.3556213379
24.3362083435
34.9576034546
16.2302913666
17.857875824
7.66438293457
1.23997938633
0.442521393299
0.109044238925
0.0200536046177
0.00229621282779
0.00255827326328
0.00108765787445
7.98819164629e-05
4.18824820372e-05
4.40689618699e-05
2.6413863452e-06
1.10245503038e-06
6.35151934603e-07
3.87506304378e-07
2.28070874186e-07
1.27619927071e-07
6.8033251921e-08
3.47100943543e-08
-0.00172860221937
0.000119859821316
0.00737553081435
RSS 18979.468074211683
BP MaxDensity 0.048885972853246674
EFS MaxDensity 0.04234136755137862
a0 3.195883222705867
e0 -5.5186034150990615
b0 170.31269759056465
---END---
---START---
00000006
PARAMETERS 
51
0.00174850173811
0.00214482578369
-0.027934605348
0.00599050085935
0.00823385840594
-0.0086781079238
0.0177351632773
0.00819788088722
-0.00189708302982
-0.00171320670133
-0.00295906770357
0.00113047865807
0.000859318547482
0.00230032519081
-0.000256925740741
-0.000387782655311
-0.00202312567167
0.00175638639368
-0.00108539790879
0.00289331542268
-0.000576789979637
0.000807243956194
0.00244764475732
-1.94938564301
30.3556213379
24.3362083435
34.9576034546
16.2302913666
17.857875824
7.66438293457
1.23997938633
0.442521393299
0.109044238925
0.0200536046177
0.00229621282779
0.00255827326328
0.00108765787445
7.98819164629e-05
4.18824820372e-05
4.40689618699e-05
2.6413863452e-06
1.10245503038e-06
6.35151934603e-07
3.87506304378e-07
2.28070874186e-07
1.27619927071e-07
6.8033251921e-08
3.47100943543e-08
-0.00172860221937
0.000111478835566
0.00733380001623
RSS 19042.80129657689
BP MaxDensity 0.048885972853246674
EFS MaxDensity 0.04234136755137862
a0 3.1858723080723026
e0 -5.512537117059532
b0 172.72407288940332
---END---
---START---
00000007
PARAMETERS 
51
0.00257824769411
0.00195761229252
-0.0276501148743
0.00578388223897
0.00769855035072
-0.00850390725333
0.017058781567
0.00759657767793
-0.00243904514289
-0.000496869498404
-0.00297489323408
0.00119328883488
0.000792400451121
0.0023105888557
-8.99560528009e-05
-0.000430802445076
-0.00204880154464
0.00178073359765
-0.000944698077318
0.00296175627839
-0.000587488982
0.000720114476658
0.00243535191705
-1.94938564301
30.3556213379
24.3362083435
34.9576034546
16.2302913666
17.857875824
7.66438293457
1.23997938633
0.442521393299
0.109044238925
0.0200536046177
0.00229621282779
0.00255827326328
0.00108765787445
7.98819164629e-05
4.18824820372e-05
4.40689618699e-05
2.6413863452e-06
1.10245503038e-06
6.35151934603e-07
3.87506304378e-07
2.28070874186e-07
1.27619927071e-07
6.8033251921e-08
3.47100943543e-08
-0.00172860221937
0.00014473737082
0.007299325656
RSS 20115.147001112782
BP MaxDensity 0.048885972853246674
EFS MaxDensity 0.04234136755137862
a0 3.2079996013018466
e0 -5.43872046708198
b0 170.59354433086978
---END---
---START---
00000008
PARAMETERS 
51
0.001
-0.001
0.001
-0.001
0.001
-0.001
0.001
-0.001
0.001
-0.001
0.0
0.0
0.0
0.0
0.0
0.0
0.0
0.0
0.0
0.0
0.0
0.0
0.0
-1.94939
30.3556
24.3362
34.9576
16.2303
17.8579
7.66438
1.23998
0.442521
0.109044
0.0200536
0.00229621
0.00255827
0.00108766
7.98819e-05
4.18825e-05
4.4069e-05
2.64139e-06
1.10246e-06
6.35152e-07
3.87506e-07
2.28071e-07
1.2762e-07
6.80333e-08
3.47101e-08
-0.0017286
4.81769e-05
0.00755137
RSS 20098477253.52475
BP MaxDensity 0.048885972853246674
EFS MaxDensity 0.04234136755137862
a0 -60.3629893578834
e0 281.6111744499317
b0 0.5847344580016844
---END---
