RSS:  
0.11799357558472595

P:  
-41.5901520183
-19.9435032637
-0.52793325543
0.00696692066184
0.0166079292923
0.0216959458762
0.835955800389
1.81977072134
-6.69886308295
40.1234505577

Known:
a0:     3.89
e0:     -3.91
B0:     179.99999999949853
EC:     234.000 176.000 176.000  0.000  0.000  0.000 
        176.000 234.000 176.000  0.000  0.000  0.000 
        176.000 176.000 234.000  0.000  0.000  0.000 
         0.000  0.000  0.000 71.200  0.000  0.000 
         0.000  0.000  0.000  0.000 71.200  0.000 
         0.000  0.000  0.000  0.000  0.000 71.200 

Calculated:
a0:     3.8815320258908987
e0:     -3.9100623153474245
B0:     180.74590085475697
EC:     232.155 176.888 176.888  0.000  0.000  0.000 
        176.888 232.155 176.888  0.000  0.000  0.000 
        176.888 176.888 232.155  0.000  0.000  0.000 
         0.000  0.000  0.000 70.477  0.000  0.000 
         0.000  0.000  0.000  0.000 70.477  0.000 
         0.000  0.000  0.000  0.000  0.000 70.477 



