---START---
00000001
PARAMETERS 
68
57580.3622421
1255.00759117
373.069053451
186.890603085
91.5781660683
65.0822952075
44.9905964659
31.0710083606
19.8346575271
22.9362021312
17.9066859052
20.6055976692
15.8019617234
8.18748039863
3.6137095977
2.25109324185
1.29997060504
0.61304688399
0.342750713238
0.139663276683
0.0417495175538
-0.00157689064571
-0.0265701439691
-0.0520131379757
-0.0711338051156
-0.0822397409765
-0.0769325186606
-0.0409792323433
-0.0339370520977
-0.0340778675905
-0.02227118413
-0.0141903049887
-0.011299005518
-0.00751318012981
-0.00654664055654
-0.00490951922145
-0.0022601089021
0.000551398633637
0.00190321649066
0.00241505820678
0.00185387346829
0.00068886597574
-0.000623670012119
-0.00106179768972
-0.00107487364704
-0.000819959533267
-0.000222067560718
-3.02036130446e-08
0.0
0.0
0.0578549191113
0.0349260913085
0.0174723628811
0.010231908847
0.00572997322257
0.00297684014483
0.00209964630992
0.001975473272
0.00158233468957
0.00107638713981
0.000564836784809
0.000318053159746
0.00011117446736
2.27193961154e-05
1.84820272299e-07
0.0
-9.47336159147
7.89837853377
RSS 1.727040247783979
BP MaxDensity 0.4211897263697737
EFS MaxDensity 0.23338842018760853
a0 3.9440036036525288
e0 -3.909786852662458
b0 183.04888450160712
---END---
---START---
00000002
PARAMETERS 
68
57580.3622421
1255.00759117
373.069053451
186.890603085
91.5781660683
65.0822952075
44.9905964659
31.0710083607
19.8346575122
22.9362021312
17.9066859052
20.6055976692
15.8019617234
8.18748039863
3.6137095977
2.25109324185
1.29997060504
0.613046883994
0.342750713132
0.139663278372
0.041749514943
-0.00157688790873
-0.0265701470498
-0.0520131352953
-0.0711338065911
-0.0822397406777
-0.0769325189491
-0.0409792304886
-0.0339370521396
-0.0340778706631
-0.0222711817747
-0.0141903053499
-0.0112990071373
-0.00751317335331
-0.00654664402376
-0.00490952517489
-0.00226010085268
0.000551391365962
0.00190322647648
0.00241505695769
0.00185386574181
0.000688863485616
-0.000623660115578
-0.00106181738933
-0.00107485478257
-0.000819956703842
-0.000222069444896
-2.74121872724e-08
0.0
0.0
0.0578549191119
0.0349260922707
0.0174723541087
0.0102319276317
0.00572995364097
0.00297685253708
0.00209962170636
0.00197552026041
0.00158228988505
0.00107637778623
0.00056491732898
0.000317933451001
0.000111336960623
2.24512946515e-05
6.97265393163e-07
0.0
-9.47336159144
7.89837853378
RSS 1.7738347975505464
BP MaxDensity 0.4211897263697737
EFS MaxDensity 0.23338842018760853
a0 3.9439805006964117
e0 -3.9098187858186875
b0 183.08653827977048
---END---
