########################
# 00000001
########################
RSS 5406.111443116886
BP 0:
a0:   2.9342e+00   e0:  -4.1121e+00   b0:   8.0495e+01   
BP 1:
a0:   2.8387e+00   e0:  -1.9976e+00   b0:   9.4050e+00   
P: 
  1.0017e+00   9.8584e-01   8.7540e-01  -6.4935e-02  -7.7362e-03 
  1.7925e-02  -6.6078e-03  -1.2320e-02  -2.7112e-03  -2.7232e-03 
 -6.9826e-03   7.4726e-03   3.1559e-02   4.2536e-02   6.6261e-03 
 -1.8164e-03  -1.4154e-02   9.2942e-04  -9.8052e-04  -1.9494e+00 
  3.0356e+01   2.4336e+01   3.4958e+01   1.6230e+01   1.7858e+01 
  7.6644e+00   1.2400e+00   4.4252e-01   1.0904e-01   2.0054e-02 
  2.2962e-03   2.5583e-03   1.0877e-03   7.9882e-05   4.1882e-05 
  4.4069e-05  -9.1154e+00   5.4729e+00   9.7857e-01   9.9978e-01 
  9.3844e-01  -1.0489e-01   4.7938e-03   9.5322e-05   9.0762e-03 
  1.4953e-03   6.2888e-03   2.9401e-02  -3.1654e-03  -1.0847e-02 
 -1.7296e-02  -7.3597e-03   2.3448e-02  -9.0253e-03  -5.1997e-03 
 -3.9027e-05   1.1247e-03  -1.9494e+00   3.0356e+01   2.4336e+01 
  3.4958e+01   1.6230e+01   1.7858e+01   7.6644e+00   1.2400e+00 
  4.4252e-01   1.0904e-01   2.0054e-02   2.2962e-03   2.5583e-03 
  1.0877e-03   7.9882e-05   4.1882e-05   4.4069e-05  -9.1109e+00 
  5.4606e+00   9.8470e-01   9.9346e-01   1.0750e+00  -4.2908e-02 
 -1.5631e-03  -1.1561e-02   1.5280e-03   8.5789e-03   2.0736e-02 
  1.6924e-02   7.9892e-04   1.1019e-03   1.2991e-02   1.6181e-02 
  2.9840e-03   1.0254e-02   2.5260e-02  -1.2871e-03   8.6151e-04 


########################
# 00000002
########################
RSS 5419.859745257895
BP 0:
a0:   2.7618e+00   e0:  -4.1987e+00   b0:   5.5044e+01   
BP 1:
a0:   2.8385e+00   e0:  -1.9758e+00   b0:   9.2725e+00   
P: 
  1.0025e+00   9.9420e-01   1.0446e+00  -2.9320e-02   4.1889e-03 
  7.1991e-03   2.4769e-03  -2.1094e-02  -1.8318e-03   1.7449e-03 
  5.7123e-04   8.0676e-03   3.2340e-02   3.0230e-02   4.8371e-03 
 -2.6246e-03  -1.3206e-02  -4.1798e-05  -1.9212e-04  -1.9494e+00 
  3.0356e+01   2.4336e+01   3.4958e+01   1.6230e+01   1.7858e+01 
  7.6644e+00   1.2400e+00   4.4252e-01   1.0904e-01   2.0054e-02 
  2.2962e-03   2.5583e-03   1.0877e-03   7.9882e-05   4.1882e-05 
  4.4069e-05  -9.1131e+00   5.4762e+00   9.8386e-01   1.0049e+00 
  9.0434e-01  -2.4372e-02   1.7302e-02   8.0548e-03   1.0344e-02 
 -7.9272e-03   9.0314e-03   2.1122e-02   4.7385e-04  -1.1510e-02 
 -1.4953e-02  -7.6046e-03   1.5937e-02  -2.5388e-03  -5.6831e-03 
  7.7587e-04   4.3376e-04  -1.9494e+00   3.0356e+01   2.4336e+01 
  3.4958e+01   1.6230e+01   1.7858e+01   7.6644e+00   1.2400e+00 
  4.4252e-01   1.0904e-01   2.0054e-02   2.2962e-03   2.5583e-03 
  1.0877e-03   7.9882e-05   4.1882e-05   4.4069e-05  -9.1109e+00 
  5.4647e+00   9.8957e-01   9.9262e-01   1.0752e+00  -1.9578e-02 
 -1.2448e-02  -7.9411e-04   6.8431e-03  -7.5790e-05   1.8261e-02 
  8.9802e-03   1.2740e-03   9.3543e-03   1.1374e-02   9.0245e-03 
  8.2304e-03   8.8389e-03   1.6885e-02  -3.3990e-04   9.2291e-04 


########################
# 00000003
########################
RSS 5512.914092418603
BP 0:
a0:   2.6729e+00   e0:  -4.4081e+00   b0:   5.4436e+01   
BP 1:
a0:   2.8488e+00   e0:  -1.9535e+00   b0:   9.3600e+00   
P: 
  1.0037e+00   9.9775e-01   1.0710e+00  -3.3044e-02   4.7326e-04 
  8.9977e-03   3.6643e-03  -2.0640e-02  -2.0823e-04   3.5101e-03 
  9.3013e-04   5.6007e-03   3.2260e-02   2.8862e-02   3.8712e-03 
 -5.6175e-03  -1.1797e-02  -1.6759e-04  -1.9223e-04  -1.9494e+00 
  3.0356e+01   2.4336e+01   3.4958e+01   1.6230e+01   1.7858e+01 
  7.6644e+00   1.2400e+00   4.4252e-01   1.0904e-01   2.0054e-02 
  2.2962e-03   2.5583e-03   1.0877e-03   7.9882e-05   4.1882e-05 
  4.4069e-05  -9.1138e+00   5.4746e+00   9.8312e-01   1.0042e+00 
  8.8452e-01  -1.3491e-02   1.7393e-02   8.5211e-03   1.0585e-02 
 -1.0299e-02   6.9460e-03   2.2959e-02   2.3834e-04  -1.2000e-02 
 -1.5494e-02  -1.0886e-02   1.7763e-02  -1.5927e-03  -6.0462e-03 
  5.1815e-04   5.7242e-04  -1.9494e+00   3.0356e+01   2.4336e+01 
  3.4958e+01   1.6230e+01   1.7858e+01   7.6644e+00   1.2400e+00 
  4.4252e-01   1.0904e-01   2.0054e-02   2.2962e-03   2.5583e-03 
  1.0877e-03   7.9882e-05   4.1882e-05   4.4069e-05  -9.1107e+00 
  5.4642e+00   9.9005e-01   9.9219e-01   1.0734e+00  -1.0334e-02 
 -1.3925e-02  -9.1243e-04   6.0722e-03   1.2800e-03   1.9361e-02 
  7.0063e-03   1.2948e-03   9.1503e-03   1.0796e-02   9.2250e-03 
  6.2366e-03   9.7055e-03   1.8601e-02  -2.5357e-04   9.6365e-04 


########################
# 00000004
########################
RSS 5811.416588221533
BP 0:
a0:   2.8768e+00   e0:  -4.2249e+00   b0:   8.4347e+01   
BP 1:
a0:   2.9259e+00   e0:  -1.8307e+00   b0:   1.0489e+01   
P: 
  1.0015e+00   9.9797e-01   1.0841e+00  -4.1167e-02  -1.5219e-03 
  9.0702e-03   5.5684e-03  -1.8676e-02   2.1831e-04   3.2582e-03 
  5.7181e-04   7.0186e-03   3.0171e-02   2.9271e-02   4.3311e-03 
 -4.7176e-03  -1.2217e-02  -1.6540e-04  -1.5235e-04  -1.9494e+00 
  3.0356e+01   2.4336e+01   3.4958e+01   1.6230e+01   1.7858e+01 
  7.6644e+00   1.2400e+00   4.4252e-01   1.0904e-01   2.0054e-02 
  2.2962e-03   2.5583e-03   1.0877e-03   7.9882e-05   4.1882e-05 
  4.4069e-05  -9.1143e+00   5.4743e+00   9.8463e-01   1.0053e+00 
  9.0037e-01  -1.0681e-02   2.0925e-02   8.7890e-03   9.4199e-03 
 -1.3417e-02   7.5411e-03   2.3972e-02  -1.9910e-03  -1.2436e-02 
 -1.7784e-02  -1.3738e-02   1.7630e-02  -1.6153e-03  -6.7362e-03 
  7.5018e-04   8.4398e-04  -1.9494e+00   3.0356e+01   2.4336e+01 
  3.4958e+01   1.6230e+01   1.7858e+01   7.6644e+00   1.2400e+00 
  4.4252e-01   1.0904e-01   2.0054e-02   2.2962e-03   2.5583e-03 
  1.0877e-03   7.9882e-05   4.1882e-05   4.4069e-05  -9.1101e+00 
  5.4639e+00   9.8771e-01   9.9387e-01   1.0719e+00  -9.7611e-03 
 -1.3597e-02   1.1204e-03   8.4087e-03   6.0384e-04   1.7897e-02 
  5.6298e-03   2.6305e-04   7.5444e-03   8.0738e-03   8.8267e-03 
  6.3880e-03   9.2925e-03   2.1243e-02  -6.4811e-05   1.1682e-03 


########################
# 00000005
########################
RSS 6457.05258402917
BP 0:
a0:   3.0518e+00   e0:  -3.4730e+00   b0:   7.7331e+01   
BP 1:
a0:   3.0404e+00   e0:  -1.6710e+00   b0:   1.2536e+01   
P: 
  1.0025e+00   9.9377e-01   1.1206e+00  -3.1352e-02   1.3543e-02 
  9.7622e-03  -1.4211e-03  -1.6870e-02  -1.1750e-03  -7.2357e-04 
 -7.0248e-04   1.2822e-02   2.0800e-02   2.4348e-02   2.5670e-03 
  2.1681e-03  -1.2325e-02  -8.6081e-05  -1.5547e-05  -1.9494e+00 
  3.0356e+01   2.4336e+01   3.4958e+01   1.6230e+01   1.7858e+01 
  7.6644e+00   1.2400e+00   4.4252e-01   1.0904e-01   2.0054e-02 
  2.2962e-03   2.5583e-03   1.0877e-03   7.9882e-05   4.1882e-05 
  4.4069e-05  -9.1156e+00   5.4773e+00   9.8120e-01   1.0045e+00 
  9.1534e-01   2.3541e-02   1.8375e-02   8.0750e-03   8.7523e-03 
 -1.4933e-02   5.7378e-03   2.3066e-02  -4.3149e-03  -1.1307e-02 
 -1.7111e-02  -1.5005e-02   1.1697e-02   8.0975e-04  -6.1261e-03 
  6.1572e-04   1.0104e-03  -1.9494e+00   3.0356e+01   2.4336e+01 
  3.4958e+01   1.6230e+01   1.7858e+01   7.6644e+00   1.2400e+00 
  4.4252e-01   1.0904e-01   2.0054e-02   2.2962e-03   2.5583e-03 
  1.0877e-03   7.9882e-05   4.1882e-05   4.4069e-05  -9.1100e+00 
  5.4636e+00   9.8833e-01   9.9499e-01   1.0286e+00  -3.8496e-02 
  1.4058e-02   6.6410e-03   5.0823e-03  -7.9008e-03   1.3803e-02 
  3.3250e-03  -5.2827e-03   2.2143e-03   9.7663e-03   4.1030e-03 
  3.1693e-03   1.1242e-02   2.2231e-02  -4.0175e-04   7.2675e-04 


########################
# 00000006
########################
RSS 9974.584901372582
BP 0:
a0:   3.4666e+00   e0:  -1.6602e+00   b0:   8.5095e+01   
BP 1:
a0:   3.1893e+00   e0:  -1.7063e+00   b0:   1.7100e+01   
P: 
  1.0000e+00   1.0000e+00   1.0000e+00   0.0000e+00   0.0000e+00 
  0.0000e+00   0.0000e+00   0.0000e+00   0.0000e+00   0.0000e+00 
  0.0000e+00   0.0000e+00   0.0000e+00   0.0000e+00   0.0000e+00 
  0.0000e+00   0.0000e+00   0.0000e+00   0.0000e+00  -1.9494e+00 
  3.0356e+01   2.4336e+01   3.4958e+01   1.6230e+01   1.7858e+01 
  7.6644e+00   1.2400e+00   4.4252e-01   1.0904e-01   2.0054e-02 
  2.2962e-03   2.5583e-03   1.0877e-03   7.9882e-05   4.1882e-05 
  4.4069e-05  -9.1292e+00   5.4653e+00   1.0000e+00   1.0000e+00 
  1.0000e+00   0.0000e+00   0.0000e+00   0.0000e+00   0.0000e+00 
  0.0000e+00   0.0000e+00   0.0000e+00   0.0000e+00   0.0000e+00 
  0.0000e+00   0.0000e+00   0.0000e+00   0.0000e+00   0.0000e+00 
  0.0000e+00   0.0000e+00  -1.9494e+00   3.0356e+01   2.4336e+01 
  3.4958e+01   1.6230e+01   1.7858e+01   7.6644e+00   1.2400e+00 
  4.4252e-01   1.0904e-01   2.0054e-02   2.2962e-03   2.5583e-03 
  1.0877e-03   7.9882e-05   4.1882e-05   4.4069e-05  -9.1292e+00 
  5.4653e+00   1.0000e+00   1.0000e+00   1.0000e+00   0.0000e+00 
  0.0000e+00   0.0000e+00   0.0000e+00   0.0000e+00   0.0000e+00 
  0.0000e+00   0.0000e+00   0.0000e+00   0.0000e+00   0.0000e+00 
  0.0000e+00   0.0000e+00   0.0000e+00   0.0000e+00   0.0000e+00 


