RSS:  
190.8814758683773

P:  
1.00048374974
0.999953842306
0.817335736705
-0.0469506463728
-0.118042905174
0.00429308591859
0.024332744974
0.0454260983505
0.0205392979832
0.415064378029
0.649740384042
0.0433627017609
0.047890256076
0.026097144285
0.0106186840232
0.0138597059993
-0.0172453611171
-0.00144350314717
-0.00170969310596
-1.94938564301
30.3556213379
24.3362083435
34.9576034546
16.2302913666
17.857875824
7.66438293457
1.23997938633
0.442521393299
0.109044238925
0.0200536046177
0.00229621282779
0.00255827326328
0.00108765787445
7.98819164629e-05
4.18824820372e-05
4.40689618699e-05
-9.62507432268
5.44646186658
0.94113890399
0.984632030154
1.82673058981
-0.0255736712191
-0.0579117487401
-0.0254415805118
-0.0011451896046
-0.00391167228225
0.00263762429572
0.0174201273577
-0.0250697955118
0.0234331846909
0.0229026723409
0.856972365828
0.0427054236944
-0.0191974329175
-0.0372790611577
-0.0101432437019
4.32526880442e-05
-1.94938564301
30.3556213379
24.3362083435
34.9576034546
16.2302913666
17.857875824
7.66438293457
1.23997938633
0.442521393299
0.109044238925
0.0200536046177
0.00229621282779
0.00255827326328
0.00108765787445
7.98819164629e-05
4.18824820372e-05
4.40689618699e-05
-8.94010656627
5.43108231435
0.707937643181
1.00089008639
0.978759224081
-0.0460365116314
-0.00762125172653
-0.0209035950064
0.00938859724754
0.000854708875904
0.0230647235533
0.011459696349
0.023419434017
0.0220932107774
0.0325043051929
-0.0425828941427
-0.0147289840464
0.0138435254515
0.000880298224106
-0.0134658842396
0.00102524605929

Known:
a0:     3.42
e0:     -4.27
B0:     221.99999999938152
EC:     365.600 141.600 141.600  0.000  0.000  0.000 
        141.600 365.600 141.600  0.000  0.000  0.000 
        141.600 141.600 365.600  0.000  0.000  0.000 
         0.000  0.000  0.000 186.000  0.000  0.000 
         0.000  0.000  0.000  0.000 186.000  0.000 
         0.000  0.000  0.000  0.000  0.000 186.000 

Known:
a0:     3.89
e0:     -3.91
B0:     179.99999999949853
EC:     234.000 176.000 176.000  0.000  0.000  0.000 
        176.000 234.000 176.000  0.000  0.000  0.000 
        176.000 176.000 234.000  0.000  0.000  0.000 
         0.000  0.000  0.000 71.200  0.000  0.000 
         0.000  0.000  0.000  0.000 71.200  0.000 
         0.000  0.000  0.000  0.000  0.000 71.200 

Calculated:
a0:     3.3852080912947677
e0:     -4.309021005838518
B0:     210.81792542842098
EC:     271.972 167.068 167.068  0.000  0.000  0.000 
        167.068 271.972 167.068  0.000  0.000  0.000 
        167.068 167.068 271.972  0.000  0.000  0.000 
         0.000  0.000  0.000 170.807  0.000  0.000 
         0.000  0.000  0.000  0.000 170.807  0.000 
         0.000  0.000  0.000  0.000  0.000 170.807 

Calculated:
a0:     4.097199640843216
e0:     -3.955021263131086
B0:     198.087750338669
EC:     190.130 178.341 178.341  0.000  0.000  0.000 
        178.341 190.130 178.341  0.000  0.000  0.000 
        178.341 178.341 190.130  0.000  0.000  0.000 
         0.000  0.000  0.000 110.086  0.000  0.000 
         0.000  0.000  0.000  0.000 110.086  0.000 
         0.000  0.000  0.000  0.000  0.000 110.086 



