RSS:  
1.106963198739246

P:  
12.1653533772
4.45812533087
0.0
-0.378101197612
-0.0290502850258
0.036426490534
0.00212395391529
-0.00477047032596
0.428847943064
1.36874790547
-5.56847144376
4.55694604213

Known:
a0:     3.89
e0:     -3.91
B0:     179.99999999949853
EC:     234.000 176.000 176.000  0.000  0.000  0.000 
        176.000 234.000 176.000  0.000  0.000  0.000 
        176.000 176.000 234.000  0.000  0.000  0.000 
         0.000  0.000  0.000 71.200  0.000  0.000 
         0.000  0.000  0.000  0.000 71.200  0.000 
         0.000  0.000  0.000  0.000  0.000 71.200 

Calculated:
a0:     3.8698232146755167
e0:     -3.910684886511857
B0:     189.17391453385565
EC:     230.840 176.661 176.661  0.000  0.000  0.000 
        176.661 230.840 176.661  0.000  0.000  0.000 
        176.661 176.661 230.840  0.000  0.000  0.000 
         0.000  0.000  0.000 65.800  0.000  0.000 
         0.000  0.000  0.000  0.000 65.800  0.000 
         0.000  0.000  0.000  0.000  0.000 65.800 



