########################
# 00000001
########################
RSS 20867.559307636093
BP 0:
a0:   4.2417e+00   e0:  -4.5352e+00   b0:   6.8539e+02   
P: 
  3.0711e+06  -9.1812e+01   3.2807e+02  -3.2715e+02  -6.7720e+01 
  1.3593e+02  -4.0529e+01   8.6054e+00  -2.5116e+01   3.1460e+00 
  1.1817e+01  -5.2826e+00  -8.7172e+00   6.4679e+00  -2.6939e+00 
  4.6348e-01   2.6487e-03   0.0000e+00   5.7623e-02   3.4828e-02 
  1.7483e-02   1.0234e-02   5.7303e-03   2.9693e-03   2.1020e-03 
  1.9730e-03   1.5827e-03   1.0786e-03   5.6348e-04   3.1809e-04 
  1.1089e-04   2.2361e-05   6.9446e-07   0.0000e+00  -9.4728e+00 
  7.9088e+00 

########################
# 00000002
########################
RSS 21944.578746890165
BP 0:
a0:   4.2341e+00   e0:  -4.8037e+00   b0:   7.0273e+02   
P: 
  3.3038e+06  -9.9151e+01   3.3290e+02  -3.1364e+02  -6.7336e+01 
  1.3416e+02  -3.5039e+01   6.6709e+00  -2.6703e+01   3.0558e+00 
  1.1437e+01  -4.8828e+00  -8.8048e+00   6.2887e+00  -2.5626e+00 
  4.3756e-01   2.6697e-03   0.0000e+00   5.7623e-02   3.4828e-02 
  1.7483e-02   1.0234e-02   5.7303e-03   2.9693e-03   2.1020e-03 
  1.9730e-03   1.5827e-03   1.0786e-03   5.6348e-04   3.1809e-04 
  1.1089e-04   2.2361e-05   6.9446e-07   0.0000e+00  -9.4728e+00 
  7.9088e+00 

########################
# 00000003
########################
RSS 24843.603059687855
BP 0:
a0:   4.2459e+00   e0:  -4.3031e+00   b0:   8.2738e+02   
P: 
  2.7680e+06  -1.0536e+02   3.3309e+02  -3.3747e+02  -6.3624e+01 
  1.3068e+02  -3.8135e+01   7.6519e+00  -2.3429e+01   3.5398e+00 
  1.1426e+01  -5.5987e+00  -8.6335e+00   6.4287e+00  -2.7605e+00 
  4.8976e-01   2.7153e-03   0.0000e+00   5.7623e-02   3.4828e-02 
  1.7483e-02   1.0234e-02   5.7303e-03   2.9693e-03   2.1020e-03 
  1.9730e-03   1.5827e-03   1.0786e-03   5.6348e-04   3.1809e-04 
  1.1089e-04   2.2361e-05   6.9446e-07   0.0000e+00  -9.4728e+00 
  7.9088e+00 

########################
# 00000004
########################
RSS 25020.315732044193
BP 0:
a0:   4.2455e+00   e0:  -4.0494e+00   b0:   8.1067e+02   
P: 
  2.8492e+06  -1.1128e+02   3.5728e+02  -3.6123e+02  -5.9595e+01 
  1.2456e+02  -3.2834e+01   7.6507e+00  -2.1844e+01   3.7254e+00 
  1.0782e+01  -5.2103e+00  -8.8469e+00   6.7193e+00  -2.9242e+00 
  5.2066e-01   2.5248e-03   0.0000e+00   5.7623e-02   3.4828e-02 
  1.7483e-02   1.0234e-02   5.7303e-03   2.9693e-03   2.1020e-03 
  1.9730e-03   1.5827e-03   1.0786e-03   5.6348e-04   3.1809e-04 
  1.1089e-04   2.2361e-05   6.9446e-07   0.0000e+00  -9.4728e+00 
  7.9088e+00 

########################
# 00000005
########################
RSS 25056.616171326976
BP 0:
a0:   4.2612e+00   e0:  -3.2020e+00   b0:   8.0215e+02   
P: 
  3.0530e+06  -9.7143e+01   3.2095e+02  -3.3161e+02  -6.3101e+01 
  1.3506e+02  -4.2166e+01   9.7623e+00  -2.7146e+01   3.3606e+00 
  1.1491e+01  -5.2223e+00  -8.8304e+00   6.6808e+00  -2.8391e+00 
  4.7250e-01   2.5631e-03   0.0000e+00   5.7623e-02   3.4828e-02 
  1.7483e-02   1.0234e-02   5.7303e-03   2.9693e-03   2.1020e-03 
  1.9730e-03   1.5827e-03   1.0786e-03   5.6348e-04   3.1809e-04 
  1.1089e-04   2.2361e-05   6.9446e-07   0.0000e+00  -9.4728e+00 
  7.9088e+00 

########################
# 00000006
########################
RSS 25256.105881204592
BP 0:
a0:   4.2109e+00   e0:  -5.1088e+00   b0:   6.3818e+02   
P: 
  3.3123e+06  -9.4164e+01   3.6395e+02  -3.1389e+02  -6.5362e+01 
  1.4492e+02  -4.0786e+01   1.0399e+01  -2.6059e+01   3.2166e+00 
  1.1287e+01  -4.9313e+00  -9.3471e+00   7.0240e+00  -2.9026e+00 
  5.0164e-01   2.7207e-03   0.0000e+00   5.7623e-02   3.4828e-02 
  1.7483e-02   1.0234e-02   5.7303e-03   2.9693e-03   2.1020e-03 
  1.9730e-03   1.5827e-03   1.0786e-03   5.6348e-04   3.1809e-04 
  1.1089e-04   2.2361e-05   6.9446e-07   0.0000e+00  -9.4728e+00 
  7.9088e+00 

########################
# 00000007
########################
RSS 25615.05279678857
BP 0:
a0:   4.2197e+00   e0:  -4.8095e+00   b0:   6.8283e+02   
P: 
  3.1655e+06  -1.1983e+02   3.3158e+02  -3.2393e+02  -7.0220e+01 
  1.2606e+02  -3.3340e+01   9.7457e+00  -2.1743e+01   3.8501e+00 
  1.2144e+01  -5.4581e+00  -9.4810e+00   6.9755e+00  -2.7539e+00 
  4.4290e-01   2.7256e-03   0.0000e+00   5.7623e-02   3.4828e-02 
  1.7483e-02   1.0234e-02   5.7303e-03   2.9693e-03   2.1020e-03 
  1.9730e-03   1.5827e-03   1.0786e-03   5.6348e-04   3.1809e-04 
  1.1089e-04   2.2361e-05   6.9446e-07   0.0000e+00  -9.4728e+00 
  7.9088e+00 

########################
# 00000008
########################
RSS 25695.52618122738
BP 0:
a0:   4.2018e+00   e0:  -3.8976e+00   b0:   6.5360e+02   
P: 
  3.1589e+06  -1.2293e+02   3.3178e+02  -3.2793e+02  -7.3425e+01 
  1.3245e+02  -3.6941e+01   1.1584e+01  -2.2230e+01   4.2802e+00 
  1.1829e+01  -5.4379e+00  -9.9000e+00   7.5780e+00  -2.8918e+00 
  4.1447e-01   2.6029e-03   0.0000e+00   5.7623e-02   3.4828e-02 
  1.7483e-02   1.0234e-02   5.7303e-03   2.9693e-03   2.1020e-03 
  1.9730e-03   1.5827e-03   1.0786e-03   5.6348e-04   3.1809e-04 
  1.1089e-04   2.2361e-05   6.9446e-07   0.0000e+00  -9.4728e+00 
  7.9088e+00 

########################
# 00000009
########################
RSS 26392.838215048094
BP 0:
a0:   4.2238e+00   e0:  -5.7494e+00   b0:   5.9953e+02   
P: 
  2.6744e+06  -1.0285e+02   3.5734e+02  -3.6173e+02  -6.8083e+01 
  1.2865e+02  -3.5512e+01   7.2673e+00  -2.3373e+01   3.3243e+00 
  1.2208e+01  -5.5759e+00  -8.4384e+00   6.1457e+00  -2.5230e+00 
  4.5337e-01   2.5434e-03   0.0000e+00   5.7623e-02   3.4828e-02 
  1.7483e-02   1.0234e-02   5.7303e-03   2.9693e-03   2.1020e-03 
  1.9730e-03   1.5827e-03   1.0786e-03   5.6348e-04   3.1809e-04 
  1.1089e-04   2.2361e-05   6.9446e-07   0.0000e+00  -9.4728e+00 
  7.9088e+00 

########################
# 00000010
########################
RSS 26930.021274504867
BP 0:
a0:   4.2347e+00   e0:  -5.4515e+00   b0:   7.1616e+02   
P: 
  3.0158e+06  -1.0656e+02   3.2269e+02  -3.3847e+02  -6.4081e+01 
  1.2071e+02  -3.8079e+01   7.9706e+00  -2.4821e+01   3.9574e+00 
  1.1092e+01  -5.1689e+00  -8.5302e+00   6.1640e+00  -2.6324e+00 
  4.9092e-01   2.6247e-03   0.0000e+00   5.7623e-02   3.4828e-02 
  1.7483e-02   1.0234e-02   5.7303e-03   2.9693e-03   2.1020e-03 
  1.9730e-03   1.5827e-03   1.0786e-03   5.6348e-04   3.1809e-04 
  1.1089e-04   2.2361e-05   6.9446e-07   0.0000e+00  -9.4728e+00 
  7.9088e+00 

########################
# 00000011
########################
RSS 27118.144356720823
BP 0:
a0:   4.2933e+00   e0:  -3.5866e+00   b0:   9.7802e+02   
P: 
  2.3927e+06  -1.0506e+02   3.2469e+02  -3.4841e+02  -6.3540e+01 
  1.2987e+02  -3.4249e+01   9.4619e+00  -2.5084e+01   3.5401e+00 
  1.2007e+01  -5.4905e+00  -8.4188e+00   5.9802e+00  -2.7361e+00 
  5.1478e-01   2.7473e-03   0.0000e+00   5.7623e-02   3.4828e-02 
  1.7483e-02   1.0234e-02   5.7303e-03   2.9693e-03   2.1020e-03 
  1.9730e-03   1.5827e-03   1.0786e-03   5.6348e-04   3.1809e-04 
  1.1089e-04   2.2361e-05   6.9446e-07   0.0000e+00  -9.4728e+00 
  7.9088e+00 

########################
# 00000012
########################
RSS 27194.642778076784
BP 0:
a0:   4.2905e+00   e0:  -3.6222e+00   b0:   9.8536e+02   
P: 
  3.0976e+06  -1.0834e+02   3.4107e+02  -3.1121e+02  -6.2205e+01 
  1.4159e+02  -3.3333e+01   7.1671e+00  -2.3628e+01   3.5258e+00 
  1.2004e+01  -5.3053e+00  -8.5523e+00   5.8937e+00  -2.6202e+00 
  4.8109e-01   2.6365e-03   0.0000e+00   5.7623e-02   3.4828e-02 
  1.7483e-02   1.0234e-02   5.7303e-03   2.9693e-03   2.1020e-03 
  1.9730e-03   1.5827e-03   1.0786e-03   5.6348e-04   3.1809e-04 
  1.1089e-04   2.2361e-05   6.9446e-07   0.0000e+00  -9.4728e+00 
  7.9088e+00 

########################
# 00000013
########################
RSS 27545.81729355831
BP 0:
a0:   4.2207e+00   e0:  -5.1157e+00   b0:   7.1612e+02   
P: 
  2.5200e+06  -1.1367e+02   3.3670e+02  -3.3014e+02  -6.2719e+01 
  1.3794e+02  -3.5683e+01   5.9917e+00  -2.3547e+01   3.1302e+00 
  1.1875e+01  -5.4746e+00  -9.3395e+00   6.9977e+00  -2.9221e+00 
  5.1526e-01   2.4736e-03   0.0000e+00   5.7623e-02   3.4828e-02 
  1.7483e-02   1.0234e-02   5.7303e-03   2.9693e-03   2.1020e-03 
  1.9730e-03   1.5827e-03   1.0786e-03   5.6348e-04   3.1809e-04 
  1.1089e-04   2.2361e-05   6.9446e-07   0.0000e+00  -9.4728e+00 
  7.9088e+00 

########################
# 00000014
########################
RSS 28375.397448577492
BP 0:
a0:   4.1743e+00   e0:  -5.2115e+00   b0:   6.7016e+02   
P: 
  2.3830e+06  -1.0129e+02   2.9767e+02  -3.4312e+02  -6.4025e+01 
  1.3428e+02  -4.3476e+01   9.1916e+00  -2.3908e+01   3.3949e+00 
  1.0247e+01  -5.3248e+00  -8.9669e+00   7.0034e+00  -2.8603e+00 
  4.8069e-01   2.9498e-03   0.0000e+00   5.7623e-02   3.4828e-02 
  1.7483e-02   1.0234e-02   5.7303e-03   2.9693e-03   2.1020e-03 
  1.9730e-03   1.5827e-03   1.0786e-03   5.6348e-04   3.1809e-04 
  1.1089e-04   2.2361e-05   6.9446e-07   0.0000e+00  -9.4728e+00 
  7.9088e+00 

########################
# 00000015
########################
RSS 28804.98626257207
BP 0:
a0:   4.2463e+00   e0:  -3.2070e+00   b0:   8.7347e+02   
P: 
  3.5669e+06  -1.3987e+02   3.3171e+02  -2.9795e+02  -7.5195e+01 
  1.1966e+02  -3.4705e+01   1.1136e+01  -2.1444e+01   3.3993e+00 
  1.1960e+01  -5.5507e+00  -9.2246e+00   6.7372e+00  -2.6741e+00 
  4.0228e-01   2.8971e-03   0.0000e+00   5.7623e-02   3.4828e-02 
  1.7483e-02   1.0234e-02   5.7303e-03   2.9693e-03   2.1020e-03 
  1.9730e-03   1.5827e-03   1.0786e-03   5.6348e-04   3.1809e-04 
  1.1089e-04   2.2361e-05   6.9446e-07   0.0000e+00  -9.4728e+00 
  7.9088e+00 

########################
# 00000016
########################
RSS 28918.590239539273
BP 0:
a0:   4.2778e+00   e0:  -3.2926e+00   b0:   1.0101e+03   
P: 
  3.1624e+06  -8.6079e+01   3.2915e+02  -3.2338e+02  -6.7812e+01 
  1.2796e+02  -3.9162e+01   9.5824e+00  -2.4509e+01   3.9982e+00 
  1.0926e+01  -5.9126e+00  -7.7031e+00   5.7900e+00  -2.7180e+00 
  5.1562e-01   2.6545e-03   0.0000e+00   5.7623e-02   3.4828e-02 
  1.7483e-02   1.0234e-02   5.7303e-03   2.9693e-03   2.1020e-03 
  1.9730e-03   1.5827e-03   1.0786e-03   5.6348e-04   3.1809e-04 
  1.1089e-04   2.2361e-05   6.9446e-07   0.0000e+00  -9.4728e+00 
  7.9088e+00 

########################
# 00000017
########################
RSS 29258.251772656993
BP 0:
a0:   4.2426e+00   e0:  -4.9790e+00   b0:   9.3260e+02   
P: 
  3.3479e+06  -8.2049e+01   3.2832e+02  -3.3155e+02  -6.5764e+01 
  1.3128e+02  -4.5086e+01   8.5755e+00  -2.5472e+01   3.5285e+00 
  1.0727e+01  -5.0050e+00  -8.7040e+00   5.9468e+00  -2.5357e+00 
  4.7037e-01   2.7184e-03   0.0000e+00   5.7623e-02   3.4828e-02 
  1.7483e-02   1.0234e-02   5.7303e-03   2.9693e-03   2.1020e-03 
  1.9730e-03   1.5827e-03   1.0786e-03   5.6348e-04   3.1809e-04 
  1.1089e-04   2.2361e-05   6.9446e-07   0.0000e+00  -9.4728e+00 
  7.9088e+00 

########################
# 00000018
########################
RSS 30721.419580185637
BP 0:
a0:   4.2263e+00   e0:  -4.5280e+00   b0:   9.7883e+02   
P: 
  3.4434e+06  -9.4657e+01   3.0057e+02  -3.1167e+02  -6.1580e+01 
  1.3961e+02  -4.1258e+01   6.7298e+00  -2.5838e+01   2.9494e+00 
  1.0791e+01  -5.2124e+00  -9.0978e+00   6.3484e+00  -2.5978e+00 
  4.4452e-01   2.6607e-03   0.0000e+00   5.7623e-02   3.4828e-02 
  1.7483e-02   1.0234e-02   5.7303e-03   2.9693e-03   2.1020e-03 
  1.9730e-03   1.5827e-03   1.0786e-03   5.6348e-04   3.1809e-04 
  1.1089e-04   2.2361e-05   6.9446e-07   0.0000e+00  -9.4728e+00 
  7.9088e+00 

########################
# 00000019
########################
RSS 31223.460121038213
BP 0:
a0:   4.2108e+00   e0:  -3.6781e+00   b0:   7.7309e+02   
P: 
  3.4307e+06  -1.2394e+02   3.4814e+02  -3.1995e+02  -7.4088e+01 
  1.2446e+02  -3.8713e+01   1.3431e+01  -2.3054e+01   4.5918e+00 
  1.1713e+01  -5.6265e+00  -1.0234e+01   7.8557e+00  -3.0717e+00 
  4.5671e-01   2.4755e-03   0.0000e+00   5.7623e-02   3.4828e-02 
  1.7483e-02   1.0234e-02   5.7303e-03   2.9693e-03   2.1020e-03 
  1.9730e-03   1.5827e-03   1.0786e-03   5.6348e-04   3.1809e-04 
  1.1089e-04   2.2361e-05   6.9446e-07   0.0000e+00  -9.4728e+00 
  7.9088e+00 

########################
# 00000020
########################
RSS 31949.052806523654
BP 0:
a0:   4.2427e+00   e0:  -3.8893e+00   b0:   1.0171e+03   
P: 
  3.3227e+06  -1.0051e+02   3.5934e+02  -3.4140e+02  -6.9275e+01 
  1.2527e+02  -4.4042e+01   8.4873e+00  -2.4776e+01   3.2378e+00 
  1.1059e+01  -5.0544e+00  -9.4599e+00   6.5830e+00  -2.7103e+00 
  4.5498e-01   2.6245e-03   0.0000e+00   5.7623e-02   3.4828e-02 
  1.7483e-02   1.0234e-02   5.7303e-03   2.9693e-03   2.1020e-03 
  1.9730e-03   1.5827e-03   1.0786e-03   5.6348e-04   3.1809e-04 
  1.1089e-04   2.2361e-05   6.9446e-07   0.0000e+00  -9.4728e+00 
  7.9088e+00 

########################
# 00000021
########################
RSS 32869.1853134851
BP 0:
a0:   4.2375e+00   e0:  -2.2533e+00   b0:   8.5882e+02   
P: 
  2.9281e+06  -8.4340e+01   3.5244e+02  -3.0749e+02  -6.7719e+01 
  1.3992e+02  -3.5493e+01   1.0247e+01  -2.5311e+01   2.6959e+00 
  1.0605e+01  -5.6275e+00  -8.3200e+00   6.6918e+00  -2.8120e+00 
  4.3270e-01   2.7629e-03   0.0000e+00   5.7623e-02   3.4828e-02 
  1.7483e-02   1.0234e-02   5.7303e-03   2.9693e-03   2.1020e-03 
  1.9730e-03   1.5827e-03   1.0786e-03   5.6348e-04   3.1809e-04 
  1.1089e-04   2.2361e-05   6.9446e-07   0.0000e+00  -9.4728e+00 
  7.9088e+00 

########################
# 00000022
########################
RSS 33071.43947342137
BP 0:
a0:   4.2676e+00   e0:  -5.9480e+00   b0:   7.8333e+02   
P: 
  2.9999e+06  -1.0397e+02   3.0586e+02  -3.2177e+02  -6.5070e+01 
  1.3675e+02  -4.5283e+01   9.6711e+00  -2.5422e+01   3.4215e+00 
  1.2959e+01  -4.8864e+00  -9.5751e+00   6.2719e+00  -2.6155e+00 
  4.9565e-01   2.6888e-03   0.0000e+00   5.7623e-02   3.4828e-02 
  1.7483e-02   1.0234e-02   5.7303e-03   2.9693e-03   2.1020e-03 
  1.9730e-03   1.5827e-03   1.0786e-03   5.6348e-04   3.1809e-04 
  1.1089e-04   2.2361e-05   6.9446e-07   0.0000e+00  -9.4728e+00 
  7.9088e+00 

########################
# 00000023
########################
RSS 33663.53383377743
BP 0:
a0:   4.2888e+00   e0:  -2.7482e+00   b0:   1.0045e+03   
P: 
  3.2852e+06  -8.1646e+01   2.9331e+02  -3.1521e+02  -7.2715e+01 
  1.3801e+02  -4.2869e+01   7.2531e+00  -2.5701e+01   3.2606e+00 
  1.2729e+01  -5.4255e+00  -9.2151e+00   6.4517e+00  -2.7236e+00 
  4.4680e-01   2.8674e-03   0.0000e+00   5.7623e-02   3.4828e-02 
  1.7483e-02   1.0234e-02   5.7303e-03   2.9693e-03   2.1020e-03 
  1.9730e-03   1.5827e-03   1.0786e-03   5.6348e-04   3.1809e-04 
  1.1089e-04   2.2361e-05   6.9446e-07   0.0000e+00  -9.4728e+00 
  7.9088e+00 

########################
# 00000024
########################
RSS 33925.82649707703
BP 0:
a0:   4.1791e+00   e0:  -6.1724e+00   b0:   6.0723e+02   
P: 
  2.3766e+06  -8.6654e+01   3.2779e+02  -3.2131e+02  -6.3428e+01 
  1.3819e+02  -4.0128e+01   6.9191e+00  -2.2678e+01   3.3796e+00 
  1.0847e+01  -5.3202e+00  -8.6679e+00   6.5017e+00  -2.6679e+00 
  4.7963e-01   2.6545e-03   0.0000e+00   5.7623e-02   3.4828e-02 
  1.7483e-02   1.0234e-02   5.7303e-03   2.9693e-03   2.1020e-03 
  1.9730e-03   1.5827e-03   1.0786e-03   5.6348e-04   3.1809e-04 
  1.1089e-04   2.2361e-05   6.9446e-07   0.0000e+00  -9.4728e+00 
  7.9088e+00 

########################
# 00000025
########################
RSS 34319.44388318158
BP 0:
a0:   4.2554e+00   e0:  -2.1734e+00   b0:   8.4537e+02   
P: 
  2.6706e+06  -1.0985e+02   3.4770e+02  -3.1188e+02  -6.1222e+01 
  1.2903e+02  -4.2208e+01   7.8193e+00  -2.3736e+01   3.9881e+00 
  1.0185e+01  -5.2196e+00  -8.5303e+00   6.8287e+00  -2.9466e+00 
  4.7335e-01   2.5993e-03   0.0000e+00   5.7623e-02   3.4828e-02 
  1.7483e-02   1.0234e-02   5.7303e-03   2.9693e-03   2.1020e-03 
  1.9730e-03   1.5827e-03   1.0786e-03   5.6348e-04   3.1809e-04 
  1.1089e-04   2.2361e-05   6.9446e-07   0.0000e+00  -9.4728e+00 
  7.9088e+00 

########################
# 00000026
########################
RSS 34597.34782198173
BP 0:
a0:   4.2492e+00   e0:  -4.9012e+00   b0:   1.0852e+03   
P: 
  2.6795e+06  -9.2557e+01   3.2858e+02  -3.5404e+02  -6.7480e+01 
  1.3661e+02  -3.7958e+01   7.5297e+00  -2.1582e+01   3.3647e+00 
  1.0529e+01  -5.1792e+00  -8.8499e+00   6.0286e+00  -2.6971e+00 
  5.2923e-01   2.5052e-03   0.0000e+00   5.7623e-02   3.4828e-02 
  1.7483e-02   1.0234e-02   5.7303e-03   2.9693e-03   2.1020e-03 
  1.9730e-03   1.5827e-03   1.0786e-03   5.6348e-04   3.1809e-04 
  1.1089e-04   2.2361e-05   6.9446e-07   0.0000e+00  -9.4728e+00 
  7.9088e+00 

########################
# 00000027
########################
RSS 34616.171415781195
BP 0:
a0:   4.1402e+00   e0:  -4.3258e+00   b0:   7.1444e+02   
P: 
  3.8216e+06  -1.2906e+02   3.3816e+02  -3.0586e+02  -6.9526e+01 
  1.3518e+02  -3.5506e+01   1.1956e+01  -2.3931e+01   4.1488e+00 
  1.0707e+01  -5.7984e+00  -1.0442e+01   8.3355e+00  -3.1088e+00 
  4.2758e-01   2.2489e-03   0.0000e+00   5.7623e-02   3.4828e-02 
  1.7483e-02   1.0234e-02   5.7303e-03   2.9693e-03   2.1020e-03 
  1.9730e-03   1.5827e-03   1.0786e-03   5.6348e-04   3.1809e-04 
  1.1089e-04   2.2361e-05   6.9446e-07   0.0000e+00  -9.4728e+00 
  7.9088e+00 

########################
# 00000028
########################
RSS 34663.53557048174
BP 0:
a0:   4.1629e+00   e0:  -5.4570e+00   b0:   6.0898e+02   
P: 
  3.2832e+06  -1.2361e+02   3.3753e+02  -3.3913e+02  -7.0627e+01 
  1.1942e+02  -3.5228e+01   1.3643e+01  -2.3151e+01   4.2510e+00 
  1.2193e+01  -6.0018e+00  -1.0199e+01   7.9611e+00  -3.1048e+00 
  4.9276e-01   2.2378e-03   0.0000e+00   5.7623e-02   3.4828e-02 
  1.7483e-02   1.0234e-02   5.7303e-03   2.9693e-03   2.1020e-03 
  1.9730e-03   1.5827e-03   1.0786e-03   5.6348e-04   3.1809e-04 
  1.1089e-04   2.2361e-05   6.9446e-07   0.0000e+00  -9.4728e+00 
  7.9088e+00 

########################
# 00000029
########################
RSS 34682.79483569788
BP 0:
a0:   4.1949e+00   e0:  -5.8495e+00   b0:   7.5790e+02   
P: 
  2.5130e+06  -8.9430e+01   3.2129e+02  -3.2287e+02  -6.2653e+01 
  1.4093e+02  -4.3349e+01   6.0507e+00  -2.4512e+01   3.2273e+00 
  1.0291e+01  -5.1698e+00  -8.9634e+00   6.6797e+00  -2.8307e+00 
  5.2191e-01   2.9036e-03   0.0000e+00   5.7623e-02   3.4828e-02 
  1.7483e-02   1.0234e-02   5.7303e-03   2.9693e-03   2.1020e-03 
  1.9730e-03   1.5827e-03   1.0786e-03   5.6348e-04   3.1809e-04 
  1.1089e-04   2.2361e-05   6.9446e-07   0.0000e+00  -9.4728e+00 
  7.9088e+00 

########################
# 00000030
########################
RSS 35078.66801141473
BP 0:
a0:   4.0716e+00   e0:  -5.4786e+00   b0:   4.6145e+02   
P: 
  3.7655e+06  -1.3946e+02   3.3779e+02  -2.9299e+02  -6.8579e+01 
  1.2256e+02  -3.8465e+01   1.5176e+01  -2.3133e+01   4.1436e+00 
  1.0638e+01  -5.3195e+00  -1.0303e+01   8.3307e+00  -3.0762e+00 
  4.3016e-01   2.3885e-03   0.0000e+00   5.7623e-02   3.4828e-02 
  1.7483e-02   1.0234e-02   5.7303e-03   2.9693e-03   2.1020e-03 
  1.9730e-03   1.5827e-03   1.0786e-03   5.6348e-04   3.1809e-04 
  1.1089e-04   2.2361e-05   6.9446e-07   0.0000e+00  -9.4728e+00 
  7.9088e+00 

########################
# 00000031
########################
RSS 36019.18388772605
BP 0:
a0:   4.2443e+00   e0:  -3.1718e+00   b0:   9.0047e+02   
P: 
  3.2513e+06  -1.1061e+02   3.3904e+02  -3.5373e+02  -7.4095e+01 
  1.2792e+02  -3.8205e+01   1.5140e+01  -2.2116e+01   4.4735e+00 
  1.2671e+01  -5.8654e+00  -1.0446e+01   7.8078e+00  -3.1129e+00 
  4.7379e-01   2.3830e-03   0.0000e+00   5.7623e-02   3.4828e-02 
  1.7483e-02   1.0234e-02   5.7303e-03   2.9693e-03   2.1020e-03 
  1.9730e-03   1.5827e-03   1.0786e-03   5.6348e-04   3.1809e-04 
  1.1089e-04   2.2361e-05   6.9446e-07   0.0000e+00  -9.4728e+00 
  7.9088e+00 

########################
# 00000032
########################
RSS 36869.284034927434
BP 0:
a0:   4.2265e+00   e0:  -4.3476e+00   b0:   1.1095e+03   
P: 
  3.0557e+06  -8.6160e+01   3.3121e+02  -3.2204e+02  -6.5529e+01 
  1.3211e+02  -3.4882e+01   9.1964e+00  -2.1222e+01   3.4026e+00 
  1.0663e+01  -5.6977e+00  -9.2177e+00   6.4824e+00  -2.6805e+00 
  4.5959e-01   2.8883e-03   0.0000e+00   5.7623e-02   3.4828e-02 
  1.7483e-02   1.0234e-02   5.7303e-03   2.9693e-03   2.1020e-03 
  1.9730e-03   1.5827e-03   1.0786e-03   5.6348e-04   3.1809e-04 
  1.1089e-04   2.2361e-05   6.9446e-07   0.0000e+00  -9.4728e+00 
  7.9088e+00 

########################
# 00000033
########################
RSS 37111.1480989829
BP 0:
a0:   4.0630e+00   e0:  -5.8450e+00   b0:   4.0743e+02   
P: 
  3.7920e+06  -1.2782e+02   3.8073e+02  -3.0023e+02  -7.5672e+01 
  1.2870e+02  -3.3886e+01   1.4378e+01  -2.1803e+01   4.3803e+00 
  1.1036e+01  -5.3544e+00  -1.0225e+01   8.2068e+00  -3.0325e+00 
  4.3373e-01   2.3635e-03   0.0000e+00   5.7623e-02   3.4828e-02 
  1.7483e-02   1.0234e-02   5.7303e-03   2.9693e-03   2.1020e-03 
  1.9730e-03   1.5827e-03   1.0786e-03   5.6348e-04   3.1809e-04 
  1.1089e-04   2.2361e-05   6.9446e-07   0.0000e+00  -9.4728e+00 
  7.9088e+00 

########################
# 00000034
########################
RSS 37253.54747292616
BP 0:
a0:   4.2863e+00   e0:  -2.1113e+00   b0:   1.0310e+03   
P: 
  2.4940e+06  -9.0973e+01   3.4129e+02  -3.5212e+02  -6.5630e+01 
  1.3584e+02  -3.9390e+01   7.3753e+00  -2.1992e+01   3.5633e+00 
  1.0826e+01  -5.6356e+00  -7.7043e+00   5.8012e+00  -2.6486e+00 
  4.6075e-01   2.7197e-03   0.0000e+00   5.7623e-02   3.4828e-02 
  1.7483e-02   1.0234e-02   5.7303e-03   2.9693e-03   2.1020e-03 
  1.9730e-03   1.5827e-03   1.0786e-03   5.6348e-04   3.1809e-04 
  1.1089e-04   2.2361e-05   6.9446e-07   0.0000e+00  -9.4728e+00 
  7.9088e+00 

########################
# 00000035
########################
RSS 38501.51322878699
BP 0:
a0:   4.2912e+00   e0:  -4.2566e+00   b0:   1.2840e+03   
P: 
  2.5793e+06  -8.5722e+01   3.4429e+02  -3.1976e+02  -6.9915e+01 
  1.3037e+02  -3.4781e+01   7.0663e+00  -2.2320e+01   3.2024e+00 
  1.2467e+01  -5.4228e+00  -9.1672e+00   5.7415e+00  -2.6576e+00 
  5.3647e-01   2.7604e-03   0.0000e+00   5.7623e-02   3.4828e-02 
  1.7483e-02   1.0234e-02   5.7303e-03   2.9693e-03   2.1020e-03 
  1.9730e-03   1.5827e-03   1.0786e-03   5.6348e-04   3.1809e-04 
  1.1089e-04   2.2361e-05   6.9446e-07   0.0000e+00  -9.4728e+00 
  7.9088e+00 

########################
# 00000036
########################
RSS 38542.9255893254
BP 0:
a0:   4.2827e+00   e0:  -2.0120e+00   b0:   9.5618e+02   
P: 
  3.4724e+06  -8.8578e+01   2.9877e+02  -3.2339e+02  -7.3289e+01 
  1.2624e+02  -4.1667e+01   8.8720e+00  -2.6096e+01   3.4130e+00 
  1.1236e+01  -5.0066e+00  -8.9378e+00   6.6750e+00  -2.8934e+00 
  4.7138e-01   2.7110e-03   0.0000e+00   5.7623e-02   3.4828e-02 
  1.7483e-02   1.0234e-02   5.7303e-03   2.9693e-03   2.1020e-03 
  1.9730e-03   1.5827e-03   1.0786e-03   5.6348e-04   3.1809e-04 
  1.1089e-04   2.2361e-05   6.9446e-07   0.0000e+00  -9.4728e+00 
  7.9088e+00 

########################
# 00000037
########################
RSS 40109.16684025764
BP 0:
a0:   4.2593e+00   e0:  -4.0691e+00   b0:   1.1297e+03   
P: 
  3.1434e+06  -9.5622e+01   3.0234e+02  -3.4337e+02  -6.6686e+01 
  1.2598e+02  -4.3275e+01   9.1237e+00  -2.5642e+01   3.2323e+00 
  1.0223e+01  -5.2381e+00  -9.4019e+00   6.2620e+00  -2.6763e+00 
  4.8399e-01   2.4711e-03   0.0000e+00   5.7623e-02   3.4828e-02 
  1.7483e-02   1.0234e-02   5.7303e-03   2.9693e-03   2.1020e-03 
  1.9730e-03   1.5827e-03   1.0786e-03   5.6348e-04   3.1809e-04 
  1.1089e-04   2.2361e-05   6.9446e-07   0.0000e+00  -9.4728e+00 
  7.9088e+00 

########################
# 00000038
########################
RSS 40348.26730513042
BP 0:
a0:   4.1959e+00   e0:  -5.7564e+00   b0:   7.5422e+02   
P: 
  3.3498e+06  -1.1371e+02   3.1870e+02  -3.1340e+02  -7.6839e+01 
  1.1688e+02  -4.3405e+01   1.4218e+01  -2.1946e+01   4.1222e+00 
  1.2314e+01  -5.4092e+00  -1.0786e+01   7.7715e+00  -3.0218e+00 
  4.9536e-01   2.5897e-03   0.0000e+00   5.7623e-02   3.4828e-02 
  1.7483e-02   1.0234e-02   5.7303e-03   2.9693e-03   2.1020e-03 
  1.9730e-03   1.5827e-03   1.0786e-03   5.6348e-04   3.1809e-04 
  1.1089e-04   2.2361e-05   6.9446e-07   0.0000e+00  -9.4728e+00 
  7.9088e+00 

########################
# 00000039
########################
RSS 40661.171950152086
BP 0:
a0:   4.2158e+00   e0:  -2.8816e+00   b0:   9.8808e+02   
P: 
  3.4835e+06  -1.0349e+02   3.0510e+02  -3.2274e+02  -7.4186e+01 
  1.3001e+02  -3.3828e+01   1.3667e+01  -2.1590e+01   3.9033e+00 
  1.1400e+01  -5.7346e+00  -1.0271e+01   7.6478e+00  -2.9152e+00 
  4.0208e-01   2.5783e-03   0.0000e+00   5.7623e-02   3.4828e-02 
  1.7483e-02   1.0234e-02   5.7303e-03   2.9693e-03   2.1020e-03 
  1.9730e-03   1.5827e-03   1.0786e-03   5.6348e-04   3.1809e-04 
  1.1089e-04   2.2361e-05   6.9446e-07   0.0000e+00  -9.4728e+00 
  7.9088e+00 

########################
# 00000040
########################
RSS 41269.40271080889
BP 0:
a0:   4.2618e+00   e0:  -4.1208e+00   b0:   1.2317e+03   
P: 
  3.0237e+06  -1.1870e+02   3.2083e+02  -3.3927e+02  -6.7467e+01 
  1.3185e+02  -3.3588e+01   1.0018e+01  -2.1366e+01   3.4179e+00 
  1.2481e+01  -5.1402e+00  -1.0381e+01   6.5140e+00  -2.6061e+00 
  4.3775e-01   2.8337e-03   0.0000e+00   5.7623e-02   3.4828e-02 
  1.7483e-02   1.0234e-02   5.7303e-03   2.9693e-03   2.1020e-03 
  1.9730e-03   1.5827e-03   1.0786e-03   5.6348e-04   3.1809e-04 
  1.1089e-04   2.2361e-05   6.9446e-07   0.0000e+00  -9.4728e+00 
  7.9088e+00 

########################
# 00000041
########################
RSS 41541.34550333427
BP 0:
a0:   4.1424e+00   e0:  -6.6459e+00   b0:   5.1860e+02   
P: 
  3.3357e+06  -1.0894e+02   3.2115e+02  -3.0184e+02  -7.2379e+01 
  1.2745e+02  -3.6827e+01   1.1828e+01  -1.9709e+01   3.4774e+00 
  1.1659e+01  -5.7224e+00  -9.1385e+00   6.9627e+00  -2.7348e+00 
  4.6654e-01   2.5997e-03   0.0000e+00   5.7623e-02   3.4828e-02 
  1.7483e-02   1.0234e-02   5.7303e-03   2.9693e-03   2.1020e-03 
  1.9730e-03   1.5827e-03   1.0786e-03   5.6348e-04   3.1809e-04 
  1.1089e-04   2.2361e-05   6.9446e-07   0.0000e+00  -9.4728e+00 
  7.9088e+00 

########################
# 00000042
########################
RSS 41684.15306162755
BP 0:
a0:   4.2568e+00   e0:  -3.0235e+00   b0:   1.2041e+03   
P: 
  3.3369e+06  -9.6796e+01   3.5753e+02  -3.4325e+02  -7.0061e+01 
  1.2989e+02  -4.4099e+01   9.3724e+00  -2.2962e+01   3.2487e+00 
  1.1311e+01  -5.4761e+00  -9.4759e+00   6.5572e+00  -2.7645e+00 
  4.6426e-01   2.5279e-03   0.0000e+00   5.7623e-02   3.4828e-02 
  1.7483e-02   1.0234e-02   5.7303e-03   2.9693e-03   2.1020e-03 
  1.9730e-03   1.5827e-03   1.0786e-03   5.6348e-04   3.1809e-04 
  1.1089e-04   2.2361e-05   6.9446e-07   0.0000e+00  -9.4728e+00 
  7.9088e+00 

########################
# 00000043
########################
RSS 41774.89680649732
BP 0:
a0:   4.2265e+00   e0:  -2.4616e+00   b0:   9.1622e+02   
P: 
  3.0134e+06  -1.3985e+02   3.6684e+02  -3.6518e+02  -6.6495e+01 
  1.2755e+02  -3.9955e+01   1.2796e+01  -2.5182e+01   4.4788e+00 
  1.2182e+01  -6.4249e+00  -1.0043e+01   7.9363e+00  -3.1460e+00 
  4.5258e-01   2.2740e-03   0.0000e+00   5.7623e-02   3.4828e-02 
  1.7483e-02   1.0234e-02   5.7303e-03   2.9693e-03   2.1020e-03 
  1.9730e-03   1.5827e-03   1.0786e-03   5.6348e-04   3.1809e-04 
  1.1089e-04   2.2361e-05   6.9446e-07   0.0000e+00  -9.4728e+00 
  7.9088e+00 

########################
# 00000044
########################
RSS 41843.51375783046
BP 0:
a0:   4.2541e+00   e0:  -3.6741e+00   b0:   1.2486e+03   
P: 
  3.0689e+06  -1.1863e+02   3.2535e+02  -3.3972e+02  -7.2503e+01 
  1.1776e+02  -3.1096e+01   1.0293e+01  -2.1328e+01   3.8819e+00 
  1.1566e+01  -5.2887e+00  -9.8526e+00   6.3153e+00  -2.5167e+00 
  4.0998e-01   2.6080e-03   0.0000e+00   5.7623e-02   3.4828e-02 
  1.7483e-02   1.0234e-02   5.7303e-03   2.9693e-03   2.1020e-03 
  1.9730e-03   1.5827e-03   1.0786e-03   5.6348e-04   3.1809e-04 
  1.1089e-04   2.2361e-05   6.9446e-07   0.0000e+00  -9.4728e+00 
  7.9088e+00 

########################
# 00000045
########################
RSS 42708.603848094746
BP 0:
a0:   4.2473e+00   e0:  -5.6223e+00   b0:   1.1678e+03   
P: 
  2.7657e+06  -8.2418e+01   2.9247e+02  -3.0871e+02  -6.5576e+01 
  1.3321e+02  -3.7029e+01   1.0202e+01  -2.7083e+01   3.2975e+00 
  1.1847e+01  -5.4985e+00  -9.3097e+00   5.8261e+00  -2.4583e+00 
  4.7558e-01   2.8194e-03   0.0000e+00   5.7623e-02   3.4828e-02 
  1.7483e-02   1.0234e-02   5.7303e-03   2.9693e-03   2.1020e-03 
  1.9730e-03   1.5827e-03   1.0786e-03   5.6348e-04   3.1809e-04 
  1.1089e-04   2.2361e-05   6.9446e-07   0.0000e+00  -9.4728e+00 
  7.9088e+00 

########################
# 00000046
########################
RSS 43301.17352395692
BP 0:
a0:   4.1994e+00   e0:  -6.0854e+00   b0:   9.5111e+02   
P: 
  3.0858e+06  -7.9697e+01   3.2678e+02  -3.4542e+02  -6.5183e+01 
  1.2988e+02  -4.3103e+01   7.1485e+00  -2.3562e+01   3.2710e+00 
  1.0912e+01  -5.5348e+00  -9.2788e+00   6.3125e+00  -2.4940e+00 
  4.3847e-01   2.8792e-03   0.0000e+00   5.7623e-02   3.4828e-02 
  1.7483e-02   1.0234e-02   5.7303e-03   2.9693e-03   2.1020e-03 
  1.9730e-03   1.5827e-03   1.0786e-03   5.6348e-04   3.1809e-04 
  1.1089e-04   2.2361e-05   6.9446e-07   0.0000e+00  -9.4728e+00 
  7.9088e+00 

########################
# 00000047
########################
RSS 44509.19161021659
BP 0:
a0:   4.2872e+00   e0:  -1.6026e+00   b0:   9.9015e+02   
P: 
  2.7708e+06  -7.1762e+01   2.9651e+02  -3.4298e+02  -6.4694e+01 
  1.2907e+02  -4.4703e+01   8.8464e+00  -2.6829e+01   3.4703e+00 
  1.1781e+01  -5.6220e+00  -8.6782e+00   6.6281e+00  -2.8895e+00 
  4.6399e-01   2.6511e-03   0.0000e+00   5.7623e-02   3.4828e-02 
  1.7483e-02   1.0234e-02   5.7303e-03   2.9693e-03   2.1020e-03 
  1.9730e-03   1.5827e-03   1.0786e-03   5.6348e-04   3.1809e-04 
  1.1089e-04   2.2361e-05   6.9446e-07   0.0000e+00  -9.4728e+00 
  7.9088e+00 

########################
# 00000048
########################
RSS 44620.34909211375
BP 0:
a0:   4.2776e+00   e0:  -2.5806e+00   b0:   1.2363e+03   
P: 
  2.8297e+06  -8.6729e+01   3.0273e+02  -3.5483e+02  -6.5031e+01 
  1.2599e+02  -3.8463e+01   8.6890e+00  -2.1342e+01   3.5516e+00 
  1.1080e+01  -5.2951e+00  -9.1681e+00   6.3872e+00  -2.8583e+00 
  5.0774e-01   2.7055e-03   0.0000e+00   5.7623e-02   3.4828e-02 
  1.7483e-02   1.0234e-02   5.7303e-03   2.9693e-03   2.1020e-03 
  1.9730e-03   1.5827e-03   1.0786e-03   5.6348e-04   3.1809e-04 
  1.1089e-04   2.2361e-05   6.9446e-07   0.0000e+00  -9.4728e+00 
  7.9088e+00 

########################
# 00000049
########################
RSS 45883.688262384836
BP 0:
a0:   4.2316e+00   e0:  -2.9177e+00   b0:   1.1073e+03   
P: 
  3.0845e+06  -1.2022e+02   3.3000e+02  -3.2334e+02  -7.6282e+01 
  1.3018e+02  -4.4207e+01   1.1549e+01  -2.4621e+01   4.3837e+00 
  1.1239e+01  -5.4906e+00  -1.0640e+01   7.7281e+00  -3.0634e+00 
  4.6151e-01   2.3200e-03   0.0000e+00   5.7623e-02   3.4828e-02 
  1.7483e-02   1.0234e-02   5.7303e-03   2.9693e-03   2.1020e-03 
  1.9730e-03   1.5827e-03   1.0786e-03   5.6348e-04   3.1809e-04 
  1.1089e-04   2.2361e-05   6.9446e-07   0.0000e+00  -9.4728e+00 
  7.9088e+00 

########################
# 00000050
########################
RSS 46633.523333470504
BP 0:
a0:   4.3085e+00   e0:  -1.8831e+00   b0:   1.1350e+03   
P: 
  2.9981e+06  -1.1187e+02   3.0580e+02  -3.6122e+02  -6.0292e+01 
  1.4098e+02  -3.8957e+01   7.2639e+00  -2.3620e+01   3.3582e+00 
  1.2568e+01  -5.1769e+00  -9.3509e+00   6.4882e+00  -2.8579e+00 
  4.8173e-01   2.6528e-03   0.0000e+00   5.7623e-02   3.4828e-02 
  1.7483e-02   1.0234e-02   5.7303e-03   2.9693e-03   2.1020e-03 
  1.9730e-03   1.5827e-03   1.0786e-03   5.6348e-04   3.1809e-04 
  1.1089e-04   2.2361e-05   6.9446e-07   0.0000e+00  -9.4728e+00 
  7.9088e+00 

########################
# 00000051
########################
RSS 46766.137507698164
BP 0:
a0:   4.1325e+00   e0:  -5.8204e+00   b0:   7.2747e+02   
P: 
  3.7062e+06  -1.1991e+02   3.6170e+02  -3.1817e+02  -7.4555e+01 
  1.1517e+02  -4.1894e+01   1.4572e+01  -2.1968e+01   4.4333e+00 
  1.1565e+01  -5.8504e+00  -1.1077e+01   8.3068e+00  -2.9899e+00 
  4.1990e-01   2.4447e-03   0.0000e+00   5.7623e-02   3.4828e-02 
  1.7483e-02   1.0234e-02   5.7303e-03   2.9693e-03   2.1020e-03 
  1.9730e-03   1.5827e-03   1.0786e-03   5.6348e-04   3.1809e-04 
  1.1089e-04   2.2361e-05   6.9446e-07   0.0000e+00  -9.4728e+00 
  7.9088e+00 

########################
# 00000052
########################
RSS 47048.1699958739
BP 0:
a0:   4.2848e+00   e0:  -3.3933e+00   b0:   1.4249e+03   
P: 
  3.4717e+06  -1.0938e+02   3.5802e+02  -3.2065e+02  -7.2418e+01 
  1.2454e+02  -4.0206e+01   7.0557e+00  -2.5441e+01   3.6048e+00 
  1.2302e+01  -5.3834e+00  -9.5591e+00   5.8173e+00  -2.5477e+00 
  4.7172e-01   2.6537e-03   0.0000e+00   5.7623e-02   3.4828e-02 
  1.7483e-02   1.0234e-02   5.7303e-03   2.9693e-03   2.1020e-03 
  1.9730e-03   1.5827e-03   1.0786e-03   5.6348e-04   3.1809e-04 
  1.1089e-04   2.2361e-05   6.9446e-07   0.0000e+00  -9.4728e+00 
  7.9088e+00 

########################
# 00000053
########################
RSS 47088.78259302318
BP 0:
a0:   4.2936e+00   e0:  -2.6053e+00   b0:   1.2044e+03   
P: 
  2.9898e+06  -1.0051e+02   3.4030e+02  -3.3293e+02  -6.2223e+01 
  1.3805e+02  -3.7617e+01   1.0126e+01  -2.5470e+01   2.6895e+00 
  1.1312e+01  -5.4502e+00  -9.2419e+00   6.1020e+00  -2.6667e+00 
  4.6355e-01   2.8418e-03   0.0000e+00   5.7623e-02   3.4828e-02 
  1.7483e-02   1.0234e-02   5.7303e-03   2.9693e-03   2.1020e-03 
  1.9730e-03   1.5827e-03   1.0786e-03   5.6348e-04   3.1809e-04 
  1.1089e-04   2.2361e-05   6.9446e-07   0.0000e+00  -9.4728e+00 
  7.9088e+00 

########################
# 00000054
########################
RSS 47179.339915402306
BP 0:
a0:   4.2388e+00   e0:  -3.5212e+00   b0:   1.1952e+03   
P: 
  3.3202e+06  -1.2606e+02   3.5285e+02  -3.4568e+02  -7.8595e+01 
  1.2179e+02  -4.2958e+01   1.6920e+01  -2.2694e+01   4.4854e+00 
  1.2161e+01  -5.8207e+00  -1.0861e+01   7.5134e+00  -2.9493e+00 
  4.5604e-01   2.4188e-03   0.0000e+00   5.7623e-02   3.4828e-02 
  1.7483e-02   1.0234e-02   5.7303e-03   2.9693e-03   2.1020e-03 
  1.9730e-03   1.5827e-03   1.0786e-03   5.6348e-04   3.1809e-04 
  1.1089e-04   2.2361e-05   6.9446e-07   0.0000e+00  -9.4728e+00 
  7.9088e+00 

########################
# 00000055
########################
RSS 48884.24853975621
BP 0:
a0:   4.2101e+00   e0:  -6.1802e+00   b0:   9.5475e+02   
P: 
  3.0479e+06  -1.1510e+02   3.3012e+02  -3.6999e+02  -7.6051e+01 
  1.1100e+02  -4.0693e+01   1.7303e+01  -2.4001e+01   4.0427e+00 
  1.2401e+01  -5.6224e+00  -1.0532e+01   7.0343e+00  -2.7017e+00 
  4.5896e-01   2.6105e-03   0.0000e+00   5.7623e-02   3.4828e-02 
  1.7483e-02   1.0234e-02   5.7303e-03   2.9693e-03   2.1020e-03 
  1.9730e-03   1.5827e-03   1.0786e-03   5.6348e-04   3.1809e-04 
  1.1089e-04   2.2361e-05   6.9446e-07   0.0000e+00  -9.4728e+00 
  7.9088e+00 

########################
# 00000056
########################
RSS 49007.23260412846
BP 0:
a0:   4.1828e+00   e0:  -5.6501e+00   b0:   9.3913e+02   
P: 
  3.3643e+06  -1.2164e+02   3.1393e+02  -3.0080e+02  -7.9216e+01 
  1.2751e+02  -4.3821e+01   1.3778e+01  -2.4687e+01   4.8880e+00 
  1.2099e+01  -5.9099e+00  -1.1135e+01   7.7820e+00  -2.8276e+00 
  4.1789e-01   2.4810e-03   0.0000e+00   5.7623e-02   3.4828e-02 
  1.7483e-02   1.0234e-02   5.7303e-03   2.9693e-03   2.1020e-03 
  1.9730e-03   1.5827e-03   1.0786e-03   5.6348e-04   3.1809e-04 
  1.1089e-04   2.2361e-05   6.9446e-07   0.0000e+00  -9.4728e+00 
  7.9088e+00 

########################
# 00000057
########################
RSS 49571.28293303115
BP 0:
a0:   4.2877e+00   e0:  -2.3539e+00   b0:   1.1900e+03   
P: 
  2.4579e+06  -9.4007e+01   3.4079e+02  -3.6028e+02  -6.6866e+01 
  1.3901e+02  -4.0621e+01   6.0926e+00  -2.4336e+01   3.6964e+00 
  1.0519e+01  -5.6995e+00  -8.8810e+00   6.1563e+00  -2.7325e+00 
  4.7460e-01   2.7574e-03   0.0000e+00   5.7623e-02   3.4828e-02 
  1.7483e-02   1.0234e-02   5.7303e-03   2.9693e-03   2.1020e-03 
  1.9730e-03   1.5827e-03   1.0786e-03   5.6348e-04   3.1809e-04 
  1.1089e-04   2.2361e-05   6.9446e-07   0.0000e+00  -9.4728e+00 
  7.9088e+00 

########################
# 00000058
########################
RSS 49761.348983956916
BP 0:
a0:   4.1823e+00   e0:  -2.2911e+00   b0:   9.5305e+02   
P: 
  2.7127e+06  -1.0748e+02   3.4338e+02  -3.1400e+02  -7.0936e+01 
  1.1245e+02  -4.0311e+01   1.6034e+01  -2.5013e+01   5.1025e+00 
  9.5731e+00  -5.0316e+00  -1.1020e+01   8.4661e+00  -3.0924e+00 
  3.7609e-01   2.0316e-03   0.0000e+00   5.7623e-02   3.4828e-02 
  1.7483e-02   1.0234e-02   5.7303e-03   2.9693e-03   2.1020e-03 
  1.9730e-03   1.5827e-03   1.0786e-03   5.6348e-04   3.1809e-04 
  1.1089e-04   2.2361e-05   6.9446e-07   0.0000e+00  -9.4728e+00 
  7.9088e+00 

########################
# 00000059
########################
RSS 50507.95401991388
BP 0:
a0:   4.2422e+00   e0:  -6.2901e+00   b0:   1.1833e+03   
P: 
  2.9998e+06  -9.0961e+01   3.3012e+02  -3.1398e+02  -6.6826e+01 
  1.3990e+02  -4.0657e+01   8.0580e+00  -2.2596e+01   3.2139e+00 
  1.1187e+01  -5.1485e+00  -9.4026e+00   5.7784e+00  -2.4947e+00 
  5.1287e-01   2.5340e-03   0.0000e+00   5.7623e-02   3.4828e-02 
  1.7483e-02   1.0234e-02   5.7303e-03   2.9693e-03   2.1020e-03 
  1.9730e-03   1.5827e-03   1.0786e-03   5.6348e-04   3.1809e-04 
  1.1089e-04   2.2361e-05   6.9446e-07   0.0000e+00  -9.4728e+00 
  7.9088e+00 

########################
# 00000060
########################
RSS 50703.70651191219
BP 0:
a0:   4.2503e+00   e0:  -1.6794e+00   b0:   1.0874e+03   
P: 
  3.1377e+06  -1.1581e+02   3.5022e+02  -3.1465e+02  -6.6382e+01 
  1.3502e+02  -4.3229e+01   8.3791e+00  -2.3578e+01   3.9735e+00 
  1.0729e+01  -6.0558e+00  -8.9560e+00   7.0591e+00  -3.0071e+00 
  4.6600e-01   2.8969e-03   0.0000e+00   5.7623e-02   3.4828e-02 
  1.7483e-02   1.0234e-02   5.7303e-03   2.9693e-03   2.1020e-03 
  1.9730e-03   1.5827e-03   1.0786e-03   5.6348e-04   3.1809e-04 
  1.1089e-04   2.2361e-05   6.9446e-07   0.0000e+00  -9.4728e+00 
  7.9088e+00 

########################
# 00000061
########################
RSS 52081.512846531194
BP 0:
a0:   4.2699e+00   e0:  -1.9059e+00   b0:   1.2043e+03   
P: 
  3.1256e+06  -1.1945e+02   3.1067e+02  -3.1726e+02  -6.0240e+01 
  1.2899e+02  -3.7033e+01   8.0298e+00  -2.2645e+01   3.6670e+00 
  1.0988e+01  -5.3283e+00  -9.5479e+00   6.9360e+00  -3.0103e+00 
  4.9584e-01   2.7262e-03   0.0000e+00   5.7623e-02   3.4828e-02 
  1.7483e-02   1.0234e-02   5.7303e-03   2.9693e-03   2.1020e-03 
  1.9730e-03   1.5827e-03   1.0786e-03   5.6348e-04   3.1809e-04 
  1.1089e-04   2.2361e-05   6.9446e-07   0.0000e+00  -9.4728e+00 
  7.9088e+00 

########################
# 00000062
########################
RSS 52720.991586417236
BP 0:
a0:   4.1796e+00   e0:  -7.4496e+00   b0:   5.9620e+02   
P: 
  2.8413e+06  -9.9094e+01   3.0792e+02  -3.2924e+02  -6.3585e+01 
  1.3050e+02  -4.2874e+01   8.5492e+00  -2.3885e+01   3.1455e+00 
  1.1513e+01  -5.4915e+00  -8.6355e+00   6.2338e+00  -2.6131e+00 
  5.1488e-01   2.7013e-03   0.0000e+00   5.7623e-02   3.4828e-02 
  1.7483e-02   1.0234e-02   5.7303e-03   2.9693e-03   2.1020e-03 
  1.9730e-03   1.5827e-03   1.0786e-03   5.6348e-04   3.1809e-04 
  1.1089e-04   2.2361e-05   6.9446e-07   0.0000e+00  -9.4728e+00 
  7.9088e+00 

########################
# 00000063
########################
RSS 52869.048181694496
BP 0:
a0:   4.2203e+00   e0:  -5.0433e+00   b0:   1.2164e+03   
P: 
  3.4473e+06  -1.1198e+02   3.0900e+02  -3.3938e+02  -6.5492e+01 
  1.2313e+02  -3.3191e+01   1.4762e+01  -2.2340e+01   3.9860e+00 
  1.2334e+01  -6.3507e+00  -1.1020e+01   7.6804e+00  -3.0961e+00 
  5.3002e-01   2.3639e-03   0.0000e+00   5.7623e-02   3.4828e-02 
  1.7483e-02   1.0234e-02   5.7303e-03   2.9693e-03   2.1020e-03 
  1.9730e-03   1.5827e-03   1.0786e-03   5.6348e-04   3.1809e-04 
  1.1089e-04   2.2361e-05   6.9446e-07   0.0000e+00  -9.4728e+00 
  7.9088e+00 

########################
# 00000064
########################
RSS 54309.37003069954
BP 0:
a0:   4.2880e+00   e0:  -2.1181e+00   b0:   1.3821e+03   
P: 
  2.7016e+06  -8.8698e+01   3.6787e+02  -3.5220e+02  -6.9759e+01 
  1.2322e+02  -4.3579e+01   8.6495e+00  -2.2028e+01   3.1894e+00 
  1.2353e+01  -5.6705e+00  -9.3311e+00   6.1062e+00  -2.6584e+00 
  4.5274e-01   2.6730e-03   0.0000e+00   5.7623e-02   3.4828e-02 
  1.7483e-02   1.0234e-02   5.7303e-03   2.9693e-03   2.1020e-03 
  1.9730e-03   1.5827e-03   1.0786e-03   5.6348e-04   3.1809e-04 
  1.1089e-04   2.2361e-05   6.9446e-07   0.0000e+00  -9.4728e+00 
  7.9088e+00 

########################
# 00000065
########################
RSS 54362.455385378475
BP 0:
a0:   4.2814e+00   e0:  -1.9080e+00   b0:   1.3137e+03   
P: 
  2.7637e+06  -8.3242e+01   3.3383e+02  -3.2859e+02  -6.7632e+01 
  1.4545e+02  -3.7138e+01   8.8557e+00  -2.5395e+01   3.4526e+00 
  1.1440e+01  -4.9081e+00  -9.6587e+00   6.3667e+00  -2.6878e+00 
  4.3298e-01   2.7757e-03   0.0000e+00   5.7623e-02   3.4828e-02 
  1.7483e-02   1.0234e-02   5.7303e-03   2.9693e-03   2.1020e-03 
  1.9730e-03   1.5827e-03   1.0786e-03   5.6348e-04   3.1809e-04 
  1.1089e-04   2.2361e-05   6.9446e-07   0.0000e+00  -9.4728e+00 
  7.9088e+00 

########################
# 00000066
########################
RSS 55400.98044943789
BP 0:
a0:   4.1969e+00   e0:  -6.3804e+00   b0:   9.3882e+02   
P: 
  3.0263e+06  -1.1693e+02   3.6448e+02  -3.4120e+02  -7.4716e+01 
  1.2179e+02  -3.6863e+01   1.2490e+01  -2.2005e+01   4.1712e+00 
  1.2520e+01  -5.7887e+00  -1.1182e+01   7.7311e+00  -2.9852e+00 
  5.0464e-01   2.5520e-03   0.0000e+00   5.7623e-02   3.4828e-02 
  1.7483e-02   1.0234e-02   5.7303e-03   2.9693e-03   2.1020e-03 
  1.9730e-03   1.5827e-03   1.0786e-03   5.6348e-04   3.1809e-04 
  1.1089e-04   2.2361e-05   6.9446e-07   0.0000e+00  -9.4728e+00 
  7.9088e+00 

########################
# 00000067
########################
RSS 55981.60006892843
BP 0:
a0:   4.3108e+00   e0:  -1.2980e+00   b0:   1.1875e+03   
P: 
  2.9337e+06  -1.1417e+02   3.2518e+02  -3.5315e+02  -6.7411e+01 
  1.2108e+02  -3.4540e+01   6.7330e+00  -2.4410e+01   3.1909e+00 
  1.2159e+01  -5.2641e+00  -9.0556e+00   6.4601e+00  -2.9397e+00 
  5.0325e-01   2.5145e-03   0.0000e+00   5.7623e-02   3.4828e-02 
  1.7483e-02   1.0234e-02   5.7303e-03   2.9693e-03   2.1020e-03 
  1.9730e-03   1.5827e-03   1.0786e-03   5.6348e-04   3.1809e-04 
  1.1089e-04   2.2361e-05   6.9446e-07   0.0000e+00  -9.4728e+00 
  7.9088e+00 

########################
# 00000068
########################
RSS 57902.254049589435
BP 0:
a0:   4.1662e+00   e0:  -7.4073e+00   b0:   7.1639e+02   
P: 
  2.8767e+06  -1.1777e+02   3.6430e+02  -3.5712e+02  -6.7090e+01 
  1.2167e+02  -4.0022e+01   8.5537e+00  -2.2895e+01   3.3201e+00 
  1.1375e+01  -5.8425e+00  -9.0995e+00   6.5304e+00  -2.6279e+00 
  4.9022e-01   2.7525e-03   0.0000e+00   5.7623e-02   3.4828e-02 
  1.7483e-02   1.0234e-02   5.7303e-03   2.9693e-03   2.1020e-03 
  1.9730e-03   1.5827e-03   1.0786e-03   5.6348e-04   3.1809e-04 
  1.1089e-04   2.2361e-05   6.9446e-07   0.0000e+00  -9.4728e+00 
  7.9088e+00 

########################
# 00000069
########################
RSS 58626.53873914703
BP 0:
a0:   4.3184e+00   e0:  -7.9527e-01   b0:   1.1211e+03   
P: 
  3.0779e+06  -8.0402e+01   3.1214e+02  -3.1035e+02  -6.9880e+01 
  1.2803e+02  -3.6552e+01   8.0862e+00  -2.5867e+01   3.3300e+00 
  1.2011e+01  -5.4027e+00  -8.0895e+00   5.7927e+00  -2.5949e+00 
  4.1732e-01   2.5130e-03   0.0000e+00   5.7623e-02   3.4828e-02 
  1.7483e-02   1.0234e-02   5.7303e-03   2.9693e-03   2.1020e-03 
  1.9730e-03   1.5827e-03   1.0786e-03   5.6348e-04   3.1809e-04 
  1.1089e-04   2.2361e-05   6.9446e-07   0.0000e+00  -9.4728e+00 
  7.9088e+00 

########################
# 00000070
########################
RSS 59122.90440365671
BP 0:
a0:   4.2189e+00   e0:  -1.6333e+00   b0:   1.0467e+03   
P: 
  3.7222e+06  -1.1247e+02   3.5804e+02  -2.9930e+02  -6.8221e+01 
  1.1495e+02  -3.4014e+01   1.5269e+01  -2.3884e+01   4.9339e+00 
  1.0677e+01  -5.5559e+00  -1.0954e+01   8.5108e+00  -3.3055e+00 
  4.4393e-01   2.3801e-03   0.0000e+00   5.7623e-02   3.4828e-02 
  1.7483e-02   1.0234e-02   5.7303e-03   2.9693e-03   2.1020e-03 
  1.9730e-03   1.5827e-03   1.0786e-03   5.6348e-04   3.1809e-04 
  1.1089e-04   2.2361e-05   6.9446e-07   0.0000e+00  -9.4728e+00 
  7.9088e+00 

########################
# 00000071
########################
RSS 59576.403411844825
BP 0:
a0:   4.1849e+00   e0:  -8.0231e+00   b0:   4.5706e+02   
P: 
  2.7530e+06  -7.3371e+01   3.5163e+02  -3.4187e+02  -7.1882e+01 
  1.2449e+02  -3.5200e+01   8.3540e+00  -2.6181e+01   2.8138e+00 
  1.2484e+01  -5.4002e+00  -8.4149e+00   5.9507e+00  -2.5014e+00 
  5.1149e-01   2.7411e-03   0.0000e+00   5.7623e-02   3.4828e-02 
  1.7483e-02   1.0234e-02   5.7303e-03   2.9693e-03   2.1020e-03 
  1.9730e-03   1.5827e-03   1.0786e-03   5.6348e-04   3.1809e-04 
  1.1089e-04   2.2361e-05   6.9446e-07   0.0000e+00  -9.4728e+00 
  7.9088e+00 

########################
# 00000072
########################
RSS 60280.284054626914
BP 0:
a0:   4.2817e+00   e0:  -1.8986e+00   b0:   1.4303e+03   
P: 
  2.6641e+06  -1.0794e+02   3.5151e+02  -3.2830e+02  -6.9219e+01 
  1.2178e+02  -4.1273e+01   6.8857e+00  -2.2942e+01   3.2220e+00 
  1.2218e+01  -6.0400e+00  -9.3627e+00   6.3515e+00  -2.8059e+00 
  4.8178e-01   2.4736e-03   0.0000e+00   5.7623e-02   3.4828e-02 
  1.7483e-02   1.0234e-02   5.7303e-03   2.9693e-03   2.1020e-03 
  1.9730e-03   1.5827e-03   1.0786e-03   5.6348e-04   3.1809e-04 
  1.1089e-04   2.2361e-05   6.9446e-07   0.0000e+00  -9.4728e+00 
  7.9088e+00 

########################
# 00000073
########################
RSS 62620.51379082796
BP 0:
a0:   4.0794e+00   e0:  -7.2775e+00   b0:   5.7603e+02   
P: 
  3.1017e+06  -1.4086e+02   3.1543e+02  -3.2544e+02  -7.4771e+01 
  1.1686e+02  -4.1649e+01   1.1314e+01  -2.5073e+01   4.6914e+00 
  1.0621e+01  -5.5272e+00  -1.0403e+01   7.8327e+00  -2.8159e+00 
  4.2042e-01   2.4668e-03   0.0000e+00   5.7623e-02   3.4828e-02 
  1.7483e-02   1.0234e-02   5.7303e-03   2.9693e-03   2.1020e-03 
  1.9730e-03   1.5827e-03   1.0786e-03   5.6348e-04   3.1809e-04 
  1.1089e-04   2.2361e-05   6.9446e-07   0.0000e+00  -9.4728e+00 
  7.9088e+00 

########################
# 00000074
########################
RSS 63031.84579959304
BP 0:
a0:   4.2514e+00   e0:  -3.2663e+00   b0:   1.3589e+03   
P: 
  3.5308e+06  -1.2856e+02   3.7582e+02  -3.5256e+02  -7.3489e+01 
  1.1350e+02  -3.7998e+01   1.7320e+01  -2.0543e+01   4.5023e+00 
  1.1201e+01  -5.9040e+00  -1.1206e+01   7.3139e+00  -2.8317e+00 
  4.3259e-01   2.3677e-03   0.0000e+00   5.7623e-02   3.4828e-02 
  1.7483e-02   1.0234e-02   5.7303e-03   2.9693e-03   2.1020e-03 
  1.9730e-03   1.5827e-03   1.0786e-03   5.6348e-04   3.1809e-04 
  1.1089e-04   2.2361e-05   6.9446e-07   0.0000e+00  -9.4728e+00 
  7.9088e+00 

########################
# 00000075
########################
RSS 65129.205288818135
BP 0:
a0:   4.0837e+00   e0:  -8.0455e+00   b0:   3.8727e+02   
P: 
  2.7345e+06  -1.2261e+02   2.9984e+02  -3.5892e+02  -6.1205e+01 
  1.2590e+02  -3.8762e+01   6.9680e+00  -2.3767e+01   3.2401e+00 
  1.1610e+01  -6.0062e+00  -8.5849e+00   6.8108e+00  -2.7977e+00 
  5.2574e-01   2.9501e-03   0.0000e+00   5.7623e-02   3.4828e-02 
  1.7483e-02   1.0234e-02   5.7303e-03   2.9693e-03   2.1020e-03 
  1.9730e-03   1.5827e-03   1.0786e-03   5.6348e-04   3.1809e-04 
  1.1089e-04   2.2361e-05   6.9446e-07   0.0000e+00  -9.4728e+00 
  7.9088e+00 

########################
# 00000076
########################
RSS 67128.37996367391
BP 0:
a0:   4.3300e+00   e0:  -1.4609e+00   b0:   1.3440e+03   
P: 
  3.2773e+06  -8.6548e+01   3.3316e+02  -3.3540e+02  -7.0301e+01 
  1.3351e+02  -3.5277e+01   6.5594e+00  -2.3940e+01   2.8465e+00 
  1.2253e+01  -5.6326e+00  -9.2719e+00   5.9747e+00  -2.7693e+00 
  4.9636e-01   2.5396e-03   0.0000e+00   5.7623e-02   3.4828e-02 
  1.7483e-02   1.0234e-02   5.7303e-03   2.9693e-03   2.1020e-03 
  1.9730e-03   1.5827e-03   1.0786e-03   5.6348e-04   3.1809e-04 
  1.1089e-04   2.2361e-05   6.9446e-07   0.0000e+00  -9.4728e+00 
  7.9088e+00 

########################
# 00000077
########################
RSS 67564.91402043085
BP 0:
a0:   4.2809e+00   e0:  -6.4866e-01   b0:   1.0702e+03   
P: 
  3.5946e+06  -1.4237e+02   3.5820e+02  -3.2144e+02  -7.3178e+01 
  1.1508e+02  -3.9939e+01   1.2174e+01  -2.1516e+01   4.3544e+00 
  1.2140e+01  -5.8432e+00  -9.7819e+00   7.5378e+00  -3.1326e+00 
  4.5218e-01   2.4912e-03   0.0000e+00   5.7623e-02   3.4828e-02 
  1.7483e-02   1.0234e-02   5.7303e-03   2.9693e-03   2.1020e-03 
  1.9730e-03   1.5827e-03   1.0786e-03   5.6348e-04   3.1809e-04 
  1.1089e-04   2.2361e-05   6.9446e-07   0.0000e+00  -9.4728e+00 
  7.9088e+00 

########################
# 00000078
########################
RSS 68948.92471068364
BP 0:
a0:   4.2999e+00   e0:  -6.0170e-01   b0:   1.1740e+03   
P: 
  3.4980e+06  -1.0391e+02   3.4937e+02  -3.2842e+02  -7.6907e+01 
  1.1554e+02  -3.3878e+01   8.6491e+00  -2.0391e+01   3.3829e+00 
  1.2104e+01  -5.4846e+00  -9.3316e+00   6.8758e+00  -2.9872e+00 
  4.6341e-01   2.5244e-03   0.0000e+00   5.7623e-02   3.4828e-02 
  1.7483e-02   1.0234e-02   5.7303e-03   2.9693e-03   2.1020e-03 
  1.9730e-03   1.5827e-03   1.0786e-03   5.6348e-04   3.1809e-04 
  1.1089e-04   2.2361e-05   6.9446e-07   0.0000e+00  -9.4728e+00 
  7.9088e+00 

########################
# 00000079
########################
RSS 69430.74989844512
BP 0:
a0:   4.1442e+00   e0:  -8.1282e+00   b0:   5.9550e+02   
P: 
  2.7183e+06  -1.2406e+02   3.4821e+02  -3.1643e+02  -6.9560e+01 
  1.4181e+02  -4.2511e+01   5.5417e+00  -2.3560e+01   3.0639e+00 
  1.0824e+01  -5.2609e+00  -9.0157e+00   6.5146e+00  -2.6822e+00 
  5.2507e-01   2.9159e-03   0.0000e+00   5.7623e-02   3.4828e-02 
  1.7483e-02   1.0234e-02   5.7303e-03   2.9693e-03   2.1020e-03 
  1.9730e-03   1.5827e-03   1.0786e-03   5.6348e-04   3.1809e-04 
  1.1089e-04   2.2361e-05   6.9446e-07   0.0000e+00  -9.4728e+00 
  7.9088e+00 

########################
# 00000080
########################
RSS 70295.1821985489
BP 0:
a0:   4.2914e+00   e0:  -6.4382e-01   b0:   1.2668e+03   
P: 
  2.5489e+06  -9.9240e+01   3.0709e+02  -3.5867e+02  -6.4478e+01 
  1.2571e+02  -3.4915e+01   6.4589e+00  -2.3357e+01   4.0045e+00 
  1.0207e+01  -5.4593e+00  -8.3926e+00   6.3777e+00  -2.9804e+00 
  5.0640e-01   2.8710e-03   0.0000e+00   5.7623e-02   3.4828e-02 
  1.7483e-02   1.0234e-02   5.7303e-03   2.9693e-03   2.1020e-03 
  1.9730e-03   1.5827e-03   1.0786e-03   5.6348e-04   3.1809e-04 
  1.1089e-04   2.2361e-05   6.9446e-07   0.0000e+00  -9.4728e+00 
  7.9088e+00 

########################
# 00000081
########################
RSS 70401.71051229868
BP 0:
a0:   4.3053e+00   e0:  -6.5586e-01   b0:   1.3152e+03   
P: 
  2.7877e+06  -8.5587e+01   3.2831e+02  -3.4519e+02  -7.3932e+01 
  1.3118e+02  -3.6609e+01   9.0899e+00  -2.3903e+01   3.1572e+00 
  1.0994e+01  -4.8381e+00  -8.7577e+00   6.0477e+00  -2.7546e+00 
  4.5775e-01   2.8542e-03   0.0000e+00   5.7623e-02   3.4828e-02 
  1.7483e-02   1.0234e-02   5.7303e-03   2.9693e-03   2.1020e-03 
  1.9730e-03   1.5827e-03   1.0786e-03   5.6348e-04   3.1809e-04 
  1.1089e-04   2.2361e-05   6.9446e-07   0.0000e+00  -9.4728e+00 
  7.9088e+00 

########################
# 00000082
########################
RSS 70799.65676564285
BP 0:
a0:   4.2852e+00   e0:  -6.9148e-01   b0:   1.2708e+03   
P: 
  2.6482e+06  -1.0296e+02   3.4121e+02  -3.2980e+02  -5.8284e+01 
  1.2302e+02  -3.9398e+01   7.7743e+00  -2.4188e+01   3.4076e+00 
  1.1180e+01  -5.2434e+00  -9.2854e+00   6.6689e+00  -2.8750e+00 
  4.4181e-01   2.9555e-03   0.0000e+00   5.7623e-02   3.4828e-02 
  1.7483e-02   1.0234e-02   5.7303e-03   2.9693e-03   2.1020e-03 
  1.9730e-03   1.5827e-03   1.0786e-03   5.6348e-04   3.1809e-04 
  1.1089e-04   2.2361e-05   6.9446e-07   0.0000e+00  -9.4728e+00 
  7.9088e+00 

########################
# 00000083
########################
RSS 71113.6910424301
BP 0:
a0:   4.0821e+00   e0:  -8.3316e+00   b0:   4.2026e+02   
P: 
  3.2548e+06  -9.4256e+01   3.6325e+02  -3.0127e+02  -7.0374e+01 
  1.4284e+02  -4.4242e+01   6.5317e+00  -2.7295e+01   2.9350e+00 
  1.1432e+01  -5.4070e+00  -8.7888e+00   6.4466e+00  -2.4831e+00 
  4.5188e-01   2.4167e-03   0.0000e+00   5.7623e-02   3.4828e-02 
  1.7483e-02   1.0234e-02   5.7303e-03   2.9693e-03   2.1020e-03 
  1.9730e-03   1.5827e-03   1.0786e-03   5.6348e-04   3.1809e-04 
  1.1089e-04   2.2361e-05   6.9446e-07   0.0000e+00  -9.4728e+00 
  7.9088e+00 

########################
# 00000084
########################
RSS 71635.35177476543
BP 0:
a0:   4.0435e+00   e0:  -8.2091e+00   b0:   3.8992e+02   
P: 
  3.0529e+06  -1.0835e+02   3.1713e+02  -3.0249e+02  -7.0292e+01 
  1.3629e+02  -3.6358e+01   7.7996e+00  -2.6560e+01   2.7588e+00 
  1.1705e+01  -5.7063e+00  -9.3111e+00   7.1616e+00  -2.7343e+00 
  4.6834e-01   2.8057e-03   0.0000e+00   5.7623e-02   3.4828e-02 
  1.7483e-02   1.0234e-02   5.7303e-03   2.9693e-03   2.1020e-03 
  1.9730e-03   1.5827e-03   1.0786e-03   5.6348e-04   3.1809e-04 
  1.1089e-04   2.2361e-05   6.9446e-07   0.0000e+00  -9.4728e+00 
  7.9088e+00 

########################
# 00000085
########################
RSS 71849.263461258
BP 0:
a0:   4.2939e+00   e0:  -6.2859e-01   b0:   1.1419e+03   
P: 
  2.8055e+06  -1.0906e+02   3.2832e+02  -3.4486e+02  -6.0852e+01 
  1.3545e+02  -3.9841e+01   6.9306e+00  -2.6397e+01   2.6991e+00 
  1.1369e+01  -5.6670e+00  -9.3562e+00   6.7873e+00  -2.8497e+00 
  4.1771e-01   2.7839e-03   0.0000e+00   5.7623e-02   3.4828e-02 
  1.7483e-02   1.0234e-02   5.7303e-03   2.9693e-03   2.1020e-03 
  1.9730e-03   1.5827e-03   1.0786e-03   5.6348e-04   3.1809e-04 
  1.1089e-04   2.2361e-05   6.9446e-07   0.0000e+00  -9.4728e+00 
  7.9088e+00 

########################
# 00000086
########################
RSS 75180.1179157266
BP 0:
a0:   4.2663e+00   e0:  -1.4323e+00   b0:   1.4444e+03   
P: 
  3.1810e+06  -1.3991e+02   3.3186e+02  -3.1988e+02  -6.7614e+01 
  1.2065e+02  -3.6267e+01   1.1794e+01  -2.1406e+01   4.9651e+00 
  1.1796e+01  -5.5943e+00  -1.0913e+01   7.4108e+00  -2.9776e+00 
  4.3797e-01   2.4570e-03   0.0000e+00   5.7623e-02   3.4828e-02 
  1.7483e-02   1.0234e-02   5.7303e-03   2.9693e-03   2.1020e-03 
  1.9730e-03   1.5827e-03   1.0786e-03   5.6348e-04   3.1809e-04 
  1.1089e-04   2.2361e-05   6.9446e-07   0.0000e+00  -9.4728e+00 
  7.9088e+00 

########################
# 00000087
########################
RSS 76018.74239164955
BP 0:
a0:   4.3215e+00   e0:  -1.0036e+00   b0:   1.3570e+03   
P: 
  3.0111e+06  -1.0976e+02   3.0440e+02  -3.4106e+02  -6.7074e+01 
  1.2865e+02  -4.3741e+01   6.6730e+00  -2.4858e+01   3.0756e+00 
  1.1593e+01  -5.7839e+00  -9.2242e+00   6.2815e+00  -2.9385e+00 
  5.1753e-01   2.9178e-03   0.0000e+00   5.7623e-02   3.4828e-02 
  1.7483e-02   1.0234e-02   5.7303e-03   2.9693e-03   2.1020e-03 
  1.9730e-03   1.5827e-03   1.0786e-03   5.6348e-04   3.1809e-04 
  1.1089e-04   2.2361e-05   6.9446e-07   0.0000e+00  -9.4728e+00 
  7.9088e+00 

########################
# 00000088
########################
RSS 76308.14859827657
BP 0:
a0:   4.3269e+00   e0:  -6.0863e-01   b0:   1.2730e+03   
P: 
  2.7193e+06  -7.4640e+01   3.3432e+02  -3.5251e+02  -6.4246e+01 
  1.3846e+02  -4.5384e+01   1.0494e+01  -2.6616e+01   3.1274e+00 
  1.0954e+01  -4.9423e+00  -8.9875e+00   5.9234e+00  -2.6679e+00 
  4.3998e-01   2.4538e-03   0.0000e+00   5.7623e-02   3.4828e-02 
  1.7483e-02   1.0234e-02   5.7303e-03   2.9693e-03   2.1020e-03 
  1.9730e-03   1.5827e-03   1.0786e-03   5.6348e-04   3.1809e-04 
  1.1089e-04   2.2361e-05   6.9446e-07   0.0000e+00  -9.4728e+00 
  7.9088e+00 

########################
# 00000089
########################
RSS 77120.23899851291
BP 0:
a0:   4.3169e+00   e0:  -7.5565e-01   b0:   1.5002e+03   
P: 
  2.7565e+06  -9.5117e+01   3.3800e+02  -3.3349e+02  -5.6689e+01 
  1.3332e+02  -3.6560e+01   8.6117e+00  -2.4462e+01   3.2991e+00 
  1.1873e+01  -5.7474e+00  -8.4120e+00   5.7645e+00  -2.8659e+00 
  5.3467e-01   2.7471e-03   0.0000e+00   5.7623e-02   3.4828e-02 
  1.7483e-02   1.0234e-02   5.7303e-03   2.9693e-03   2.1020e-03 
  1.9730e-03   1.5827e-03   1.0786e-03   5.6348e-04   3.1809e-04 
  1.1089e-04   2.2361e-05   6.9446e-07   0.0000e+00  -9.4728e+00 
  7.9088e+00 

########################
# 00000090
########################
RSS 77235.85835506111
BP 0:
a0:   4.2842e+00   e0:  -1.0525e+00   b0:   1.4094e+03   
P: 
  3.5172e+06  -1.0821e+02   3.6853e+02  -3.1832e+02  -6.8852e+01 
  1.3316e+02  -3.8223e+01   1.2362e+01  -2.4096e+01   4.4299e+00 
  1.2450e+01  -5.8254e+00  -1.0528e+01   7.3884e+00  -3.1482e+00 
  4.9747e-01   2.3014e-03   0.0000e+00   5.7623e-02   3.4828e-02 
  1.7483e-02   1.0234e-02   5.7303e-03   2.9693e-03   2.1020e-03 
  1.9730e-03   1.5827e-03   1.0786e-03   5.6348e-04   3.1809e-04 
  1.1089e-04   2.2361e-05   6.9446e-07   0.0000e+00  -9.4728e+00 
  7.9088e+00 

########################
# 00000091
########################
RSS 77856.64541730528
BP 0:
a0:   4.3072e+00   e0:  -4.4435e-02   b0:   1.1966e+03   
P: 
  2.9577e+06  -1.1494e+02   3.5651e+02  -3.1897e+02  -6.6612e+01 
  1.2335e+02  -3.7382e+01   6.5732e+00  -2.1644e+01   3.1487e+00 
  1.0485e+01  -5.3057e+00  -8.1302e+00   6.3715e+00  -3.0375e+00 
  5.1544e-01   2.5082e-03   0.0000e+00   5.7623e-02   3.4828e-02 
  1.7483e-02   1.0234e-02   5.7303e-03   2.9693e-03   2.1020e-03 
  1.9730e-03   1.5827e-03   1.0786e-03   5.6348e-04   3.1809e-04 
  1.1089e-04   2.2361e-05   6.9446e-07   0.0000e+00  -9.4728e+00 
  7.9088e+00 

########################
# 00000092
########################
RSS 77900.0004343547
BP 0:
a0:   4.0925e+00   e0:  -8.4298e+00   b0:   5.0250e+02   
P: 
  2.6680e+06  -7.8252e+01   3.3961e+02  -3.1385e+02  -6.9091e+01 
  1.4553e+02  -4.1208e+01   8.0149e+00  -2.3385e+01   2.9351e+00 
  1.1265e+01  -5.5383e+00  -9.3612e+00   6.9464e+00  -2.7186e+00 
  4.9735e-01   2.6146e-03   0.0000e+00   5.7623e-02   3.4828e-02 
  1.7483e-02   1.0234e-02   5.7303e-03   2.9693e-03   2.1020e-03 
  1.9730e-03   1.5827e-03   1.0786e-03   5.6348e-04   3.1809e-04 
  1.1089e-04   2.2361e-05   6.9446e-07   0.0000e+00  -9.4728e+00 
  7.9088e+00 

########################
# 00000093
########################
RSS 79312.75616447556
BP 0:
a0:   4.2225e+00   e0:  -6.9605e+00   b0:   1.2658e+03   
P: 
  3.5746e+06  -1.4608e+02   2.6143e+02  -3.7793e+02  -6.1311e+01 
  1.6896e+02  -4.9408e+01   6.5321e+00  -2.9864e+01   4.8497e+00 
  1.0661e+01  -4.8302e+00  -1.1604e+01   6.6757e+00  -2.4457e+00 
  4.3138e-01   2.3139e-03   0.0000e+00   5.7623e-02   3.4828e-02 
  1.7483e-02   1.0234e-02   5.7303e-03   2.9693e-03   2.1020e-03 
  1.9730e-03   1.5827e-03   1.0786e-03   5.6348e-04   3.1809e-04 
  1.1089e-04   2.2361e-05   6.9446e-07   0.0000e+00  -9.4728e+00 
  7.9088e+00 

########################
# 00000094
########################
RSS 79615.96447811494
BP 0:
a0:   4.3127e+00   e0:  -5.6069e-01   b0:   1.4408e+03   
P: 
  2.7883e+06  -9.7371e+01   3.0554e+02  -3.0652e+02  -6.6105e+01 
  1.4430e+02  -4.5021e+01   1.0271e+01  -2.7088e+01   3.4168e+00 
  1.2557e+01  -5.6352e+00  -9.0918e+00   6.1390e+00  -2.8018e+00 
  4.6890e-01   2.8494e-03   0.0000e+00   5.7623e-02   3.4828e-02 
  1.7483e-02   1.0234e-02   5.7303e-03   2.9693e-03   2.1020e-03 
  1.9730e-03   1.5827e-03   1.0786e-03   5.6348e-04   3.1809e-04 
  1.1089e-04   2.2361e-05   6.9446e-07   0.0000e+00  -9.4728e+00 
  7.9088e+00 

########################
# 00000095
########################
RSS 80069.43244245088
BP 0:
a0:   4.3091e+00   e0:  -9.1690e-01   b0:   1.4193e+03   
P: 
  2.9556e+06  -8.6830e+01   3.2320e+02  -3.5415e+02  -6.8655e+01 
  1.3712e+02  -3.7679e+01   9.1728e+00  -2.4407e+01   3.4118e+00 
  1.0887e+01  -5.5969e+00  -9.1653e+00   5.9867e+00  -2.6853e+00 
  4.4779e-01   2.9335e-03   0.0000e+00   5.7623e-02   3.4828e-02 
  1.7483e-02   1.0234e-02   5.7303e-03   2.9693e-03   2.1020e-03 
  1.9730e-03   1.5827e-03   1.0786e-03   5.6348e-04   3.1809e-04 
  1.1089e-04   2.2361e-05   6.9446e-07   0.0000e+00  -9.4728e+00 
  7.9088e+00 

########################
# 00000096
########################
RSS 83033.0053708384
BP 0:
a0:   4.3004e+00   e0:  -3.1409e-01   b0:   1.3952e+03   
P: 
  2.5877e+06  -9.7403e+01   3.4206e+02  -3.2218e+02  -6.0573e+01 
  1.3982e+02  -4.0938e+01   7.0291e+00  -2.3913e+01   3.8923e+00 
  1.1303e+01  -5.3793e+00  -9.0211e+00   6.3169e+00  -2.8369e+00 
  4.5882e-01   2.5390e-03   0.0000e+00   5.7623e-02   3.4828e-02 
  1.7483e-02   1.0234e-02   5.7303e-03   2.9693e-03   2.1020e-03 
  1.9730e-03   1.5827e-03   1.0786e-03   5.6348e-04   3.1809e-04 
  1.1089e-04   2.2361e-05   6.9446e-07   0.0000e+00  -9.4728e+00 
  7.9088e+00 

########################
# 00000097
########################
RSS 91018.27028010538
BP 0:
a0:   4.3170e+00   e0:   3.9743e-02   b0:   1.2663e+03   
P: 
  2.9006e+06  -1.1083e+02   3.4280e+02  -3.5746e+02  -5.8605e+01 
  1.3409e+02  -3.8236e+01   7.4254e+00  -2.2246e+01   3.1150e+00 
  1.0842e+01  -5.8093e+00  -8.7694e+00   6.4361e+00  -2.9561e+00 
  4.8110e-01   2.5555e-03   0.0000e+00   5.7623e-02   3.4828e-02 
  1.7483e-02   1.0234e-02   5.7303e-03   2.9693e-03   2.1020e-03 
  1.9730e-03   1.5827e-03   1.0786e-03   5.6348e-04   3.1809e-04 
  1.1089e-04   2.2361e-05   6.9446e-07   0.0000e+00  -9.4728e+00 
  7.9088e+00 

########################
# 00000098
########################
RSS 92403.99838112392
BP 0:
a0:   4.0313e+00   e0:  -9.1242e+00   b0:   3.1096e+02   
P: 
  3.0355e+06  -8.8440e+01   3.4024e+02  -3.2523e+02  -6.6869e+01 
  1.2245e+02  -4.3377e+01   6.6977e+00  -2.5483e+01   3.5721e+00 
  1.1687e+01  -5.6702e+00  -8.7918e+00   6.7110e+00  -2.6897e+00 
  5.1730e-01   2.6120e-03   0.0000e+00   5.7623e-02   3.4828e-02 
  1.7483e-02   1.0234e-02   5.7303e-03   2.9693e-03   2.1020e-03 
  1.9730e-03   1.5827e-03   1.0786e-03   5.6348e-04   3.1809e-04 
  1.1089e-04   2.2361e-05   6.9446e-07   0.0000e+00  -9.4728e+00 
  7.9088e+00 

########################
# 00000099
########################
RSS 93797.29099962709
BP 0:
a0:   4.2750e+00   e0:   3.6343e-01   b0:   1.2255e+03   
P: 
  3.2036e+06  -1.3370e+02   3.8244e+02  -3.1158e+02  -6.7505e+01 
  1.1983e+02  -4.3987e+01   1.5541e+01  -2.4738e+01   4.3686e+00 
  1.1092e+01  -5.9122e+00  -9.2915e+00   7.2197e+00  -3.0179e+00 
  4.1721e-01   2.3716e-03   0.0000e+00   5.7623e-02   3.4828e-02 
  1.7483e-02   1.0234e-02   5.7303e-03   2.9693e-03   2.1020e-03 
  1.9730e-03   1.5827e-03   1.0786e-03   5.6348e-04   3.1809e-04 
  1.1089e-04   2.2361e-05   6.9446e-07   0.0000e+00  -9.4728e+00 
  7.9088e+00 

########################
# 00000100
########################
RSS 96817.1208724056
BP 0:
a0:   4.0370e+00   e0:  -8.9504e+00   b0:   4.1562e+02   
P: 
  3.5341e+06  -1.4412e+02   3.3298e+02  -3.2169e+02  -8.0598e+01 
  1.1221e+02  -4.4851e+01   1.7375e+01  -2.0551e+01   4.3823e+00 
  1.2058e+01  -5.3829e+00  -1.0620e+01   7.6052e+00  -2.6733e+00 
  4.2342e-01   2.6134e-03   0.0000e+00   5.7623e-02   3.4828e-02 
  1.7483e-02   1.0234e-02   5.7303e-03   2.9693e-03   2.1020e-03 
  1.9730e-03   1.5827e-03   1.0786e-03   5.6348e-04   3.1809e-04 
  1.1089e-04   2.2361e-05   6.9446e-07   0.0000e+00  -9.4728e+00 
  7.9088e+00 

