---START---
00000001
PARAMETERS 
30
101.585225558
13.4425934652
-143.947517782
101.556033557
-58.1678945873
66.7989463192
-40.7327664806
24.25133327
-7.89451218474
1.35010221524
-0.00553768887708
-1.94938564301
30.3556213379
24.3362083435
34.9576034546
16.2302913666
17.857875824
7.66438293457
1.23997938633
0.442521393299
0.109044238925
0.0200536046177
0.00229621282779
0.00255827326328
0.00108765787445
7.98819164629e-05
4.18824820372e-05
4.40689618699e-05
-9.12706477495
5.46302085423
RSS 28158281688.422474
BP MaxDensity 0.03322256333700663
EFS MaxDensity 0.023410380270729822
a0 4.149567824324686
e0 19.19021860970148
b0 1493.6648381018185
---END---
---START---
00000002
PARAMETERS 
30
101.586444987
13.4441062356
-143.945710317
101.551134421
-58.1726436497
66.7913885774
-40.7429780223
24.2449521888
-7.89577543641
1.35007069922
-0.00553750898251
-1.94938564301
30.3556213379
24.3362083435
34.9576034546
16.2302913666
17.857875824
7.66438293457
1.23997938633
0.442521393299
0.109044238925
0.0200536046177
0.00229621282779
0.00255827326328
0.00108765787445
7.98819164629e-05
4.18824820372e-05
4.40689618699e-05
-9.12738621127
5.46316617197
RSS 28620382626.66774
BP MaxDensity 0.03322256333700663
EFS MaxDensity 0.023410380270729822
a0 4.1476378534308616
e0 19.10290492439746
b0 1490.790898668776
---END---
---START---
00000003
PARAMETERS 
30
101.572302081
13.4428209548
-143.928046144
101.54877565
-58.1672051132
66.7748046686
-40.7749701003
24.2250102639
-7.90029856345
1.35045012016
-0.00553713375445
-1.94938564301
30.3556213379
24.3362083435
34.9576034546
16.2302913666
17.857875824
7.66438293457
1.23997938633
0.442521393299
0.109044238925
0.0200536046177
0.00229621282779
0.00255827326328
0.00108765787445
7.98819164629e-05
4.18824820372e-05
4.40689618699e-05
-9.12698390396
5.46338552578
RSS 30068912035.44689
BP MaxDensity 0.03322256333700663
EFS MaxDensity 0.023410380270729822
a0 4.141600628759814
e0 18.840630460132626
b0 1482.6071970035898
---END---
---START---
00000004
PARAMETERS 
30
101.659936482
13.4383718978
-143.96833719
101.496913522
-58.1692642514
66.717228168
-40.8840617006
24.1495186154
-7.90903433666
1.34886551573
-0.00554003120313
-1.94938564301
30.3556213379
24.3362083435
34.9576034546
16.2302913666
17.857875824
7.66438293457
1.23997938633
0.442521393299
0.109044238925
0.0200536046177
0.00229621282779
0.00255827326328
0.00108765787445
7.98819164629e-05
4.18824820372e-05
4.40689618699e-05
-9.12270562251
5.46252044336
RSS 35632930444.74138
BP MaxDensity 0.03322256333700663
EFS MaxDensity 0.023410380270729822
a0 4.119209397611643
e0 17.862794918529023
b0 1454.917249073977
---END---
---START---
00000005
PARAMETERS 
30
101.758044853
13.4203210131
-144.040003229
101.562029519
-58.2583739023
66.5884687895
-41.064805586
23.9270924832
-7.96053923764
1.34605550775
-0.00553040411884
-1.94938564301
30.3556213379
24.3362083435
34.9576034546
16.2302913666
17.857875824
7.66438293457
1.23997938633
0.442521393299
0.109044238925
0.0200536046177
0.00229621282779
0.00255827326328
0.00108765787445
7.98819164629e-05
4.18824820372e-05
4.40689618699e-05
-9.12852671328
5.4673503706
RSS 55722257552.21535
BP MaxDensity 0.03322256333700663
EFS MaxDensity 0.023410380270729822
a0 4.040829486716219
e0 14.3480902264143
b0 1411.5606529031754
---END---
---START---
00000006
PARAMETERS 
30
100.518952945
13.4522701193
-143.873005856
102.909084635
-58.2775671501
66.6978641872
-41.8739785188
23.0655042735
-8.08921998582
1.33925906824
-0.00553897480277
-1.94938564301
30.3556213379
24.3362083435
34.9576034546
16.2302913666
17.857875824
7.66438293457
1.23997938633
0.442521393299
0.109044238925
0.0200536046177
0.00229621282779
0.00255827326328
0.00108765787445
7.98819164629e-05
4.18824820372e-05
4.40689618699e-05
-9.11206491174
5.45650324212
RSS 242124078758.3592
BP MaxDensity 0.03322256333700663
EFS MaxDensity 0.023410380270729822
a0 3.6584880301143303
e0 -4.00772067368028
b0 2180.078813342624
---END---
