RSS:  
4999.539996020977

P:  
0.180382471568
0.210162035639
0.230020535478
0.0355005876791
0.0510542405265
0.0043171899561
-0.0232489485462
-0.00143576541314
-0.0110994494551
-0.00349643652681
-0.0325017860917
-0.0261490962397
-0.0210610851255
0.022123543211
-0.0078592920409
0.0178975753101
-0.011442295804
0.0
-1.94938564301
30.3556213379
24.3362083435
34.9576034546
16.2302913666
17.857875824
7.66438293457
1.23997938633
0.442521393299
0.109044238925
0.0200536046177
0.00229621282779
0.00255827326328
0.00108765787445
7.98819164629e-05
4.18824820372e-05
4.40689618699e-05
-9.11969201928
5.47216915727
-0.186070596
-0.347852802995
-0.0761604010155
0.125336055627
0.0252277516833
-0.0203635959365
0.0158597281783
-0.0116563214582
0.000873669645429
-0.0127002295376
-0.0101800845914
-0.013012837316
-0.00850626986901
0.0262630468049
0.00352772558592
0.0073939627468
-0.00705646958609
0.0
-1.94938564301
30.3556213379
24.3362083435
34.9576034546
16.2302913666
17.857875824
7.66438293457
1.23997938633
0.442521393299
0.109044238925
0.0200536046177
0.00229621282779
0.00255827326328
0.00108765787445
7.98819164629e-05
4.18824820372e-05
4.40689618699e-05
-9.13884080663
5.45630082851
-0.126435073816
0.08992351044
-0.090410353032
0.0527616995093
-0.0395427082359
0.0172798939988
0.00876727212697
-0.00679442642302
-0.00387659238354
0.0165021260927
-0.0143638741985
0.0124283549916
-0.0114115217833
-0.0204626276398
-0.0211423796019
0.0221530006608
-0.0195060989686
0.0

Known:
a0:     3.42
e0:     -4.27
B0:     221.99999999938152
EC:     365.600 141.600 141.600  0.000  0.000  0.000 
        141.600 365.600 141.600  0.000  0.000  0.000 
        141.600 141.600 365.600  0.000  0.000  0.000 
         0.000  0.000  0.000 186.000  0.000  0.000 
         0.000  0.000  0.000  0.000 186.000  0.000 
         0.000  0.000  0.000  0.000  0.000 186.000 

Known:
a0:     3.89
e0:     -3.91
B0:     179.99999999949853
EC:     234.000 176.000 176.000  0.000  0.000  0.000 
        176.000 234.000 176.000  0.000  0.000  0.000 
        176.000 176.000 234.000  0.000  0.000  0.000 
         0.000  0.000  0.000 71.200  0.000  0.000 
         0.000  0.000  0.000  0.000 71.200  0.000 
         0.000  0.000  0.000  0.000  0.000 71.200 

Calculated:
a0:     2.5274596218732825
e0:     -4.124896202745321
B0:     48.38786365818912
EC:     122.297 66.232 66.232  0.000  0.000  0.000 
        66.232 122.297 66.232  0.000  0.000  0.000 
        66.232 66.232 122.297  0.000  0.000  0.000 
         0.000  0.000  0.000 164.591  0.000  0.000 
         0.000  0.000  0.000  0.000 164.591  0.000 
         0.000  0.000  0.000  0.000  0.000 164.591 

Calculated:
a0:     2.8348593266300113
e0:     -2.2980876146528058
B0:     9.416580699170444
EC:     162.563  3.021  3.021  0.000  0.000  0.000 
         3.021 162.563  3.021  0.000  0.000  0.000 
         3.021  3.021 162.563  0.000  0.000  0.000 
         0.000  0.000  0.000 79.564  0.000  0.000 
         0.000  0.000  0.000  0.000 79.564  0.000 
         0.000  0.000  0.000  0.000  0.000 79.564 



