#L_UNITS ang
#E_UNITS eV
#S_UNITS GPA
#F_UNITS EV/ANG
#ALAT 40.22259999999948
#X 1.0 0.0 0.0
#Y 0.0 1.0 0.0
#Z 0.0 0.0 1.0
#C 1 1 1
#RCUT 6.5
#EPA -4.27
PD 0.0 0.0 0.0 
PD 0.0 0.125 0.125 
PD 0.125 0.0 0.125 
PD 0.125 0.125 0.0 
PD 0.0 0.0 0.25 
PD 0.0 0.125 0.375 
PD 0.125 0.0 0.375 
PD 0.125 0.125 0.25 
PD 0.0 0.0 0.5 
PD 0.0 0.125 0.625 
PD 0.125 0.0 0.625 
PD 0.125 0.125 0.5 
PD 0.0 0.0 0.75 
PD 0.0 0.125 0.875 
PD 0.125 0.0 0.875 
PD 0.125 0.125 0.75 
PD 0.0 0.25 0.0 
PD 0.0 0.375 0.125 
PD 0.125 0.25 0.125 
PD 0.125 0.375 0.0 
PD 0.0 0.25 0.25 
PD 0.0 0.375 0.375 
PD 0.125 0.25 0.375 
PD 0.125 0.375 0.25 
PD 0.0 0.25 0.5 
PD 0.0 0.375 0.625 
PD 0.125 0.25 0.625 
PD 0.125 0.375 0.5 
PD 0.0 0.25 0.75 
PD 0.0 0.375 0.875 
PD 0.125 0.25 0.875 
PD 0.125 0.375 0.75 
PD 0.0 0.5 0.0 
PD 0.0 0.625 0.125 
PD 0.125 0.5 0.125 
PD 0.125 0.625 0.0 
PD 0.0 0.5 0.25 
PD 0.0 0.625 0.375 
PD 0.125 0.5 0.375 
PD 0.125 0.625 0.25 
PD 0.0 0.5 0.5 
PD 0.0 0.625 0.625 
PD 0.125 0.5 0.625 
PD 0.125 0.625 0.5 
PD 0.0 0.5 0.75 
PD 0.0 0.625 0.875 
PD 0.125 0.5 0.875 
PD 0.125 0.625 0.75 
PD 0.0 0.75 0.0 
PD 0.0 0.875 0.125 
PD 0.125 0.75 0.125 
PD 0.125 0.875 0.0 
PD 0.0 0.75 0.25 
PD 0.0 0.875 0.375 
PD 0.125 0.75 0.375 
PD 0.125 0.875 0.25 
PD 0.0 0.75 0.5 
PD 0.0 0.875 0.625 
PD 0.125 0.75 0.625 
PD 0.125 0.875 0.5 
PD 0.0 0.75 0.75 
PD 0.0 0.875 0.875 
PD 0.125 0.75 0.875 
PD 0.125 0.875 0.75 
PD 0.25 0.0 0.0 
PD 0.25 0.125 0.125 
PD 0.375 0.0 0.125 
PD 0.375 0.125 0.0 
PD 0.25 0.0 0.25 
PD 0.25 0.125 0.375 
PD 0.375 0.0 0.375 
PD 0.375 0.125 0.25 
PD 0.25 0.0 0.5 
PD 0.25 0.125 0.625 
PD 0.375 0.0 0.625 
PD 0.375 0.125 0.5 
PD 0.25 0.0 0.75 
PD 0.25 0.125 0.875 
PD 0.375 0.0 0.875 
PD 0.375 0.125 0.75 
PD 0.25 0.25 0.0 
PD 0.25 0.375 0.125 
PD 0.375 0.25 0.125 
PD 0.375 0.375 0.0 
PD 0.25 0.25 0.25 
PD 0.25 0.375 0.375 
PD 0.375 0.25 0.375 
PD 0.375 0.375 0.25 
PD 0.25 0.25 0.5 
PD 0.25 0.375 0.625 
PD 0.375 0.25 0.625 
PD 0.375 0.375 0.5 
PD 0.25 0.25 0.75 
PD 0.25 0.375 0.875 
PD 0.375 0.25 0.875 
PD 0.375 0.375 0.75 
PD 0.25 0.5 0.0 
PD 0.25 0.625 0.125 
PD 0.375 0.5 0.125 
PD 0.375 0.625 0.0 
PD 0.25 0.5 0.25 
PD 0.25 0.625 0.375 
PD 0.375 0.5 0.375 
PD 0.375 0.625 0.25 
PD 0.25 0.5 0.5 
PD 0.25 0.625 0.625 
PD 0.375 0.5 0.625 
PD 0.375 0.625 0.5 
PD 0.25 0.5 0.75 
PD 0.25 0.625 0.875 
PD 0.375 0.5 0.875 
PD 0.375 0.625 0.75 
PD 0.25 0.75 0.0 
PD 0.25 0.875 0.125 
PD 0.375 0.75 0.125 
PD 0.375 0.875 0.0 
PD 0.25 0.75 0.25 
PD 0.25 0.875 0.375 
PD 0.375 0.75 0.375 
PD 0.375 0.875 0.25 
PD 0.25 0.75 0.5 
PD 0.25 0.875 0.625 
PD 0.375 0.75 0.625 
PD 0.375 0.875 0.5 
PD 0.25 0.75 0.75 
PD 0.25 0.875 0.875 
PD 0.375 0.75 0.875 
PD 0.375 0.875 0.75 
PD 0.5 0.0 0.0 
PD 0.5 0.125 0.125 
PD 0.625 0.0 0.125 
PD 0.625 0.125 0.0 
PD 0.5 0.0 0.25 
PD 0.5 0.125 0.375 
PD 0.625 0.0 0.375 
PD 0.625 0.125 0.25 
PD 0.5 0.0 0.5 
PD 0.5 0.125 0.625 
PD 0.625 0.0 0.625 
PD 0.625 0.125 0.5 
PD 0.5 0.0 0.75 
PD 0.5 0.125 0.875 
PD 0.625 0.0 0.875 
PD 0.625 0.125 0.75 
PD 0.5 0.25 0.0 
PD 0.5 0.375 0.125 
PD 0.625 0.25 0.125 
PD 0.625 0.375 0.0 
PD 0.5 0.25 0.25 
PD 0.5 0.375 0.375 
PD 0.625 0.25 0.375 
PD 0.625 0.375 0.25 
PD 0.5 0.25 0.5 
PD 0.5 0.375 0.625 
PD 0.625 0.25 0.625 
PD 0.625 0.375 0.5 
PD 0.5 0.25 0.75 
PD 0.5 0.375 0.875 
PD 0.625 0.25 0.875 
PD 0.625 0.375 0.75 
PD 0.5 0.5 0.0 
PD 0.5 0.625 0.125 
PD 0.625 0.5 0.125 
PD 0.625 0.625 0.0 
PD 0.5 0.5 0.25 
PD 0.5 0.625 0.375 
PD 0.625 0.5 0.375 
PD 0.625 0.625 0.25 
PD 0.5 0.5 0.5 
PD 0.5 0.625 0.625 
PD 0.625 0.5 0.625 
PD 0.625 0.625 0.5 
PD 0.5 0.5 0.75 
PD 0.5 0.625 0.875 
PD 0.625 0.5 0.875 
PD 0.625 0.625 0.75 
PD 0.5 0.75 0.0 
PD 0.5 0.875 0.125 
PD 0.625 0.75 0.125 
PD 0.625 0.875 0.0 
PD 0.5 0.75 0.25 
PD 0.5 0.875 0.375 
PD 0.625 0.75 0.375 
PD 0.625 0.875 0.25 
PD 0.5 0.75 0.5 
PD 0.5 0.875 0.625 
PD 0.625 0.75 0.625 
PD 0.625 0.875 0.5 
PD 0.5 0.75 0.75 
PD 0.5 0.875 0.875 
PD 0.625 0.75 0.875 
PD 0.625 0.875 0.75 
PD 0.75 0.0 0.0 
PD 0.75 0.125 0.125 
PD 0.875 0.0 0.125 
PD 0.875 0.125 0.0 
PD 0.75 0.0 0.25 
PD 0.75 0.125 0.375 
PD 0.875 0.0 0.375 
PD 0.875 0.125 0.25 
PD 0.75 0.0 0.5 
PD 0.75 0.125 0.625 
PD 0.875 0.0 0.625 
PD 0.875 0.125 0.5 
PD 0.75 0.0 0.75 
PD 0.75 0.125 0.875 
PD 0.875 0.0 0.875 
PD 0.875 0.125 0.75 
PD 0.75 0.25 0.0 
PD 0.75 0.375 0.125 
PD 0.875 0.25 0.125 
PD 0.875 0.375 0.0 
PD 0.75 0.25 0.25 
PD 0.75 0.375 0.375 
PD 0.875 0.25 0.375 
PD 0.875 0.375 0.25 
PD 0.75 0.25 0.5 
PD 0.75 0.375 0.625 
PD 0.875 0.25 0.625 
PD 0.875 0.375 0.5 
PD 0.75 0.25 0.75 
PD 0.75 0.375 0.875 
PD 0.875 0.25 0.875 
PD 0.875 0.375 0.75 
PD 0.75 0.5 0.0 
PD 0.75 0.625 0.125 
PD 0.875 0.5 0.125 
PD 0.875 0.625 0.0 
PD 0.75 0.5 0.25 
PD 0.75 0.625 0.375 
PD 0.875 0.5 0.375 
PD 0.875 0.625 0.25 
PD 0.75 0.5 0.5 
PD 0.75 0.625 0.625 
PD 0.875 0.5 0.625 
PD 0.875 0.625 0.5 
PD 0.75 0.5 0.75 
PD 0.75 0.625 0.875 
PD 0.875 0.5 0.875 
PD 0.875 0.625 0.75 
PD 0.75 0.75 0.0 
PD 0.75 0.875 0.125 
PD 0.875 0.75 0.125 
PD 0.875 0.875 0.0 
PD 0.75 0.75 0.25 
PD 0.75 0.875 0.375 
PD 0.875 0.75 0.375 
PD 0.875 0.875 0.25 
PD 0.75 0.75 0.5 
PD 0.75 0.875 0.625 
PD 0.875 0.75 0.625 
PD 0.875 0.875 0.5 
PD 0.75 0.75 0.75 
PD 0.75 0.875 0.875 
PD 0.875 0.75 0.875 
PD 0.875 0.875 0.75 
