RSS:  
85374.21931801048

P:  
0.0825738378552
0.214121110513
-0.0153788483699
0.175472783959
0.0759122876145
0.0390769557837
-0.00508246943365
-0.00906477896717
-0.0188987688654
-0.00011999822896
-0.0407793081208
-0.0430041337995
-0.00188562076314
0.00313011456684
6.46394114931e-05
0.000312680240808
0.0109252001446
2.3473035381
-0.87915351659
1.69585548612
0.0552881561739

Known:
a0:     3.42
e0:     -4.27
B0:     210.99999999941215
EC:     365.000 137.000 137.000  0.000  0.000  0.000 
        137.000 365.000 137.000  0.000  0.000  0.000 
        137.000 137.000 365.000  0.000  0.000  0.000 
         0.000  0.000  0.000 186.000  0.000  0.000 
         0.000  0.000  0.000  0.000 186.000  0.000 
         0.000  0.000  0.000  0.000  0.000 186.000 

Known:
a0:     2.86
e0:     -4.32
B0:     169.99999999952638
EC:     243.000 145.000 145.000  0.000  0.000  0.000 
        145.000 243.000 145.000  0.000  0.000  0.000 
        145.000 145.000 243.000  0.000  0.000  0.000 
         0.000  0.000  0.000 116.000  0.000  0.000 
         0.000  0.000  0.000  0.000 116.000  0.000 
         0.000  0.000  0.000  0.000  0.000 116.000 

Calculated:
a0:     5.12546994484336
e0:     -3.9485452474517877
B0:     -3.302270006692794
EC:     103.261 363.392 363.392  0.000  0.000  0.000 
        363.392 103.261 363.392  0.000  0.000  0.000 
        363.392 363.392 103.261  0.000  0.000  0.000 
         0.000  0.000  0.000 89.058  0.000  0.000 
         0.000  0.000  0.000  0.000 89.058  0.000 
         0.000  0.000  0.000  0.000  0.000 89.058 

Calculated:
a0:     2.543854848814521
e0:     -3.701236636910365
B0:     485.30882997895225
EC:     33.421 194.360 194.360  0.000  0.000  0.000 
        194.360 33.421 194.360  0.000  0.000  0.000 
        194.360 194.360 33.421  0.000  0.000  0.000 
         0.000  0.000  0.000 616.667  0.000  0.000 
         0.000  0.000  0.000  0.000 616.667  0.000 
         0.000  0.000  0.000  0.000  0.000 616.667 



