RSS:  
3.5651510747511144

P:  
58189.0129557
1230.75674232
365.457065195
181.096314979
89.670894354
66.2014493313
44.2325594451
31.618845615
19.8330689194
23.5286234209
17.6387254998
20.3205025265
16.0913738947
7.94090439382
3.65899766839
2.28473960176
1.30854328708
0.692014286605
0.341754247417
0.142428020245
0.0434360181938
-0.00158912032356
-0.0260954851169
-0.0521121818997
-0.0696726282018
-0.0814027886273
-0.0726932145268
-0.0407061212796
-0.0333588487431
-0.0341842310772
-0.0226558860587
-0.0143118051542
-0.0113094363503
-0.00750731360012
-0.00653592692022
-0.00498107787983
-0.00230722113421
0.000538493558681
0.0018761380064
0.00236578435708
0.00189011323396
0.000698127631782
-0.000624156712004
-0.0010657004346
-0.00109157415024
-0.000804891923048
-0.000215738394273
-2.80159782263e-08
0.0
0.0
1.09947329135
1.07864818139
0.496963924323
0.157605911068
0.0573349957668
0.0348979850212
0.0176320104736
0.01061890793
0.00567688441684
0.00291891869383
0.00218415632236
0.00195535930695
0.00160428814049
0.00106518502207
0.000542819190015
0.000318772798389
0.000110388985607
2.28975506347e-05
7.01459282189e-07
0.0
-9.458955129
8.01812381002

Known:
a0:     3.89
e0:     -3.91
B0:     179.99999999949853
EC:     234.000 176.000 176.000  0.000  0.000  0.000 
        176.000 234.000 176.000  0.000  0.000  0.000 
        176.000 176.000 234.000  0.000  0.000  0.000 
         0.000  0.000  0.000 71.200  0.000  0.000 
         0.000  0.000  0.000  0.000 71.200  0.000 
         0.000  0.000  0.000  0.000  0.000 71.200 

Calculated:
a0:     3.9582315554183953
e0:     -3.920263000421171
B0:     182.94637404837502
EC:     229.202 171.464 171.464  0.000  0.000  0.000 
        171.464 229.202 171.464  0.000  0.000  0.000 
        171.464 171.464 229.202  0.000  0.000  0.000 
         0.000  0.000  0.000 71.910  0.000  0.000 
         0.000  0.000  0.000  0.000 71.910  0.000 
         0.000  0.000  0.000  0.000  0.000 71.910 



