---START---
00000001
PARAMETERS 
21
-0.0938688340594
-0.93815303417
0.232997482935
2.88446168664
0.508080625466
0.17012168066
0.0401034283721
-0.0117342153321
-0.373774977692
-0.00220316295329
0.140149001077
0.019583560058
-0.269235791471
-0.0200999753266
-1.17102215162e-05
-0.00108817865078
-1.98201836094
3.17030481449
-38.3930553329
10.2931558926
-0.126454925085
RSS 65562.65148952244
BP MaxDensity 0.03288519741448081
EFS MaxDensity 0.029131690950886205
a0 4.225522090447136
e0 -6.629120571505647
b0 941.9490238946257
---END---
---START---
00000002
PARAMETERS 
21
-0.0938687748189
-0.938153234333
0.232997503591
2.88446106732
0.508080546271
0.170121652503
0.0401033065043
-0.0117342098293
-0.373774527107
-0.00220315968202
0.140149510572
0.0195832870021
-0.269235776369
-0.0200999799281
-1.17102185216e-05
-0.00108817855951
-1.98201820641
3.17029680458
-38.3930585943
10.293156564
-0.126454869478
RSS 65563.17456868003
BP MaxDensity 0.03288519741448081
EFS MaxDensity 0.029131690950886205
a0 4.225506670269878
e0 -6.628983591768905
b0 941.9815095940239
---END---
---START---
00000003
PARAMETERS 
21
-0.0938693575906
-0.938154088487
0.232997643028
2.88446097441
0.508080779642
0.170120021686
0.0401045420255
-0.0117342272142
-0.373773907989
-0.00220314909926
0.14015017416
0.0195836873067
-0.26923574143
-0.0200999920624
-1.17102596374e-05
-0.00108817701571
-1.98201606159
3.17029089963
-38.3930155199
10.2931505285
-0.126455101423
RSS 65563.55433881172
BP MaxDensity 0.03288519741448081
EFS MaxDensity 0.029131690950886205
a0 4.225507337151256
e0 -6.629035810365094
b0 941.9729216847007
---END---
---START---
00000004
PARAMETERS 
21
-0.0938683185619
-0.938158436401
0.2329975954
2.88445972228
0.508082306767
0.170121898335
0.0401059827764
-0.0117343257949
-0.373765686152
-0.00220310950924
0.14015107228
0.0195836244612
-0.269235444134
-0.0201000049174
-1.17101845631e-05
-0.00108817939996
-1.98201454658
3.17028865831
-38.3930329371
10.2931726476
-0.126455046684
RSS 65566.062321578
BP MaxDensity 0.03288519741448081
EFS MaxDensity 0.029131690950886205
a0 4.225543020362502
e0 -6.629115655426194
b0 941.8171441735998
---END---
---START---
00000005
PARAMETERS 
21
-0.0938638353493
-0.938175017978
0.232995860096
2.88443662931
0.50808767429
0.17001554617
0.0400483844459
-0.0117348092558
-0.373771651847
-0.00220318101562
0.140147902939
0.0195872764687
-0.269234585308
-0.0200999339839
-1.17100238747e-05
-0.00108818066752
-1.98201537504
3.17025581685
-38.3931525263
10.2932176205
-0.126454898226
RSS 65577.45825757856
BP MaxDensity 0.03288519741448081
EFS MaxDensity 0.029131690950886205
a0 4.225644278250155
e0 -6.6319415684989
b0 941.6945055825988
---END---
---START---
00000006
PARAMETERS 
21
-0.0938489791887
-0.938265937845
0.233038941951
2.88433517102
0.508077619797
0.169797041028
0.0398073034725
-0.0117330476298
-0.373826874046
-0.00220231040661
0.140144202075
0.0195879280766
-0.269238498777
-0.020100421591
-1.17094415606e-05
-0.00108817419453
-1.98206474184
3.17036728576
-38.3925043203
10.2932981424
-0.126468174729
RSS 65653.14977112274
BP MaxDensity 0.03288519741448081
EFS MaxDensity 0.029131690950886205
a0 4.225644476168682
e0 -6.6334577323057955
b0 942.519816382694
---END---
---START---
00000007
PARAMETERS 
21
-0.0938767750773
-0.939542711302
0.233166798692
2.88368064963
0.508001327692
0.169906398291
0.0391314153359
-0.0117358496993
-0.374275697735
-0.00220335013656
0.140031694159
0.0195275313892
-0.269227645858
-0.0201004199723
-1.1716258719e-05
-0.00108814811109
-1.98203483009
3.1711815934
-38.3940890437
10.2959078316
-0.126517069269
RSS 66410.37356901196
BP MaxDensity 0.03288519741448081
EFS MaxDensity 0.029131690950886205
a0 4.225395970483237
e0 -6.641884812668738
b0 949.4073432252973
---END---
---START---
00000008
PARAMETERS 
21
-0.0938501499711
-0.943266620497
0.233595095379
2.88083731995
0.507745415004
0.169940172255
0.0376934071172
-0.0117323413413
-0.374608288428
-0.00220678915614
0.14015956738
0.0196002999201
-0.269204407105
-0.0200972430996
-1.17131260347e-05
-0.00108804009224
-1.98226354214
3.17034089061
-38.4048441481
10.2954497831
-0.126378029882
RSS 68757.48962454608
BP MaxDensity 0.03288519741448081
EFS MaxDensity 0.029131690950886205
a0 4.229352924494765
e0 -6.714241297742462
b0 945.0778877060757
---END---
---START---
00000009
PARAMETERS 
21
-0.0938220801646
-0.948620490806
0.233941867525
2.87781843789
0.508420723225
0.172501066845
0.0371341742424
-0.0117650980913
-0.377056087197
-0.00221046526337
0.141231394225
0.0205399339646
-0.269127136773
-0.0200972677158
-1.16759571497e-05
-0.00108699852278
-1.9820998417
3.17012712557
-38.4332132929
10.2981586533
-0.12664183204
RSS 72083.22118519337
BP MaxDensity 0.03288519741448081
EFS MaxDensity 0.029131690950886205
a0 4.2310398982975865
e0 -6.792444072050089
b0 957.650913977656
---END---
---START---
00000010
PARAMETERS 
21
-0.0945171901193
-0.953172109987
0.23342175004
2.87663704856
0.509165306941
0.185595821102
0.0418966264783
-0.0117285226323
-0.380834805283
-0.00220525195541
0.142340724264
0.0218265269891
-0.268484010431
-0.0201224936953
-1.17166060896e-05
-0.00108772046395
-1.98176837989
3.17421957057
-38.4328968222
10.3079560063
-0.126285007372
RSS 75671.64305256108
BP MaxDensity 0.03288519741448081
EFS MaxDensity 0.029131690950886205
a0 4.226484529782257
e0 -6.745899928336145
b0 989.597368918228
---END---
---START---
00000011
PARAMETERS 
21
-0.0942639330543
-0.954900073325
0.234386328237
2.878938088
0.509260783435
0.179791388496
0.0458234231409
-0.0117231286694
-0.382285972214
-0.00222613529862
0.14135138169
0.0212649591201
-0.268490774999
-0.0201295714442
-1.16521097336e-05
-0.00108729918833
-1.98060289838
3.17609256484
-38.4069179692
10.3170384601
-0.126314961136
RSS 77103.33534387215
BP MaxDensity 0.03288519741448081
EFS MaxDensity 0.029131690950886205
a0 4.216924636395945
e0 -6.768951397597981
b0 1056.4336851227085
---END---
---START---
00000012
PARAMETERS 
21
-0.0941967493385
-0.954981944998
0.234386479812
2.87894880722
0.509261673329
0.179841730321
0.0458227554266
-0.0117085799289
-0.382272018294
-0.00222607186974
0.141351737148
0.0212654805884
-0.268491051931
-0.0201299957118
-1.16518441749e-05
-0.00108729952006
-1.98240245382
3.1760209781
-38.4069223788
10.3197926498
-0.126330914055
RSS 77117.08913407775
BP MaxDensity 0.03288519741448081
EFS MaxDensity 0.029131690950886205
a0 4.217050889430275
e0 -6.774994457056633
b0 1055.6212493742214
---END---
---START---
00000013
PARAMETERS 
21
-0.0942577106622
-0.954981762346
0.234386491128
2.87893867505
0.509288918286
0.179844328476
0.0458241578974
-0.0117085855121
-0.382270390268
-0.00222607680995
0.141351415028
0.0212654026456
-0.268490864814
-0.0201300214757
-1.16518535107e-05
-0.0010872993597
-1.98060290616
3.17601283351
-38.406911051
10.3166297899
-0.126331260631
RSS 77128.42122757935
BP MaxDensity 0.03288519741448081
EFS MaxDensity 0.029131690950886205
a0 4.217096712364324
e0 -6.771611038668912
b0 1055.8109661758012
---END---
---START---
00000014
PARAMETERS 
21
-0.0942576495828
-0.954981657129
0.234386543275
2.87893862822
0.509288795398
0.179844465063
0.0458232946069
-0.0117085850601
-0.382270554737
-0.00222607789826
0.14135124207
0.0212653721742
-0.268490876515
-0.0201300192183
-1.16518553204e-05
-0.00108729939739
-1.98060304148
3.17601005451
-38.4069133704
10.3166285593
-0.126331261827
RSS 77128.46501044004
BP MaxDensity 0.03288519741448081
EFS MaxDensity 0.029131690950886205
a0 4.217098073504621
e0 -6.771676317139929
b0 1055.8040322652391
---END---
---START---
00000015
PARAMETERS 
21
-0.094257619324
-0.954981985322
0.234386399135
2.87893865975
0.509288565781
0.179843961017
0.0458239946375
-0.0117085849785
-0.38227033072
-0.00222607705182
0.141351287341
0.0212653112434
-0.268490843378
-0.0201300216275
-1.16518580976e-05
-0.00108729918833
-1.98060303528
3.17601103042
-38.4069094891
10.3166280043
-0.126331354722
RSS 77128.4740015617
BP MaxDensity 0.03288519741448081
EFS MaxDensity 0.029131690950886205
a0 4.217096522500166
e0 -6.771637428210949
b0 1055.8107570435948
---END---
---START---
00000016
PARAMETERS 
21
-0.0942575969417
-0.954981752377
0.234386474523
2.87893829639
0.509288701044
0.179844205661
0.0458237260726
-0.0117085832465
-0.382270599583
-0.00222607843996
0.141351285069
0.0212652318315
-0.26849085883
-0.0201300209746
-1.16518562926e-05
-0.00108729929062
-1.98060299255
3.17601093077
-38.406908444
10.3166275511
-0.126331303916
RSS 77128.65837160528
BP MaxDensity 0.03288519741448081
EFS MaxDensity 0.029131690950886205
a0 4.217093142236978
e0 -6.771600417988645
b0 1055.8230658450293
---END---
---START---
00000017
PARAMETERS 
21
-0.0942576231105
-0.954981795355
0.234386408854
2.87893812454
0.509288562153
0.179842815561
0.0458244744968
-0.0117085784453
-0.382270722411
-0.00222607913666
0.141351428404
0.0212652239543
-0.268490835285
-0.0201300231621
-1.16518518448e-05
-0.00108729930513
-1.98060317506
3.17601248975
-38.4069058083
10.3166288808
-0.126331259886
RSS 77128.83759382911
BP MaxDensity 0.03288519741448081
EFS MaxDensity 0.029131690950886205
a0 4.21708896950473
e0 -6.771532520587633
b0 1055.842179793335
---END---
---START---
00000018
PARAMETERS 
21
-0.0942575324038
-0.954981816949
0.234386332034
2.87893776152
0.509289075786
0.179843158523
0.0458234232239
-0.011708595354
-0.382270781032
-0.00222607764622
0.141351276912
0.0212652093523
-0.268490763723
-0.0201300198685
-1.16518541016e-05
-0.00108729912168
-1.98060326391
3.17600913833
-38.4069151733
10.3166292696
-0.126331304808
RSS 77128.87308409168
BP MaxDensity 0.03288519741448081
EFS MaxDensity 0.029131690950886205
a0 4.217089762885688
e0 -6.771594650494102
b0 1055.8361988825734
---END---
---START---
00000019
PARAMETERS 
21
-0.0942576283027
-0.954981873747
0.234386497976
2.87893865843
0.509288811812
0.17984360029
0.0458233796526
-0.0117085834026
-0.382270627288
-0.00222607978735
0.14135113315
0.0212652847572
-0.268490825456
-0.0201300186751
-1.16518558776e-05
-0.00108729928633
-1.9806031626
3.17601328969
-38.4069093541
10.3166287728
-0.126331269506
RSS 77128.88484826483
BP MaxDensity 0.03288519741448081
EFS MaxDensity 0.029131690950886205
a0 4.217096637768751
e0 -6.771630245131191
b0 1055.8153801838153
---END---
---START---
00000020
PARAMETERS 
21
-0.0942575478613
-0.954981647867
0.234386444834
2.87893827381
0.509288872808
0.179844183256
0.0458225589874
-0.0117085878321
-0.382270625046
-0.00222607484441
0.141351101457
0.0212650752242
-0.268490766221
-0.0201300207438
-1.16518526492e-05
-0.00108729913821
-1.9806029502
3.17601320819
-38.4069121234
10.316627019
-0.126331305008
RSS 77128.90188696231
BP MaxDensity 0.03288519741448081
EFS MaxDensity 0.029131690950886205
a0 4.217091460477394
e0 -6.771547991163662
b0 1055.831112993695
---END---
---START---
00000021
PARAMETERS 
21
-0.0942576195259
-0.954981877328
0.234386480335
2.87893762686
0.509289064823
0.179844661812
0.0458240829235
-0.0117085835491
-0.382270902145
-0.00222607888284
0.141351527489
0.0212653009437
-0.268490788283
-0.0201300195392
-1.16518614376e-05
-0.00108729936479
-1.9806029285
3.17601329365
-38.4069124721
10.3166287958
-0.126331372445
RSS 77128.990635828
BP MaxDensity 0.03288519741448081
EFS MaxDensity 0.029131690950886205
a0 4.217089755078017
e0 -6.7715215110608575
b0 1055.8383204904185
---END---
---START---
00000022
PARAMETERS 
21
-0.0942576176307
-0.954981586499
0.234386246136
2.87893800297
0.509288929948
0.179843392154
0.0458234000392
-0.011708585028
-0.382270909238
-0.00222607811577
0.141351245638
0.0212649072453
-0.268490818128
-0.0201300183427
-1.16518636661e-05
-0.00108729917516
-1.98060290715
3.17601242753
-38.4069133468
10.3166261611
-0.126331260731
RSS 77128.99552019873
BP MaxDensity 0.03288519741448081
EFS MaxDensity 0.029131690950886205
a0 4.2170832424608315
e0 -6.771454377500693
b0 1055.861156922779
---END---
---START---
00000023
PARAMETERS 
21
-0.0942575716163
-0.954981830536
0.234386432964
2.87893830667
0.509288893571
0.179842272083
0.0458238897232
-0.0117085807816
-0.382270512579
-0.00222608130681
0.141351086612
0.0212653103724
-0.26849084962
-0.0201300173472
-1.1651855488e-05
-0.00108729925735
-1.98060319308
3.1760160685
-38.4069060357
10.3166273537
-0.126331271488
RSS 77129.01992450363
BP MaxDensity 0.03288519741448081
EFS MaxDensity 0.029131690950886205
a0 4.217098900760653
e0 -6.771631832500421
b0 1055.813156290623
---END---
---START---
00000024
PARAMETERS 
21
-0.0942575716628
-0.95498179302
0.23438656504
2.87893774307
0.509289072259
0.179843637138
0.0458235935707
-0.0117085843143
-0.382270771525
-0.00222607742774
0.141351375834
0.0212651473968
-0.268490778904
-0.0201300208092
-1.16518543761e-05
-0.00108729926711
-1.98060308853
3.17601371958
-38.4069163478
10.3166298847
-0.126331433062
RSS 77129.07785572362
BP MaxDensity 0.03288519741448081
EFS MaxDensity 0.029131690950886205
a0 4.217088575684613
e0 -6.771505330427362
b0 1055.8439046367664
---END---
---START---
00000025
PARAMETERS 
21
-0.0942575573816
-0.954981946296
0.23438642285
2.87893792939
0.509288902156
0.179844443002
0.0458232820762
-0.0117085879011
-0.382271110447
-0.00222607867429
0.141351475191
0.0212651285092
-0.26849080773
-0.0201300200489
-1.16518601237e-05
-0.00108729927474
-1.98060288136
3.17601102221
-38.4069180459
10.3166275571
-0.126331349957
RSS 77129.08602897884
BP MaxDensity 0.03288519741448081
EFS MaxDensity 0.029131690950886205
a0 4.21708512967687
e0 -6.771491819381008
b0 1055.8524543369615
---END---
---START---
00000026
PARAMETERS 
21
-0.0942576124374
-0.954981743288
0.234386328237
2.878938088
0.509288961221
0.179843737006
0.0458234231409
-0.0117085877833
-0.382270961615
-0.00222607566668
0.14135138169
0.0212649591201
-0.268490774999
-0.0201300216584
-1.16518628476e-05
-0.00108729918833
-1.98060289838
3.1760134534
-38.4069179692
10.3166259089
-0.126331269725
RSS 77129.10456705041
BP MaxDensity 0.03288519741448081
EFS MaxDensity 0.029131690950886205
a0 4.2170819187198205
e0 -6.771418050282314
b0 1055.8662670778424
---END---
---START---
00000027
PARAMETERS 
21
-0.0942576246232
-0.95498182079
0.234386330308
2.87893829487
0.50928891372
0.179844152195
0.0458234028498
-0.0117085848987
-0.382271026716
-0.0022260776021
0.141351307105
0.0212650626247
-0.268490801573
-0.020130020193
-1.16518584121e-05
-0.00108729917086
-1.98060289196
3.17601292469
-38.4069123666
10.3166273891
-0.126331289682
RSS 77129.11716478344
BP MaxDensity 0.03288519741448081
EFS MaxDensity 0.029131690950886205
a0 4.2170859386168695
e0 -6.771484252534994
b0 1055.8522544275063
---END---
---START---
00000028
PARAMETERS 
21
-0.094257600982
-0.954981857436
0.234386406805
2.87893802066
0.509289006106
0.17984445893
0.0458233003371
-0.0117085882792
-0.382270884609
-0.00222607584277
0.141351231536
0.0212651492197
-0.268490777936
-0.0201300222664
-1.16518554896e-05
-0.00108729903875
-1.98060293093
3.17601397372
-38.4069181807
10.3166284171
-0.126331258101
RSS 77129.12220312534
BP MaxDensity 0.03288519741448081
EFS MaxDensity 0.029131690950886205
a0 4.217090636394128
e0 -6.771533281652796
b0 1055.8364960095369
---END---
---START---
00000029
PARAMETERS 
21
-0.0942575944541
-0.954982004137
0.234386417418
2.87893796588
0.509288944721
0.179843103992
0.0458241482636
-0.0117085925909
-0.382270834437
-0.00222607785709
0.14135115704
0.0212653181176
-0.268490769422
-0.0201300200776
-1.16518556446e-05
-0.00108729916934
-1.98060308901
3.17601154382
-38.4069124101
10.3166287469
-0.126331245468
RSS 77129.13934840607
BP MaxDensity 0.03288519741448081
EFS MaxDensity 0.029131690950886205
a0 4.217094405981951
e0 -6.771641733579987
b0 1055.8252058467554
---END---
---START---
00000030
PARAMETERS 
21
-0.0942575380278
-0.954981948794
0.234386401746
2.87893814629
0.509289136375
0.179845923344
0.0458224884947
-0.0117085880497
-0.382271097034
-0.00222607432372
0.141351243509
0.021265197265
-0.268490752886
-0.020130021931
-1.16518607898e-05
-0.00108729890626
-1.98060303809
3.17601233782
-38.4069149523
10.3166278665
-0.126331246046
RSS 77129.17217980724
BP MaxDensity 0.03288519741448081
EFS MaxDensity 0.029131690950886205
a0 4.217090925128134
e0 -6.771554740153535
b0 1055.8322046741416
---END---
---START---
00000031
PARAMETERS 
21
-0.094257616113
-0.954982091314
0.23438646326
2.87893838792
0.509288926388
0.179843916146
0.0458240028054
-0.0117085878698
-0.382270861921
-0.00222607867873
0.1413509803
0.0212654199633
-0.268490800534
-0.0201300202638
-1.1651858474e-05
-0.0010872991544
-1.98060319699
3.17601305407
-38.4069119899
10.316627283
-0.126331290468
RSS 77129.2439347546
BP MaxDensity 0.03288519741448081
EFS MaxDensity 0.029131690950886205
a0 4.21710069221649
e0 -6.771713922112583
b0 1055.804857000516
---END---
---START---
00000032
PARAMETERS 
21
-0.094257532596
-0.954982155429
0.234386343717
2.87893829049
0.509288821218
0.179843002322
0.0458229439845
-0.0117085873438
-0.382271123015
-0.00222607751132
0.141351331249
0.0212651239135
-0.268490827937
-0.0201300204875
-1.16518530927e-05
-0.0010872991513
-1.98060307904
3.17601142886
-38.4069209695
10.3166281576
-0.126331314783
RSS 77129.26895384709
BP MaxDensity 0.03288519741448081
EFS MaxDensity 0.029131690950886205
a0 4.217086844784134
e0 -6.771531562451481
b0 1055.849846402232
---END---
---START---
00000033
PARAMETERS 
21
-0.0942576766841
-0.954981934761
0.234386291811
2.87893788922
0.509289041772
0.179845081356
0.0458234792165
-0.0117085834687
-0.382271247461
-0.00222607831641
0.141351418729
0.0212650493124
-0.268490788061
-0.0201300214901
-1.16518597793e-05
-0.00108729915808
-1.98060296194
3.17601284497
-38.406907127
10.3166266271
-0.126331344128
RSS 77129.27510626329
BP MaxDensity 0.03288519741448081
EFS MaxDensity 0.029131690950886205
a0 4.217083221964786
e0 -6.771446746966106
b0 1055.8611828746962
---END---
---START---
00000034
PARAMETERS 
21
-0.0942575901899
-0.954982510461
0.23438647397
2.87893911018
0.509289070829
0.179841555458
0.0458249070404
-0.0117085897293
-0.382270807457
-0.00222608179048
0.141351000019
0.0212655993773
-0.268490779918
-0.0201300186739
-1.16518539965e-05
-0.00108729924262
-1.98060318718
3.17601298346
-38.4069062528
10.3166287534
-0.126331271248
RSS 77129.39353017007
BP MaxDensity 0.03288519741448081
EFS MaxDensity 0.029131690950886205
a0 4.217104087188468
e0 -6.771785028462621
b0 1055.7988358649181
---END---
---START---
00000035
PARAMETERS 
21
-0.0942576073692
-0.954982229324
0.234386383995
2.87893876397
0.509289076151
0.179843103349
0.0458248643858
-0.0117085856011
-0.382270854864
-0.00222608069924
0.141350829671
0.0212653172261
-0.268490761174
-0.020130019838
-1.16518566318e-05
-0.0010872992476
-1.98060311813
3.17601385167
-38.406913865
10.3166276234
-0.126331253835
RSS 77129.45020020874
BP MaxDensity 0.03288519741448081
EFS MaxDensity 0.029131690950886205
a0 4.2170995261761615
e0 -6.771702863861261
b0 1055.813264735476
---END---
---START---
00000036
PARAMETERS 
21
-0.0942576097569
-0.954982128228
0.234386462586
2.87893849912
0.509289089629
0.179843858787
0.0458241303163
-0.011708585951
-0.382270787732
-0.00222608081691
0.141350716145
0.0212653568569
-0.268490752813
-0.0201300185135
-1.16518553475e-05
-0.00108729925859
-1.98060326439
3.17601502195
-38.4069188822
10.3166278622
-0.126331256792
RSS 77129.46698842442
BP MaxDensity 0.03288519741448081
EFS MaxDensity 0.029131690950886205
a0 4.217103727733704
e0 -6.7717389627497795
b0 1055.7981583509852
---END---
---START---
00000037
PARAMETERS 
21
-0.0942575950009
-0.954982212485
0.234386416399
2.87893837356
0.509288975544
0.179844632231
0.0458242385835
-0.0117085824789
-0.382270970031
-0.00222608119333
0.141350801689
0.0212653584924
-0.268490746353
-0.020130016785
-1.16518512116e-05
-0.00108729930408
-1.9806033851
3.17601273342
-38.406914386
10.3166272587
-0.126331216751
RSS 77129.46741672023
BP MaxDensity 0.03288519741448081
EFS MaxDensity 0.029131690950886205
a0 4.2171008922605875
e0 -6.771730611519985
b0 1055.805071049131
---END---
---START---
00000038
PARAMETERS 
21
-0.0942575756212
-0.954981676381
0.234386321577
2.87893799166
0.509289104855
0.179844199838
0.0458239432377
-0.0117085956444
-0.382271363226
-0.00222607567242
0.141351224109
0.0212651342191
-0.268490791037
-0.0201300250219
-1.16518645878e-05
-0.00108729912027
-1.98060284435
3.17601596554
-38.4069276162
10.3166303653
-0.126331211233
RSS 77129.50756980314
BP MaxDensity 0.03288519741448081
EFS MaxDensity 0.029131690950886205
a0 4.217087616579116
e0 -6.7714925197780635
b0 1055.85275867193
---END---
---START---
00000039
PARAMETERS 
21
-0.0942576578585
-0.954982435767
0.234386413243
2.87893893039
0.509288990537
0.179842667715
0.0458248159155
-0.0117085901265
-0.382270985191
-0.00222608047764
0.141350945191
0.0212654415272
-0.268490740295
-0.0201300183072
-1.16518537274e-05
-0.00108729919065
-1.98060330206
3.17601296338
-38.4069126653
10.3166287161
-0.126331283891
RSS 77129.53499489633
BP MaxDensity 0.03288519741448081
EFS MaxDensity 0.029131690950886205
a0 4.217099696440196
e0 -6.771725958962952
b0 1055.813057422784
---END---
---START---
00000040
PARAMETERS 
21
-0.094257617679
-0.954981886374
0.234386387872
2.87893763923
0.509288963786
0.179844235402
0.0458240925175
-0.0117085918782
-0.382271105553
-0.00222607592933
0.141351127007
0.0212649806979
-0.268490781809
-0.0201300230535
-1.1651859184e-05
-0.00108729910579
-1.98060291199
3.17601641879
-38.4069237891
10.3166291303
-0.126331265761
RSS 77129.54094441458
BP MaxDensity 0.03288519741448081
EFS MaxDensity 0.029131690950886205
a0 4.217086781452162
e0 -6.771467447190079
b0 1055.8555356695028
---END---
---START---
00000041
PARAMETERS 
21
-0.0942575549494
-0.954982316977
0.234386317863
2.87893883306
0.509289209161
0.179843449793
0.0458255251204
-0.0117085900757
-0.382271015885
-0.00222608060799
0.14135089536
0.0212652543032
-0.268490749705
-0.0201300200188
-1.16518625506e-05
-0.00108729918625
-1.98060329097
3.17601335877
-38.406914063
10.3166275386
-0.126331306948
RSS 77129.56588203383
BP MaxDensity 0.03288519741448081
EFS MaxDensity 0.029131690950886205
a0 4.217095913286022
e0 -6.771664315223135
b0 1055.8262589997832
---END---
---START---
00000042
PARAMETERS 
21
-0.0942575706081
-0.954982277266
0.234386613853
2.87893771424
0.50928899845
0.179842630627
0.0458227791606
-0.0117085842311
-0.382270872991
-0.00222607756916
0.14135094758
0.0212655589138
-0.268490725061
-0.0201300235495
-1.16518533879e-05
-0.00108729917064
-1.98060293466
3.17601552991
-38.4069171219
10.316625066
-0.126331236907
RSS 77129.63744921413
BP MaxDensity 0.03288519741448081
EFS MaxDensity 0.029131690950886205
a0 4.217104908659661
e0 -6.771744339518672
b0 1055.7953185079193
---END---
---START---
00000043
PARAMETERS 
21
-0.0942575632924
-0.954982120685
0.234386522056
2.87893822453
0.509289115335
0.17984421245
0.0458250067937
-0.0117085865722
-0.382270953004
-0.00222608230554
0.141350858832
0.0212652894219
-0.268490717494
-0.0201300171804
-1.16518603066e-05
-0.00108729920911
-1.98060311214
3.17601605129
-38.4069213972
10.3166265428
-0.126331234105
RSS 77129.63871862904
BP MaxDensity 0.03288519741448081
EFS MaxDensity 0.029131690950886205
a0 4.217098515022622
e0 -6.771654725779518
b0 1055.8180152720481
---END---
---START---
00000044
PARAMETERS 
21
-0.094257637459
-0.954982419345
0.234386445082
2.878938829
0.509289086139
0.179842207069
0.0458241240893
-0.0117085838679
-0.382270899377
-0.00222608163511
0.141350809854
0.0212653895558
-0.268490753944
-0.0201300209651
-1.16518591728e-05
-0.00108729930754
-1.9806030761
3.17601541418
-38.4069203421
10.3166265787
-0.126331290054
RSS 77129.64545554642
BP MaxDensity 0.03288519741448081
EFS MaxDensity 0.029131690950886205
a0 4.217101861947333
e0 -6.7717244505113525
b0 1055.8081099742308
---END---
---START---
00000045
PARAMETERS 
21
-0.0942576062107
-0.954982364231
0.234386490898
2.87893768846
0.509288932293
0.179841698391
0.0458220367995
-0.0117085849718
-0.38227091379
-0.00222607751074
0.141350802855
0.0212656126277
-0.268490713758
-0.0201300240552
-1.16518520348e-05
-0.00108729937061
-1.98060321077
3.1760157386
-38.4069187963
10.3166245555
-0.126331263983
RSS 77129.76633573323
BP MaxDensity 0.03288519741448081
EFS MaxDensity 0.029131690950886205
a0 4.217107799836525
e0 -6.7717962206261015
b0 1055.787320190391
---END---
---START---
00000046
PARAMETERS 
21
-0.0942576374875
-0.954982234889
0.23438641504
2.87894899613
0.509289147242
0.179862157972
0.0458245867917
-0.0117086272363
-0.382271190541
-0.00222619238038
0.141350718105
0.0212654432334
-0.268490712224
-0.0201299784033
-1.16517116152e-05
-0.00108729936865
-1.98060334145
3.17601374602
-38.4043577636
10.3166279906
-0.126331194818
RSS 77129.77943729458
BP MaxDensity 0.03288519741448081
EFS MaxDensity 0.029131690950886205
a0 4.217115197234122
e0 -6.771458575462667
b0 1055.7546892621301
---END---
---START---
00000047
PARAMETERS 
21
-0.0942576374875
-0.954982234889
0.23438641504
2.8789379544
0.509289147242
0.17984488234
0.0458245867917
-0.0117085818197
-0.382271190541
-0.00222608223028
0.141350718105
0.0212654432334
-0.268490712224
-0.0201300192044
-1.16518544447e-05
-0.00108729936865
-1.98060334145
3.17601374602
-38.4069159942
10.3166279906
-0.126331194818
RSS 77129.79274715662
BP MaxDensity 0.03288519741448081
EFS MaxDensity 0.029131690950886205
a0 4.217102984730094
e0 -6.7717648855639005
b0 1055.8015095714145
---END---
---START---
00000048
PARAMETERS 
21
-0.0942575630545
-0.954982268424
0.234386522953
2.8789379992
0.509289084963
0.179842428343
0.0458235962431
-0.011708584012
-0.38227109614
-0.00222607812869
0.141351080725
0.021265526236
-0.268490731684
-0.0201300226121
-1.16518578102e-05
-0.00108729905929
-1.98060285448
3.17601706168
-38.4069156157
10.3166252051
-0.126331259342
RSS 77129.79999670378
BP MaxDensity 0.03288519741448081
EFS MaxDensity 0.029131690950886205
a0 4.2171007073156055
e0 -6.771674733847455
b0 1055.8132836790664
---END---
---START---
00000049
PARAMETERS 
21
-0.0942575966922
-0.954982578706
0.234386468603
2.87893857358
0.509289167383
0.179842999707
0.0458235769431
-0.0117085870265
-0.382271036153
-0.0022260794776
0.141351044873
0.021265555019
-0.268490727091
-0.0201300206976
-1.16518523912e-05
-0.00108729908292
-1.98060272203
3.17601860866
-38.4069153634
10.3166263759
-0.12633129443
RSS 77129.82355114695
BP MaxDensity 0.03288519741448081
EFS MaxDensity 0.029131690950886205
a0 4.217103160953349
e0 -6.77167888529058
b0 1055.8054747124238
---END---
---START---
00000050
PARAMETERS 
21
-0.0942575986089
-0.954982684734
0.23438651298
2.87893798231
0.509288935157
0.179841340197
0.0458247234008
-0.0117085856904
-0.38227088535
-0.00222608090475
0.141351047246
0.0212653274761
-0.268490732182
-0.0201300231748
-1.16518513411e-05
-0.0010872990385
-1.98060286239
3.17601614634
-38.4069119432
10.3166241353
-0.126331323044
RSS 77129.85717328834
BP MaxDensity 0.03288519741448081
EFS MaxDensity 0.029131690950886205
a0 4.2170966283679805
e0 -6.771636653413189
b0 1055.8285613594967
---END---
---START---
00000051
PARAMETERS 
21
-0.0942576159886
-0.954982327609
0.234386556171
2.87893840706
0.509289128533
0.179842894243
0.0458249523213
-0.0117085907954
-0.382271139023
-0.00222607864718
0.141351024856
0.0212653349654
-0.26849074693
-0.0201300204968
-1.16518498718e-05
-0.00108729921852
-1.98060282502
3.17601779305
-38.4069252557
10.3166263526
-0.126331303104
RSS 77129.86727940931
BP MaxDensity 0.03288519741448081
EFS MaxDensity 0.029131690950886205
a0 4.217096492511857
e0 -6.771612793979792
b0 1055.8293820402928
---END---
---START---
00000052
PARAMETERS 
21
-0.0942576307357
-0.954982455051
0.234386518571
2.8789377228
0.509289133377
0.179842137182
0.0458244741013
-0.0117085878459
-0.382271061962
-0.00222607800882
0.141351144538
0.0212656896625
-0.268490692813
-0.0201300208231
-1.16518573888e-05
-0.00108729892635
-1.98060284032
3.17601856828
-38.4069213306
10.3166248438
-0.126331306125
RSS 77129.87115076446
BP MaxDensity 0.03288519741448081
EFS MaxDensity 0.029131690950886205
a0 4.2171036379187745
e0 -6.7717015016824735
b0 1055.8061285489619
---END---
---START---
00000053
PARAMETERS 
21
-0.0942576903238
-0.95498225734
0.234386448952
2.87893850412
0.509289102107
0.179842753925
0.0458245155688
-0.0117085820645
-0.382271107038
-0.00222608207675
0.141350813913
0.0212654556915
-0.268490739455
-0.020130022673
-1.16518521933e-05
-0.00108729919628
-1.98060288018
3.17601746728
-38.4069243227
10.3166263391
-0.12633130567
RSS 77129.87184461416
BP MaxDensity 0.03288519741448081
EFS MaxDensity 0.029131690950886205
a0 4.217102387316556
e0 -6.7717095031689745
b0 1055.8094879181076
---END---
---START---
00000054
PARAMETERS 
21
-0.0942576108368
-0.95498273694
0.234386477324
2.8789383871
0.509288966703
0.179843127571
0.0458243100339
-0.0117085879116
-0.382271042164
-0.00222608113699
0.141351018508
0.0212654874904
-0.268490715993
-0.0201300225921
-1.16518519048e-05
-0.00108729899274
-1.98060290804
3.17601689162
-38.4069138523
10.3166255676
-0.126331333869
RSS 77129.89727317097
BP MaxDensity 0.03288519741448081
EFS MaxDensity 0.029131690950886205
a0 4.2171008668722685
e0 -6.771680781364571
b0 1055.8127390682007
---END---
---START---
00000055
PARAMETERS 
21
-0.0942576045421
-0.954982484014
0.23438652584
2.87893774901
0.509289073514
0.17984296513
0.0458224725079
-0.0117085841791
-0.382271039975
-0.00222607674105
0.141350938997
0.0212656760916
-0.268490712302
-0.0201300233917
-1.16518501967e-05
-0.00108729927235
-1.98060305176
3.17601797816
-38.4069186928
10.3166248895
-0.126331243859
RSS 77129.915039109
BP MaxDensity 0.03288519741448081
EFS MaxDensity 0.029131690950886205
a0 4.217107675816244
e0 -6.7717564139965685
b0 1055.7890722718134
---END---
---START---
00000056
PARAMETERS 
21
-0.0942577009816
-0.954982286638
0.234386633785
2.87893743583
0.509289047667
0.179842353013
0.0458226498514
-0.0117085863114
-0.382270937026
-0.00222607622227
0.141350959823
0.021265748547
-0.268490671159
-0.0201300272409
-1.16518475883e-05
-0.00108729915222
-1.98060325034
3.17602142689
-38.4069164004
10.3166267196
-0.12633120311
RSS 77129.95829034469
BP MaxDensity 0.03288519741448081
EFS MaxDensity 0.029131690950886205
a0 4.217109771710634
e0 -6.771741300899345
b0 1055.7856305289565
---END---
---START---
00000057
PARAMETERS 
21
-0.0942576297613
-0.954982499326
0.23438652945
2.87893828479
0.509289102962
0.179842310789
0.0458241931944
-0.0117085860749
-0.382271029626
-0.0022260799996
0.141350908443
0.0212653852256
-0.268490707663
-0.0201300210049
-1.16518516225e-05
-0.00108729910993
-1.98060277239
3.17601761172
-38.4069185975
10.3166249151
-0.126331308437
RSS 77129.96362702944
BP MaxDensity 0.03288519741448081
EFS MaxDensity 0.029131690950886205
a0 4.21709968267838
e0 -6.7716635186756164
b0 1055.8188914695763
---END---
---START---
00000058
PARAMETERS 
21
-0.0942576147434
-0.954982745947
0.234386348121
2.87893888366
0.509288871718
0.179838538413
0.0458226040922
-0.0117085944299
-0.382271394779
-0.00222607932631
0.141350781388
0.0212655110982
-0.268490628819
-0.0201300163148
-1.16518405911e-05
-0.00108729933077
-1.98060256728
3.17600831172
-38.4069272812
10.3166227666
-0.126331356362
RSS 77130.02263737969
BP MaxDensity 0.03288519741448081
EFS MaxDensity 0.029131690950886205
a0 4.217098631832371
e0 -6.7718290880490155
b0 1055.820384608729
---END---
---START---
00000059
PARAMETERS 
21
-0.0942576335136
-0.954982127655
0.234386466544
2.87893825737
0.509289249282
0.179844131045
0.0458238404379
-0.0117085805203
-0.382271298443
-0.00222608363091
0.141350778754
0.0212655074963
-0.268490767609
-0.0201300217339
-1.16518482344e-05
-0.00108729908149
-1.9806027852
3.17602018214
-38.4069255702
10.3166273901
-0.126331350469
RSS 77130.02799021326
BP MaxDensity 0.03288519741448081
EFS MaxDensity 0.029131690950886205
a0 4.217105309718737
e0 -6.771707293486486
b0 1055.8005090451413
---END---
---START---
00000060
PARAMETERS 
21
-0.0942576777815
-0.954982593075
0.234386453275
2.87893859039
0.509289234238
0.179841616873
0.0458235151997
-0.0117085843269
-0.382271291366
-0.00222608138566
0.141350924569
0.0212652157382
-0.268490686882
-0.0201300189037
-1.16518577044e-05
-0.00108729901382
-1.98060295986
3.17601463961
-38.4069231361
10.3166254331
-0.126331283391
RSS 77130.03878939468
BP MaxDensity 0.03288519741448081
EFS MaxDensity 0.029131690950886205
a0 4.217092424943072
e0 -6.77161452935767
b0 1055.8424116178971
---END---
---START---
00000061
PARAMETERS 
21
-0.0942576142459
-0.954982548026
0.234386580071
2.87893841548
0.509289064522
0.17984376397
0.0458234762306
-0.0117085864776
-0.382271131299
-0.00222608037492
0.141350905275
0.0212655502197
-0.268490718759
-0.0201300193444
-1.16518557933e-05
-0.00108729919758
-1.98060270759
3.17602063822
-38.4069176278
10.3166241085
-0.126331308721
RSS 77130.06197847381
BP MaxDensity 0.03288519741448081
EFS MaxDensity 0.029131690950886205
a0 4.217105390818474
e0 -6.771689144521802
b0 1055.7999630533523
---END---
---START---
00000062
PARAMETERS 
21
-0.09425765443
-0.954982302956
0.234386556719
2.87893783446
0.509289132193
0.17984189053
0.045822423145
-0.0117085847311
-0.382271100644
-0.00222607822423
0.141350986931
0.021265583558
-0.268490680488
-0.0201300251168
-1.1651845253e-05
-0.00108729917176
-1.98060306242
3.17602089553
-38.4069211384
10.3166258396
-0.12633123897
RSS 77130.06766318019
BP MaxDensity 0.03288519741448081
EFS MaxDensity 0.029131690950886205
a0 4.2171038842913
e0 -6.771671795945068
b0 1055.8065098944276
---END---
---START---
00000063
PARAMETERS 
21
-0.0942576784272
-0.954982834698
0.234386421548
2.87893915074
0.509288870491
0.179837608856
0.0458221331597
-0.0117085908796
-0.382271263763
-0.00222607935572
0.141350751319
0.0212654389306
-0.268490654216
-0.0201300168923
-1.16518409985e-05
-0.00108729927905
-1.98060272563
3.1760103603
-38.4069295364
10.3166240449
-0.126331303826
RSS 77130.07006230795
BP MaxDensity 0.03288519741448081
EFS MaxDensity 0.029131690950886205
a0 4.217098367155899
e0 -6.77179461198922
b0 1055.8235582951652
---END---
---START---
00000064
PARAMETERS 
21
-0.0942577899886
-0.954983175308
0.234386412029
2.8789384668
0.509288795956
0.179838112716
0.045822917534
-0.0117085957987
-0.382271061393
-0.00222607754858
0.141350726615
0.0212650951625
-0.268490689991
-0.020130022329
-1.16518352953e-05
-0.00108729930574
-1.98060305103
3.17600903169
-38.4069218023
10.3166242699
-0.126331241925
RSS 77130.09078626055
BP MaxDensity 0.03288519741448081
EFS MaxDensity 0.029131690950886205
a0 4.2170918273659
e0 -6.7717114321350556
b0 1055.843746181567
---END---
---START---
00000065
PARAMETERS 
21
-0.0942576945502
-0.954982482905
0.234386376742
2.87893831862
0.509288996664
0.179842203785
0.0458251115909
-0.0117085802642
-0.382271220323
-0.00222608314469
0.141350763814
0.0212653583658
-0.268490712918
-0.0201300226681
-1.16518538562e-05
-0.00108729913991
-1.98060295104
3.17601955068
-38.4069296072
10.3166266804
-0.126331286239
RSS 77130.2037527876
BP MaxDensity 0.03288519741448081
EFS MaxDensity 0.029131690950886205
a0 4.217099819281605
e0 -6.771660745330667
b0 1055.8234686155974
---END---
---START---
00000066
PARAMETERS 
21
-0.0942576878014
-0.954983034427
0.234386449364
2.87893883242
0.509289007993
0.179838042417
0.0458223130645
-0.0117085910841
-0.382271197388
-0.0022260780916
0.141350846686
0.0212653976881
-0.268490649733
-0.0201300173209
-1.16518414441e-05
-0.00108729914268
-1.98060277899
3.1760129703
-38.4069265031
10.3166241528
-0.126331285459
RSS 77130.21828425967
BP MaxDensity 0.03288519741448081
EFS MaxDensity 0.029131690950886205
a0 4.2170970806664005
e0 -6.771728743237795
b0 1055.829970342866
---END---
---START---
00000067
PARAMETERS 
21
-0.0942576965309
-0.954982514028
0.234386477719
2.87893837802
0.509288675501
0.179839871726
0.0458234618971
-0.011708582008
-0.382271231379
-0.00222607617461
0.141350639487
0.0212651321025
-0.268490642066
-0.0201300204935
-1.16518565373e-05
-0.00108729902324
-1.98060290023
3.17601520804
-38.4069254354
10.3166274943
-0.126331297882
RSS 77130.25317015452
BP MaxDensity 0.03288519741448081
EFS MaxDensity 0.029131690950886205
a0 4.217093801560124
e0 -6.7716539934287265
b0 1055.8419255717415
---END---
---START---
00000068
PARAMETERS 
21
-0.0942576235647
-0.954982580872
0.234386471763
2.87893849815
0.509288891498
0.179839007963
0.0458224685623
-0.0117085863993
-0.382271167342
-0.002226076899
0.141350665108
0.0212650784176
-0.268490623706
-0.020130019048
-1.16518512208e-05
-0.00108729904667
-1.9806027993
3.17601464063
-38.4069342787
10.3166249883
-0.126331234926
RSS 77130.26895658203
BP MaxDensity 0.03288519741448081
EFS MaxDensity 0.029131690950886205
a0 4.217091917339261
e0 -6.77163150231853
b0 1055.847849111626
---END---
---START---
00000069
PARAMETERS 
21
-0.094257649399
-0.954982778126
0.234386538897
2.87893869929
0.509289204694
0.179840151361
0.0458227273113
-0.0117085871652
-0.38227141108
-0.00222607982965
0.141350868543
0.0212650778031
-0.268490671878
-0.0201300164056
-1.16518577485e-05
-0.00108729896448
-1.98060278882
3.1760140552
-38.4069210905
10.3166255292
-0.126331339337
RSS 77130.3145935878
BP MaxDensity 0.03288519741448081
EFS MaxDensity 0.029131690950886205
a0 4.217089022418106
e0 -6.77159042874282
b0 1055.856309414857
---END---
---START---
00000070
PARAMETERS 
21
-0.0942577244903
-0.954983119453
0.234386477661
2.87893847338
0.509289029056
0.179837969724
0.0458224311861
-0.011708595844
-0.38227132175
-0.00222607717821
0.141350724619
0.0212653634318
-0.26849064488
-0.0201300195994
-1.16518365758e-05
-0.00108729917684
-1.98060291994
3.17601027798
-38.4069209869
10.3166248698
-0.126331336829
RSS 77130.34989790787
BP MaxDensity 0.03288519741448081
EFS MaxDensity 0.029131690950886205
a0 4.21709688167837
e0 -6.77177601268789
b0 1055.8300520574287
---END---
---START---
00000071
PARAMETERS 
21
-0.0942576649786
-0.954982813635
0.234386445979
2.87893879291
0.509289061621
0.179839628073
0.0458223414568
-0.011708591002
-0.382271303205
-0.00222607868366
0.141350743393
0.0212651670972
-0.268490660826
-0.0201300177872
-1.16518539977e-05
-0.00108729906387
-1.98060285797
3.17601596114
-38.4069275174
10.3166241618
-0.12633127993
RSS 77130.35580685182
BP MaxDensity 0.03288519741448081
EFS MaxDensity 0.029131690950886205
a0 4.217094063857228
e0 -6.7716396494572
b0 1055.8411850724003
---END---
---START---
00000072
PARAMETERS 
21
-0.0942576771663
-0.954983023849
0.234386443777
2.87893843103
0.509289083475
0.179836651883
0.0458222483739
-0.0117085892758
-0.3822714525
-0.0022260787777
0.141350938531
0.0212654333276
-0.268490650565
-0.0201300155797
-1.16518404934e-05
-0.0010872990635
-1.98060264916
3.17601285191
-38.4069333951
10.3166236423
-0.126331244405
RSS 77130.4167187929
BP MaxDensity 0.03288519741448081
EFS MaxDensity 0.029131690950886205
a0 4.217094759135459
e0 -6.7717173708813245
b0 1055.8411323337116
---END---
---START---
00000073
PARAMETERS 
21
-0.0942575986089
-0.954982684734
0.23438651298
2.87894746218
0.509288935157
0.179850512694
0.0458247234008
-0.0117085856904
-0.38227088535
-0.00222621856121
0.141347931844
0.0212653274761
-0.268490588516
-0.0201300231748
-1.16518513411e-05
-0.0010872990385
-1.98060286239
3.17601614634
-38.4069119432
10.3166241353
-0.126331538121
RSS 77130.42408685884
BP MaxDensity 0.03288519741448081
EFS MaxDensity 0.029131690950886205
a0 4.217144578486522
e0 -6.772398713264711
b0 1055.6627282723355
---END---
---START---
00000074
PARAMETERS 
21
-0.0942576353365
-0.954982787291
0.234386376413
2.87893855925
0.50928894817
0.179838360028
0.0458228957768
-0.0117085892008
-0.382271397492
-0.00222607722767
0.141350719316
0.0212653047746
-0.268490639553
-0.0201300153431
-1.16518438294e-05
-0.00108729923704
-1.98060278498
3.17601487422
-38.4069249728
10.3166239396
-0.126331256873
RSS 77130.43739743611
BP MaxDensity 0.03288519741448081
EFS MaxDensity 0.029131690950886205
a0 4.2170957879143725
e0 -6.771699382274088
b0 1055.8381212568424
---END---
---START---
00000075
PARAMETERS 
21
-0.0942577703478
-0.954983190001
0.234386385802
2.87893830344
0.509288956758
0.179837490534
0.045823011614
-0.0117085974926
-0.382271311035
-0.00222607843317
0.141350744381
0.0212652473342
-0.268490652582
-0.0201300203
-1.16518364394e-05
-0.00108729929639
-1.98060286588
3.17601084258
-38.4069228459
10.3166243786
-0.126331302065
RSS 77130.43865509419
BP MaxDensity 0.03288519741448081
EFS MaxDensity 0.029131690950886205
a0 4.2170934499035075
e0 -6.771726659786441
b0 1055.8436148973099
---END---
---START---
00000076
PARAMETERS 
21
-0.0942576969633
-0.954982586385
0.234386355823
2.87893814976
0.509289030247
0.17983963714
0.0458229637318
-0.0117085891881
-0.382271668338
-0.00222607695911
0.14135073475
0.0212651906299
-0.26849060706
-0.0201300171971
-1.16518438774e-05
-0.00108729924218
-1.98060272748
3.17601222158
-38.406926123
10.3166240336
-0.126331226468
RSS 77130.4699912605
BP MaxDensity 0.03288519741448081
EFS MaxDensity 0.029131690950886205
a0 4.217090602158571
e0 -6.771664271501289
b0 1055.8526064665502
---END---
---START---
00000077
PARAMETERS 
21
-0.0942576053105
-0.954982723308
0.234386405475
2.87893851053
0.509289011449
0.179839343505
0.0458229228989
-0.0117085908783
-0.382271421088
-0.00222607770988
0.141350604297
0.0212652821461
-0.268490677972
-0.0201300169965
-1.16518499015e-05
-0.00108729917746
-1.98060291376
3.1760153594
-38.4069218401
10.3166249181
-0.126331285634
RSS 77130.48501551508
BP MaxDensity 0.03288519741448081
EFS MaxDensity 0.029131690950886205
a0 4.217097946567449
e0 -6.7717202918422155
b0 1055.830379765087
---END---
---START---
00000078
PARAMETERS 
21
-0.0942576357842
-0.954982676173
0.234386412732
2.87893878332
0.509288771959
0.179840028664
0.0458224398559
-0.0117085862044
-0.382271372807
-0.00222607673989
0.141350501891
0.0212649818654
-0.26849062425
-0.0201300189386
-1.16518577016e-05
-0.00108729900757
-1.98060284973
3.17601496095
-38.4069302435
10.3166261585
-0.126331291227
RSS 77130.50014364858
BP MaxDensity 0.03288519741448081
EFS MaxDensity 0.029131690950886205
a0 4.217091440312481
e0 -6.77162962092027
b0 1055.8501872800305
---END---
---START---
00000079
PARAMETERS 
21
-0.0942577331501
-0.954982531455
0.234386363208
2.87893818002
0.509288937986
0.179839249216
0.0458237091303
-0.011708591791
-0.382271543129
-0.00222607537939
0.141350597871
0.0212651181793
-0.268490588001
-0.0201300164066
-1.16518370853e-05
-0.00108729919609
-1.98060284118
3.17601312971
-38.4069269695
10.3166238037
-0.126331230452
RSS 77130.50111007213
BP MaxDensity 0.03288519741448081
EFS MaxDensity 0.029131690950886205
a0 4.217090825435382
e0 -6.771663135406517
b0 1055.8540812597387
---END---
---START---
00000080
PARAMETERS 
21
-0.0942576696991
-0.954982581084
0.234386548314
2.87893938065
0.509289139694
0.179840973138
0.0458217363355
-0.0117085914667
-0.382271254354
-0.00222607654498
0.141350431531
0.021265089915
-0.268490609891
-0.0201300151358
-1.16518400437e-05
-0.00108729936685
-1.98060268906
3.17601938895
-38.4069199971
10.3166261746
-0.126331282492
RSS 77130.51505737657
BP MaxDensity 0.03288519741448081
EFS MaxDensity 0.029131690950886205
a0 4.217097607015197
e0 -6.771638749024989
b0 1055.8310097479964
---END---
---START---
00000081
PARAMETERS 
21
-0.0942576454839
-0.954982859607
0.234386436293
2.87893864863
0.509289202873
0.179840517881
0.0458215947196
-0.0117085881973
-0.382271332772
-0.00222607983295
0.141350638018
0.0212652814055
-0.268490660863
-0.0201300201536
-1.16518532436e-05
-0.00108729897581
-1.98060279904
3.17601874223
-38.4069209831
10.3166232459
-0.126331321684
RSS 77130.52306383057
BP MaxDensity 0.03288519741448081
EFS MaxDensity 0.029131690950886205
a0 4.2170998244711715
e0 -6.771675292803278
b0 1055.823299338211
---END---
---START---
00000082
PARAMETERS 
21
-0.0942576256038
-0.954982636589
0.234386389606
2.8789383025
0.50928879562
0.179837142825
0.0458231689135
-0.0117085915894
-0.382271521304
-0.00222607566968
0.141350833698
0.0212654247133
-0.268490666306
-0.0201300129318
-1.1651849357e-05
-0.00108729920751
-1.980602688
3.17601681142
-38.4069294794
10.3166225451
-0.126331297867
RSS 77130.55696533118
BP MaxDensity 0.03288519741448081
EFS MaxDensity 0.029131690950886205
a0 4.2170965257050375
e0 -6.771694110112554
b0 1055.8398850252254
---END---
---START---
00000083
PARAMETERS 
21
-0.0942576280806
-0.954982381552
0.234386341196
2.87893873632
0.509288629554
0.179839068814
0.0458221997012
-0.0117085823811
-0.382271514818
-0.00222607896217
0.141350838697
0.021265127515
-0.268490583057
-0.0201300138682
-1.16518385506e-05
-0.00108729934225
-1.98060264907
3.17602003005
-38.4069186393
10.3166254807
-0.126331338645
RSS 77130.56678544583
BP MaxDensity 0.03288519741448081
EFS MaxDensity 0.029131690950886205
a0 4.217089586239111
e0 -6.771523708415247
b0 1055.8617587465671
---END---
---START---
00000084
PARAMETERS 
21
-0.0942577842933
-0.954982548705
0.234386807052
2.8789382172
0.509288332223
0.179840758923
0.0458232556734
-0.0117085951021
-0.382271926408
-0.00222607287937
0.14135074782
0.0212656375072
-0.268490578737
-0.0201300123287
-1.16518307249e-05
-0.00108729994798
-1.98060334187
3.17601197784
-38.406920971
10.31662099
-0.126331164634
RSS 77130.57079755735
BP MaxDensity 0.03288519741448081
EFS MaxDensity 0.029131690950886205
a0 4.217100608118013
e0 -6.771816964072286
b0 1055.8181344835511
---END---
---START---
00000085
PARAMETERS 
21
-0.0942576668511
-0.954982137706
0.234386325228
2.87893852625
0.509288592063
0.17983790044
0.0458212866804
-0.0117085785098
-0.382271584874
-0.00222607734787
0.141350965971
0.0212650245846
-0.268490574333
-0.0201300119243
-1.16518454201e-05
-0.0010872994364
-1.98060270963
3.17602187524
-38.406921801
10.3166240747
-0.126331311109
RSS 77130.59323272851
BP MaxDensity 0.03288519741448081
EFS MaxDensity 0.029131690950886205
a0 4.217084593448444
e0 -6.771428851165818
b0 1055.8803933566685
---END---
---START---
00000086
PARAMETERS 
21
-0.0942578067018
-0.954982309495
0.234386822644
2.87893809525
0.509288168129
0.17984059943
0.0458240592603
-0.0117085869819
-0.382271838801
-0.0022260746961
0.141350996764
0.0212655783077
-0.26849057301
-0.0201300105582
-1.16518402041e-05
-0.00108729982146
-1.98060339179
3.17601930539
-38.4069282384
10.3166208763
-0.126331166274
RSS 77130.59367185057
BP MaxDensity 0.03288519741448081
EFS MaxDensity 0.029131690950886205
a0 4.2170967140512285
e0 -6.771649915936101
b0 1055.837300685005
---END---
---START---
00000087
PARAMETERS 
21
-0.0942576424462
-0.954982656656
0.234386395832
2.87893894657
0.509288944172
0.1798383846
0.0458217929036
-0.0117085898737
-0.382271696832
-0.00222607633597
0.141350698538
0.0212651455422
-0.268490642101
-0.0201300166557
-1.16518365547e-05
-0.00108729949166
-1.98060282745
3.17601448301
-38.4069328859
10.3166249247
-0.126331361835
RSS 77130.5946425267
BP MaxDensity 0.03288519741448081
EFS MaxDensity 0.029131690950886205
a0 4.217090508980402
e0 -6.771637753942271
b0 1055.8556535584923
---END---
---START---
00000088
PARAMETERS 
21
-0.0942576441476
-0.954982611968
0.234386433893
2.87893865286
0.509289066154
0.179838329289
0.0458235881655
-0.0117085843341
-0.382271655834
-0.00222607355899
0.141350566676
0.0212652250276
-0.26849058659
-0.020130014833
-1.16518460376e-05
-0.00108729922925
-1.98060299362
3.17601218465
-38.4069258821
10.3166231673
-0.126331336237
RSS 77130.61651817238
BP MaxDensity 0.03288519741448081
EFS MaxDensity 0.029131690950886205
a0 4.217092778198858
e0 -6.7717192367144605
b0 1055.849191519799
---END---
---START---
00000089
PARAMETERS 
21
-0.0942578176178
-0.954982544373
0.234386893968
2.87893817592
0.509288366931
0.179841681852
0.0458226107962
-0.0117085932729
-0.382271885505
-0.00222607386236
0.141350804068
0.0212656117008
-0.268490542068
-0.0201300120071
-1.16518257795e-05
-0.00108729995245
-1.98060349915
3.17601472157
-38.4069246392
10.3166217108
-0.12633116765
RSS 77130.62099353776
BP MaxDensity 0.03288519741448081
EFS MaxDensity 0.029131690950886205
a0 4.21710022935743
e0 -6.771759749231524
b0 1055.819313545184
---END---
---START---
00000090
PARAMETERS 
21
-0.0942577050384
-0.954983086625
0.234386455051
2.87893896265
0.509288976237
0.179840931619
0.0458215370571
-0.0117085753218
-0.382271681278
-0.00222607393184
0.14135049717
0.0212652369745
-0.268490671582
-0.0201300148018
-1.16518401284e-05
-0.00108729963593
-1.98060251192
3.17601202876
-38.4069172211
10.3166223346
-0.126331249873
RSS 77130.66024289554
BP MaxDensity 0.03288519741448081
EFS MaxDensity 0.029131690950886205
a0 4.217097895111453
e0 -6.771761171508022
b0 1055.8256556628905
---END---
---START---
00000091
PARAMETERS 
21
-0.0942575762376
-0.954982461787
0.234386407338
2.87893848073
0.509288642222
0.179840482577
0.045823050726
-0.0117085796539
-0.382271620933
-0.00222608110047
0.141350699341
0.0212652106456
-0.268490589993
-0.0201300153627
-1.16518369676e-05
-0.00108729922361
-1.98060248148
3.17602051276
-38.406922612
10.3166262346
-0.126331308003
RSS 77130.74271497937
BP MaxDensity 0.03288519741448081
EFS MaxDensity 0.029131690950886205
a0 4.217093863670082
e0 -6.771583367235589
b0 1055.848277349014
---END---
---START---
00000092
PARAMETERS 
21
-0.0942576489214
-0.954982520265
0.234386409936
2.87893864953
0.509288796406
0.179838116471
0.0458226549877
-0.0117085807044
-0.382271667191
-0.00222607791705
0.141350684407
0.021265231147
-0.26849062029
-0.0201300131616
-1.16518362718e-05
-0.00108729935825
-1.98060260096
3.17601816615
-38.4069196217
10.3166253667
-0.12633128677
RSS 77130.75337767617
BP MaxDensity 0.03288519741448081
EFS MaxDensity 0.029131690950886205
a0 4.217093058646748
e0 -6.771626430747532
b0 1055.8524515094255
---END---
---START---
00000093
PARAMETERS 
21
-0.0942576269982
-0.954982449095
0.234386832034
2.87893782481
0.509288276605
0.179842823191
0.0458232086888
-0.0117085902043
-0.382272235994
-0.00222607729896
0.141350823358
0.021265717623
-0.268490613405
-0.0201300089763
-1.1651833902e-05
-0.00108729980444
-1.98060364634
3.17601347685
-38.4069254173
10.3166244511
-0.126331171281
RSS 77130.76596393892
BP MaxDensity 0.03288519741448081
EFS MaxDensity 0.029131690950886205
a0 4.217101771946997
e0 -6.771806332469716
b0 1055.8139137822932
---END---
---START---
00000094
PARAMETERS 
21
-0.0942576089052
-0.954982612573
0.234386372104
2.8789387849
0.509288942657
0.179839199872
0.0458228049435
-0.0117085851206
-0.38227168511
-0.00222607714714
0.141350550425
0.0212652588694
-0.268490633774
-0.0201300152021
-1.16518428168e-05
-0.00108729937108
-1.98060269479
3.17601734706
-38.4069262255
10.3166249471
-0.126331300682
RSS 77130.76825231579
BP MaxDensity 0.03288519741448081
EFS MaxDensity 0.029131690950886205
a0 4.217096524710661
e0 -6.771688437773501
b0 1055.8390629003127
---END---
---START---
00000095
PARAMETERS 
21
-0.094257685288
-0.954982486354
0.234386441788
2.87893860536
0.509288629822
0.179838087398
0.045821851651
-0.0117085815071
-0.382271588378
-0.00222607988986
0.141350610092
0.0212651560923
-0.268490613738
-0.0201300155614
-1.1651835813e-05
-0.00108729943284
-1.98060275118
3.17601981973
-38.4069174797
10.3166240252
-0.126331351645
RSS 77130.77261102186
BP MaxDensity 0.03288519741448081
EFS MaxDensity 0.029131690950886205
a0 4.217093472047836
e0 -6.771602706274074
b0 1055.8512723653248
---END---
---START---
00000096
PARAMETERS 
21
-0.0942576641245
-0.954982545425
0.234386493603
2.87893930348
0.5092889827
0.179841653904
0.0458223893104
-0.0117085886682
-0.382271501459
-0.00222607520689
0.141350376808
0.0212651738348
-0.268490588197
-0.0201300154168
-1.1651840842e-05
-0.00108729942962
-1.98060271593
3.17602190498
-38.4069211239
10.3166263176
-0.126331265273
RSS 77130.77299793446
BP MaxDensity 0.03288519741448081
EFS MaxDensity 0.029131690950886205
a0 4.217099406614811
e0 -6.771644069619898
b0 1055.8287539770245
---END---
---START---
00000097
PARAMETERS 
21
-0.0942576336662
-0.954982388236
0.234386757458
2.8789381439
0.509288344854
0.179842199603
0.045823510239
-0.0117085883238
-0.382272481579
-0.00222607664411
0.141350890195
0.0212658689221
-0.26849064685
-0.0201300080675
-1.16518405136e-05
-0.00108729987701
-1.98060347868
3.17601337018
-38.4069317683
10.3166231607
-0.126331203035
RSS 77130.80493219121
BP MaxDensity 0.03288519741448081
EFS MaxDensity 0.029131690950886205
a0 4.217102829006162
e0 -6.771835754670144
b0 1055.8125255017226
---END---
---START---
00000098
PARAMETERS 
21
-0.0942576134366
-0.954982402722
0.234386481031
2.87893868
0.509288667488
0.179837156039
0.0458226245644
-0.0117085779684
-0.38227166193
-0.00222607846525
0.141350678374
0.0212653178827
-0.268490629431
-0.0201300107766
-1.16518367079e-05
-0.00108729940912
-1.980602605
3.17602036581
-38.4069190458
10.3166258803
-0.12633122466
RSS 77130.80913708199
BP MaxDensity 0.03288519741448081
EFS MaxDensity 0.029131690950886205
a0 4.217096087128569
e0 -6.771645148586215
b0 1055.8455862818257
---END---
---START---
00000099
PARAMETERS 
21
-0.0942577070823
-0.954982619906
0.234386227225
2.87893980931
0.509288690481
0.179838749242
0.0458209177506
-0.0117085823163
-0.382271953493
-0.00222607695701
0.141350269848
0.0212654760115
-0.268490714533
-0.0201300129988
-1.1651841934e-05
-0.00108729952428
-1.98060213566
3.17601633609
-38.4069213232
10.3166251967
-0.126331235372
RSS 77130.8127452854
BP MaxDensity 0.03288519741448081
EFS MaxDensity 0.029131690950886205
a0 4.217105618086414
e0 -6.7718468558668
b0 1055.8077970590286
---END---
---START---
00000100
PARAMETERS 
21
-0.0942575914164
-0.954982626686
0.234386383342
2.87893907634
0.509288945311
0.179838339237
0.0458225738817
-0.0117085823545
-0.382271906346
-0.00222607566677
0.141350559186
0.0212653339229
-0.268490598863
-0.020130015007
-1.16518495401e-05
-0.00108729929402
-1.98060285526
3.17601467334
-38.4069311602
10.3166246566
-0.126331279661
RSS 77130.81691157077
BP MaxDensity 0.03288519741448081
EFS MaxDensity 0.029131690950886205
a0 4.217095644609701
e0 -6.771731857632876
b0 1055.841908601739
---END---
