########################
# 00000001
########################
RSS 36.98203937746977
BP 0:
a0:   3.4844e+00   e0:  -4.2680e+00   b0:   2.4853e+02   
P: 
 -3.6554e+01   2.1814e+01  -1.0688e+00   2.1702e+00   6.6974e+00 
  2.5894e+00   8.2976e+00  -5.5646e-01  -5.6503e+00   3.7843e+00 
  2.6408e-01   6.2237e-02  -3.4500e-03  -1.8056e-01   1.2496e-01 
 -3.2214e-02   5.4148e-04   0.0000e+00  -1.9494e+00   3.0356e+01 
  2.4336e+01   3.4958e+01   1.6230e+01   1.7858e+01   7.6644e+00 
  1.2400e+00   4.4252e-01   1.0904e-01   2.0054e-02   2.2962e-03 
  2.5583e-03   1.0877e-03   7.9882e-05   4.1882e-05   4.4069e-05 
 -1.7558e+01   5.4434e-01   1.0000e+00 

########################
# 00000002
########################
RSS 42.31557083030444
BP 0:
a0:   3.4998e+00   e0:  -4.2757e+00   b0:   2.4301e+02   
P: 
 -3.7184e+01   2.1713e+01  -1.6242e+00   1.7606e+00   6.7197e+00 
  4.0945e+00   8.2330e+00  -7.2054e-01  -6.4866e+00   4.5021e+00 
  2.9001e-01   5.9513e-02  -1.6559e-02  -1.7978e-01   1.2299e-01 
 -3.1935e-02   6.9976e-04   0.0000e+00  -1.9494e+00   3.0356e+01 
  2.4336e+01   3.4958e+01   1.6230e+01   1.7858e+01   7.6644e+00 
  1.2400e+00   4.4252e-01   1.0904e-01   2.0054e-02   2.2962e-03 
  2.5583e-03   1.0877e-03   7.9882e-05   4.1882e-05   4.4069e-05 
 -1.7312e+01   9.5890e-01   1.0000e+00 

########################
# 00000003
########################
RSS 48.96280059135685
BP 0:
a0:   3.4646e+00   e0:  -4.2978e+00   b0:   2.5180e+02   
P: 
 -3.3219e+01   2.0662e+01  -3.1656e+00   6.9580e-01   2.9105e+00 
  2.1958e+00   6.6110e+00  -2.5467e-01  -5.4269e+00   3.5417e+00 
  2.8341e-01   5.5338e-02  -8.3663e-03  -1.9593e-01   1.0829e-01 
 -2.0344e-02   3.5782e-04   0.0000e+00  -1.9494e+00   3.0356e+01 
  2.4336e+01   3.4958e+01   1.6230e+01   1.7858e+01   7.6644e+00 
  1.2400e+00   4.4252e-01   1.0904e-01   2.0054e-02   2.2962e-03 
  2.5583e-03   1.0877e-03   7.9882e-05   4.1882e-05   4.4069e-05 
 -1.8302e+01   1.2032e+00   1.0000e+00 

########################
# 00000004
########################
RSS 49.46628579682153
BP 0:
a0:   3.4644e+00   e0:  -4.3014e+00   b0:   2.5197e+02   
P: 
 -3.3181e+01   2.0663e+01  -3.1658e+00   6.8818e-01   2.9192e+00 
  2.1958e+00   6.6107e+00  -2.5445e-01  -5.4303e+00   3.5459e+00 
  2.8341e-01   5.5348e-02  -8.3661e-03  -1.9603e-01   1.0826e-01 
 -2.0344e-02   3.5857e-04   0.0000e+00  -1.9494e+00   3.0356e+01 
  2.4336e+01   3.4958e+01   1.6230e+01   1.7858e+01   7.6644e+00 
  1.2400e+00   4.4252e-01   1.0904e-01   2.0054e-02   2.2962e-03 
  2.5583e-03   1.0877e-03   7.9882e-05   4.1882e-05   4.4069e-05 
 -1.8297e+01   1.2031e+00   1.0000e+00 

########################
# 00000005
########################
RSS 49.49701206060928
BP 0:
a0:   3.4653e+00   e0:  -4.2982e+00   b0:   2.5231e+02   
P: 
 -3.3192e+01   2.0664e+01  -3.1019e+00   6.8698e-01   2.9127e+00 
  2.1935e+00   6.6141e+00  -2.5442e-01  -5.4300e+00   3.5518e+00 
  2.8339e-01   5.5335e-02  -8.3736e-03  -1.9601e-01   1.0831e-01 
 -2.0350e-02   3.5522e-04   0.0000e+00  -1.9494e+00   3.0356e+01 
  2.4336e+01   3.4958e+01   1.6230e+01   1.7858e+01   7.6644e+00 
  1.2400e+00   4.4252e-01   1.0904e-01   2.0054e-02   2.2962e-03 
  2.5583e-03   1.0877e-03   7.9882e-05   4.1882e-05   4.4069e-05 
 -1.8297e+01   1.2042e+00   1.0000e+00 

########################
# 00000006
########################
RSS 49.51034807802436
BP 0:
a0:   3.4652e+00   e0:  -4.2905e+00   b0:   2.5085e+02   
P: 
 -3.3194e+01   2.0663e+01  -3.1027e+00   6.9529e-01   2.9028e+00 
  2.1916e+00   6.6138e+00  -2.8532e-01  -5.4309e+00   3.5505e+00 
  2.8338e-01   5.5323e-02  -8.3245e-03  -1.9603e-01   1.0829e-01 
 -2.0282e-02   3.5261e-04   0.0000e+00  -1.9494e+00   3.0356e+01 
  2.4336e+01   3.4958e+01   1.6230e+01   1.7858e+01   7.6644e+00 
  1.2400e+00   4.4252e-01   1.0904e-01   2.0054e-02   2.2962e-03 
  2.5583e-03   1.0877e-03   7.9882e-05   4.1882e-05   4.4069e-05 
 -1.8298e+01   1.2038e+00   1.0000e+00 

########################
# 00000007
########################
RSS 49.51956641562341
BP 0:
a0:   3.4646e+00   e0:  -4.3026e+00   b0:   2.5264e+02   
P: 
 -3.3186e+01   2.0665e+01  -3.1657e+00   6.9564e-01   2.9104e+00 
  2.1889e+00   6.6201e+00  -2.5451e-01  -5.4269e+00   3.5513e+00 
  2.8357e-01   5.4163e-02  -8.3660e-03  -1.9603e-01   1.0829e-01 
 -2.0343e-02   3.5647e-04   0.0000e+00  -1.9494e+00   3.0356e+01 
  2.4336e+01   3.4958e+01   1.6230e+01   1.7858e+01   7.6644e+00 
  1.2400e+00   4.4252e-01   1.0904e-01   2.0054e-02   2.2962e-03 
  2.5583e-03   1.0877e-03   7.9882e-05   4.1882e-05   4.4069e-05 
 -1.8297e+01   1.2026e+00   1.0000e+00 

########################
# 00000008
########################
RSS 49.56419378925577
BP 0:
a0:   3.4655e+00   e0:  -4.2955e+00   b0:   2.5222e+02   
P: 
 -3.3198e+01   2.2431e+01  -3.1656e+00   6.9581e-01   2.9104e+00 
  2.1924e+00   6.6106e+00  -2.5467e-01  -5.4303e+00   3.5521e+00 
  2.8336e-01   5.5336e-02  -8.3645e-03  -1.9602e-01   1.0827e-01 
 -2.0324e-02   3.5868e-04   0.0000e+00  -1.9494e+00   3.0356e+01 
  2.4336e+01   3.4958e+01   1.6230e+01   1.7858e+01   7.6644e+00 
  1.2400e+00   4.4252e-01   1.0904e-01   2.0054e-02   2.2962e-03 
  2.5583e-03   1.0877e-03   7.9882e-05   4.1882e-05   4.4069e-05 
 -1.8298e+01   1.2036e+00   1.0000e+00 

########################
# 00000009
########################
RSS 49.583333050641876
BP 0:
a0:   3.4653e+00   e0:  -4.2983e+00   b0:   2.5248e+02   
P: 
 -3.3199e+01   2.0661e+01  -3.1028e+00   6.9598e-01   2.9147e+00 
  2.1908e+00   6.6200e+00  -2.5430e-01  -5.4278e+00   3.5512e+00 
  2.8329e-01   5.5324e-02  -8.3736e-03  -1.9609e-01   1.0829e-01 
 -2.0330e-02   3.5694e-04   0.0000e+00  -1.9494e+00   3.0356e+01 
  2.4336e+01   3.4958e+01   1.6230e+01   1.7858e+01   7.6644e+00 
  1.2400e+00   4.4252e-01   1.0904e-01   2.0054e-02   2.2962e-03 
  2.5583e-03   1.0877e-03   7.9882e-05   4.1882e-05   4.4069e-05 
 -1.8298e+01   1.2037e+00   1.0000e+00 

########################
# 00000010
########################
RSS 49.60139285503806
BP 0:
a0:   3.4657e+00   e0:  -4.2938e+00   b0:   2.5220e+02   
P: 
 -3.3194e+01   2.0665e+01  -3.1659e+00   6.9564e-01   2.9103e+00 
  2.1917e+00   6.6201e+00  -2.5441e-01  -5.4313e+00   3.5513e+00 
  2.8395e-01   5.5335e-02  -8.3642e-03  -1.9603e-01   1.0828e-01 
 -2.0319e-02   3.5780e-04   0.0000e+00  -1.9494e+00   3.0356e+01 
  2.4336e+01   3.4958e+01   1.6230e+01   1.7858e+01   7.6644e+00 
  1.2400e+00   4.4252e-01   1.0904e-01   2.0054e-02   2.2962e-03 
  2.5583e-03   1.0877e-03   7.9882e-05   4.1882e-05   4.4069e-05 
 -1.8297e+01   1.2040e+00   1.0000e+00 

########################
# 00000011
########################
RSS 49.60935666187706
BP 0:
a0:   3.4656e+00   e0:  -4.2893e+00   b0:   2.5182e+02   
P: 
 -3.3193e+01   2.0665e+01  -3.1009e+00   6.9572e-01   2.9101e+00 
  2.1938e+00   6.6105e+00  -2.5442e-01  -5.4305e+00   3.5479e+00 
  2.8343e-01   5.5350e-02  -8.3659e-03  -1.9605e-01   1.0827e-01 
 -2.0279e-02   3.5871e-04   0.0000e+00  -1.9494e+00   3.0356e+01 
  2.4336e+01   3.4958e+01   1.6230e+01   1.7858e+01   7.6644e+00 
  1.2400e+00   4.4252e-01   1.0904e-01   2.0054e-02   2.2962e-03 
  2.5583e-03   1.0877e-03   7.9882e-05   4.1882e-05   4.4069e-05 
 -1.8298e+01   1.2036e+00   1.0000e+00 

########################
# 00000012
########################
RSS 49.63746715169741
BP 0:
a0:   3.4662e+00   e0:  -4.2875e+00   b0:   2.5200e+02   
P: 
 -3.3194e+01   2.0663e+01  -3.1658e+00   6.9566e-01   2.9104e+00 
  2.1933e+00   6.6106e+00  -2.5448e-01  -5.4303e+00   3.5514e+00 
  2.8341e-01   5.5337e-02  -8.3647e-03  -1.9603e-01   1.0827e-01 
 -2.0276e-02   3.5869e-04   0.0000e+00  -1.9494e+00   3.0356e+01 
  2.4336e+01   3.4958e+01   1.6230e+01   1.7858e+01   7.6644e+00 
  1.2400e+00   4.4252e-01   1.0904e-01   2.0054e-02   2.2962e-03 
  2.5583e-03   1.0877e-03   7.9882e-05   4.1882e-05   4.4069e-05 
 -1.8297e+01   1.2031e+00   1.0000e+00 

########################
# 00000013
########################
RSS 49.67411886245638
BP 0:
a0:   3.4648e+00   e0:  -4.3025e+00   b0:   2.5233e+02   
P: 
 -3.3184e+01   2.0664e+01  -3.1028e+00   6.8480e-01   2.9025e+00 
  2.1938e+00   6.6188e+00  -2.5431e-01  -5.4299e+00   3.5488e+00 
  2.8390e-01   5.5366e-02  -8.3416e-03  -1.9602e-01   1.0824e-01 
 -2.0337e-02   3.5260e-04   0.0000e+00  -1.9494e+00   3.0356e+01 
  2.4336e+01   3.4958e+01   1.6230e+01   1.7858e+01   7.6644e+00 
  1.2400e+00   4.4252e-01   1.0904e-01   2.0054e-02   2.2962e-03 
  2.5583e-03   1.0877e-03   7.9882e-05   4.1882e-05   4.4069e-05 
 -1.8303e+01   1.2046e+00   1.0000e+00 

########################
# 00000014
########################
RSS 49.67726415106822
BP 0:
a0:   3.4653e+00   e0:  -4.2957e+00   b0:   2.5224e+02   
P: 
 -3.3194e+01   2.0664e+01  -3.1028e+00   6.8436e-01   2.9027e+00 
  2.1915e+00   6.6200e+00  -2.5432e-01  -5.4295e+00   3.5497e+00 
  2.8352e-01   5.5324e-02  -8.4103e-03  -1.9608e-01   1.0834e-01 
 -2.0326e-02   3.5258e-04   0.0000e+00  -1.9494e+00   3.0356e+01 
  2.4336e+01   3.4958e+01   1.6230e+01   1.7858e+01   7.6644e+00 
  1.2400e+00   4.4252e-01   1.0904e-01   2.0054e-02   2.2962e-03 
  2.5583e-03   1.0877e-03   7.9882e-05   4.1882e-05   4.4069e-05 
 -1.8298e+01   1.2037e+00   1.0000e+00 

########################
# 00000015
########################
RSS 49.68935894605109
BP 0:
a0:   3.4646e+00   e0:  -4.2969e+00   b0:   2.5170e+02   
P: 
 -3.3219e+01   2.0665e+01  -3.0970e+00   6.8754e-01   2.9004e+00 
  2.1924e+00   6.6135e+00  -2.5460e-01  -5.4292e+00   3.5417e+00 
  2.8429e-01   5.5348e-02  -8.4374e-03  -1.9593e-01   1.0829e-01 
 -2.0345e-02   3.5854e-04   0.0000e+00  -1.9494e+00   3.0356e+01 
  2.4336e+01   3.4958e+01   1.6230e+01   1.7858e+01   7.6644e+00 
  1.2400e+00   4.4252e-01   1.0904e-01   2.0054e-02   2.2962e-03 
  2.5583e-03   1.0877e-03   7.9882e-05   4.1882e-05   4.4069e-05 
 -1.8297e+01   1.2032e+00   1.0000e+00 

########################
# 00000016
########################
RSS 49.69100378937427
BP 0:
a0:   3.4647e+00   e0:  -4.2998e+00   b0:   2.5240e+02   
P: 
 -3.3186e+01   2.0665e+01  -3.1660e+00   6.9564e-01   2.9104e+00 
  2.1889e+00   6.6201e+00  -2.5459e-01  -5.4292e+00   3.5512e+00 
  2.8330e-01   5.4163e-02  -8.3618e-03  -1.9593e-01   1.0829e-01 
 -2.0343e-02   3.5647e-04   0.0000e+00  -1.9494e+00   3.0356e+01 
  2.4336e+01   3.4958e+01   1.6230e+01   1.7858e+01   7.6644e+00 
  1.2400e+00   4.4252e-01   1.0904e-01   2.0054e-02   2.2962e-03 
  2.5583e-03   1.0877e-03   7.9882e-05   4.1882e-05   4.4069e-05 
 -1.8297e+01   1.2026e+00   1.0000e+00 

########################
# 00000017
########################
RSS 49.69330016406381
BP 0:
a0:   3.4643e+00   e0:  -4.3011e+00   b0:   2.5226e+02   
P: 
 -3.3181e+01   2.0663e+01  -3.1657e+00   6.9563e-01   2.9192e+00 
  2.1958e+00   6.6201e+00  -2.5451e-01  -5.4269e+00   3.5459e+00 
  2.8357e-01   5.4163e-02  -8.3150e-03  -1.9593e-01   1.0829e-01 
 -2.0343e-02   3.5647e-04   0.0000e+00  -1.9494e+00   3.0356e+01 
  2.4336e+01   3.4958e+01   1.6230e+01   1.7858e+01   7.6644e+00 
  1.2400e+00   4.4252e-01   1.0904e-01   2.0054e-02   2.2962e-03 
  2.5583e-03   1.0877e-03   7.9882e-05   4.1882e-05   4.4069e-05 
 -1.8302e+01   1.2032e+00   1.0000e+00 

########################
# 00000018
########################
RSS 49.69884198370531
BP 0:
a0:   3.4648e+00   e0:  -4.3002e+00   b0:   2.5258e+02   
P: 
 -3.3186e+01   2.0665e+01  -3.1660e+00   6.9576e-01   2.9104e+00 
  2.1937e+00   6.6201e+00  -2.5451e-01  -5.4269e+00   3.5512e+00 
  2.8357e-01   5.4163e-02  -8.3660e-03  -1.9603e-01   1.0829e-01 
 -2.0334e-02   3.5849e-04   0.0000e+00  -1.9494e+00   3.0356e+01 
  2.4336e+01   3.4958e+01   1.6230e+01   1.7858e+01   7.6644e+00 
  1.2400e+00   4.4252e-01   1.0904e-01   2.0054e-02   2.2962e-03 
  2.5583e-03   1.0877e-03   7.9882e-05   4.1882e-05   4.4069e-05 
 -1.8297e+01   1.2026e+00   1.0000e+00 

########################
# 00000019
########################
RSS 49.70145804511497
BP 0:
a0:   3.4645e+00   e0:  -4.3024e+00   b0:   2.5262e+02   
P: 
 -3.3194e+01   2.0665e+01  -3.1657e+00   6.9563e-01   2.9104e+00 
  2.1883e+00   6.6201e+00  -2.5451e-01  -5.4269e+00   3.5513e+00 
  2.8332e-01   5.4163e-02  -8.3658e-03  -1.9603e-01   1.0829e-01 
 -2.0343e-02   3.5780e-04   0.0000e+00  -1.9494e+00   3.0356e+01 
  2.4336e+01   3.4958e+01   1.6230e+01   1.7858e+01   7.6644e+00 
  1.2400e+00   4.4252e-01   1.0904e-01   2.0054e-02   2.2962e-03 
  2.5583e-03   1.0877e-03   7.9882e-05   4.1882e-05   4.4069e-05 
 -1.8297e+01   1.2026e+00   1.0000e+00 

########################
# 00000020
########################
RSS 49.70339358225477
BP 0:
a0:   3.4641e+00   e0:  -4.3009e+00   b0:   2.5211e+02   
P: 
 -3.3180e+01   2.0652e+01  -3.1657e+00   6.9563e-01   2.9104e+00 
  2.1889e+00   6.6202e+00  -2.5451e-01  -5.4292e+00   3.5460e+00 
  2.8357e-01   5.4163e-02  -8.3635e-03  -1.9593e-01   1.0829e-01 
 -2.0343e-02   3.5647e-04   0.0000e+00  -1.9494e+00   3.0356e+01 
  2.4336e+01   3.4958e+01   1.6230e+01   1.7858e+01   7.6644e+00 
  1.2400e+00   4.4252e-01   1.0904e-01   2.0054e-02   2.2962e-03 
  2.5583e-03   1.0877e-03   7.9882e-05   4.1882e-05   4.4069e-05 
 -1.8297e+01   1.2026e+00   1.0000e+00 

########################
# 00000021
########################
RSS 49.703905103703235
BP 0:
a0:   3.4646e+00   e0:  -4.3021e+00   b0:   2.5262e+02   
P: 
 -3.3170e+01   2.0665e+01  -3.1657e+00   6.9563e-01   2.9109e+00 
  2.1918e+00   6.6201e+00  -2.5453e-01  -5.4269e+00   3.5512e+00 
  2.8357e-01   5.4163e-02  -8.3239e-03  -1.9603e-01   1.0829e-01 
 -2.0343e-02   3.5647e-04   0.0000e+00  -1.9494e+00   3.0356e+01 
  2.4336e+01   3.4958e+01   1.6230e+01   1.7858e+01   7.6644e+00 
  1.2400e+00   4.4252e-01   1.0904e-01   2.0054e-02   2.2962e-03 
  2.5583e-03   1.0877e-03   7.9882e-05   4.1882e-05   4.4069e-05 
 -1.8297e+01   1.2026e+00   1.0000e+00 

########################
# 00000022
########################
RSS 49.70413766367323
BP 0:
a0:   3.4648e+00   e0:  -4.3005e+00   b0:   2.5246e+02   
P: 
 -3.3181e+01   2.0652e+01  -3.1660e+00   6.9564e-01   2.9104e+00 
  2.1962e+00   6.6201e+00  -2.5457e-01  -5.4292e+00   3.5513e+00 
  2.8357e-01   5.4163e-02  -8.3635e-03  -1.9593e-01   1.0829e-01 
 -2.0345e-02   3.5647e-04   0.0000e+00  -1.9494e+00   3.0356e+01 
  2.4336e+01   3.4958e+01   1.6230e+01   1.7858e+01   7.6644e+00 
  1.2400e+00   4.4252e-01   1.0904e-01   2.0054e-02   2.2962e-03 
  2.5583e-03   1.0877e-03   7.9882e-05   4.1882e-05   4.4069e-05 
 -1.8302e+01   1.2026e+00   1.0000e+00 

########################
# 00000023
########################
RSS 49.70568121039747
BP 0:
a0:   3.4645e+00   e0:  -4.3029e+00   b0:   2.5263e+02   
P: 
 -3.3194e+01   2.0665e+01  -3.1657e+00   6.9563e-01   2.9104e+00 
  2.1889e+00   6.6201e+00  -2.5451e-01  -5.4269e+00   3.5513e+00 
  2.8332e-01   5.4163e-02  -8.3659e-03  -1.9603e-01   1.0828e-01 
 -2.0343e-02   3.5647e-04   0.0000e+00  -1.9494e+00   3.0356e+01 
  2.4336e+01   3.4958e+01   1.6230e+01   1.7858e+01   7.6644e+00 
  1.2400e+00   4.4252e-01   1.0904e-01   2.0054e-02   2.2962e-03 
  2.5583e-03   1.0877e-03   7.9882e-05   4.1882e-05   4.4069e-05 
 -1.8297e+01   1.2039e+00   1.0000e+00 

########################
# 00000024
########################
RSS 49.705939901277574
BP 0:
a0:   3.4646e+00   e0:  -4.3024e+00   b0:   2.5262e+02   
P: 
 -3.3186e+01   2.0665e+01  -3.1657e+00   6.9578e-01   2.9103e+00 
  2.1889e+00   6.6201e+00  -2.5464e-01  -5.4269e+00   3.5513e+00 
  2.8357e-01   5.4163e-02  -8.3532e-03  -1.9603e-01   1.0829e-01 
 -2.0343e-02   3.5647e-04   0.0000e+00  -1.9494e+00   3.0356e+01 
  2.4336e+01   3.4958e+01   1.6230e+01   1.7858e+01   7.6644e+00 
  1.2400e+00   4.4252e-01   1.0904e-01   2.0054e-02   2.2962e-03 
  2.5583e-03   1.0877e-03   7.9882e-05   4.1882e-05   4.4069e-05 
 -1.8297e+01   1.2026e+00   1.0000e+00 

########################
# 00000025
########################
RSS 49.70646446303261
BP 0:
a0:   3.4645e+00   e0:  -4.3028e+00   b0:   2.5263e+02   
P: 
 -3.3194e+01   2.0664e+01  -3.1657e+00   6.9563e-01   2.9104e+00 
  2.1883e+00   6.6201e+00  -2.5451e-01  -5.4269e+00   3.5512e+00 
  2.8339e-01   5.4163e-02  -8.3663e-03  -1.9603e-01   1.0829e-01 
 -2.0343e-02   3.5647e-04   0.0000e+00  -1.9494e+00   3.0356e+01 
  2.4336e+01   3.4958e+01   1.6230e+01   1.7858e+01   7.6644e+00 
  1.2400e+00   4.4252e-01   1.0904e-01   2.0054e-02   2.2962e-03 
  2.5583e-03   1.0877e-03   7.9882e-05   4.1882e-05   4.4069e-05 
 -1.8297e+01   1.2026e+00   1.0000e+00 

########################
# 00000026
########################
RSS 49.706667658949534
BP 0:
a0:   3.4648e+00   e0:  -4.3005e+00   b0:   2.5258e+02   
P: 
 -3.3194e+01   2.0665e+01  -3.1656e+00   6.9563e-01   2.9104e+00 
  2.1889e+00   6.6201e+00  -2.5467e-01  -5.4269e+00   3.5513e+00 
  2.8357e-01   5.4163e-02  -8.3598e-03  -1.9603e-01   1.0827e-01 
 -2.0324e-02   3.5647e-04   0.0000e+00  -1.9494e+00   3.0356e+01 
  2.4336e+01   3.4958e+01   1.6230e+01   1.7858e+01   7.6644e+00 
  1.2400e+00   4.4252e-01   1.0904e-01   2.0054e-02   2.2962e-03 
  2.5583e-03   1.0877e-03   7.9882e-05   4.1882e-05   4.4069e-05 
 -1.8298e+01   1.2026e+00   1.0000e+00 

########################
# 00000027
########################
RSS 49.70746429939822
BP 0:
a0:   3.4645e+00   e0:  -4.3031e+00   b0:   2.5264e+02   
P: 
 -3.3186e+01   2.0661e+01  -3.1657e+00   6.9563e-01   2.9147e+00 
  2.1908e+00   6.6201e+00  -2.5451e-01  -5.4269e+00   3.5512e+00 
  2.8329e-01   5.4163e-02  -8.3737e-03  -1.9603e-01   1.0829e-01 
 -2.0343e-02   3.5647e-04   0.0000e+00  -1.9494e+00   3.0356e+01 
  2.4336e+01   3.4958e+01   1.6230e+01   1.7858e+01   7.6644e+00 
  1.2400e+00   4.4252e-01   1.0904e-01   2.0054e-02   2.2962e-03 
  2.5583e-03   1.0877e-03   7.9882e-05   4.1882e-05   4.4069e-05 
 -1.8298e+01   1.2026e+00   1.0000e+00 

########################
# 00000028
########################
RSS 49.7078063431281
BP 0:
a0:   3.4646e+00   e0:  -4.3026e+00   b0:   2.5263e+02   
P: 
 -3.3186e+01   2.0665e+01  -3.1656e+00   6.9564e-01   2.9103e+00 
  2.1883e+00   6.6201e+00  -2.5451e-01  -5.4269e+00   3.5512e+00 
  2.8357e-01   5.4163e-02  -8.3660e-03  -1.9603e-01   1.0829e-01 
 -2.0343e-02   3.5647e-04   0.0000e+00  -1.9494e+00   3.0356e+01 
  2.4336e+01   3.4958e+01   1.6230e+01   1.7858e+01   7.6644e+00 
  1.2400e+00   4.4252e-01   1.0904e-01   2.0054e-02   2.2962e-03 
  2.5583e-03   1.0877e-03   7.9882e-05   4.1882e-05   4.4069e-05 
 -1.8297e+01   1.2026e+00   1.0000e+00 

########################
# 00000029
########################
RSS 49.7080870103128
BP 0:
a0:   3.4643e+00   e0:  -4.3010e+00   b0:   2.5229e+02   
P: 
 -3.3194e+01   2.0665e+01  -3.1657e+00   6.8474e-01   2.9109e+00 
  2.1881e+00   6.6201e+00  -2.5432e-01  -5.4299e+00   3.5489e+00 
  2.8332e-01   5.4163e-02  -8.3660e-03  -1.9603e-01   1.0829e-01 
 -2.0327e-02   3.5647e-04   0.0000e+00  -1.9494e+00   3.0356e+01 
  2.4336e+01   3.4958e+01   1.6230e+01   1.7858e+01   7.6644e+00 
  1.2400e+00   4.4252e-01   1.0904e-01   2.0054e-02   2.2962e-03 
  2.5583e-03   1.0877e-03   7.9882e-05   4.1882e-05   4.4069e-05 
 -1.8297e+01   1.2026e+00   1.0000e+00 

########################
# 00000030
########################
RSS 49.70818799515296
BP 0:
a0:   3.4646e+00   e0:  -4.3026e+00   b0:   2.5264e+02   
P: 
 -3.3186e+01   2.0665e+01  -3.1657e+00   6.9563e-01   2.9104e+00 
  2.1889e+00   6.6201e+00  -2.5451e-01  -5.4269e+00   3.5513e+00 
  2.8357e-01   5.4163e-02  -8.3659e-03  -1.9603e-01   1.0829e-01 
 -2.0343e-02   3.5647e-04   0.0000e+00  -1.9494e+00   3.0356e+01 
  2.4336e+01   3.4958e+01   1.6230e+01   1.7858e+01   7.6644e+00 
  1.2400e+00   4.4252e-01   1.0904e-01   2.0054e-02   2.2962e-03 
  2.5583e-03   1.0877e-03   7.9882e-05   4.1882e-05   4.4069e-05 
 -1.8297e+01   1.2026e+00   1.0000e+00 

########################
# 00000031
########################
RSS 49.708204477267046
BP 0:
a0:   3.4646e+00   e0:  -4.3026e+00   b0:   2.5263e+02   
P: 
 -3.3186e+01   2.0665e+01  -3.1657e+00   6.9563e-01   2.9104e+00 
  2.1889e+00   6.6201e+00  -2.5451e-01  -5.4269e+00   3.5512e+00 
  2.8357e-01   5.4163e-02  -8.3660e-03  -1.9603e-01   1.0829e-01 
 -2.0343e-02   3.5647e-04   0.0000e+00  -1.9494e+00   3.0356e+01 
  2.4336e+01   3.4958e+01   1.6230e+01   1.7858e+01   7.6644e+00 
  1.2400e+00   4.4252e-01   1.0904e-01   2.0054e-02   2.2962e-03 
  2.5583e-03   1.0877e-03   7.9882e-05   4.1882e-05   4.4069e-05 
 -1.8297e+01   1.2026e+00   1.0000e+00 

########################
# 00000032
########################
RSS 49.70824477963352
BP 0:
a0:   3.4646e+00   e0:  -4.3026e+00   b0:   2.5263e+02   
P: 
 -3.3186e+01   2.0665e+01  -3.1657e+00   6.9563e-01   2.9104e+00 
  2.1889e+00   6.6201e+00  -2.5451e-01  -5.4269e+00   3.5512e+00 
  2.8357e-01   5.4163e-02  -8.3659e-03  -1.9603e-01   1.0829e-01 
 -2.0343e-02   3.5647e-04   0.0000e+00  -1.9494e+00   3.0356e+01 
  2.4336e+01   3.4958e+01   1.6230e+01   1.7858e+01   7.6644e+00 
  1.2400e+00   4.4252e-01   1.0904e-01   2.0054e-02   2.2962e-03 
  2.5583e-03   1.0877e-03   7.9882e-05   4.1882e-05   4.4069e-05 
 -1.8297e+01   1.2026e+00   1.0000e+00 

########################
# 00000033
########################
RSS 49.70824610282815
BP 0:
a0:   3.4646e+00   e0:  -4.3026e+00   b0:   2.5264e+02   
P: 
 -3.3186e+01   2.0665e+01  -3.1657e+00   6.9563e-01   2.9104e+00 
  2.1889e+00   6.6201e+00  -2.5451e-01  -5.4269e+00   3.5513e+00 
  2.8357e-01   5.4163e-02  -8.3659e-03  -1.9603e-01   1.0829e-01 
 -2.0343e-02   3.5647e-04   0.0000e+00  -1.9494e+00   3.0356e+01 
  2.4336e+01   3.4958e+01   1.6230e+01   1.7858e+01   7.6644e+00 
  1.2400e+00   4.4252e-01   1.0904e-01   2.0054e-02   2.2962e-03 
  2.5583e-03   1.0877e-03   7.9882e-05   4.1882e-05   4.4069e-05 
 -1.8297e+01   1.2026e+00   1.0000e+00 

########################
# 00000034
########################
RSS 49.708247711774575
BP 0:
a0:   3.4646e+00   e0:  -4.3026e+00   b0:   2.5264e+02   
P: 
 -3.3186e+01   2.0665e+01  -3.1657e+00   6.9563e-01   2.9104e+00 
  2.1889e+00   6.6201e+00  -2.5451e-01  -5.4269e+00   3.5513e+00 
  2.8357e-01   5.4163e-02  -8.3659e-03  -1.9603e-01   1.0829e-01 
 -2.0343e-02   3.5647e-04   0.0000e+00  -1.9494e+00   3.0356e+01 
  2.4336e+01   3.4958e+01   1.6230e+01   1.7858e+01   7.6644e+00 
  1.2400e+00   4.4252e-01   1.0904e-01   2.0054e-02   2.2962e-03 
  2.5583e-03   1.0877e-03   7.9882e-05   4.1882e-05   4.4069e-05 
 -1.8297e+01   1.2026e+00   1.0000e+00 

########################
# 00000035
########################
RSS 49.7082519866965
BP 0:
a0:   3.4646e+00   e0:  -4.3026e+00   b0:   2.5264e+02   
P: 
 -3.3186e+01   2.0665e+01  -3.1657e+00   6.9564e-01   2.9104e+00 
  2.1889e+00   6.6201e+00  -2.5451e-01  -5.4269e+00   3.5513e+00 
  2.8357e-01   5.4163e-02  -8.3659e-03  -1.9603e-01   1.0829e-01 
 -2.0343e-02   3.5647e-04   0.0000e+00  -1.9494e+00   3.0356e+01 
  2.4336e+01   3.4958e+01   1.6230e+01   1.7858e+01   7.6644e+00 
  1.2400e+00   4.4252e-01   1.0904e-01   2.0054e-02   2.2962e-03 
  2.5583e-03   1.0877e-03   7.9882e-05   4.1882e-05   4.4069e-05 
 -1.8297e+01   1.2026e+00   1.0000e+00 

########################
# 00000036
########################
RSS 49.70825275502024
BP 0:
a0:   3.4646e+00   e0:  -4.3026e+00   b0:   2.5264e+02   
P: 
 -3.3186e+01   2.0665e+01  -3.1657e+00   6.9564e-01   2.9104e+00 
  2.1889e+00   6.6201e+00  -2.5451e-01  -5.4269e+00   3.5513e+00 
  2.8357e-01   5.4163e-02  -8.3659e-03  -1.9603e-01   1.0829e-01 
 -2.0343e-02   3.5647e-04   0.0000e+00  -1.9494e+00   3.0356e+01 
  2.4336e+01   3.4958e+01   1.6230e+01   1.7858e+01   7.6644e+00 
  1.2400e+00   4.4252e-01   1.0904e-01   2.0054e-02   2.2962e-03 
  2.5583e-03   1.0877e-03   7.9882e-05   4.1882e-05   4.4069e-05 
 -1.8297e+01   1.2026e+00   1.0000e+00 

########################
# 00000037
########################
RSS 49.70825838565843
BP 0:
a0:   3.4646e+00   e0:  -4.3026e+00   b0:   2.5263e+02   
P: 
 -3.3186e+01   2.0665e+01  -3.1657e+00   6.9564e-01   2.9104e+00 
  2.1889e+00   6.6201e+00  -2.5451e-01  -5.4269e+00   3.5512e+00 
  2.8357e-01   5.4163e-02  -8.3660e-03  -1.9603e-01   1.0829e-01 
 -2.0343e-02   3.5647e-04   0.0000e+00  -1.9494e+00   3.0356e+01 
  2.4336e+01   3.4958e+01   1.6230e+01   1.7858e+01   7.6644e+00 
  1.2400e+00   4.4252e-01   1.0904e-01   2.0054e-02   2.2962e-03 
  2.5583e-03   1.0877e-03   7.9882e-05   4.1882e-05   4.4069e-05 
 -1.8297e+01   1.2026e+00   1.0000e+00 

########################
# 00000038
########################
RSS 49.70826010023435
BP 0:
a0:   3.4646e+00   e0:  -4.3026e+00   b0:   2.5264e+02   
P: 
 -3.3186e+01   2.0665e+01  -3.1657e+00   6.9563e-01   2.9104e+00 
  2.1889e+00   6.6201e+00  -2.5451e-01  -5.4269e+00   3.5513e+00 
  2.8357e-01   5.4163e-02  -8.3658e-03  -1.9603e-01   1.0829e-01 
 -2.0343e-02   3.5647e-04   0.0000e+00  -1.9494e+00   3.0356e+01 
  2.4336e+01   3.4958e+01   1.6230e+01   1.7858e+01   7.6644e+00 
  1.2400e+00   4.4252e-01   1.0904e-01   2.0054e-02   2.2962e-03 
  2.5583e-03   1.0877e-03   7.9882e-05   4.1882e-05   4.4069e-05 
 -1.8297e+01   1.2026e+00   1.0000e+00 

########################
# 00000039
########################
RSS 49.70826101540548
BP 0:
a0:   3.4646e+00   e0:  -4.3026e+00   b0:   2.5264e+02   
P: 
 -3.3186e+01   2.0665e+01  -3.1657e+00   6.9564e-01   2.9104e+00 
  2.1889e+00   6.6201e+00  -2.5451e-01  -5.4269e+00   3.5513e+00 
  2.8357e-01   5.4163e-02  -8.3659e-03  -1.9603e-01   1.0829e-01 
 -2.0343e-02   3.5647e-04   0.0000e+00  -1.9494e+00   3.0356e+01 
  2.4336e+01   3.4958e+01   1.6230e+01   1.7858e+01   7.6644e+00 
  1.2400e+00   4.4252e-01   1.0904e-01   2.0054e-02   2.2962e-03 
  2.5583e-03   1.0877e-03   7.9882e-05   4.1882e-05   4.4069e-05 
 -1.8297e+01   1.2026e+00   1.0000e+00 

########################
# 00000040
########################
RSS 49.708261140791755
BP 0:
a0:   3.4646e+00   e0:  -4.3026e+00   b0:   2.5264e+02   
P: 
 -3.3186e+01   2.0665e+01  -3.1657e+00   6.9563e-01   2.9104e+00 
  2.1889e+00   6.6201e+00  -2.5451e-01  -5.4269e+00   3.5513e+00 
  2.8357e-01   5.4163e-02  -8.3659e-03  -1.9603e-01   1.0829e-01 
 -2.0343e-02   3.5647e-04   0.0000e+00  -1.9494e+00   3.0356e+01 
  2.4336e+01   3.4958e+01   1.6230e+01   1.7858e+01   7.6644e+00 
  1.2400e+00   4.4252e-01   1.0904e-01   2.0054e-02   2.2962e-03 
  2.5583e-03   1.0877e-03   7.9882e-05   4.1882e-05   4.4069e-05 
 -1.8297e+01   1.2026e+00   1.0000e+00 

########################
# 00000041
########################
RSS 49.70826215991393
BP 0:
a0:   3.4646e+00   e0:  -4.3026e+00   b0:   2.5264e+02   
P: 
 -3.3186e+01   2.0665e+01  -3.1657e+00   6.9563e-01   2.9104e+00 
  2.1889e+00   6.6201e+00  -2.5451e-01  -5.4269e+00   3.5513e+00 
  2.8357e-01   5.4163e-02  -8.3659e-03  -1.9603e-01   1.0829e-01 
 -2.0343e-02   3.5647e-04   0.0000e+00  -1.9494e+00   3.0356e+01 
  2.4336e+01   3.4958e+01   1.6230e+01   1.7858e+01   7.6644e+00 
  1.2400e+00   4.4252e-01   1.0904e-01   2.0054e-02   2.2962e-03 
  2.5583e-03   1.0877e-03   7.9882e-05   4.1882e-05   4.4069e-05 
 -1.8297e+01   1.2026e+00   1.0000e+00 

########################
# 00000042
########################
RSS 49.70827173503795
BP 0:
a0:   3.4646e+00   e0:  -4.3026e+00   b0:   2.5264e+02   
P: 
 -3.3186e+01   2.0665e+01  -3.1657e+00   6.9563e-01   2.9104e+00 
  2.1889e+00   6.6201e+00  -2.5451e-01  -5.4269e+00   3.5512e+00 
  2.8357e-01   5.4163e-02  -8.3658e-03  -1.9603e-01   1.0829e-01 
 -2.0343e-02   3.5647e-04   0.0000e+00  -1.9494e+00   3.0356e+01 
  2.4336e+01   3.4958e+01   1.6230e+01   1.7858e+01   7.6644e+00 
  1.2400e+00   4.4252e-01   1.0904e-01   2.0054e-02   2.2962e-03 
  2.5583e-03   1.0877e-03   7.9882e-05   4.1882e-05   4.4069e-05 
 -1.8297e+01   1.2026e+00   1.0000e+00 

########################
# 00000043
########################
RSS 49.70827410339512
BP 0:
a0:   3.4646e+00   e0:  -4.3026e+00   b0:   2.5263e+02   
P: 
 -3.3186e+01   2.0665e+01  -3.1657e+00   6.9563e-01   2.9104e+00 
  2.1889e+00   6.6201e+00  -2.5451e-01  -5.4269e+00   3.5512e+00 
  2.8357e-01   5.4163e-02  -8.3661e-03  -1.9603e-01   1.0829e-01 
 -2.0343e-02   3.5647e-04   0.0000e+00  -1.9494e+00   3.0356e+01 
  2.4336e+01   3.4958e+01   1.6230e+01   1.7858e+01   7.6644e+00 
  1.2400e+00   4.4252e-01   1.0904e-01   2.0054e-02   2.2962e-03 
  2.5583e-03   1.0877e-03   7.9882e-05   4.1882e-05   4.4069e-05 
 -1.8297e+01   1.2026e+00   1.0000e+00 

########################
# 00000044
########################
RSS 49.708281031773694
BP 0:
a0:   3.4646e+00   e0:  -4.3026e+00   b0:   2.5264e+02   
P: 
 -3.3186e+01   2.0665e+01  -3.1657e+00   6.9564e-01   2.9104e+00 
  2.1889e+00   6.6201e+00  -2.5451e-01  -5.4269e+00   3.5513e+00 
  2.8357e-01   5.4163e-02  -8.3659e-03  -1.9603e-01   1.0829e-01 
 -2.0343e-02   3.5647e-04   0.0000e+00  -1.9494e+00   3.0356e+01 
  2.4336e+01   3.4958e+01   1.6230e+01   1.7858e+01   7.6644e+00 
  1.2400e+00   4.4252e-01   1.0904e-01   2.0054e-02   2.2962e-03 
  2.5583e-03   1.0877e-03   7.9882e-05   4.1882e-05   4.4069e-05 
 -1.8297e+01   1.2026e+00   1.0000e+00 

########################
# 00000045
########################
RSS 49.70828888621139
BP 0:
a0:   3.4646e+00   e0:  -4.3026e+00   b0:   2.5264e+02   
P: 
 -3.3186e+01   2.0665e+01  -3.1657e+00   6.9564e-01   2.9104e+00 
  2.1889e+00   6.6201e+00  -2.5451e-01  -5.4269e+00   3.5513e+00 
  2.8357e-01   5.4163e-02  -8.3660e-03  -1.9603e-01   1.0829e-01 
 -2.0343e-02   3.5647e-04   0.0000e+00  -1.9494e+00   3.0356e+01 
  2.4336e+01   3.4958e+01   1.6230e+01   1.7858e+01   7.6644e+00 
  1.2400e+00   4.4252e-01   1.0904e-01   2.0054e-02   2.2962e-03 
  2.5583e-03   1.0877e-03   7.9882e-05   4.1882e-05   4.4069e-05 
 -1.8297e+01   1.2026e+00   1.0000e+00 

########################
# 00000046
########################
RSS 49.70828973318257
BP 0:
a0:   3.4646e+00   e0:  -4.3026e+00   b0:   2.5263e+02   
P: 
 -3.3186e+01   2.0665e+01  -3.1657e+00   6.9563e-01   2.9104e+00 
  2.1889e+00   6.6201e+00  -2.5451e-01  -5.4269e+00   3.5512e+00 
  2.8357e-01   5.4163e-02  -8.3661e-03  -1.9603e-01   1.0829e-01 
 -2.0343e-02   3.5647e-04   0.0000e+00  -1.9494e+00   3.0356e+01 
  2.4336e+01   3.4958e+01   1.6230e+01   1.7858e+01   7.6644e+00 
  1.2400e+00   4.4252e-01   1.0904e-01   2.0054e-02   2.2962e-03 
  2.5583e-03   1.0877e-03   7.9882e-05   4.1882e-05   4.4069e-05 
 -1.8297e+01   1.2026e+00   1.0000e+00 

########################
# 00000047
########################
RSS 49.708290692753714
BP 0:
a0:   3.4646e+00   e0:  -4.3026e+00   b0:   2.5264e+02   
P: 
 -3.3186e+01   2.0665e+01  -3.1657e+00   6.9563e-01   2.9104e+00 
  2.1889e+00   6.6201e+00  -2.5451e-01  -5.4269e+00   3.5513e+00 
  2.8357e-01   5.4163e-02  -8.3659e-03  -1.9603e-01   1.0829e-01 
 -2.0343e-02   3.5647e-04   0.0000e+00  -1.9494e+00   3.0356e+01 
  2.4336e+01   3.4958e+01   1.6230e+01   1.7858e+01   7.6644e+00 
  1.2400e+00   4.4252e-01   1.0904e-01   2.0054e-02   2.2962e-03 
  2.5583e-03   1.0877e-03   7.9882e-05   4.1882e-05   4.4069e-05 
 -1.8297e+01   1.2026e+00   1.0000e+00 

########################
# 00000048
########################
RSS 49.70829898236048
BP 0:
a0:   3.4646e+00   e0:  -4.3026e+00   b0:   2.5263e+02   
P: 
 -3.3186e+01   2.0665e+01  -3.1657e+00   6.9564e-01   2.9104e+00 
  2.1889e+00   6.6201e+00  -2.5451e-01  -5.4269e+00   3.5512e+00 
  2.8357e-01   5.4163e-02  -8.3659e-03  -1.9603e-01   1.0829e-01 
 -2.0343e-02   3.5647e-04   0.0000e+00  -1.9494e+00   3.0356e+01 
  2.4336e+01   3.4958e+01   1.6230e+01   1.7858e+01   7.6644e+00 
  1.2400e+00   4.4252e-01   1.0904e-01   2.0054e-02   2.2962e-03 
  2.5583e-03   1.0877e-03   7.9882e-05   4.1882e-05   4.4069e-05 
 -1.8297e+01   1.2026e+00   1.0000e+00 

########################
# 00000049
########################
RSS 49.70830696429172
BP 0:
a0:   3.4646e+00   e0:  -4.3026e+00   b0:   2.5264e+02   
P: 
 -3.3186e+01   2.0665e+01  -3.1657e+00   6.9563e-01   2.9104e+00 
  2.1889e+00   6.6201e+00  -2.5451e-01  -5.4269e+00   3.5513e+00 
  2.8357e-01   5.4163e-02  -8.3659e-03  -1.9603e-01   1.0829e-01 
 -2.0343e-02   3.5647e-04   0.0000e+00  -1.9494e+00   3.0356e+01 
  2.4336e+01   3.4958e+01   1.6230e+01   1.7858e+01   7.6644e+00 
  1.2400e+00   4.4252e-01   1.0904e-01   2.0054e-02   2.2962e-03 
  2.5583e-03   1.0877e-03   7.9882e-05   4.1882e-05   4.4069e-05 
 -1.8297e+01   1.2026e+00   1.0000e+00 

########################
# 00000050
########################
RSS 49.70831019158471
BP 0:
a0:   3.4646e+00   e0:  -4.3026e+00   b0:   2.5264e+02   
P: 
 -3.3186e+01   2.0665e+01  -3.1657e+00   6.9564e-01   2.9104e+00 
  2.1889e+00   6.6201e+00  -2.5451e-01  -5.4269e+00   3.5513e+00 
  2.8357e-01   5.4163e-02  -8.3660e-03  -1.9603e-01   1.0829e-01 
 -2.0343e-02   3.5647e-04   0.0000e+00  -1.9494e+00   3.0356e+01 
  2.4336e+01   3.4958e+01   1.6230e+01   1.7858e+01   7.6644e+00 
  1.2400e+00   4.4252e-01   1.0904e-01   2.0054e-02   2.2962e-03 
  2.5583e-03   1.0877e-03   7.9882e-05   4.1882e-05   4.4069e-05 
 -1.8297e+01   1.2026e+00   1.0000e+00 

########################
# 00000051
########################
RSS 49.708315022875034
BP 0:
a0:   3.4646e+00   e0:  -4.3026e+00   b0:   2.5264e+02   
P: 
 -3.3186e+01   2.0665e+01  -3.1657e+00   6.9564e-01   2.9104e+00 
  2.1889e+00   6.6201e+00  -2.5451e-01  -5.4269e+00   3.5512e+00 
  2.8357e-01   5.4163e-02  -8.3661e-03  -1.9603e-01   1.0829e-01 
 -2.0343e-02   3.5647e-04   0.0000e+00  -1.9494e+00   3.0356e+01 
  2.4336e+01   3.4958e+01   1.6230e+01   1.7858e+01   7.6644e+00 
  1.2400e+00   4.4252e-01   1.0904e-01   2.0054e-02   2.2962e-03 
  2.5583e-03   1.0877e-03   7.9882e-05   4.1882e-05   4.4069e-05 
 -1.8297e+01   1.2026e+00   1.0000e+00 

########################
# 00000052
########################
RSS 49.70831723671351
BP 0:
a0:   3.4646e+00   e0:  -4.3026e+00   b0:   2.5264e+02   
P: 
 -3.3186e+01   2.0665e+01  -3.1657e+00   6.9563e-01   2.9104e+00 
  2.1889e+00   6.6201e+00  -2.5451e-01  -5.4269e+00   3.5512e+00 
  2.8357e-01   5.4163e-02  -8.3659e-03  -1.9603e-01   1.0829e-01 
 -2.0343e-02   3.5647e-04   0.0000e+00  -1.9494e+00   3.0356e+01 
  2.4336e+01   3.4958e+01   1.6230e+01   1.7858e+01   7.6644e+00 
  1.2400e+00   4.4252e-01   1.0904e-01   2.0054e-02   2.2962e-03 
  2.5583e-03   1.0877e-03   7.9882e-05   4.1882e-05   4.4069e-05 
 -1.8297e+01   1.2026e+00   1.0000e+00 

########################
# 00000053
########################
RSS 49.70832175842567
BP 0:
a0:   3.4646e+00   e0:  -4.3026e+00   b0:   2.5264e+02   
P: 
 -3.3186e+01   2.0665e+01  -3.1657e+00   6.9563e-01   2.9104e+00 
  2.1889e+00   6.6201e+00  -2.5451e-01  -5.4269e+00   3.5512e+00 
  2.8357e-01   5.4163e-02  -8.3658e-03  -1.9603e-01   1.0829e-01 
 -2.0343e-02   3.5647e-04   0.0000e+00  -1.9494e+00   3.0356e+01 
  2.4336e+01   3.4958e+01   1.6230e+01   1.7858e+01   7.6644e+00 
  1.2400e+00   4.4252e-01   1.0904e-01   2.0054e-02   2.2962e-03 
  2.5583e-03   1.0877e-03   7.9882e-05   4.1882e-05   4.4069e-05 
 -1.8297e+01   1.2026e+00   1.0000e+00 

########################
# 00000054
########################
RSS 49.70832315107318
BP 0:
a0:   3.4646e+00   e0:  -4.3026e+00   b0:   2.5264e+02   
P: 
 -3.3186e+01   2.0665e+01  -3.1657e+00   6.9564e-01   2.9104e+00 
  2.1889e+00   6.6201e+00  -2.5451e-01  -5.4269e+00   3.5513e+00 
  2.8357e-01   5.4163e-02  -8.3659e-03  -1.9603e-01   1.0829e-01 
 -2.0343e-02   3.5647e-04   0.0000e+00  -1.9494e+00   3.0356e+01 
  2.4336e+01   3.4958e+01   1.6230e+01   1.7858e+01   7.6644e+00 
  1.2400e+00   4.4252e-01   1.0904e-01   2.0054e-02   2.2962e-03 
  2.5583e-03   1.0877e-03   7.9882e-05   4.1882e-05   4.4069e-05 
 -1.8297e+01   1.2026e+00   1.0000e+00 

########################
# 00000055
########################
RSS 49.70834099766257
BP 0:
a0:   3.4646e+00   e0:  -4.3026e+00   b0:   2.5264e+02   
P: 
 -3.3186e+01   2.0665e+01  -3.1657e+00   6.9564e-01   2.9104e+00 
  2.1889e+00   6.6201e+00  -2.5451e-01  -5.4269e+00   3.5512e+00 
  2.8357e-01   5.4163e-02  -8.3659e-03  -1.9603e-01   1.0829e-01 
 -2.0343e-02   3.5647e-04   0.0000e+00  -1.9494e+00   3.0356e+01 
  2.4336e+01   3.4958e+01   1.6230e+01   1.7858e+01   7.6644e+00 
  1.2400e+00   4.4252e-01   1.0904e-01   2.0054e-02   2.2962e-03 
  2.5583e-03   1.0877e-03   7.9882e-05   4.1882e-05   4.4069e-05 
 -1.8297e+01   1.2026e+00   1.0000e+00 

########################
# 00000056
########################
RSS 49.70835059691367
BP 0:
a0:   3.4646e+00   e0:  -4.3026e+00   b0:   2.5264e+02   
P: 
 -3.3186e+01   2.0665e+01  -3.1657e+00   6.9563e-01   2.9104e+00 
  2.1889e+00   6.6201e+00  -2.5451e-01  -5.4269e+00   3.5512e+00 
  2.8357e-01   5.4163e-02  -8.3661e-03  -1.9603e-01   1.0829e-01 
 -2.0343e-02   3.5647e-04   0.0000e+00  -1.9494e+00   3.0356e+01 
  2.4336e+01   3.4958e+01   1.6230e+01   1.7858e+01   7.6644e+00 
  1.2400e+00   4.4252e-01   1.0904e-01   2.0054e-02   2.2962e-03 
  2.5583e-03   1.0877e-03   7.9882e-05   4.1882e-05   4.4069e-05 
 -1.8297e+01   1.2026e+00   1.0000e+00 

########################
# 00000057
########################
RSS 49.70835517457278
BP 0:
a0:   3.4646e+00   e0:  -4.3026e+00   b0:   2.5264e+02   
P: 
 -3.3186e+01   2.0665e+01  -3.1657e+00   6.9563e-01   2.9104e+00 
  2.1889e+00   6.6201e+00  -2.5451e-01  -5.4269e+00   3.5512e+00 
  2.8357e-01   5.4163e-02  -8.3661e-03  -1.9603e-01   1.0829e-01 
 -2.0343e-02   3.5647e-04   0.0000e+00  -1.9494e+00   3.0356e+01 
  2.4336e+01   3.4958e+01   1.6230e+01   1.7858e+01   7.6644e+00 
  1.2400e+00   4.4252e-01   1.0904e-01   2.0054e-02   2.2962e-03 
  2.5583e-03   1.0877e-03   7.9882e-05   4.1882e-05   4.4069e-05 
 -1.8297e+01   1.2026e+00   1.0000e+00 

########################
# 00000058
########################
RSS 49.708356016998785
BP 0:
a0:   3.4646e+00   e0:  -4.3026e+00   b0:   2.5264e+02   
P: 
 -3.3186e+01   2.0665e+01  -3.1657e+00   6.9564e-01   2.9104e+00 
  2.1889e+00   6.6201e+00  -2.5451e-01  -5.4269e+00   3.5513e+00 
  2.8357e-01   5.4163e-02  -8.3660e-03  -1.9603e-01   1.0829e-01 
 -2.0343e-02   3.5647e-04   0.0000e+00  -1.9494e+00   3.0356e+01 
  2.4336e+01   3.4958e+01   1.6230e+01   1.7858e+01   7.6644e+00 
  1.2400e+00   4.4252e-01   1.0904e-01   2.0054e-02   2.2962e-03 
  2.5583e-03   1.0877e-03   7.9882e-05   4.1882e-05   4.4069e-05 
 -1.8297e+01   1.2026e+00   1.0000e+00 

########################
# 00000059
########################
RSS 49.70835854313304
BP 0:
a0:   3.4646e+00   e0:  -4.3026e+00   b0:   2.5264e+02   
P: 
 -3.3186e+01   2.0665e+01  -3.1657e+00   6.9563e-01   2.9104e+00 
  2.1889e+00   6.6201e+00  -2.5451e-01  -5.4269e+00   3.5512e+00 
  2.8357e-01   5.4163e-02  -8.3661e-03  -1.9603e-01   1.0829e-01 
 -2.0343e-02   3.5647e-04   0.0000e+00  -1.9494e+00   3.0356e+01 
  2.4336e+01   3.4958e+01   1.6230e+01   1.7858e+01   7.6644e+00 
  1.2400e+00   4.4252e-01   1.0904e-01   2.0054e-02   2.2962e-03 
  2.5583e-03   1.0877e-03   7.9882e-05   4.1882e-05   4.4069e-05 
 -1.8297e+01   1.2026e+00   1.0000e+00 

########################
# 00000060
########################
RSS 49.708359403188496
BP 0:
a0:   3.4646e+00   e0:  -4.3026e+00   b0:   2.5264e+02   
P: 
 -3.3186e+01   2.0665e+01  -3.1657e+00   6.9563e-01   2.9104e+00 
  2.1889e+00   6.6201e+00  -2.5451e-01  -5.4269e+00   3.5512e+00 
  2.8357e-01   5.4163e-02  -8.3661e-03  -1.9603e-01   1.0829e-01 
 -2.0343e-02   3.5647e-04   0.0000e+00  -1.9494e+00   3.0356e+01 
  2.4336e+01   3.4958e+01   1.6230e+01   1.7858e+01   7.6644e+00 
  1.2400e+00   4.4252e-01   1.0904e-01   2.0054e-02   2.2962e-03 
  2.5583e-03   1.0877e-03   7.9882e-05   4.1882e-05   4.4069e-05 
 -1.8297e+01   1.2026e+00   1.0000e+00 

########################
# 00000061
########################
RSS 49.70836414994582
BP 0:
a0:   3.4646e+00   e0:  -4.3026e+00   b0:   2.5264e+02   
P: 
 -3.3186e+01   2.0665e+01  -3.1657e+00   6.9563e-01   2.9104e+00 
  2.1889e+00   6.6201e+00  -2.5451e-01  -5.4269e+00   3.5513e+00 
  2.8357e-01   5.4163e-02  -8.3659e-03  -1.9603e-01   1.0829e-01 
 -2.0343e-02   3.5647e-04   0.0000e+00  -1.9494e+00   3.0356e+01 
  2.4336e+01   3.4958e+01   1.6230e+01   1.7858e+01   7.6644e+00 
  1.2400e+00   4.4252e-01   1.0904e-01   2.0054e-02   2.2962e-03 
  2.5583e-03   1.0877e-03   7.9882e-05   4.1882e-05   4.4069e-05 
 -1.8297e+01   1.2026e+00   1.0000e+00 

########################
# 00000062
########################
RSS 49.70836542683395
BP 0:
a0:   3.4646e+00   e0:  -4.3026e+00   b0:   2.5264e+02   
P: 
 -3.3186e+01   2.0665e+01  -3.1657e+00   6.9563e-01   2.9104e+00 
  2.1889e+00   6.6201e+00  -2.5451e-01  -5.4269e+00   3.5512e+00 
  2.8357e-01   5.4163e-02  -8.3660e-03  -1.9603e-01   1.0829e-01 
 -2.0343e-02   3.5647e-04   0.0000e+00  -1.9494e+00   3.0356e+01 
  2.4336e+01   3.4958e+01   1.6230e+01   1.7858e+01   7.6644e+00 
  1.2400e+00   4.4252e-01   1.0904e-01   2.0054e-02   2.2962e-03 
  2.5583e-03   1.0877e-03   7.9882e-05   4.1882e-05   4.4069e-05 
 -1.8297e+01   1.2026e+00   1.0000e+00 

########################
# 00000063
########################
RSS 49.70836606459197
BP 0:
a0:   3.4646e+00   e0:  -4.3026e+00   b0:   2.5264e+02   
P: 
 -3.3186e+01   2.0665e+01  -3.1657e+00   6.9563e-01   2.9104e+00 
  2.1889e+00   6.6201e+00  -2.5451e-01  -5.4269e+00   3.5512e+00 
  2.8357e-01   5.4163e-02  -8.3660e-03  -1.9603e-01   1.0829e-01 
 -2.0343e-02   3.5647e-04   0.0000e+00  -1.9494e+00   3.0356e+01 
  2.4336e+01   3.4958e+01   1.6230e+01   1.7858e+01   7.6644e+00 
  1.2400e+00   4.4252e-01   1.0904e-01   2.0054e-02   2.2962e-03 
  2.5583e-03   1.0877e-03   7.9882e-05   4.1882e-05   4.4069e-05 
 -1.8297e+01   1.2026e+00   1.0000e+00 

########################
# 00000064
########################
RSS 49.70837048360498
BP 0:
a0:   3.4646e+00   e0:  -4.3026e+00   b0:   2.5264e+02   
P: 
 -3.3186e+01   2.0665e+01  -3.1657e+00   6.9563e-01   2.9104e+00 
  2.1889e+00   6.6201e+00  -2.5451e-01  -5.4269e+00   3.5512e+00 
  2.8357e-01   5.4163e-02  -8.3661e-03  -1.9603e-01   1.0829e-01 
 -2.0343e-02   3.5647e-04   0.0000e+00  -1.9494e+00   3.0356e+01 
  2.4336e+01   3.4958e+01   1.6230e+01   1.7858e+01   7.6644e+00 
  1.2400e+00   4.4252e-01   1.0904e-01   2.0054e-02   2.2962e-03 
  2.5583e-03   1.0877e-03   7.9882e-05   4.1882e-05   4.4069e-05 
 -1.8297e+01   1.2026e+00   1.0000e+00 

########################
# 00000065
########################
RSS 49.70837813761403
BP 0:
a0:   3.4646e+00   e0:  -4.3026e+00   b0:   2.5264e+02   
P: 
 -3.3186e+01   2.0665e+01  -3.1657e+00   6.9563e-01   2.9104e+00 
  2.1889e+00   6.6201e+00  -2.5451e-01  -5.4269e+00   3.5512e+00 
  2.8357e-01   5.4163e-02  -8.3661e-03  -1.9603e-01   1.0829e-01 
 -2.0343e-02   3.5647e-04   0.0000e+00  -1.9494e+00   3.0356e+01 
  2.4336e+01   3.4958e+01   1.6230e+01   1.7858e+01   7.6644e+00 
  1.2400e+00   4.4252e-01   1.0904e-01   2.0054e-02   2.2962e-03 
  2.5583e-03   1.0877e-03   7.9882e-05   4.1882e-05   4.4069e-05 
 -1.8297e+01   1.2026e+00   1.0000e+00 

########################
# 00000066
########################
RSS 49.70838232437401
BP 0:
a0:   3.4646e+00   e0:  -4.3026e+00   b0:   2.5264e+02   
P: 
 -3.3186e+01   2.0665e+01  -3.1657e+00   6.9563e-01   2.9104e+00 
  2.1889e+00   6.6201e+00  -2.5451e-01  -5.4269e+00   3.5512e+00 
  2.8357e-01   5.4163e-02  -8.3661e-03  -1.9603e-01   1.0829e-01 
 -2.0343e-02   3.5647e-04   0.0000e+00  -1.9494e+00   3.0356e+01 
  2.4336e+01   3.4958e+01   1.6230e+01   1.7858e+01   7.6644e+00 
  1.2400e+00   4.4252e-01   1.0904e-01   2.0054e-02   2.2962e-03 
  2.5583e-03   1.0877e-03   7.9882e-05   4.1882e-05   4.4069e-05 
 -1.8297e+01   1.2026e+00   1.0000e+00 

########################
# 00000067
########################
RSS 49.708404013714976
BP 0:
a0:   3.4646e+00   e0:  -4.3026e+00   b0:   2.5264e+02   
P: 
 -3.3186e+01   2.0665e+01  -3.1657e+00   6.9563e-01   2.9104e+00 
  2.1889e+00   6.6201e+00  -2.5451e-01  -5.4269e+00   3.5512e+00 
  2.8357e-01   5.4163e-02  -8.3662e-03  -1.9603e-01   1.0829e-01 
 -2.0343e-02   3.5647e-04   0.0000e+00  -1.9494e+00   3.0356e+01 
  2.4336e+01   3.4958e+01   1.6230e+01   1.7858e+01   7.6644e+00 
  1.2400e+00   4.4252e-01   1.0904e-01   2.0054e-02   2.2962e-03 
  2.5583e-03   1.0877e-03   7.9882e-05   4.1882e-05   4.4069e-05 
 -1.8297e+01   1.2026e+00   1.0000e+00 

########################
# 00000068
########################
RSS 49.70840648648213
BP 0:
a0:   3.4646e+00   e0:  -4.3026e+00   b0:   2.5264e+02   
P: 
 -3.3186e+01   2.0665e+01  -3.1657e+00   6.9563e-01   2.9104e+00 
  2.1889e+00   6.6201e+00  -2.5451e-01  -5.4269e+00   3.5512e+00 
  2.8357e-01   5.4163e-02  -8.3661e-03  -1.9603e-01   1.0829e-01 
 -2.0343e-02   3.5647e-04   0.0000e+00  -1.9494e+00   3.0356e+01 
  2.4336e+01   3.4958e+01   1.6230e+01   1.7858e+01   7.6644e+00 
  1.2400e+00   4.4252e-01   1.0904e-01   2.0054e-02   2.2962e-03 
  2.5583e-03   1.0877e-03   7.9882e-05   4.1882e-05   4.4069e-05 
 -1.8297e+01   1.2026e+00   1.0000e+00 

########################
# 00000069
########################
RSS 49.70840752009166
BP 0:
a0:   3.4646e+00   e0:  -4.3026e+00   b0:   2.5264e+02   
P: 
 -3.3186e+01   2.0665e+01  -3.1657e+00   6.9563e-01   2.9104e+00 
  2.1889e+00   6.6201e+00  -2.5451e-01  -5.4269e+00   3.5512e+00 
  2.8357e-01   5.4163e-02  -8.3661e-03  -1.9603e-01   1.0829e-01 
 -2.0343e-02   3.5647e-04   0.0000e+00  -1.9494e+00   3.0356e+01 
  2.4336e+01   3.4958e+01   1.6230e+01   1.7858e+01   7.6644e+00 
  1.2400e+00   4.4252e-01   1.0904e-01   2.0054e-02   2.2962e-03 
  2.5583e-03   1.0877e-03   7.9882e-05   4.1882e-05   4.4069e-05 
 -1.8297e+01   1.2026e+00   1.0000e+00 

########################
# 00000070
########################
RSS 49.70843027524504
BP 0:
a0:   3.4646e+00   e0:  -4.3026e+00   b0:   2.5264e+02   
P: 
 -3.3186e+01   2.0665e+01  -3.1657e+00   6.9563e-01   2.9104e+00 
  2.1889e+00   6.6201e+00  -2.5451e-01  -5.4269e+00   3.5512e+00 
  2.8357e-01   5.4163e-02  -8.3662e-03  -1.9603e-01   1.0829e-01 
 -2.0343e-02   3.5647e-04   0.0000e+00  -1.9494e+00   3.0356e+01 
  2.4336e+01   3.4958e+01   1.6230e+01   1.7858e+01   7.6644e+00 
  1.2400e+00   4.4252e-01   1.0904e-01   2.0054e-02   2.2962e-03 
  2.5583e-03   1.0877e-03   7.9882e-05   4.1882e-05   4.4069e-05 
 -1.8297e+01   1.2026e+00   1.0000e+00 

########################
# 00000071
########################
RSS 49.70843703031756
BP 0:
a0:   3.4646e+00   e0:  -4.3026e+00   b0:   2.5264e+02   
P: 
 -3.3186e+01   2.0665e+01  -3.1657e+00   6.9563e-01   2.9104e+00 
  2.1889e+00   6.6201e+00  -2.5451e-01  -5.4269e+00   3.5513e+00 
  2.8357e-01   5.4163e-02  -8.3661e-03  -1.9603e-01   1.0829e-01 
 -2.0343e-02   3.5647e-04   0.0000e+00  -1.9494e+00   3.0356e+01 
  2.4336e+01   3.4958e+01   1.6230e+01   1.7858e+01   7.6644e+00 
  1.2400e+00   4.4252e-01   1.0904e-01   2.0054e-02   2.2962e-03 
  2.5583e-03   1.0877e-03   7.9882e-05   4.1882e-05   4.4069e-05 
 -1.8297e+01   1.2026e+00   1.0000e+00 

########################
# 00000072
########################
RSS 49.708438660422075
BP 0:
a0:   3.4646e+00   e0:  -4.3026e+00   b0:   2.5264e+02   
P: 
 -3.3186e+01   2.0665e+01  -3.1657e+00   6.9563e-01   2.9104e+00 
  2.1889e+00   6.6201e+00  -2.5451e-01  -5.4269e+00   3.5512e+00 
  2.8357e-01   5.4163e-02  -8.3662e-03  -1.9603e-01   1.0829e-01 
 -2.0343e-02   3.5647e-04   0.0000e+00  -1.9494e+00   3.0356e+01 
  2.4336e+01   3.4958e+01   1.6230e+01   1.7858e+01   7.6644e+00 
  1.2400e+00   4.4252e-01   1.0904e-01   2.0054e-02   2.2962e-03 
  2.5583e-03   1.0877e-03   7.9882e-05   4.1882e-05   4.4069e-05 
 -1.8297e+01   1.2026e+00   1.0000e+00 

########################
# 00000073
########################
RSS 49.70845218737915
BP 0:
a0:   3.4646e+00   e0:  -4.3026e+00   b0:   2.5264e+02   
P: 
 -3.3186e+01   2.0665e+01  -3.1657e+00   6.9563e-01   2.9104e+00 
  2.1889e+00   6.6201e+00  -2.5451e-01  -5.4269e+00   3.5512e+00 
  2.8357e-01   5.4163e-02  -8.3661e-03  -1.9603e-01   1.0829e-01 
 -2.0343e-02   3.5647e-04   0.0000e+00  -1.9494e+00   3.0356e+01 
  2.4336e+01   3.4958e+01   1.6230e+01   1.7858e+01   7.6644e+00 
  1.2400e+00   4.4252e-01   1.0904e-01   2.0054e-02   2.2962e-03 
  2.5583e-03   1.0877e-03   7.9882e-05   4.1882e-05   4.4069e-05 
 -1.8297e+01   1.2026e+00   1.0000e+00 

########################
# 00000074
########################
RSS 49.70858644809489
BP 0:
a0:   3.4650e+00   e0:  -4.2979e+00   b0:   2.5253e+02   
P: 
 -3.3189e+01   2.0664e+01  -3.1665e+00   6.9564e-01   2.9104e+00 
  2.1922e+00   6.6200e+00  -2.5451e-01  -5.4269e+00   3.5513e+00 
  2.8357e-01   5.4163e-02  -8.3659e-03  -1.9603e-01   1.0829e-01 
 -2.0307e-02   3.5255e-04   0.0000e+00  -1.9494e+00   3.0356e+01 
  2.4336e+01   3.4958e+01   1.6230e+01   1.7858e+01   7.6644e+00 
  1.2400e+00   4.4252e-01   1.0904e-01   2.0054e-02   2.2962e-03 
  2.5583e-03   1.0877e-03   7.9882e-05   4.1882e-05   4.4069e-05 
 -1.8297e+01   1.2026e+00   1.0000e+00 

########################
# 00000075
########################
RSS 49.71143172614374
BP 0:
a0:   3.4646e+00   e0:  -4.3026e+00   b0:   2.5264e+02   
P: 
 -3.3186e+01   2.0665e+01  -3.1657e+00   6.9563e-01   2.9104e+00 
  2.1889e+00   6.6201e+00  -2.5451e-01  -5.4269e+00   3.5512e+00 
  2.8357e-01   5.4163e-02  -8.3661e-03  -1.9603e-01   1.0829e-01 
 -2.0343e-02   3.5647e-04   0.0000e+00  -1.9494e+00   3.0356e+01 
  2.4336e+01   3.4958e+01   1.6230e+01   1.7858e+01   7.6644e+00 
  1.2400e+00   4.4252e-01   1.0904e-01   2.0054e-02   2.2962e-03 
  2.5583e-03   1.0877e-03   7.9882e-05   4.1882e-05   4.4069e-05 
 -1.8297e+01   1.2026e+00   1.0000e+00 

########################
# 00000076
########################
RSS 49.71263045889945
BP 0:
a0:   3.4648e+00   e0:  -4.2984e+00   b0:   2.5237e+02   
P: 
 -3.3196e+01   2.0664e+01  -3.1657e+00   6.8682e-01   2.9104e+00 
  2.1889e+00   6.6201e+00  -2.5423e-01  -5.4300e+00   3.5512e+00 
  2.8357e-01   5.4163e-02  -8.3557e-03  -1.9602e-01   1.0825e-01 
 -2.0307e-02   3.5647e-04   0.0000e+00  -1.9494e+00   3.0356e+01 
  2.4336e+01   3.4958e+01   1.6230e+01   1.7858e+01   7.6644e+00 
  1.2400e+00   4.4252e-01   1.0904e-01   2.0054e-02   2.2962e-03 
  2.5583e-03   1.0877e-03   7.9882e-05   4.1882e-05   4.4069e-05 
 -1.8296e+01   1.2026e+00   1.0000e+00 

########################
# 00000077
########################
RSS 49.71587672978271
BP 0:
a0:   3.4646e+00   e0:  -4.3026e+00   b0:   2.5264e+02   
P: 
 -3.3186e+01   2.0665e+01  -3.1657e+00   6.9563e-01   2.9104e+00 
  2.1889e+00   6.6201e+00  -2.5451e-01  -5.4269e+00   3.5512e+00 
  2.8357e-01   5.4163e-02  -8.3658e-03  -1.9603e-01   1.0829e-01 
 -2.0343e-02   3.5647e-04   0.0000e+00  -1.9494e+00   3.0356e+01 
  2.4336e+01   3.4958e+01   1.6230e+01   1.7858e+01   7.6644e+00 
  1.2400e+00   4.4252e-01   1.0904e-01   2.0054e-02   2.2962e-03 
  2.5583e-03   1.0877e-03   7.9882e-05   4.1882e-05   4.4069e-05 
 -1.8297e+01   1.2026e+00   1.0000e+00 

########################
# 00000078
########################
RSS 49.71721124679553
BP 0:
a0:   3.4645e+00   e0:  -4.3036e+00   b0:   2.5266e+02   
P: 
 -3.3181e+01   2.0665e+01  -3.1657e+00   6.8817e-01   2.9104e+00 
  2.1958e+00   6.6201e+00  -2.5451e-01  -5.4269e+00   3.5513e+00 
  2.8357e-01   5.4163e-02  -8.3661e-03  -1.9603e-01   1.0826e-01 
 -2.0343e-02   3.5857e-04   0.0000e+00  -1.9494e+00   3.0356e+01 
  2.4336e+01   3.4958e+01   1.6230e+01   1.7858e+01   7.6644e+00 
  1.2400e+00   4.4252e-01   1.0904e-01   2.0054e-02   2.2962e-03 
  2.5583e-03   1.0877e-03   7.9882e-05   4.1882e-05   4.4069e-05 
 -1.8297e+01   1.2026e+00   1.0000e+00 

########################
# 00000079
########################
RSS 49.7182673766213
BP 0:
a0:   3.4647e+00   e0:  -4.3029e+00   b0:   2.5268e+02   
P: 
 -3.3197e+01   2.0684e+01  -3.1657e+00   6.9563e-01   2.9104e+00 
  2.1889e+00   6.6201e+00  -2.5451e-01  -5.4269e+00   3.5515e+00 
  2.8357e-01   5.4163e-02  -8.3660e-03  -1.9603e-01   1.0829e-01 
 -2.0343e-02   3.5647e-04   0.0000e+00  -1.9494e+00   3.0356e+01 
  2.4336e+01   3.4958e+01   1.6230e+01   1.7858e+01   7.6644e+00 
  1.2400e+00   4.4252e-01   1.0904e-01   2.0054e-02   2.2962e-03 
  2.5583e-03   1.0877e-03   7.9882e-05   4.1882e-05   4.4069e-05 
 -1.8302e+01   1.2026e+00   1.0000e+00 

########################
# 00000080
########################
RSS 49.719651846310924
BP 0:
a0:   3.4644e+00   e0:  -4.3042e+00   b0:   2.5263e+02   
P: 
 -3.3199e+01   2.0665e+01  -3.1028e+00   6.9555e-01   2.9104e+00 
  2.1889e+00   6.6200e+00  -2.5430e-01  -5.4278e+00   3.5513e+00 
  2.8357e-01   5.4163e-02  -8.3739e-03  -1.9604e-01   1.0830e-01 
 -2.0355e-02   3.5647e-04   0.0000e+00  -1.9494e+00   3.0356e+01 
  2.4336e+01   3.4958e+01   1.6230e+01   1.7858e+01   7.6644e+00 
  1.2400e+00   4.4252e-01   1.0904e-01   2.0054e-02   2.2962e-03 
  2.5583e-03   1.0877e-03   7.9882e-05   4.1882e-05   4.4069e-05 
 -1.8298e+01   1.2026e+00   1.0000e+00 

########################
# 00000081
########################
RSS 49.72041407529265
BP 0:
a0:   3.4639e+00   e0:  -4.3043e+00   b0:   2.5235e+02   
P: 
 -3.3186e+01   2.0652e+01  -3.1657e+00   6.9575e-01   2.9104e+00 
  2.1961e+00   6.6201e+00  -2.5451e-01  -5.4269e+00   3.5460e+00 
  2.8357e-01   5.4163e-02  -8.3659e-03  -1.9603e-01   1.0829e-01 
 -2.0345e-02   3.5647e-04   0.0000e+00  -1.9494e+00   3.0356e+01 
  2.4336e+01   3.4958e+01   1.6230e+01   1.7858e+01   7.6644e+00 
  1.2400e+00   4.4252e-01   1.0904e-01   2.0054e-02   2.2962e-03 
  2.5583e-03   1.0877e-03   7.9882e-05   4.1882e-05   4.4069e-05 
 -1.8297e+01   1.2026e+00   1.0000e+00 

########################
# 00000082
########################
RSS 49.72160207890248
BP 0:
a0:   3.4642e+00   e0:  -4.3048e+00   b0:   2.5258e+02   
P: 
 -3.3186e+01   2.0665e+01  -3.1657e+00   6.9555e-01   2.9104e+00 
  2.1889e+00   6.6200e+00  -2.5451e-01  -5.4269e+00   3.5494e+00 
  2.8357e-01   5.4163e-02  -8.4113e-03  -1.9603e-01   1.0830e-01 
 -2.0355e-02   3.5647e-04   0.0000e+00  -1.9494e+00   3.0356e+01 
  2.4336e+01   3.4958e+01   1.6230e+01   1.7858e+01   7.6644e+00 
  1.2400e+00   4.4252e-01   1.0904e-01   2.0054e-02   2.2962e-03 
  2.5583e-03   1.0877e-03   7.9882e-05   4.1882e-05   4.4069e-05 
 -1.8298e+01   1.2038e+00   1.0000e+00 

########################
# 00000083
########################
RSS 49.72277931100619
BP 0:
a0:   3.4644e+00   e0:  -4.3042e+00   b0:   2.5267e+02   
P: 
 -3.3186e+01   2.0665e+01  -3.1657e+00   6.9563e-01   2.9024e+00 
  2.1889e+00   6.6201e+00  -2.5451e-01  -5.4269e+00   3.5513e+00 
  2.8357e-01   5.4163e-02  -8.3659e-03  -1.9603e-01   1.0828e-01 
 -2.0343e-02   3.5258e-04   0.0000e+00  -1.9494e+00   3.0356e+01 
  2.4336e+01   3.4958e+01   1.6230e+01   1.7858e+01   7.6644e+00 
  1.2400e+00   4.4252e-01   1.0904e-01   2.0054e-02   2.2962e-03 
  2.5583e-03   1.0877e-03   7.9882e-05   4.1882e-05   4.4069e-05 
 -1.8297e+01   1.2038e+00   1.0000e+00 

########################
# 00000084
########################
RSS 49.72408084488387
BP 0:
a0:   3.4638e+00   e0:  -4.3032e+00   b0:   2.5188e+02   
P: 
 -3.3194e+01   2.0663e+01  -3.1029e+00   6.8754e-01   2.9023e+00 
  2.1924e+00   6.6201e+00  -2.5451e-01  -5.4300e+00   3.5417e+00 
  2.8341e-01   5.5324e-02  -8.3662e-03  -1.9609e-01   1.0829e-01 
 -2.0345e-02   3.5782e-04   0.0000e+00  -1.9494e+00   3.0356e+01 
  2.4336e+01   3.4958e+01   1.6230e+01   1.7858e+01   7.6644e+00 
  1.2400e+00   4.4252e-01   1.0904e-01   2.0054e-02   2.2962e-03 
  2.5583e-03   1.0877e-03   7.9882e-05   4.1882e-05   4.4069e-05 
 -1.8298e+01   1.2039e+00   1.0000e+00 

########################
# 00000085
########################
RSS 49.726743732571585
BP 0:
a0:   3.4643e+00   e0:  -4.3030e+00   b0:   2.5241e+02   
P: 
 -3.3186e+01   2.0667e+01  -3.1657e+00   6.9552e-01   2.9109e+00 
  2.1889e+00   6.6201e+00  -2.5451e-01  -5.4313e+00   3.5512e+00 
  2.8357e-01   5.4163e-02  -8.3617e-03  -1.9603e-01   1.0829e-01 
 -2.0343e-02   3.5647e-04   0.0000e+00  -1.9494e+00   3.0356e+01 
  2.4336e+01   3.4958e+01   1.6230e+01   1.7858e+01   7.6644e+00 
  1.2400e+00   4.4252e-01   1.0904e-01   2.0054e-02   2.2962e-03 
  2.5583e-03   1.0877e-03   7.9882e-05   4.1882e-05   4.4069e-05 
 -1.8298e+01   1.2044e+00   1.0000e+00 

########################
# 00000086
########################
RSS 49.728694700160716
BP 0:
a0:   3.4644e+00   e0:  -4.3045e+00   b0:   2.5271e+02   
P: 
 -3.3194e+01   2.0663e+01  -3.0967e+00   6.9564e-01   2.9104e+00 
  2.1923e+00   6.6201e+00  -2.5451e-01  -5.4269e+00   3.5512e+00 
  2.8357e-01   5.4163e-02  -8.3660e-03  -1.9611e-01   1.0829e-01 
 -2.0343e-02   3.5851e-04   0.0000e+00  -1.9494e+00   3.0356e+01 
  2.4336e+01   3.4958e+01   1.6230e+01   1.7858e+01   7.6644e+00 
  1.2400e+00   4.4252e-01   1.0904e-01   2.0054e-02   2.2962e-03 
  2.5583e-03   1.0877e-03   7.9882e-05   4.1882e-05   4.4069e-05 
 -1.8298e+01   1.2026e+00   1.0000e+00 

########################
# 00000087
########################
RSS 49.73052101437658
BP 0:
a0:   3.4641e+00   e0:  -4.3056e+00   b0:   2.5256e+02   
P: 
 -3.3186e+01   2.0665e+01  -3.1654e+00   6.9556e-01   2.9104e+00 
  2.1889e+00   6.6200e+00  -2.5444e-01  -5.4269e+00   3.5489e+00 
  2.8357e-01   5.4163e-02  -8.3658e-03  -1.9604e-01   1.0829e-01 
 -2.0355e-02   3.5647e-04   0.0000e+00  -1.9494e+00   3.0356e+01 
  2.4336e+01   3.4958e+01   1.6230e+01   1.7858e+01   7.6644e+00 
  1.2400e+00   4.4252e-01   1.0904e-01   2.0054e-02   2.2962e-03 
  2.5583e-03   1.0877e-03   7.9882e-05   4.1882e-05   4.4069e-05 
 -1.8298e+01   1.2026e+00   1.0000e+00 

########################
# 00000088
########################
RSS 49.73104065693189
BP 0:
a0:   3.4646e+00   e0:  -4.3026e+00   b0:   2.5264e+02   
P: 
 -3.3186e+01   2.0665e+01  -3.1657e+00   6.9564e-01   2.9104e+00 
  2.1889e+00   6.6201e+00  -2.5451e-01  -5.4269e+00   3.5513e+00 
  2.8357e-01   5.4163e-02  -8.3659e-03  -1.9603e-01   1.0829e-01 
 -2.0343e-02   3.5647e-04   0.0000e+00  -1.9494e+00   3.0356e+01 
  2.4336e+01   3.4958e+01   1.6230e+01   1.7858e+01   7.6644e+00 
  1.2400e+00   4.4252e-01   1.0904e-01   2.0054e-02   2.2962e-03 
  2.5583e-03   1.0877e-03   7.9882e-05   4.1882e-05   4.4069e-05 
 -1.8297e+01   1.2026e+00   1.0000e+00 

########################
# 00000089
########################
RSS 49.73380097021313
BP 0:
a0:   3.4643e+00   e0:  -4.3051e+00   b0:   2.5272e+02   
P: 
 -3.3186e+01   2.0664e+01  -3.1028e+00   6.8685e-01   2.9104e+00 
  2.1889e+00   6.6201e+00  -2.5430e-01  -5.4269e+00   3.5513e+00 
  2.8357e-01   5.4163e-02  -8.4122e-03  -1.9609e-01   1.0829e-01 
 -2.0343e-02   3.5647e-04   0.0000e+00  -1.9494e+00   3.0356e+01 
  2.4336e+01   3.4958e+01   1.6230e+01   1.7858e+01   7.6644e+00 
  1.2400e+00   4.4252e-01   1.0904e-01   2.0054e-02   2.2962e-03 
  2.5583e-03   1.0877e-03   7.9882e-05   4.1882e-05   4.4069e-05 
 -1.8297e+01   1.2026e+00   1.0000e+00 

########################
# 00000090
########################
RSS 49.735637066735755
BP 0:
a0:   3.4643e+00   e0:  -4.3041e+00   b0:   2.5234e+02   
P: 
 -3.3180e+01   2.0663e+01  -3.1029e+00   6.9575e-01   2.9023e+00 
  2.1961e+00   6.6201e+00  -2.5428e-01  -5.4269e+00   3.5460e+00 
  2.8329e-01   5.5324e-02  -8.4137e-03  -1.9609e-01   1.0828e-01 
 -2.0343e-02   3.5262e-04   0.0000e+00  -1.9494e+00   3.0356e+01 
  2.4336e+01   3.4958e+01   1.6230e+01   1.7858e+01   7.6644e+00 
  1.2400e+00   4.4252e-01   1.0904e-01   2.0054e-02   2.2962e-03 
  2.5583e-03   1.0877e-03   7.9882e-05   4.1882e-05   4.4069e-05 
 -1.8297e+01   1.2033e+00   1.0000e+00 

########################
# 00000091
########################
RSS 49.7361314470129
BP 0:
a0:   3.4643e+00   e0:  -4.3044e+00   b0:   2.5251e+02   
P: 
 -3.3194e+01   2.0665e+01  -3.1028e+00   6.9563e-01   2.9104e+00 
  2.1930e+00   6.6200e+00  -2.5451e-01  -5.4299e+00   3.5513e+00 
  2.8357e-01   5.4163e-02  -8.3659e-03  -1.9603e-01   1.0829e-01 
 -2.0343e-02   3.5264e-04   0.0000e+00  -1.9494e+00   3.0356e+01 
  2.4336e+01   3.4958e+01   1.6230e+01   1.7858e+01   7.6644e+00 
  1.2400e+00   4.4252e-01   1.0904e-01   2.0054e-02   2.2962e-03 
  2.5583e-03   1.0877e-03   7.9882e-05   4.1882e-05   4.4069e-05 
 -1.8297e+01   1.2032e+00   1.0000e+00 

########################
# 00000092
########################
RSS 49.736570950617725
BP 0:
a0:   3.4643e+00   e0:  -4.3045e+00   b0:   2.5253e+02   
P: 
 -3.3175e+01   2.0665e+01  -3.1018e+00   6.8470e-01   2.9104e+00 
  2.1913e+00   6.6201e+00  -2.5451e-01  -5.4299e+00   3.5512e+00 
  2.8357e-01   5.4163e-02  -8.3659e-03  -1.9602e-01   1.0829e-01 
 -2.0349e-02   3.5647e-04   0.0000e+00  -1.9494e+00   3.0356e+01 
  2.4336e+01   3.4958e+01   1.6230e+01   1.7858e+01   7.6644e+00 
  1.2400e+00   4.4252e-01   1.0904e-01   2.0054e-02   2.2962e-03 
  2.5583e-03   1.0877e-03   7.9882e-05   4.1882e-05   4.4069e-05 
 -1.8302e+01   1.2042e+00   1.0000e+00 

########################
# 00000093
########################
RSS 49.73710153823729
BP 0:
a0:   3.4642e+00   e0:  -4.3047e+00   b0:   2.5256e+02   
P: 
 -3.3194e+01   2.0664e+01  -3.1657e+00   6.8436e-01   2.9104e+00 
  2.1915e+00   6.6201e+00  -2.5451e-01  -5.4295e+00   3.5513e+00 
  2.8357e-01   5.4163e-02  -8.3659e-03  -1.9608e-01   1.0829e-01 
 -2.0343e-02   3.5647e-04   0.0000e+00  -1.9494e+00   3.0356e+01 
  2.4336e+01   3.4958e+01   1.6230e+01   1.7858e+01   7.6644e+00 
  1.2400e+00   4.4252e-01   1.0904e-01   2.0054e-02   2.2962e-03 
  2.5583e-03   1.0877e-03   7.9882e-05   4.1882e-05   4.4069e-05 
 -1.8297e+01   1.2026e+00   1.0000e+00 

########################
# 00000094
########################
RSS 49.73715916877508
BP 0:
a0:   3.4644e+00   e0:  -4.3042e+00   b0:   2.5253e+02   
P: 
 -3.3194e+01   2.0664e+01  -3.1028e+00   6.8679e-01   2.9104e+00 
  2.1915e+00   6.6202e+00  -2.5431e-01  -5.4299e+00   3.5512e+00 
  2.8390e-01   5.4163e-02  -8.3660e-03  -1.9603e-01   1.0829e-01 
 -2.0343e-02   3.5260e-04   0.0000e+00  -1.9494e+00   3.0356e+01 
  2.4336e+01   3.4958e+01   1.6230e+01   1.7858e+01   7.6644e+00 
  1.2400e+00   4.4252e-01   1.0904e-01   2.0054e-02   2.2962e-03 
  2.5583e-03   1.0877e-03   7.9882e-05   4.1882e-05   4.4069e-05 
 -1.8298e+01   1.2038e+00   1.0000e+00 

########################
# 00000095
########################
RSS 49.7387675883178
BP 0:
a0:   3.4649e+00   e0:  -4.2985e+00   b0:   2.5215e+02   
P: 
 -3.3194e+01   2.0652e+01  -3.1029e+00   6.8682e-01   2.9009e+00 
  2.1912e+00   6.6202e+00  -2.5432e-01  -5.4269e+00   3.5460e+00 
  2.8329e-01   5.5335e-02  -8.3632e-03  -1.9593e-01   1.0828e-01 
 -2.0345e-02   3.5258e-04   0.0000e+00  -1.9494e+00   3.0356e+01 
  2.4336e+01   3.4958e+01   1.6230e+01   1.7858e+01   7.6644e+00 
  1.2400e+00   4.4252e-01   1.0904e-01   2.0054e-02   2.2962e-03 
  2.5583e-03   1.0877e-03   7.9882e-05   4.1882e-05   4.4069e-05 
 -1.8297e+01   1.2033e+00   1.0000e+00 

########################
# 00000096
########################
RSS 49.7394009567177
BP 0:
a0:   3.4649e+00   e0:  -4.2987e+00   b0:   2.5216e+02   
P: 
 -3.3180e+01   2.0652e+01  -3.1028e+00   6.8682e-01   2.9023e+00 
  2.1960e+00   6.6202e+00  -2.5432e-01  -5.4269e+00   3.5460e+00 
  2.8329e-01   5.5324e-02  -8.3632e-03  -1.9593e-01   1.0828e-01 
 -2.0345e-02   3.5258e-04   0.0000e+00  -1.9494e+00   3.0356e+01 
  2.4336e+01   3.4958e+01   1.6230e+01   1.7858e+01   7.6644e+00 
  1.2400e+00   4.4252e-01   1.0904e-01   2.0054e-02   2.2962e-03 
  2.5583e-03   1.0877e-03   7.9882e-05   4.1882e-05   4.4069e-05 
 -1.8298e+01   1.2033e+00   1.0000e+00 

########################
# 00000097
########################
RSS 49.739409589933125
BP 0:
a0:   3.4649e+00   e0:  -4.2987e+00   b0:   2.5216e+02   
P: 
 -3.3180e+01   2.0652e+01  -3.1028e+00   6.8682e-01   2.9023e+00 
  2.1960e+00   6.6202e+00  -2.5432e-01  -5.4269e+00   3.5460e+00 
  2.8329e-01   5.5324e-02  -8.3632e-03  -1.9593e-01   1.0828e-01 
 -2.0345e-02   3.5258e-04   0.0000e+00  -1.9494e+00   3.0356e+01 
  2.4336e+01   3.4958e+01   1.6230e+01   1.7858e+01   7.6644e+00 
  1.2400e+00   4.4252e-01   1.0904e-01   2.0054e-02   2.2962e-03 
  2.5583e-03   1.0877e-03   7.9882e-05   4.1882e-05   4.4069e-05 
 -1.8298e+01   1.2033e+00   1.0000e+00 

########################
# 00000098
########################
RSS 49.73941091510722
BP 0:
a0:   3.4649e+00   e0:  -4.2987e+00   b0:   2.5216e+02   
P: 
 -3.3180e+01   2.0652e+01  -3.1028e+00   6.8682e-01   2.9024e+00 
  2.1960e+00   6.6202e+00  -2.5432e-01  -5.4269e+00   3.5460e+00 
  2.8329e-01   5.5324e-02  -8.3631e-03  -1.9593e-01   1.0828e-01 
 -2.0345e-02   3.5257e-04   0.0000e+00  -1.9494e+00   3.0356e+01 
  2.4336e+01   3.4958e+01   1.6230e+01   1.7858e+01   7.6644e+00 
  1.2400e+00   4.4252e-01   1.0904e-01   2.0054e-02   2.2962e-03 
  2.5583e-03   1.0877e-03   7.9882e-05   4.1882e-05   4.4069e-05 
 -1.8298e+01   1.2033e+00   1.0000e+00 

########################
# 00000099
########################
RSS 49.739415200334825
BP 0:
a0:   3.4649e+00   e0:  -4.2987e+00   b0:   2.5216e+02   
P: 
 -3.3180e+01   2.0652e+01  -3.1028e+00   6.8682e-01   2.9024e+00 
  2.1960e+00   6.6202e+00  -2.5432e-01  -5.4269e+00   3.5460e+00 
  2.8329e-01   5.5324e-02  -8.3632e-03  -1.9593e-01   1.0828e-01 
 -2.0345e-02   3.5258e-04   0.0000e+00  -1.9494e+00   3.0356e+01 
  2.4336e+01   3.4958e+01   1.6230e+01   1.7858e+01   7.6644e+00 
  1.2400e+00   4.4252e-01   1.0904e-01   2.0054e-02   2.2962e-03 
  2.5583e-03   1.0877e-03   7.9882e-05   4.1882e-05   4.4069e-05 
 -1.8298e+01   1.2033e+00   1.0000e+00 

########################
# 00000100
########################
RSS 49.73941619334652
BP 0:
a0:   3.4649e+00   e0:  -4.2987e+00   b0:   2.5216e+02   
P: 
 -3.3180e+01   2.0652e+01  -3.1028e+00   6.8682e-01   2.9023e+00 
  2.1960e+00   6.6202e+00  -2.5432e-01  -5.4269e+00   3.5460e+00 
  2.8329e-01   5.5324e-02  -8.3632e-03  -1.9593e-01   1.0828e-01 
 -2.0345e-02   3.5258e-04   0.0000e+00  -1.9494e+00   3.0356e+01 
  2.4336e+01   3.4958e+01   1.6230e+01   1.7858e+01   7.6644e+00 
  1.2400e+00   4.4252e-01   1.0904e-01   2.0054e-02   2.2962e-03 
  2.5583e-03   1.0877e-03   7.9882e-05   4.1882e-05   4.4069e-05 
 -1.8298e+01   1.2033e+00   1.0000e+00 

