########################
# 00000001
########################
RSS 191.33678218424592
BP 0:
a0:   3.9507e+00   e0:  -3.9850e+00   b0:   2.2575e+02   
P: 
  1.7299e+00   8.2740e-01  -5.8031e-01  -1.2362e+00  -1.9669e+00 
 -5.4634e-01  -7.5999e-01  -8.4460e-01  -5.0255e-01  -8.4564e-02 
  3.6066e-02   1.6944e-01   5.7826e-02  -1.1841e-02   1.3680e-04 
 -3.2384e+00   5.6955e+01   5.1254e+01   7.1980e+01   5.3928e+01 
  5.6511e+01   3.3075e+01   1.6013e+01   2.0198e+01   1.5297e+01 
  7.9638e+00   3.7362e+00   1.7064e+00   7.8017e-01   3.5380e-01 
  1.6049e-01   7.5030e-02   3.6468e-02   1.8291e-02   9.2127e-03 
  4.5764e-03   2.2425e-03   1.1008e-03   5.5336e-04   2.8999e-04 
  1.5937e-04   9.1154e-05   7.6036e-05  -1.0000e-03   2.0000e-04 


########################
# 00000002
########################
RSS 222.58481913177184
BP 0:
a0:   3.9983e+00   e0:  -3.9257e+00   b0:   2.5081e+02   
P: 
  1.7299e+00   8.2740e-01  -5.8031e-01  -1.2362e+00  -1.9669e+00 
 -5.4634e-01  -9.1871e-01  -9.3286e-01  -4.8880e-01  -2.1932e-02 
  1.3492e-02   1.2186e-01   6.7856e-02  -8.3631e-03   2.1515e-04 
 -3.2384e+00   5.6955e+01   5.1254e+01   7.1980e+01   5.3928e+01 
  5.6511e+01   3.3075e+01   1.6013e+01   2.0198e+01   1.5297e+01 
  7.9638e+00   3.7362e+00   1.7064e+00   7.8017e-01   3.5380e-01 
  1.6049e-01   7.5030e-02   3.6468e-02   1.8291e-02   9.2127e-03 
  4.5764e-03   2.2425e-03   1.1008e-03   5.5336e-04   2.8999e-04 
  1.5937e-04   9.1154e-05   7.6036e-05  -6.7827e-04   3.9875e-02 


########################
# 00000003
########################
RSS 387.2775287999757
BP 0:
a0:   3.9896e+00   e0:  -3.3490e+00   b0:   1.3164e+02   
P: 
  1.7299e+00   8.2740e-01  -5.8031e-01  -1.2362e+00  -1.9669e+00 
 -5.4634e-01  -8.1971e-01  -7.8731e-01  -4.2734e-01  -7.6855e-04 
  3.8958e-02   1.6693e-01   6.8459e-02  -2.7274e-04   7.8669e-05 
 -3.2384e+00   5.6955e+01   5.1254e+01   7.1980e+01   5.3928e+01 
  5.6511e+01   3.3075e+01   1.6013e+01   2.0198e+01   1.5297e+01 
  7.9638e+00   3.7362e+00   1.7064e+00   7.8017e-01   3.5380e-01 
  1.6049e-01   7.5030e-02   3.6468e-02   1.8291e-02   9.2127e-03 
  4.5764e-03   2.2425e-03   1.1008e-03   5.5336e-04   2.8999e-04 
  1.5937e-04   9.1154e-05   7.6036e-05  -5.9726e-05   1.0663e-02 


########################
# 00000004
########################
RSS 488.03219476537333
BP 0:
a0:   4.4285e+00   e0:  -3.7036e+00   b0:   1.0872e+02   
P: 
  1.7299e+00   8.2740e-01  -5.8031e-01  -1.2362e+00  -1.9669e+00 
 -5.4634e-01  -3.6423e-01  -5.6996e-01  -4.5981e-01  -1.4902e-01 
  1.3128e-02   1.3087e-01   1.5147e-02  -2.0789e-02   1.5334e-04 
 -3.2384e+00   5.6955e+01   5.1254e+01   7.1980e+01   5.3928e+01 
  5.6511e+01   3.3075e+01   1.6013e+01   2.0198e+01   1.5297e+01 
  7.9638e+00   3.7362e+00   1.7064e+00   7.8017e-01   3.5380e-01 
  1.6049e-01   7.5030e-02   3.6468e-02   1.8291e-02   9.2127e-03 
  4.5764e-03   2.2425e-03   1.1008e-03   5.5336e-04   2.8999e-04 
  1.5937e-04   9.1154e-05   7.6036e-05  -1.9678e-03   1.5259e-02 


########################
# 00000005
########################
RSS 527.2290959723222
BP 0:
a0:   4.0092e+00   e0:  -4.4006e+00   b0:   2.3387e+02   
P: 
  1.7299e+00   8.2740e-01  -5.8031e-01  -1.2362e+00  -1.9669e+00 
 -5.4634e-01  -1.9068e-01  -7.6120e-01  -5.4925e-01  -1.4909e-01 
  1.6407e-03   3.9264e-02   3.3923e-02  -2.7329e-04   3.6920e-05 
 -3.2384e+00   5.6955e+01   5.1254e+01   7.1980e+01   5.3928e+01 
  5.6511e+01   3.3075e+01   1.6013e+01   2.0198e+01   1.5297e+01 
  7.9638e+00   3.7362e+00   1.7064e+00   7.8017e-01   3.5380e-01 
  1.6049e-01   7.5030e-02   3.6468e-02   1.8291e-02   9.2127e-03 
  4.5764e-03   2.2425e-03   1.1008e-03   5.5336e-04   2.8999e-04 
  1.5937e-04   9.1154e-05   7.6036e-05  -1.3780e-03  -2.4044e-02 


########################
# 00000006
########################
RSS 554.025771570192
BP 0:
a0:   4.0481e+00   e0:  -3.6105e+00   b0:   2.1227e+02   
P: 
  1.7299e+00   8.2740e-01  -5.8031e-01  -1.2362e+00  -1.9669e+00 
 -5.4634e-01  -5.4394e-01  -6.8124e-01  -4.6146e-01  -8.2477e-02 
  5.1866e-02   1.3339e-01   1.9908e-02  -5.4273e-03   2.2688e-04 
 -3.2384e+00   5.6955e+01   5.1254e+01   7.1980e+01   5.3928e+01 
  5.6511e+01   3.3075e+01   1.6013e+01   2.0198e+01   1.5297e+01 
  7.9638e+00   3.7362e+00   1.7064e+00   7.8017e-01   3.5380e-01 
  1.6049e-01   7.5030e-02   3.6468e-02   1.8291e-02   9.2127e-03 
  4.5764e-03   2.2425e-03   1.1008e-03   5.5336e-04   2.8999e-04 
  1.5937e-04   9.1154e-05   7.6036e-05  -1.5157e-03  -1.8179e-03 


########################
# 00000007
########################
RSS 586.4583935416263
BP 0:
a0:   4.0437e+00   e0:  -4.6964e+00   b0:   1.8781e+02   
P: 
  1.7299e+00   8.2740e-01  -5.8031e-01  -1.2362e+00  -1.9669e+00 
 -5.4634e-01  -7.3672e-01  -8.3217e-01  -5.2281e-01  -4.7746e-02 
  4.2976e-02   1.0726e-01   1.0760e-03  -1.5436e-02   2.9990e-05 
 -3.2384e+00   5.6955e+01   5.1254e+01   7.1980e+01   5.3928e+01 
  5.6511e+01   3.3075e+01   1.6013e+01   2.0198e+01   1.5297e+01 
  7.9638e+00   3.7362e+00   1.7064e+00   7.8017e-01   3.5380e-01 
  1.6049e-01   7.5030e-02   3.6468e-02   1.8291e-02   9.2127e-03 
  4.5764e-03   2.2425e-03   1.1008e-03   5.5336e-04   2.8999e-04 
  1.5937e-04   9.1154e-05   7.6036e-05  -8.0420e-04   6.2362e-03 


########################
# 00000008
########################
RSS 649.9021229136607
BP 0:
a0:   4.2105e+00   e0:  -4.1022e+00   b0:   2.2170e+02   
P: 
  1.7299e+00   8.2740e-01  -5.8031e-01  -1.2362e+00  -1.9669e+00 
 -5.4634e-01  -9.0584e-01  -8.9377e-01  -5.7432e-01  -6.3392e-02 
  6.3978e-02   2.0816e-01   5.3342e-02  -2.5639e-03   2.0704e-04 
 -3.2384e+00   5.6955e+01   5.1254e+01   7.1980e+01   5.3928e+01 
  5.6511e+01   3.3075e+01   1.6013e+01   2.0198e+01   1.5297e+01 
  7.9638e+00   3.7362e+00   1.7064e+00   7.8017e-01   3.5380e-01 
  1.6049e-01   7.5030e-02   3.6468e-02   1.8291e-02   9.2127e-03 
  4.5764e-03   2.2425e-03   1.1008e-03   5.5336e-04   2.8999e-04 
  1.5937e-04   9.1154e-05   7.6036e-05  -1.6355e-03   4.2316e-02 


########################
# 00000009
########################
RSS 724.4929743493622
BP 0:
a0:   4.4533e+00   e0:  -3.9248e+00   b0:   6.8164e+01   
P: 
  1.7299e+00   8.2740e-01  -5.8031e-01  -1.2362e+00  -1.9669e+00 
 -5.4634e-01  -2.8289e-01  -5.9061e-01  -4.6766e-01  -1.2643e-01 
  1.9692e-02   5.3657e-02   1.0614e-02  -2.8287e-03   1.2160e-06 
 -3.2384e+00   5.6955e+01   5.1254e+01   7.1980e+01   5.3928e+01 
  5.6511e+01   3.3075e+01   1.6013e+01   2.0198e+01   1.5297e+01 
  7.9638e+00   3.7362e+00   1.7064e+00   7.8017e-01   3.5380e-01 
  1.6049e-01   7.5030e-02   3.6468e-02   1.8291e-02   9.2127e-03 
  4.5764e-03   2.2425e-03   1.1008e-03   5.5336e-04   2.8999e-04 
  1.5937e-04   9.1154e-05   7.6036e-05  -2.1382e-04  -2.1384e-03 


########################
# 00000010
########################
RSS 733.4600773865732
BP 0:
a0:   3.7081e+00   e0:  -3.2983e+00   b0:   7.3920e+01   
P: 
  1.7299e+00   8.2740e-01  -5.8031e-01  -1.2362e+00  -1.9669e+00 
 -5.4634e-01  -5.0464e-01  -6.4192e-01  -4.1564e-01  -1.3177e-01 
  3.4154e-02   2.4279e-01   7.3060e-02  -2.1845e-02   1.5540e-04 
 -3.2384e+00   5.6955e+01   5.1254e+01   7.1980e+01   5.3928e+01 
  5.6511e+01   3.3075e+01   1.6013e+01   2.0198e+01   1.5297e+01 
  7.9638e+00   3.7362e+00   1.7064e+00   7.8017e-01   3.5380e-01 
  1.6049e-01   7.5030e-02   3.6468e-02   1.8291e-02   9.2127e-03 
  4.5764e-03   2.2425e-03   1.1008e-03   5.5336e-04   2.8999e-04 
  1.5937e-04   9.1154e-05   7.6036e-05  -1.4208e-03  -4.6135e-02 


########################
# 00000011
########################
RSS 743.492073605822
BP 0:
a0:   3.9364e+00   e0:  -4.1803e+00   b0:   2.6939e+02   
P: 
  1.7299e+00   8.2740e-01  -5.8031e-01  -1.2362e+00  -1.9669e+00 
 -5.4634e-01  -9.6920e-01  -9.3229e-01  -5.4500e-01  -1.2052e-01 
  1.6730e-02   2.2103e-01   7.1290e-02  -1.8133e-02   2.3913e-04 
 -3.2384e+00   5.6955e+01   5.1254e+01   7.1980e+01   5.3928e+01 
  5.6511e+01   3.3075e+01   1.6013e+01   2.0198e+01   1.5297e+01 
  7.9638e+00   3.7362e+00   1.7064e+00   7.8017e-01   3.5380e-01 
  1.6049e-01   7.5030e-02   3.6468e-02   1.8291e-02   9.2127e-03 
  4.5764e-03   2.2425e-03   1.1008e-03   5.5336e-04   2.8999e-04 
  1.5937e-04   9.1154e-05   7.6036e-05  -1.6148e-04   1.1917e-02 


########################
# 00000012
########################
RSS 982.3978988801182
BP 0:
a0:   4.0562e+00   e0:  -4.9810e+00   b0:   1.8435e+02   
P: 
  1.7299e+00   8.2740e-01  -5.8031e-01  -1.2362e+00  -1.9669e+00 
 -5.4634e-01  -1.0411e+00  -1.0698e+00  -6.4195e-01  -7.7755e-02 
  1.8299e-02   1.8276e-01   6.9496e-02  -2.3110e-03   1.1446e-04 
 -3.2384e+00   5.6955e+01   5.1254e+01   7.1980e+01   5.3928e+01 
  5.6511e+01   3.3075e+01   1.6013e+01   2.0198e+01   1.5297e+01 
  7.9638e+00   3.7362e+00   1.7064e+00   7.8017e-01   3.5380e-01 
  1.6049e-01   7.5030e-02   3.6468e-02   1.8291e-02   9.2127e-03 
  4.5764e-03   2.2425e-03   1.1008e-03   5.5336e-04   2.8999e-04 
  1.5937e-04   9.1154e-05   7.6036e-05  -1.4889e-03   2.1823e-02 


########################
# 00000013
########################
RSS 995.7414003899951
BP 0:
a0:   4.2116e+00   e0:  -3.9587e+00   b0:   3.9836e+02   
P: 
  1.7299e+00   8.2740e-01  -5.8031e-01  -1.2362e+00  -1.9669e+00 
 -5.4634e-01  -3.9017e-01  -7.9688e-01  -5.4992e-01  -4.8074e-02 
  2.0040e-02   2.4001e-01   7.6407e-02  -1.8827e-02   1.2440e-04 
 -3.2384e+00   5.6955e+01   5.1254e+01   7.1980e+01   5.3928e+01 
  5.6511e+01   3.3075e+01   1.6013e+01   2.0198e+01   1.5297e+01 
  7.9638e+00   3.7362e+00   1.7064e+00   7.8017e-01   3.5380e-01 
  1.6049e-01   7.5030e-02   3.6468e-02   1.8291e-02   9.2127e-03 
  4.5764e-03   2.2425e-03   1.1008e-03   5.5336e-04   2.8999e-04 
  1.5937e-04   9.1154e-05   7.6036e-05  -8.6251e-04   1.1207e-02 


########################
# 00000014
########################
RSS 1050.031984201808
BP 0:
a0:   3.9582e+00   e0:  -4.9896e+00   b0:   1.5928e+02   
P: 
  1.7299e+00   8.2740e-01  -5.8031e-01  -1.2362e+00  -1.9669e+00 
 -5.4634e-01  -5.4226e-01  -9.3883e-01  -5.8630e-01  -4.6619e-02 
  5.2962e-03   1.8599e-01   7.4779e-02  -1.0020e-02   2.9582e-05 
 -3.2384e+00   5.6955e+01   5.1254e+01   7.1980e+01   5.3928e+01 
  5.6511e+01   3.3075e+01   1.6013e+01   2.0198e+01   1.5297e+01 
  7.9638e+00   3.7362e+00   1.7064e+00   7.8017e-01   3.5380e-01 
  1.6049e-01   7.5030e-02   3.6468e-02   1.8291e-02   9.2127e-03 
  4.5764e-03   2.2425e-03   1.1008e-03   5.5336e-04   2.8999e-04 
  1.5937e-04   9.1154e-05   7.6036e-05  -8.0071e-04  -4.1488e-02 


########################
# 00000015
########################
RSS 1067.6464973448128
BP 0:
a0:   4.2680e+00   e0:  -3.9450e+00   b0:   4.7060e+02   
P: 
  1.7299e+00   8.2740e-01  -5.8031e-01  -1.2362e+00  -1.9669e+00 
 -5.4634e-01  -5.7630e-02  -6.6199e-01  -5.9548e-01  -1.5750e-01 
  3.0170e-04   2.8175e-01   8.6144e-02  -1.4165e-02   1.0253e-04 
 -3.2384e+00   5.6955e+01   5.1254e+01   7.1980e+01   5.3928e+01 
  5.6511e+01   3.3075e+01   1.6013e+01   2.0198e+01   1.5297e+01 
  7.9638e+00   3.7362e+00   1.7064e+00   7.8017e-01   3.5380e-01 
  1.6049e-01   7.5030e-02   3.6468e-02   1.8291e-02   9.2127e-03 
  4.5764e-03   2.2425e-03   1.1008e-03   5.5336e-04   2.8999e-04 
  1.5937e-04   9.1154e-05   7.6036e-05  -1.5498e-03  -2.0768e-02 


########################
# 00000016
########################
RSS 1173.0214717890062
BP 0:
a0:   4.0649e+00   e0:  -2.6453e+00   b0:   2.3934e+02   
P: 
  1.7299e+00   8.2740e-01  -5.8031e-01  -1.2362e+00  -1.9669e+00 
 -5.4634e-01  -9.2677e-01  -7.8532e-01  -4.5531e-01  -1.0196e-01 
  6.5719e-02   2.3809e-01   9.2187e-02  -8.0559e-03   5.6969e-05 
 -3.2384e+00   5.6955e+01   5.1254e+01   7.1980e+01   5.3928e+01 
  5.6511e+01   3.3075e+01   1.6013e+01   2.0198e+01   1.5297e+01 
  7.9638e+00   3.7362e+00   1.7064e+00   7.8017e-01   3.5380e-01 
  1.6049e-01   7.5030e-02   3.6468e-02   1.8291e-02   9.2127e-03 
  4.5764e-03   2.2425e-03   1.1008e-03   5.5336e-04   2.8999e-04 
  1.5937e-04   9.1154e-05   7.6036e-05  -1.3923e-03   3.0089e-02 


########################
# 00000017
########################
RSS 1256.3610745163774
BP 0:
a0:   4.5732e+00   e0:  -3.4946e+00   b0:   3.7323e+01   
P: 
  1.7299e+00   8.2740e-01  -5.8031e-01  -1.2362e+00  -1.9669e+00 
 -5.4634e-01  -4.2150e-01  -7.1722e-01  -4.4413e-01  -4.3097e-02 
  5.2065e-02   1.9825e-01   8.9894e-02  -1.0836e-02   2.0294e-04 
 -3.2384e+00   5.6955e+01   5.1254e+01   7.1980e+01   5.3928e+01 
  5.6511e+01   3.3075e+01   1.6013e+01   2.0198e+01   1.5297e+01 
  7.9638e+00   3.7362e+00   1.7064e+00   7.8017e-01   3.5380e-01 
  1.6049e-01   7.5030e-02   3.6468e-02   1.8291e-02   9.2127e-03 
  4.5764e-03   2.2425e-03   1.1008e-03   5.5336e-04   2.8999e-04 
  1.5937e-04   9.1154e-05   7.6036e-05  -1.2036e-03  -3.4725e-02 


########################
# 00000018
########################
RSS 1271.0269654339597
BP 0:
a0:   4.2865e+00   e0:  -5.0472e+00   b0:   7.2739e+01   
P: 
  1.7299e+00   8.2740e-01  -5.8031e-01  -1.2362e+00  -1.9669e+00 
 -5.4634e-01  -2.3740e-01  -7.5735e-01  -5.8091e-01  -1.1376e-01 
  7.0697e-02   6.5990e-02   4.5649e-03  -6.4765e-03   5.1492e-05 
 -3.2384e+00   5.6955e+01   5.1254e+01   7.1980e+01   5.3928e+01 
  5.6511e+01   3.3075e+01   1.6013e+01   2.0198e+01   1.5297e+01 
  7.9638e+00   3.7362e+00   1.7064e+00   7.8017e-01   3.5380e-01 
  1.6049e-01   7.5030e-02   3.6468e-02   1.8291e-02   9.2127e-03 
  4.5764e-03   2.2425e-03   1.1008e-03   5.5336e-04   2.8999e-04 
  1.5937e-04   9.1154e-05   7.6036e-05  -1.6143e-03  -4.2283e-02 


########################
# 00000019
########################
RSS 1286.8051740671624
BP 0:
a0:   3.9259e+00   e0:  -3.4645e+00   b0:   2.0609e+02   
P: 
  1.7299e+00   8.2740e-01  -5.8031e-01  -1.2362e+00  -1.9669e+00 
 -5.4634e-01  -3.4963e-01  -7.6295e-01  -4.7892e-01  -1.4818e-01 
  4.6163e-02   1.0865e-01   7.6911e-02  -7.3773e-03   1.2906e-04 
 -3.2384e+00   5.6955e+01   5.1254e+01   7.1980e+01   5.3928e+01 
  5.6511e+01   3.3075e+01   1.6013e+01   2.0198e+01   1.5297e+01 
  7.9638e+00   3.7362e+00   1.7064e+00   7.8017e-01   3.5380e-01 
  1.6049e-01   7.5030e-02   3.6468e-02   1.8291e-02   9.2127e-03 
  4.5764e-03   2.2425e-03   1.1008e-03   5.5336e-04   2.8999e-04 
  1.5937e-04   9.1154e-05   7.6036e-05  -6.5907e-04  -1.6461e-02 


########################
# 00000020
########################
RSS 1305.1261101843245
BP 0:
a0:   4.1421e+00   e0:  -4.8352e+00   b0:   2.1442e+02   
P: 
  1.7299e+00   8.2740e-01  -5.8031e-01  -1.2362e+00  -1.9669e+00 
 -5.4634e-01  -6.1326e-01  -9.0556e-01  -5.9954e-01  -1.4553e-01 
  4.6631e-02   4.6844e-02   1.7472e-02  -1.6960e-02   7.0371e-05 
 -3.2384e+00   5.6955e+01   5.1254e+01   7.1980e+01   5.3928e+01 
  5.6511e+01   3.3075e+01   1.6013e+01   2.0198e+01   1.5297e+01 
  7.9638e+00   3.7362e+00   1.7064e+00   7.8017e-01   3.5380e-01 
  1.6049e-01   7.5030e-02   3.6468e-02   1.8291e-02   9.2127e-03 
  4.5764e-03   2.2425e-03   1.1008e-03   5.5336e-04   2.8999e-04 
  1.5937e-04   9.1154e-05   7.6036e-05  -1.8180e-03   2.3436e-02 


########################
# 00000021
########################
RSS 1326.3297106612376
BP 0:
a0:   3.2994e+00   e0:  -3.2054e+00   b0:  -1.2921e+02   
P: 
  1.7299e+00   8.2740e-01  -5.8031e-01  -1.2362e+00  -1.9669e+00 
 -5.4634e-01  -5.8234e-01  -9.5692e-01  -6.7215e-01  -1.6241e-01 
  2.3496e-02   2.5278e-01   1.1504e-01  -1.1673e-02   4.3320e-05 
 -3.2384e+00   5.6955e+01   5.1254e+01   7.1980e+01   5.3928e+01 
  5.6511e+01   3.3075e+01   1.6013e+01   2.0198e+01   1.5297e+01 
  7.9638e+00   3.7362e+00   1.7064e+00   7.8017e-01   3.5380e-01 
  1.6049e-01   7.5030e-02   3.6468e-02   1.8291e-02   9.2127e-03 
  4.5764e-03   2.2425e-03   1.1008e-03   5.5336e-04   2.8999e-04 
  1.5937e-04   9.1154e-05   7.6036e-05  -1.9685e-03  -3.0845e-02 


########################
# 00000022
########################
RSS 1335.4135796465932
BP 0:
a0:   4.1890e+00   e0:  -3.2238e+00   b0:   4.3060e+02   
P: 
  1.7299e+00   8.2740e-01  -5.8031e-01  -1.2362e+00  -1.9669e+00 
 -5.4634e-01  -2.6099e-01  -6.6004e-01  -4.9516e-01  -1.3880e-01 
  1.8162e-02   1.6745e-01   5.8843e-02  -2.0441e-02   1.7239e-04 
 -3.2384e+00   5.6955e+01   5.1254e+01   7.1980e+01   5.3928e+01 
  5.6511e+01   3.3075e+01   1.6013e+01   2.0198e+01   1.5297e+01 
  7.9638e+00   3.7362e+00   1.7064e+00   7.8017e-01   3.5380e-01 
  1.6049e-01   7.5030e-02   3.6468e-02   1.8291e-02   9.2127e-03 
  4.5764e-03   2.2425e-03   1.1008e-03   5.5336e-04   2.8999e-04 
  1.5937e-04   9.1154e-05   7.6036e-05  -1.3739e-03   1.9209e-02 


########################
# 00000023
########################
RSS 1342.8065296946013
BP 0:
a0:   4.1931e+00   e0:  -2.8931e+00   b0:   1.9170e+02   
P: 
  1.7299e+00   8.2740e-01  -5.8031e-01  -1.2362e+00  -1.9669e+00 
 -5.4634e-01  -2.0153e-01  -6.9481e-01  -4.5364e-01  -1.0988e-01 
  2.3691e-02   2.1944e-01   1.1209e-01  -2.3582e-02   4.1788e-05 
 -3.2384e+00   5.6955e+01   5.1254e+01   7.1980e+01   5.3928e+01 
  5.6511e+01   3.3075e+01   1.6013e+01   2.0198e+01   1.5297e+01 
  7.9638e+00   3.7362e+00   1.7064e+00   7.8017e-01   3.5380e-01 
  1.6049e-01   7.5030e-02   3.6468e-02   1.8291e-02   9.2127e-03 
  4.5764e-03   2.2425e-03   1.1008e-03   5.5336e-04   2.8999e-04 
  1.5937e-04   9.1154e-05   7.6036e-05  -8.9632e-05  -2.3438e-02 


########################
# 00000024
########################
RSS 1380.5424260361838
BP 0:
a0:   4.3040e+00   e0:  -2.9403e+00   b0:   3.1733e+02   
P: 
  1.7299e+00   8.2740e-01  -5.8031e-01  -1.2362e+00  -1.9669e+00 
 -5.4634e-01  -3.5023e-01  -6.1340e-01  -4.1078e-01  -9.1249e-03 
  6.3834e-02   2.4122e-01   8.1914e-02  -1.6521e-02   1.6681e-04 
 -3.2384e+00   5.6955e+01   5.1254e+01   7.1980e+01   5.3928e+01 
  5.6511e+01   3.3075e+01   1.6013e+01   2.0198e+01   1.5297e+01 
  7.9638e+00   3.7362e+00   1.7064e+00   7.8017e-01   3.5380e-01 
  1.6049e-01   7.5030e-02   3.6468e-02   1.8291e-02   9.2127e-03 
  4.5764e-03   2.2425e-03   1.1008e-03   5.5336e-04   2.8999e-04 
  1.5937e-04   9.1154e-05   7.6036e-05  -8.2254e-04   6.4295e-03 


########################
# 00000025
########################
RSS 1389.7465471725893
BP 0:
a0:   4.1805e+00   e0:  -4.1403e+00   b0:   4.4485e+02   
P: 
  1.7299e+00   8.2740e-01  -5.8031e-01  -1.2362e+00  -1.9669e+00 
 -5.4634e-01  -4.1598e-01  -8.5597e-01  -5.8687e-01  -1.1975e-01 
  1.3623e-02   1.3040e-01   6.1156e-02  -1.6134e-02   2.4378e-04 
 -3.2384e+00   5.6955e+01   5.1254e+01   7.1980e+01   5.3928e+01 
  5.6511e+01   3.3075e+01   1.6013e+01   2.0198e+01   1.5297e+01 
  7.9638e+00   3.7362e+00   1.7064e+00   7.8017e-01   3.5380e-01 
  1.6049e-01   7.5030e-02   3.6468e-02   1.8291e-02   9.2127e-03 
  4.5764e-03   2.2425e-03   1.1008e-03   5.5336e-04   2.8999e-04 
  1.5937e-04   9.1154e-05   7.6036e-05  -1.4798e-03   3.7615e-02 


########################
# 00000026
########################
RSS 1392.4309487999094
BP 0:
a0:   3.7607e+00   e0:  -4.9698e+00   b0:   1.3869e+02   
P: 
  1.7299e+00   8.2740e-01  -5.8031e-01  -1.2362e+00  -1.9669e+00 
 -5.4634e-01  -7.3187e-01  -8.9443e-01  -5.7389e-01  -1.6166e-01 
  5.5689e-02   2.0935e-01   5.5397e-02  -1.9384e-02   9.7729e-05 
 -3.2384e+00   5.6955e+01   5.1254e+01   7.1980e+01   5.3928e+01 
  5.6511e+01   3.3075e+01   1.6013e+01   2.0198e+01   1.5297e+01 
  7.9638e+00   3.7362e+00   1.7064e+00   7.8017e-01   3.5380e-01 
  1.6049e-01   7.5030e-02   3.6468e-02   1.8291e-02   9.2127e-03 
  4.5764e-03   2.2425e-03   1.1008e-03   5.5336e-04   2.8999e-04 
  1.5937e-04   9.1154e-05   7.6036e-05  -1.4677e-03  -4.1198e-02 


########################
# 00000027
########################
RSS 1395.8622167163378
BP 0:
a0:   4.3510e+00   e0:  -3.0233e+00   b0:   3.4512e+01   
P: 
  1.7299e+00   8.2740e-01  -5.8031e-01  -1.2362e+00  -1.9669e+00 
 -5.4634e-01  -4.1913e-01  -6.2724e-01  -3.9215e-01  -1.9781e-02 
  6.3833e-02   2.4962e-01   7.9995e-02  -1.7496e-02   9.4584e-05 
 -3.2384e+00   5.6955e+01   5.1254e+01   7.1980e+01   5.3928e+01 
  5.6511e+01   3.3075e+01   1.6013e+01   2.0198e+01   1.5297e+01 
  7.9638e+00   3.7362e+00   1.7064e+00   7.8017e-01   3.5380e-01 
  1.6049e-01   7.5030e-02   3.6468e-02   1.8291e-02   9.2127e-03 
  4.5764e-03   2.2425e-03   1.1008e-03   5.5336e-04   2.8999e-04 
  1.5937e-04   9.1154e-05   7.6036e-05  -1.9261e-03  -4.8311e-02 


########################
# 00000028
########################
RSS 1439.6320930982645
BP 0:
a0:   3.7760e+00   e0:  -4.6118e+00   b0:   1.7462e+02   
P: 
  1.7299e+00   8.2740e-01  -5.8031e-01  -1.2362e+00  -1.9669e+00 
 -5.4634e-01  -8.5684e-01  -7.9154e-01  -4.8344e-01  -1.1534e-01 
  3.2073e-04   1.6630e-01   2.6047e-02  -1.7130e-02   1.8972e-04 
 -3.2384e+00   5.6955e+01   5.1254e+01   7.1980e+01   5.3928e+01 
  5.6511e+01   3.3075e+01   1.6013e+01   2.0198e+01   1.5297e+01 
  7.9638e+00   3.7362e+00   1.7064e+00   7.8017e-01   3.5380e-01 
  1.6049e-01   7.5030e-02   3.6468e-02   1.8291e-02   9.2127e-03 
  4.5764e-03   2.2425e-03   1.1008e-03   5.5336e-04   2.8999e-04 
  1.5937e-04   9.1154e-05   7.6036e-05  -1.4940e-03  -1.3644e-02 


########################
# 00000029
########################
RSS 1543.3162050295973
BP 0:
a0:   3.2838e+00   e0:  -4.0258e+00   b0:   5.9427e+01   
P: 
  1.7299e+00   8.2740e-01  -5.8031e-01  -1.2362e+00  -1.9669e+00 
 -5.4634e-01  -9.1106e-01  -6.3698e-01  -3.4258e-01  -1.3833e-01 
  3.2852e-02   1.3168e-01   4.3702e-02  -1.7218e-03   1.4441e-04 
 -3.2384e+00   5.6955e+01   5.1254e+01   7.1980e+01   5.3928e+01 
  5.6511e+01   3.3075e+01   1.6013e+01   2.0198e+01   1.5297e+01 
  7.9638e+00   3.7362e+00   1.7064e+00   7.8017e-01   3.5380e-01 
  1.6049e-01   7.5030e-02   3.6468e-02   1.8291e-02   9.2127e-03 
  4.5764e-03   2.2425e-03   1.1008e-03   5.5336e-04   2.8999e-04 
  1.5937e-04   9.1154e-05   7.6036e-05  -5.6994e-04  -5.4439e-04 


########################
# 00000030
########################
RSS 1586.0444270721118
BP 0:
a0:   4.2627e+00   e0:  -5.1604e+00   b0:   1.9751e+02   
P: 
  1.7299e+00   8.2740e-01  -5.8031e-01  -1.2362e+00  -1.9669e+00 
 -5.4634e-01  -1.8891e-01  -7.3051e-01  -6.3218e-01  -1.4482e-01 
  3.9570e-02   1.8640e-01   5.4128e-03  -1.8627e-02   2.6784e-04 
 -3.2384e+00   5.6955e+01   5.1254e+01   7.1980e+01   5.3928e+01 
  5.6511e+01   3.3075e+01   1.6013e+01   2.0198e+01   1.5297e+01 
  7.9638e+00   3.7362e+00   1.7064e+00   7.8017e-01   3.5380e-01 
  1.6049e-01   7.5030e-02   3.6468e-02   1.8291e-02   9.2127e-03 
  4.5764e-03   2.2425e-03   1.1008e-03   5.5336e-04   2.8999e-04 
  1.5937e-04   9.1154e-05   7.6036e-05  -1.8318e-03  -3.6644e-02 


########################
# 00000031
########################
RSS 1785.9580814016686
BP 0:
a0:   3.6357e+00   e0:  -3.0936e+00   b0:   1.1839e+02   
P: 
  1.7299e+00   8.2740e-01  -5.8031e-01  -1.2362e+00  -1.9669e+00 
 -5.4634e-01  -6.5122e-01  -6.9509e-01  -2.9742e-01  -2.4091e-02 
  1.7607e-02   1.5980e-01   9.0832e-02  -1.8142e-02   2.1187e-04 
 -3.2384e+00   5.6955e+01   5.1254e+01   7.1980e+01   5.3928e+01 
  5.6511e+01   3.3075e+01   1.6013e+01   2.0198e+01   1.5297e+01 
  7.9638e+00   3.7362e+00   1.7064e+00   7.8017e-01   3.5380e-01 
  1.6049e-01   7.5030e-02   3.6468e-02   1.8291e-02   9.2127e-03 
  4.5764e-03   2.2425e-03   1.1008e-03   5.5336e-04   2.8999e-04 
  1.5937e-04   9.1154e-05   7.6036e-05  -5.9073e-04  -2.1332e-03 


########################
# 00000032
########################
RSS 1805.2678829958777
BP 0:
a0:   3.7997e+00   e0:  -2.9034e+00   b0:   1.9611e+02   
P: 
  1.7299e+00   8.2740e-01  -5.8031e-01  -1.2362e+00  -1.9669e+00 
 -5.4634e-01  -3.3374e-01  -4.8783e-01  -3.2531e-01  -1.3765e-01 
  4.9643e-02   1.5314e-01   2.8417e-02  -1.8779e-02   1.1792e-05 
 -3.2384e+00   5.6955e+01   5.1254e+01   7.1980e+01   5.3928e+01 
  5.6511e+01   3.3075e+01   1.6013e+01   2.0198e+01   1.5297e+01 
  7.9638e+00   3.7362e+00   1.7064e+00   7.8017e-01   3.5380e-01 
  1.6049e-01   7.5030e-02   3.6468e-02   1.8291e-02   9.2127e-03 
  4.5764e-03   2.2425e-03   1.1008e-03   5.5336e-04   2.8999e-04 
  1.5937e-04   9.1154e-05   7.6036e-05  -8.7453e-04  -3.7155e-02 


########################
# 00000033
########################
RSS 1820.6818497571383
BP 0:
a0:   4.2130e+00   e0:  -5.2941e+00   b0:   2.0517e+02   
P: 
  1.7299e+00   8.2740e-01  -5.8031e-01  -1.2362e+00  -1.9669e+00 
 -5.4634e-01  -7.8704e-01  -9.2775e-01  -6.3054e-01  -5.1676e-02 
  4.4800e-02   1.9538e-01   1.6766e-02  -1.6562e-02   1.3939e-05 
 -3.2384e+00   5.6955e+01   5.1254e+01   7.1980e+01   5.3928e+01 
  5.6511e+01   3.3075e+01   1.6013e+01   2.0198e+01   1.5297e+01 
  7.9638e+00   3.7362e+00   1.7064e+00   7.8017e-01   3.5380e-01 
  1.6049e-01   7.5030e-02   3.6468e-02   1.8291e-02   9.2127e-03 
  4.5764e-03   2.2425e-03   1.1008e-03   5.5336e-04   2.8999e-04 
  1.5937e-04   9.1154e-05   7.6036e-05  -6.5166e-04   1.1925e-02 


########################
# 00000034
########################
RSS 1839.4964655384827
BP 0:
a0:   4.0605e+00   e0:  -2.5764e+00   b0:   3.1446e+02   
P: 
  1.7299e+00   8.2740e-01  -5.8031e-01  -1.2362e+00  -1.9669e+00 
 -5.4634e-01  -5.0697e-01  -7.1385e-01  -4.3488e-01  -8.7264e-02 
  4.5753e-02   2.6506e-01   1.0303e-01  -1.9558e-02   4.7506e-05 
 -3.2384e+00   5.6955e+01   5.1254e+01   7.1980e+01   5.3928e+01 
  5.6511e+01   3.3075e+01   1.6013e+01   2.0198e+01   1.5297e+01 
  7.9638e+00   3.7362e+00   1.7064e+00   7.8017e-01   3.5380e-01 
  1.6049e-01   7.5030e-02   3.6468e-02   1.8291e-02   9.2127e-03 
  4.5764e-03   2.2425e-03   1.1008e-03   5.5336e-04   2.8999e-04 
  1.5937e-04   9.1154e-05   7.6036e-05  -1.9542e-03  -2.9421e-03 


########################
# 00000035
########################
RSS 1856.046619411929
BP 0:
a0:   3.7987e+00   e0:  -2.5312e+00   b0:   7.1163e+01   
P: 
  1.7299e+00   8.2740e-01  -5.8031e-01  -1.2362e+00  -1.9669e+00 
 -5.4634e-01  -6.2631e-02  -3.5804e-01  -3.1336e-01  -1.5715e-01 
  4.9740e-02   3.8112e-02   3.4145e-03  -1.7760e-03   1.0258e-04 
 -3.2384e+00   5.6955e+01   5.1254e+01   7.1980e+01   5.3928e+01 
  5.6511e+01   3.3075e+01   1.6013e+01   2.0198e+01   1.5297e+01 
  7.9638e+00   3.7362e+00   1.7064e+00   7.8017e-01   3.5380e-01 
  1.6049e-01   7.5030e-02   3.6468e-02   1.8291e-02   9.2127e-03 
  4.5764e-03   2.2425e-03   1.1008e-03   5.5336e-04   2.8999e-04 
  1.5937e-04   9.1154e-05   7.6036e-05  -8.4335e-05  -4.0689e-02 


########################
# 00000036
########################
RSS 1867.8731932833673
BP 0:
a0:   4.1576e+00   e0:  -5.4171e+00   b0:   2.6107e+02   
P: 
  1.7299e+00   8.2740e-01  -5.8031e-01  -1.2362e+00  -1.9669e+00 
 -5.4634e-01  -1.0013e+00  -1.1580e+00  -7.0600e-01  -1.1349e-01 
  4.4668e-02   1.4512e-01   6.8251e-02  -1.4244e-02   2.5039e-04 
 -3.2384e+00   5.6955e+01   5.1254e+01   7.1980e+01   5.3928e+01 
  5.6511e+01   3.3075e+01   1.6013e+01   2.0198e+01   1.5297e+01 
  7.9638e+00   3.7362e+00   1.7064e+00   7.8017e-01   3.5380e-01 
  1.6049e-01   7.5030e-02   3.6468e-02   1.8291e-02   9.2127e-03 
  4.5764e-03   2.2425e-03   1.1008e-03   5.5336e-04   2.8999e-04 
  1.5937e-04   9.1154e-05   7.6036e-05  -4.4965e-04   3.8790e-02 


########################
# 00000037
########################
RSS 1873.330372982084
BP 0:
a0:   4.0163e+00   e0:  -2.4172e+00   b0:   2.4802e+02   
P: 
  1.7299e+00   8.2740e-01  -5.8031e-01  -1.2362e+00  -1.9669e+00 
 -5.4634e-01  -6.0710e-03  -4.3949e-01  -2.8030e-01  -8.0301e-03 
  5.9201e-02   1.0346e-01   2.6729e-02  -1.9549e-02   2.1897e-04 
 -3.2384e+00   5.6955e+01   5.1254e+01   7.1980e+01   5.3928e+01 
  5.6511e+01   3.3075e+01   1.6013e+01   2.0198e+01   1.5297e+01 
  7.9638e+00   3.7362e+00   1.7064e+00   7.8017e-01   3.5380e-01 
  1.6049e-01   7.5030e-02   3.6468e-02   1.8291e-02   9.2127e-03 
  4.5764e-03   2.2425e-03   1.1008e-03   5.5336e-04   2.8999e-04 
  1.5937e-04   9.1154e-05   7.6036e-05  -1.7638e-03  -3.1251e-02 


########################
# 00000038
########################
RSS 1903.978585156077
BP 0:
a0:   4.0355e+00   e0:  -3.2627e+00   b0:   2.5246e+02   
P: 
  1.7299e+00   8.2740e-01  -5.8031e-01  -1.2362e+00  -1.9669e+00 
 -5.4634e-01  -4.6635e-01  -7.6031e-01  -4.1822e-01  -4.7137e-02 
  5.2699e-02   2.2678e-02   4.8885e-02  -7.2054e-03   6.8182e-05 
 -3.2384e+00   5.6955e+01   5.1254e+01   7.1980e+01   5.3928e+01 
  5.6511e+01   3.3075e+01   1.6013e+01   2.0198e+01   1.5297e+01 
  7.9638e+00   3.7362e+00   1.7064e+00   7.8017e-01   3.5380e-01 
  1.6049e-01   7.5030e-02   3.6468e-02   1.8291e-02   9.2127e-03 
  4.5764e-03   2.2425e-03   1.1008e-03   5.5336e-04   2.8999e-04 
  1.5937e-04   9.1154e-05   7.6036e-05  -6.1747e-04   2.9657e-02 


########################
# 00000039
########################
RSS 1950.2722743231334
BP 0:
a0:   3.8625e+00   e0:  -4.3494e+00   b0:   2.9896e+02   
P: 
  1.7299e+00   8.2740e-01  -5.8031e-01  -1.2362e+00  -1.9669e+00 
 -5.4634e-01  -1.0679e+00  -8.4613e-01  -4.5038e-01  -1.9827e-02 
  5.2875e-02   1.8997e-01   2.4972e-02  -1.5785e-02   8.5195e-05 
 -3.2384e+00   5.6955e+01   5.1254e+01   7.1980e+01   5.3928e+01 
  5.6511e+01   3.3075e+01   1.6013e+01   2.0198e+01   1.5297e+01 
  7.9638e+00   3.7362e+00   1.7064e+00   7.8017e-01   3.5380e-01 
  1.6049e-01   7.5030e-02   3.6468e-02   1.8291e-02   9.2127e-03 
  4.5764e-03   2.2425e-03   1.1008e-03   5.5336e-04   2.8999e-04 
  1.5937e-04   9.1154e-05   7.6036e-05  -7.0969e-04   8.8316e-03 


########################
# 00000040
########################
RSS 1996.6795951315637
BP 0:
a0:   3.7911e+00   e0:  -5.3371e+00   b0:   2.0436e+02   
P: 
  1.7299e+00   8.2740e-01  -5.8031e-01  -1.2362e+00  -1.9669e+00 
 -5.4634e-01  -1.2606e+00  -9.6895e-01  -5.5179e-01  -7.0929e-02 
  6.6157e-02   1.7725e-01   1.2127e-02  -1.9103e-02   3.6152e-05 
 -3.2384e+00   5.6955e+01   5.1254e+01   7.1980e+01   5.3928e+01 
  5.6511e+01   3.3075e+01   1.6013e+01   2.0198e+01   1.5297e+01 
  7.9638e+00   3.7362e+00   1.7064e+00   7.8017e-01   3.5380e-01 
  1.6049e-01   7.5030e-02   3.6468e-02   1.8291e-02   9.2127e-03 
  4.5764e-03   2.2425e-03   1.1008e-03   5.5336e-04   2.8999e-04 
  1.5937e-04   9.1154e-05   7.6036e-05  -1.7061e-03   6.1431e-03 


########################
# 00000041
########################
RSS 2035.2883324231184
BP 0:
a0:   4.5710e+00   e0:  -5.4835e+00   b0:   1.8623e+02   
P: 
  1.7299e+00   8.2740e-01  -5.8031e-01  -1.2362e+00  -1.9669e+00 
 -5.4634e-01  -1.4379e-01  -7.3371e-01  -5.7666e-01  -4.2362e-02 
  1.6561e-02   1.3103e-01   5.1620e-02  -6.4510e-03   2.3833e-05 
 -3.2384e+00   5.6955e+01   5.1254e+01   7.1980e+01   5.3928e+01 
  5.6511e+01   3.3075e+01   1.6013e+01   2.0198e+01   1.5297e+01 
  7.9638e+00   3.7362e+00   1.7064e+00   7.8017e-01   3.5380e-01 
  1.6049e-01   7.5030e-02   3.6468e-02   1.8291e-02   9.2127e-03 
  4.5764e-03   2.2425e-03   1.1008e-03   5.5336e-04   2.8999e-04 
  1.5937e-04   9.1154e-05   7.6036e-05  -1.1181e-03   4.9371e-02 


########################
# 00000042
########################
RSS 2038.209479967063
BP 0:
a0:   3.8531e+00   e0:  -2.8766e+00   b0:   2.9757e+02   
P: 
  1.7299e+00   8.2740e-01  -5.8031e-01  -1.2362e+00  -1.9669e+00 
 -5.4634e-01  -9.6140e-01  -6.5810e-01  -3.2152e-01  -3.9439e-02 
  2.5137e-02   1.5791e-01   3.8860e-02  -6.8693e-03   1.3864e-04 
 -3.2384e+00   5.6955e+01   5.1254e+01   7.1980e+01   5.3928e+01 
  5.6511e+01   3.3075e+01   1.6013e+01   2.0198e+01   1.5297e+01 
  7.9638e+00   3.7362e+00   1.7064e+00   7.8017e-01   3.5380e-01 
  1.6049e-01   7.5030e-02   3.6468e-02   1.8291e-02   9.2127e-03 
  4.5764e-03   2.2425e-03   1.1008e-03   5.5336e-04   2.8999e-04 
  1.5937e-04   9.1154e-05   7.6036e-05  -3.0861e-04   2.8978e-02 


########################
# 00000043
########################
RSS 2105.0300299757864
BP 0:
a0:   3.8184e+00   e0:  -3.5930e+00   b0:   2.3668e+02   
P: 
  1.7299e+00   8.2740e-01  -5.8031e-01  -1.2362e+00  -1.9669e+00 
 -5.4634e-01  -7.8481e-01  -7.6812e-01  -3.6594e-01  -7.7264e-02 
  4.0104e-02   4.5808e-02   3.2326e-02  -1.9091e-02   1.7592e-04 
 -3.2384e+00   5.6955e+01   5.1254e+01   7.1980e+01   5.3928e+01 
  5.6511e+01   3.3075e+01   1.6013e+01   2.0198e+01   1.5297e+01 
  7.9638e+00   3.7362e+00   1.7064e+00   7.8017e-01   3.5380e-01 
  1.6049e-01   7.5030e-02   3.6468e-02   1.8291e-02   9.2127e-03 
  4.5764e-03   2.2425e-03   1.1008e-03   5.5336e-04   2.8999e-04 
  1.5937e-04   9.1154e-05   7.6036e-05  -1.5580e-03   3.4850e-02 


########################
# 00000044
########################
RSS 2126.1398395000774
BP 0:
a0:   4.1033e+00   e0:  -5.1300e+00   b0:   2.9075e+02   
P: 
  1.7299e+00   8.2740e-01  -5.8031e-01  -1.2362e+00  -1.9669e+00 
 -5.4634e-01  -3.5202e-01  -9.7630e-01  -6.5705e-01  -6.1247e-02 
  6.3027e-02   1.7177e-01   6.5471e-02  -4.6671e-03   1.1799e-04 
 -3.2384e+00   5.6955e+01   5.1254e+01   7.1980e+01   5.3928e+01 
  5.6511e+01   3.3075e+01   1.6013e+01   2.0198e+01   1.5297e+01 
  7.9638e+00   3.7362e+00   1.7064e+00   7.8017e-01   3.5380e-01 
  1.6049e-01   7.5030e-02   3.6468e-02   1.8291e-02   9.2127e-03 
  4.5764e-03   2.2425e-03   1.1008e-03   5.5336e-04   2.8999e-04 
  1.5937e-04   9.1154e-05   7.6036e-05  -5.3801e-04  -2.6363e-02 


########################
# 00000045
########################
RSS 2183.251362032625
BP 0:
a0:   3.9644e+00   e0:  -3.8967e+00   b0:   3.1964e+02   
P: 
  1.7299e+00   8.2740e-01  -5.8031e-01  -1.2362e+00  -1.9669e+00 
 -5.4634e-01  -3.0890e-01  -6.7256e-01  -4.7017e-01  -9.9507e-02 
  2.5861e-02   1.1868e-01   2.3345e-02  -2.9905e-03   1.1074e-04 
 -3.2384e+00   5.6955e+01   5.1254e+01   7.1980e+01   5.3928e+01 
  5.6511e+01   3.3075e+01   1.6013e+01   2.0198e+01   1.5297e+01 
  7.9638e+00   3.7362e+00   1.7064e+00   7.8017e-01   3.5380e-01 
  1.6049e-01   7.5030e-02   3.6468e-02   1.8291e-02   9.2127e-03 
  4.5764e-03   2.2425e-03   1.1008e-03   5.5336e-04   2.8999e-04 
  1.5937e-04   9.1154e-05   7.6036e-05  -1.8207e-03  -2.5444e-02 


########################
# 00000046
########################
RSS 2218.914242528131
BP 0:
a0:   4.0058e+00   e0:  -4.2226e+00   b0:   4.1792e+02   
P: 
  1.7299e+00   8.2740e-01  -5.8031e-01  -1.2362e+00  -1.9669e+00 
 -5.4634e-01  -7.5513e-02  -7.9820e-01  -5.7819e-01  -1.6736e-01 
  3.4687e-03   1.1738e-01   6.6532e-02  -5.8434e-03   1.6961e-04 
 -3.2384e+00   5.6955e+01   5.1254e+01   7.1980e+01   5.3928e+01 
  5.6511e+01   3.3075e+01   1.6013e+01   2.0198e+01   1.5297e+01 
  7.9638e+00   3.7362e+00   1.7064e+00   7.8017e-01   3.5380e-01 
  1.6049e-01   7.5030e-02   3.6468e-02   1.8291e-02   9.2127e-03 
  4.5764e-03   2.2425e-03   1.1008e-03   5.5336e-04   2.8999e-04 
  1.5937e-04   9.1154e-05   7.6036e-05  -1.6690e-03  -3.3002e-02 


########################
# 00000047
########################
RSS 2285.3587038044734
BP 0:
a0:   4.2799e+00   e0:  -5.3531e+00   b0:   2.9307e+02   
P: 
  1.7299e+00   8.2740e-01  -5.8031e-01  -1.2362e+00  -1.9669e+00 
 -5.4634e-01  -3.5012e-01  -9.7182e-01  -6.4665e-01  -7.8740e-03 
  1.1453e-02   1.9441e-01   6.8523e-02  -2.1368e-02   2.5088e-05 
 -3.2384e+00   5.6955e+01   5.1254e+01   7.1980e+01   5.3928e+01 
  5.6511e+01   3.3075e+01   1.6013e+01   2.0198e+01   1.5297e+01 
  7.9638e+00   3.7362e+00   1.7064e+00   7.8017e-01   3.5380e-01 
  1.6049e-01   7.5030e-02   3.6468e-02   1.8291e-02   9.2127e-03 
  4.5764e-03   2.2425e-03   1.1008e-03   5.5336e-04   2.8999e-04 
  1.5937e-04   9.1154e-05   7.6036e-05  -2.0166e-04   1.7859e-02 


########################
# 00000048
########################
RSS 2302.4733217871517
BP 0:
a0:   3.7172e+00   e0:  -2.9036e+00   b0:   1.7240e+02   
P: 
  1.7299e+00   8.2740e-01  -5.8031e-01  -1.2362e+00  -1.9669e+00 
 -5.4634e-01  -9.6707e-01  -7.7302e-01  -3.7827e-01  -1.6298e-01 
  4.5292e-02   1.9609e-01   9.7835e-02  -1.5683e-02   1.8310e-04 
 -3.2384e+00   5.6955e+01   5.1254e+01   7.1980e+01   5.3928e+01 
  5.6511e+01   3.3075e+01   1.6013e+01   2.0198e+01   1.5297e+01 
  7.9638e+00   3.7362e+00   1.7064e+00   7.8017e-01   3.5380e-01 
  1.6049e-01   7.5030e-02   3.6468e-02   1.8291e-02   9.2127e-03 
  4.5764e-03   2.2425e-03   1.1008e-03   5.5336e-04   2.8999e-04 
  1.5937e-04   9.1154e-05   7.6036e-05  -1.2078e-03   2.3664e-02 


########################
# 00000049
########################
RSS 2314.159358666718
BP 0:
a0:   4.3600e+00   e0:  -5.2117e+00   b0:   2.3203e+02   
P: 
  1.7299e+00   8.2740e-01  -5.8031e-01  -1.2362e+00  -1.9669e+00 
 -5.4634e-01  -1.4742e-01  -8.7275e-01  -6.6399e-01  -1.5478e-01 
  2.0672e-02   8.3742e-02   4.6978e-02  -1.4396e-02   1.3194e-04 
 -3.2384e+00   5.6955e+01   5.1254e+01   7.1980e+01   5.3928e+01 
  5.6511e+01   3.3075e+01   1.6013e+01   2.0198e+01   1.5297e+01 
  7.9638e+00   3.7362e+00   1.7064e+00   7.8017e-01   3.5380e-01 
  1.6049e-01   7.5030e-02   3.6468e-02   1.8291e-02   9.2127e-03 
  4.5764e-03   2.2425e-03   1.1008e-03   5.5336e-04   2.8999e-04 
  1.5937e-04   9.1154e-05   7.6036e-05  -1.9891e-03   3.6094e-02 


########################
# 00000050
########################
RSS 2332.17922731775
BP 0:
a0:   4.4674e+00   e0:  -5.7747e+00   b0:   9.1445e+01   
P: 
  1.7299e+00   8.2740e-01  -5.8031e-01  -1.2362e+00  -1.9669e+00 
 -5.4634e-01  -7.2331e-01  -1.0576e+00  -6.9791e-01  -1.0842e-01 
  2.3545e-02   1.2995e-01   6.7316e-02  -5.5138e-03   1.3116e-04 
 -3.2384e+00   5.6955e+01   5.1254e+01   7.1980e+01   5.3928e+01 
  5.6511e+01   3.3075e+01   1.6013e+01   2.0198e+01   1.5297e+01 
  7.9638e+00   3.7362e+00   1.7064e+00   7.8017e-01   3.5380e-01 
  1.6049e-01   7.5030e-02   3.6468e-02   1.8291e-02   9.2127e-03 
  4.5764e-03   2.2425e-03   1.1008e-03   5.5336e-04   2.8999e-04 
  1.5937e-04   9.1154e-05   7.6036e-05  -3.5115e-04   2.0822e-02 


########################
# 00000051
########################
RSS 2345.734714668988
BP 0:
a0:   4.1344e+00   e0:  -2.5312e+00   b0:   4.3099e+02   
P: 
  1.7299e+00   8.2740e-01  -5.8031e-01  -1.2362e+00  -1.9669e+00 
 -5.4634e-01  -2.0939e-01  -6.3769e-01  -4.6216e-01  -1.1486e-01 
  2.2146e-02   2.1092e-01   9.5837e-02  -5.4656e-03   1.4783e-04 
 -3.2384e+00   5.6955e+01   5.1254e+01   7.1980e+01   5.3928e+01 
  5.6511e+01   3.3075e+01   1.6013e+01   2.0198e+01   1.5297e+01 
  7.9638e+00   3.7362e+00   1.7064e+00   7.8017e-01   3.5380e-01 
  1.6049e-01   7.5030e-02   3.6468e-02   1.8291e-02   9.2127e-03 
  4.5764e-03   2.2425e-03   1.1008e-03   5.5336e-04   2.8999e-04 
  1.5937e-04   9.1154e-05   7.6036e-05  -4.7992e-04   2.6294e-03 


########################
# 00000052
########################
RSS 2403.4131841645117
BP 0:
a0:   4.1416e+00   e0:  -5.2252e+00   b0:   2.4335e+02   
P: 
  1.7299e+00   8.2740e-01  -5.8031e-01  -1.2362e+00  -1.9669e+00 
 -5.4634e-01  -1.2668e+00  -1.1815e+00  -7.0502e-01  -7.0148e-02 
  4.0134e-02   3.1780e-01   8.5621e-02  -2.1719e-02   1.7146e-04 
 -3.2384e+00   5.6955e+01   5.1254e+01   7.1980e+01   5.3928e+01 
  5.6511e+01   3.3075e+01   1.6013e+01   2.0198e+01   1.5297e+01 
  7.9638e+00   3.7362e+00   1.7064e+00   7.8017e-01   3.5380e-01 
  1.6049e-01   7.5030e-02   3.6468e-02   1.8291e-02   9.2127e-03 
  4.5764e-03   2.2425e-03   1.1008e-03   5.5336e-04   2.8999e-04 
  1.5937e-04   9.1154e-05   7.6036e-05  -8.2197e-04   3.6832e-02 


########################
# 00000053
########################
RSS 2423.2481825252194
BP 0:
a0:   3.9768e+00   e0:  -3.3587e+00   b0:   4.1812e+02   
P: 
  1.7299e+00   8.2740e-01  -5.8031e-01  -1.2362e+00  -1.9669e+00 
 -5.4634e-01  -7.5472e-01  -9.1773e-01  -4.7428e-01  -2.9134e-02 
  6.9956e-02   1.6794e-01   9.5395e-02  -4.3195e-03   2.1940e-04 
 -3.2384e+00   5.6955e+01   5.1254e+01   7.1980e+01   5.3928e+01 
  5.6511e+01   3.3075e+01   1.6013e+01   2.0198e+01   1.5297e+01 
  7.9638e+00   3.7362e+00   1.7064e+00   7.8017e-01   3.5380e-01 
  1.6049e-01   7.5030e-02   3.6468e-02   1.8291e-02   9.2127e-03 
  4.5764e-03   2.2425e-03   1.1008e-03   5.5336e-04   2.8999e-04 
  1.5937e-04   9.1154e-05   7.6036e-05  -4.0196e-04   2.9406e-02 


########################
# 00000054
########################
RSS 2537.3199830389312
BP 0:
a0:   3.9523e+00   e0:  -4.8745e+00   b0:   2.7579e+02   
P: 
  1.7299e+00   8.2740e-01  -5.8031e-01  -1.2362e+00  -1.9669e+00 
 -5.4634e-01  -3.2074e-01  -1.0364e+00  -5.8858e-01  -2.0993e-02 
  4.0549e-02   1.7025e-01   1.1415e-01  -1.3908e-02   2.0793e-04 
 -3.2384e+00   5.6955e+01   5.1254e+01   7.1980e+01   5.3928e+01 
  5.6511e+01   3.3075e+01   1.6013e+01   2.0198e+01   1.5297e+01 
  7.9638e+00   3.7362e+00   1.7064e+00   7.8017e-01   3.5380e-01 
  1.6049e-01   7.5030e-02   3.6468e-02   1.8291e-02   9.2127e-03 
  4.5764e-03   2.2425e-03   1.1008e-03   5.5336e-04   2.8999e-04 
  1.5937e-04   9.1154e-05   7.6036e-05  -5.5666e-04  -4.1120e-02 


########################
# 00000055
########################
RSS 2539.3067823988986
BP 0:
a0:   4.3817e+00   e0:  -4.2348e+00   b0:   2.9370e+02   
P: 
  1.7299e+00   8.2740e-01  -5.8031e-01  -1.2362e+00  -1.9669e+00 
 -5.4634e-01  -2.6655e-01  -7.9807e-01  -6.5495e-01  -1.3004e-01 
  6.5817e-02   3.0701e-01   1.0493e-01  -9.6636e-04   2.2095e-04 
 -3.2384e+00   5.6955e+01   5.1254e+01   7.1980e+01   5.3928e+01 
  5.6511e+01   3.3075e+01   1.6013e+01   2.0198e+01   1.5297e+01 
  7.9638e+00   3.7362e+00   1.7064e+00   7.8017e-01   3.5380e-01 
  1.6049e-01   7.5030e-02   3.6468e-02   1.8291e-02   9.2127e-03 
  4.5764e-03   2.2425e-03   1.1008e-03   5.5336e-04   2.8999e-04 
  1.5937e-04   9.1154e-05   7.6036e-05  -1.0712e-03   3.4133e-02 


########################
# 00000056
########################
RSS 2544.8681359594843
BP 0:
a0:   4.0110e+00   e0:  -5.3942e+00   b0:   1.3080e+02   
P: 
  1.7299e+00   8.2740e-01  -5.8031e-01  -1.2362e+00  -1.9669e+00 
 -5.4634e-01  -9.5122e-01  -9.5033e-01  -5.8842e-01  -2.7704e-02 
  3.4796e-03   1.7348e-01   2.0447e-02  -1.4138e-02   1.0873e-04 
 -3.2384e+00   5.6955e+01   5.1254e+01   7.1980e+01   5.3928e+01 
  5.6511e+01   3.3075e+01   1.6013e+01   2.0198e+01   1.5297e+01 
  7.9638e+00   3.7362e+00   1.7064e+00   7.8017e-01   3.5380e-01 
  1.6049e-01   7.5030e-02   3.6468e-02   1.8291e-02   9.2127e-03 
  4.5764e-03   2.2425e-03   1.1008e-03   5.5336e-04   2.8999e-04 
  1.5937e-04   9.1154e-05   7.6036e-05  -1.7325e-03  -7.8237e-03 


########################
# 00000057
########################
RSS 2565.399105987675
BP 0:
a0:   3.7247e+00   e0:  -4.7058e+00   b0:   2.1833e+02   
P: 
  1.7299e+00   8.2740e-01  -5.8031e-01  -1.2362e+00  -1.9669e+00 
 -5.4634e-01  -1.1563e+00  -9.8735e-01  -4.7388e-01  -1.0843e-01 
  3.8755e-02   1.3163e-01   6.2468e-02  -1.9902e-02   1.3606e-04 
 -3.2384e+00   5.6955e+01   5.1254e+01   7.1980e+01   5.3928e+01 
  5.6511e+01   3.3075e+01   1.6013e+01   2.0198e+01   1.5297e+01 
  7.9638e+00   3.7362e+00   1.7064e+00   7.8017e-01   3.5380e-01 
  1.6049e-01   7.5030e-02   3.6468e-02   1.8291e-02   9.2127e-03 
  4.5764e-03   2.2425e-03   1.1008e-03   5.5336e-04   2.8999e-04 
  1.5937e-04   9.1154e-05   7.6036e-05  -1.6464e-03   3.1295e-02 


########################
# 00000058
########################
RSS 2611.423797553327
BP 0:
a0:   3.5607e+00   e0:  -4.0007e+00   b0:   1.2596e+02   
P: 
  1.7299e+00   8.2740e-01  -5.8031e-01  -1.2362e+00  -1.9669e+00 
 -5.4634e-01  -7.8920e-01  -7.5448e-01  -3.7894e-01  -1.5585e-01 
  3.8337e-02   4.5105e-02   5.3351e-02  -5.1080e-03   1.3138e-04 
 -3.2384e+00   5.6955e+01   5.1254e+01   7.1980e+01   5.3928e+01 
  5.6511e+01   3.3075e+01   1.6013e+01   2.0198e+01   1.5297e+01 
  7.9638e+00   3.7362e+00   1.7064e+00   7.8017e-01   3.5380e-01 
  1.6049e-01   7.5030e-02   3.6468e-02   1.8291e-02   9.2127e-03 
  4.5764e-03   2.2425e-03   1.1008e-03   5.5336e-04   2.8999e-04 
  1.5937e-04   9.1154e-05   7.6036e-05  -3.2320e-04   1.7216e-02 


########################
# 00000059
########################
RSS 2678.13662886246
BP 0:
a0:   4.2427e+00   e0:  -4.3639e+00   b0:   4.3106e+02   
P: 
  1.7299e+00   8.2740e-01  -5.8031e-01  -1.2362e+00  -1.9669e+00 
 -5.4634e-01  -2.6841e-01  -9.2587e-01  -6.3615e-01  -1.5849e-01 
  1.0695e-02   1.0200e-01   9.6129e-02  -1.3456e-02   2.5684e-04 
 -3.2384e+00   5.6955e+01   5.1254e+01   7.1980e+01   5.3928e+01 
  5.6511e+01   3.3075e+01   1.6013e+01   2.0198e+01   1.5297e+01 
  7.9638e+00   3.7362e+00   1.7064e+00   7.8017e-01   3.5380e-01 
  1.6049e-01   7.5030e-02   3.6468e-02   1.8291e-02   9.2127e-03 
  4.5764e-03   2.2425e-03   1.1008e-03   5.5336e-04   2.8999e-04 
  1.5937e-04   9.1154e-05   7.6036e-05  -4.4243e-04   3.8289e-02 


########################
# 00000060
########################
RSS 2706.881897614573
BP 0:
a0:   4.0777e+00   e0:  -5.5895e+00   b0:   2.5453e+02   
P: 
  1.7299e+00   8.2740e-01  -5.8031e-01  -1.2362e+00  -1.9669e+00 
 -5.4634e-01  -6.3677e-01  -1.1705e+00  -7.2195e-01  -1.0015e-01 
  6.4597e-02   2.0381e-01   9.9430e-02  -2.2180e-02   2.6059e-04 
 -3.2384e+00   5.6955e+01   5.1254e+01   7.1980e+01   5.3928e+01 
  5.6511e+01   3.3075e+01   1.6013e+01   2.0198e+01   1.5297e+01 
  7.9638e+00   3.7362e+00   1.7064e+00   7.8017e-01   3.5380e-01 
  1.6049e-01   7.5030e-02   3.6468e-02   1.8291e-02   9.2127e-03 
  4.5764e-03   2.2425e-03   1.1008e-03   5.5336e-04   2.8999e-04 
  1.5937e-04   9.1154e-05   7.6036e-05  -1.8896e-03  -2.0761e-02 


########################
# 00000061
########################
RSS 2746.857001033712
BP 0:
a0:   3.7058e+00   e0:  -5.6551e+00   b0:   2.5218e+02   
P: 
  1.7299e+00   8.2740e-01  -5.8031e-01  -1.2362e+00  -1.9669e+00 
 -5.4634e-01  -1.3805e+00  -9.8929e-01  -5.8964e-01  -1.6794e-01 
  5.0145e-02   1.8016e-01   1.5739e-02  -1.6601e-02   7.9699e-05 
 -3.2384e+00   5.6955e+01   5.1254e+01   7.1980e+01   5.3928e+01 
  5.6511e+01   3.3075e+01   1.6013e+01   2.0198e+01   1.5297e+01 
  7.9638e+00   3.7362e+00   1.7064e+00   7.8017e-01   3.5380e-01 
  1.6049e-01   7.5030e-02   3.6468e-02   1.8291e-02   9.2127e-03 
  4.5764e-03   2.2425e-03   1.1008e-03   5.5336e-04   2.8999e-04 
  1.5937e-04   9.1154e-05   7.6036e-05  -1.6594e-03   8.1176e-03 


########################
# 00000062
########################
RSS 2756.0956700894767
BP 0:
a0:   4.1779e+00   e0:  -5.1174e+00   b0:   5.2144e+02   
P: 
  1.7299e+00   8.2740e-01  -5.8031e-01  -1.2362e+00  -1.9669e+00 
 -5.4634e-01  -3.6619e-01  -9.9424e-01  -6.9006e-01  -5.6551e-02 
  4.1062e-02   2.6582e-01   8.4610e-02  -2.3666e-02   1.3402e-04 
 -3.2384e+00   5.6955e+01   5.1254e+01   7.1980e+01   5.3928e+01 
  5.6511e+01   3.3075e+01   1.6013e+01   2.0198e+01   1.5297e+01 
  7.9638e+00   3.7362e+00   1.7064e+00   7.8017e-01   3.5380e-01 
  1.6049e-01   7.5030e-02   3.6468e-02   1.8291e-02   9.2127e-03 
  4.5764e-03   2.2425e-03   1.1008e-03   5.5336e-04   2.8999e-04 
  1.5937e-04   9.1154e-05   7.6036e-05  -3.8884e-04  -4.2961e-03 


########################
# 00000063
########################
RSS 2778.6941802964648
BP 0:
a0:   3.9248e+00   e0:  -5.0232e+00   b0:   3.2409e+02   
P: 
  1.7299e+00   8.2740e-01  -5.8031e-01  -1.2362e+00  -1.9669e+00 
 -5.4634e-01  -4.6615e-01  -8.4911e-01  -5.3639e-01  -5.4722e-02 
  7.1868e-02   1.2367e-01   1.6192e-02  -1.3652e-02   1.2588e-04 
 -3.2384e+00   5.6955e+01   5.1254e+01   7.1980e+01   5.3928e+01 
  5.6511e+01   3.3075e+01   1.6013e+01   2.0198e+01   1.5297e+01 
  7.9638e+00   3.7362e+00   1.7064e+00   7.8017e-01   3.5380e-01 
  1.6049e-01   7.5030e-02   3.6468e-02   1.8291e-02   9.2127e-03 
  4.5764e-03   2.2425e-03   1.1008e-03   5.5336e-04   2.8999e-04 
  1.5937e-04   9.1154e-05   7.6036e-05  -1.4662e-03  -3.4843e-02 


########################
# 00000064
########################
RSS 2780.109796669799
BP 0:
a0:   4.2080e+00   e0:  -5.5879e+00   b0:   2.4722e+02   
P: 
  1.7299e+00   8.2740e-01  -5.8031e-01  -1.2362e+00  -1.9669e+00 
 -5.4634e-01  -1.4383e-01  -8.9741e-01  -6.4802e-01  -3.0689e-02 
  1.3581e-03   1.6098e-01   3.9426e-02  -1.6001e-02   1.0787e-04 
 -3.2384e+00   5.6955e+01   5.1254e+01   7.1980e+01   5.3928e+01 
  5.6511e+01   3.3075e+01   1.6013e+01   2.0198e+01   1.5297e+01 
  7.9638e+00   3.7362e+00   1.7064e+00   7.8017e-01   3.5380e-01 
  1.6049e-01   7.5030e-02   3.6468e-02   1.8291e-02   9.2127e-03 
  4.5764e-03   2.2425e-03   1.1008e-03   5.5336e-04   2.8999e-04 
  1.5937e-04   9.1154e-05   7.6036e-05  -8.1855e-04  -2.8582e-02 


########################
# 00000065
########################
RSS 2814.4307969704732
BP 0:
a0:   4.0055e+00   e0:  -3.8333e+00   b0:   4.3183e+02   
P: 
  1.7299e+00   8.2740e-01  -5.8031e-01  -1.2362e+00  -1.9669e+00 
 -5.4634e-01  -2.8346e-01  -7.2666e-01  -4.6063e-01  -1.0301e-01 
  2.4018e-02   2.3087e-02   1.2192e-02  -1.6559e-02   1.8439e-04 
 -3.2384e+00   5.6955e+01   5.1254e+01   7.1980e+01   5.3928e+01 
  5.6511e+01   3.3075e+01   1.6013e+01   2.0198e+01   1.5297e+01 
  7.9638e+00   3.7362e+00   1.7064e+00   7.8017e-01   3.5380e-01 
  1.6049e-01   7.5030e-02   3.6468e-02   1.8291e-02   9.2127e-03 
  4.5764e-03   2.2425e-03   1.1008e-03   5.5336e-04   2.8999e-04 
  1.5937e-04   9.1154e-05   7.6036e-05  -1.2601e-03   1.7851e-02 


########################
# 00000066
########################
RSS 2816.029722989654
BP 0:
a0:   4.1707e+00   e0:  -3.1933e+00   b0:   5.5659e+02   
P: 
  1.7299e+00   8.2740e-01  -5.8031e-01  -1.2362e+00  -1.9669e+00 
 -5.4634e-01  -2.5716e-01  -7.0634e-01  -5.2870e-01  -7.5265e-02 
  4.7987e-02   3.3025e-01   9.6190e-02  -2.2389e-02   2.5823e-04 
 -3.2384e+00   5.6955e+01   5.1254e+01   7.1980e+01   5.3928e+01 
  5.6511e+01   3.3075e+01   1.6013e+01   2.0198e+01   1.5297e+01 
  7.9638e+00   3.7362e+00   1.7064e+00   7.8017e-01   3.5380e-01 
  1.6049e-01   7.5030e-02   3.6468e-02   1.8291e-02   9.2127e-03 
  4.5764e-03   2.2425e-03   1.1008e-03   5.5336e-04   2.8999e-04 
  1.5937e-04   9.1154e-05   7.6036e-05  -1.7787e-03  -7.3799e-03 


########################
# 00000067
########################
RSS 2817.5249085575897
BP 0:
a0:   4.1164e+00   e0:  -5.4802e+00   b0:   3.1138e+02   
P: 
  1.7299e+00   8.2740e-01  -5.8031e-01  -1.2362e+00  -1.9669e+00 
 -5.4634e-01  -3.2375e-02  -8.6421e-01  -6.0612e-01  -8.8762e-02 
  7.0193e-03   5.6669e-03   1.2045e-02  -2.3393e-02   1.3626e-04 
 -3.2384e+00   5.6955e+01   5.1254e+01   7.1980e+01   5.3928e+01 
  5.6511e+01   3.3075e+01   1.6013e+01   2.0198e+01   1.5297e+01 
  7.9638e+00   3.7362e+00   1.7064e+00   7.8017e-01   3.5380e-01 
  1.6049e-01   7.5030e-02   3.6468e-02   1.8291e-02   9.2127e-03 
  4.5764e-03   2.2425e-03   1.1008e-03   5.5336e-04   2.8999e-04 
  1.5937e-04   9.1154e-05   7.6036e-05  -1.7959e-03  -2.3731e-02 


########################
# 00000068
########################
RSS 2942.0963911957447
BP 0:
a0:   3.9842e+00   e0:  -4.4593e+00   b0:   3.2437e+02   
P: 
  1.7299e+00   8.2740e-01  -5.8031e-01  -1.2362e+00  -1.9669e+00 
 -5.4634e-01  -5.2744e-01  -9.6852e-01  -5.1132e-01  -2.9256e-02 
  7.8169e-03   2.4976e-02   6.0936e-02  -1.5584e-02   8.3589e-05 
 -3.2384e+00   5.6955e+01   5.1254e+01   7.1980e+01   5.3928e+01 
  5.6511e+01   3.3075e+01   1.6013e+01   2.0198e+01   1.5297e+01 
  7.9638e+00   3.7362e+00   1.7064e+00   7.8017e-01   3.5380e-01 
  1.6049e-01   7.5030e-02   3.6468e-02   1.8291e-02   9.2127e-03 
  4.5764e-03   2.2425e-03   1.1008e-03   5.5336e-04   2.8999e-04 
  1.5937e-04   9.1154e-05   7.6036e-05  -4.6602e-04   2.8431e-02 


########################
# 00000069
########################
RSS 2956.025383355898
BP 0:
a0:   4.2967e+00   e0:  -5.4743e+00   b0:   2.8260e+02   
P: 
  1.7299e+00   8.2740e-01  -5.8031e-01  -1.2362e+00  -1.9669e+00 
 -5.4634e-01  -3.9753e-01  -1.0132e+00  -7.1747e-01  -8.6182e-02 
  6.9298e-02   2.0552e-01   6.7213e-02  -1.5963e-02   2.0596e-04 
 -3.2384e+00   5.6955e+01   5.1254e+01   7.1980e+01   5.3928e+01 
  5.6511e+01   3.3075e+01   1.6013e+01   2.0198e+01   1.5297e+01 
  7.9638e+00   3.7362e+00   1.7064e+00   7.8017e-01   3.5380e-01 
  1.6049e-01   7.5030e-02   3.6468e-02   1.8291e-02   9.2127e-03 
  4.5764e-03   2.2425e-03   1.1008e-03   5.5336e-04   2.8999e-04 
  1.5937e-04   9.1154e-05   7.6036e-05  -3.3664e-04   2.3995e-02 


########################
# 00000070
########################
RSS 3004.838910289061
BP 0:
a0:   3.9632e+00   e0:  -5.6847e+00   b0:   2.8028e+02   
P: 
  1.7299e+00   8.2740e-01  -5.8031e-01  -1.2362e+00  -1.9669e+00 
 -5.4634e-01  -8.3259e-01  -1.0663e+00  -6.7345e-01  -1.4466e-01 
  5.8103e-02   7.4267e-02   2.1404e-02  -6.8111e-03   9.9572e-05 
 -3.2384e+00   5.6955e+01   5.1254e+01   7.1980e+01   5.3928e+01 
  5.6511e+01   3.3075e+01   1.6013e+01   2.0198e+01   1.5297e+01 
  7.9638e+00   3.7362e+00   1.7064e+00   7.8017e-01   3.5380e-01 
  1.6049e-01   7.5030e-02   3.6468e-02   1.8291e-02   9.2127e-03 
  4.5764e-03   2.2425e-03   1.1008e-03   5.5336e-04   2.8999e-04 
  1.5937e-04   9.1154e-05   7.6036e-05  -1.4759e-03   1.0652e-02 


########################
# 00000071
########################
RSS 3039.285023687794
BP 0:
a0:   3.4720e+00   e0:  -2.4810e+00   b0:   9.7398e+01   
P: 
  1.7299e+00   8.2740e-01  -5.8031e-01  -1.2362e+00  -1.9669e+00 
 -5.4634e-01  -1.2296e+00  -6.7605e-01  -2.1453e-01  -3.3134e-02 
  4.9092e-02   2.4342e-01   1.0246e-01  -1.9606e-02   9.2265e-05 
 -3.2384e+00   5.6955e+01   5.1254e+01   7.1980e+01   5.3928e+01 
  5.6511e+01   3.3075e+01   1.6013e+01   2.0198e+01   1.5297e+01 
  7.9638e+00   3.7362e+00   1.7064e+00   7.8017e-01   3.5380e-01 
  1.6049e-01   7.5030e-02   3.6468e-02   1.8291e-02   9.2127e-03 
  4.5764e-03   2.2425e-03   1.1008e-03   5.5336e-04   2.8999e-04 
  1.5937e-04   9.1154e-05   7.6036e-05  -1.7778e-03   3.8687e-02 


########################
# 00000072
########################
RSS 3094.580077554676
BP 0:
a0:   4.3061e+00   e0:  -6.1973e+00   b0:   1.8656e+02   
P: 
  1.7299e+00   8.2740e-01  -5.8031e-01  -1.2362e+00  -1.9669e+00 
 -5.4634e-01  -2.5732e-01  -9.3870e-01  -7.0041e-01  -6.4054e-02 
  4.9484e-02   7.8539e-02   1.0973e-02  -4.4449e-03   2.3784e-04 
 -3.2384e+00   5.6955e+01   5.1254e+01   7.1980e+01   5.3928e+01 
  5.6511e+01   3.3075e+01   1.6013e+01   2.0198e+01   1.5297e+01 
  7.9638e+00   3.7362e+00   1.7064e+00   7.8017e-01   3.5380e-01 
  1.6049e-01   7.5030e-02   3.6468e-02   1.8291e-02   9.2127e-03 
  4.5764e-03   2.2425e-03   1.1008e-03   5.5336e-04   2.8999e-04 
  1.5937e-04   9.1154e-05   7.6036e-05  -1.7581e-03  -1.2955e-02 


########################
# 00000073
########################
RSS 3095.530207905263
BP 0:
a0:   4.2568e+00   e0:  -5.6245e+00   b0:   2.5804e+02   
P: 
  1.7299e+00   8.2740e-01  -5.8031e-01  -1.2362e+00  -1.9669e+00 
 -5.4634e-01  -3.7686e-02  -7.8404e-01  -7.0519e-01  -1.5579e-01 
  1.3871e-02   1.6193e-01   1.2561e-02  -5.3570e-03   1.4814e-04 
 -3.2384e+00   5.6955e+01   5.1254e+01   7.1980e+01   5.3928e+01 
  5.6511e+01   3.3075e+01   1.6013e+01   2.0198e+01   1.5297e+01 
  7.9638e+00   3.7362e+00   1.7064e+00   7.8017e-01   3.5380e-01 
  1.6049e-01   7.5030e-02   3.6468e-02   1.8291e-02   9.2127e-03 
  4.5764e-03   2.2425e-03   1.1008e-03   5.5336e-04   2.8999e-04 
  1.5937e-04   9.1154e-05   7.6036e-05  -4.8278e-04  -3.4801e-02 


########################
# 00000074
########################
RSS 3120.9653640807473
BP 0:
a0:   4.0547e+00   e0:  -5.4195e+00   b0:   4.0647e+02   
P: 
  1.7299e+00   8.2740e-01  -5.8031e-01  -1.2362e+00  -1.9669e+00 
 -5.4634e-01  -7.7275e-01  -1.1230e+00  -7.2745e-01  -1.1422e-01 
  1.3942e-02   2.9399e-01   9.5053e-02  -2.1751e-02   2.5197e-04 
 -3.2384e+00   5.6955e+01   5.1254e+01   7.1980e+01   5.3928e+01 
  5.6511e+01   3.3075e+01   1.6013e+01   2.0198e+01   1.5297e+01 
  7.9638e+00   3.7362e+00   1.7064e+00   7.8017e-01   3.5380e-01 
  1.6049e-01   7.5030e-02   3.6468e-02   1.8291e-02   9.2127e-03 
  4.5764e-03   2.2425e-03   1.1008e-03   5.5336e-04   2.8999e-04 
  1.5937e-04   9.1154e-05   7.6036e-05  -3.6569e-05  -1.5481e-02 


########################
# 00000075
########################
RSS 3140.6789311163266
BP 0:
a0:   4.1813e+00   e0:  -5.9151e+00   b0:   4.6614e+01   
P: 
  1.7299e+00   8.2740e-01  -5.8031e-01  -1.2362e+00  -1.9669e+00 
 -5.4634e-01  -1.0388e+00  -1.2447e+00  -7.3941e-01  -8.3977e-02 
  1.2026e-03   2.3809e-01   1.1354e-01  -1.4737e-02   6.3751e-05 
 -3.2384e+00   5.6955e+01   5.1254e+01   7.1980e+01   5.3928e+01 
  5.6511e+01   3.3075e+01   1.6013e+01   2.0198e+01   1.5297e+01 
  7.9638e+00   3.7362e+00   1.7064e+00   7.8017e-01   3.5380e-01 
  1.6049e-01   7.5030e-02   3.6468e-02   1.8291e-02   9.2127e-03 
  4.5764e-03   2.2425e-03   1.1008e-03   5.5336e-04   2.8999e-04 
  1.5937e-04   9.1154e-05   7.6036e-05  -6.2528e-04  -1.4411e-02 


########################
# 00000076
########################
RSS 3152.5966307186263
BP 0:
a0:   3.7157e+00   e0:  -4.1522e+00   b0:   2.2493e+02   
P: 
  1.7299e+00   8.2740e-01  -5.8031e-01  -1.2362e+00  -1.9669e+00 
 -5.4634e-01  -7.4163e-01  -8.5575e-01  -4.1448e-01  -1.0919e-01 
  1.3912e-02   9.5018e-02   7.9444e-02  -9.4066e-03   1.8398e-04 
 -3.2384e+00   5.6955e+01   5.1254e+01   7.1980e+01   5.3928e+01 
  5.6511e+01   3.3075e+01   1.6013e+01   2.0198e+01   1.5297e+01 
  7.9638e+00   3.7362e+00   1.7064e+00   7.8017e-01   3.5380e-01 
  1.6049e-01   7.5030e-02   3.6468e-02   1.8291e-02   9.2127e-03 
  4.5764e-03   2.2425e-03   1.1008e-03   5.5336e-04   2.8999e-04 
  1.5937e-04   9.1154e-05   7.6036e-05  -1.6564e-03   8.6443e-03 


########################
# 00000077
########################
RSS 3187.743952517992
BP 0:
a0:   4.0617e+00   e0:  -5.4131e+00   b0:   3.2174e+02   
P: 
  1.7299e+00   8.2740e-01  -5.8031e-01  -1.2362e+00  -1.9669e+00 
 -5.4634e-01  -1.0379e+00  -1.0195e+00  -6.7664e-01  -1.2024e-01 
  5.1676e-02   1.2916e-01   1.7095e-03  -8.8575e-04   9.6640e-06 
 -3.2384e+00   5.6955e+01   5.1254e+01   7.1980e+01   5.3928e+01 
  5.6511e+01   3.3075e+01   1.6013e+01   2.0198e+01   1.5297e+01 
  7.9638e+00   3.7362e+00   1.7064e+00   7.8017e-01   3.5380e-01 
  1.6049e-01   7.5030e-02   3.6468e-02   1.8291e-02   9.2127e-03 
  4.5764e-03   2.2425e-03   1.1008e-03   5.5336e-04   2.8999e-04 
  1.5937e-04   9.1154e-05   7.6036e-05  -9.1516e-05   3.7261e-02 


########################
# 00000078
########################
RSS 3188.6714528692646
BP 0:
a0:   4.3736e+00   e0:  -3.5807e+00   b0:   3.0334e+02   
P: 
  1.7299e+00   8.2740e-01  -5.8031e-01  -1.2362e+00  -1.9669e+00 
 -5.4634e-01  -7.1364e-02  -6.1157e-01  -5.3450e-01  -1.1959e-01 
  2.2409e-02   2.3790e-01   7.0960e-02  -1.3012e-02   1.1305e-04 
 -3.2384e+00   5.6955e+01   5.1254e+01   7.1980e+01   5.3928e+01 
  5.6511e+01   3.3075e+01   1.6013e+01   2.0198e+01   1.5297e+01 
  7.9638e+00   3.7362e+00   1.7064e+00   7.8017e-01   3.5380e-01 
  1.6049e-01   7.5030e-02   3.6468e-02   1.8291e-02   9.2127e-03 
  4.5764e-03   2.2425e-03   1.1008e-03   5.5336e-04   2.8999e-04 
  1.5937e-04   9.1154e-05   7.6036e-05  -1.4707e-03   4.7134e-02 


########################
# 00000079
########################
RSS 3226.259389180866
BP 0:
a0:   3.9863e+00   e0:  -5.0229e+00   b0:   2.6395e+02   
P: 
  1.7299e+00   8.2740e-01  -5.8031e-01  -1.2362e+00  -1.9669e+00 
 -5.4634e-01  -8.3137e-01  -9.2202e-01  -5.8628e-01  -4.2495e-02 
  5.2001e-02   2.2174e-01   3.2055e-02  -9.7192e-03   1.0007e-04 
 -3.2384e+00   5.6955e+01   5.1254e+01   7.1980e+01   5.3928e+01 
  5.6511e+01   3.3075e+01   1.6013e+01   2.0198e+01   1.5297e+01 
  7.9638e+00   3.7362e+00   1.7064e+00   7.8017e-01   3.5380e-01 
  1.6049e-01   7.5030e-02   3.6468e-02   1.8291e-02   9.2127e-03 
  4.5764e-03   2.2425e-03   1.1008e-03   5.5336e-04   2.8999e-04 
  1.5937e-04   9.1154e-05   7.6036e-05  -9.3354e-04  -1.9226e-02 


########################
# 00000080
########################
RSS 3238.1617606163336
BP 0:
a0:   4.2003e+00   e0:  -6.0529e+00   b0:   1.4623e+02   
P: 
  1.7299e+00   8.2740e-01  -5.8031e-01  -1.2362e+00  -1.9669e+00 
 -5.4634e-01  -1.0842e+00  -1.2458e+00  -7.7737e-01  -8.2063e-02 
  3.2532e-02   3.1154e-01   1.1024e-01  -1.5319e-02   1.6089e-04 
 -3.2384e+00   5.6955e+01   5.1254e+01   7.1980e+01   5.3928e+01 
  5.6511e+01   3.3075e+01   1.6013e+01   2.0198e+01   1.5297e+01 
  7.9638e+00   3.7362e+00   1.7064e+00   7.8017e-01   3.5380e-01 
  1.6049e-01   7.5030e-02   3.6468e-02   1.8291e-02   9.2127e-03 
  4.5764e-03   2.2425e-03   1.1008e-03   5.5336e-04   2.8999e-04 
  1.5937e-04   9.1154e-05   7.6036e-05  -1.3705e-03  -1.9816e-02 


########################
# 00000081
########################
RSS 3262.625040668112
BP 0:
a0:   3.9479e+00   e0:  -5.6903e+00   b0:   2.9006e+02   
P: 
  1.7299e+00   8.2740e-01  -5.8031e-01  -1.2362e+00  -1.9669e+00 
 -5.4634e-01  -4.2244e-01  -9.4348e-01  -6.0252e-01  -5.2431e-02 
  4.9819e-02   3.8308e-02   9.7212e-03  -2.7607e-03   4.2223e-05 
 -3.2384e+00   5.6955e+01   5.1254e+01   7.1980e+01   5.3928e+01 
  5.6511e+01   3.3075e+01   1.6013e+01   2.0198e+01   1.5297e+01 
  7.9638e+00   3.7362e+00   1.7064e+00   7.8017e-01   3.5380e-01 
  1.6049e-01   7.5030e-02   3.6468e-02   1.8291e-02   9.2127e-03 
  4.5764e-03   2.2425e-03   1.1008e-03   5.5336e-04   2.8999e-04 
  1.5937e-04   9.1154e-05   7.6036e-05  -1.7023e-03  -2.6057e-02 


########################
# 00000082
########################
RSS 3268.080175181803
BP 0:
a0:   3.9855e+00   e0:  -4.1436e+00   b0:   3.7673e+02   
P: 
  1.7299e+00   8.2740e-01  -5.8031e-01  -1.2362e+00  -1.9669e+00 
 -5.4634e-01  -5.8435e-01  -8.7783e-01  -5.5199e-01  -5.2494e-02 
  3.1087e-04   3.0074e-01   9.7353e-02  -1.1608e-02   2.7012e-04 
 -3.2384e+00   5.6955e+01   5.1254e+01   7.1980e+01   5.3928e+01 
  5.6511e+01   3.3075e+01   1.6013e+01   2.0198e+01   1.5297e+01 
  7.9638e+00   3.7362e+00   1.7064e+00   7.8017e-01   3.5380e-01 
  1.6049e-01   7.5030e-02   3.6468e-02   1.8291e-02   9.2127e-03 
  4.5764e-03   2.2425e-03   1.1008e-03   5.5336e-04   2.8999e-04 
  1.5937e-04   9.1154e-05   7.6036e-05  -1.1120e-03  -3.3873e-02 


########################
# 00000083
########################
RSS 3367.249352642724
BP 0:
a0:   3.9256e+00   e0:  -1.7376e+00   b0:   1.4966e+02   
P: 
  1.7299e+00   8.2740e-01  -5.8031e-01  -1.2362e+00  -1.9669e+00 
 -5.4634e-01  -2.8190e-01  -4.9579e-01  -2.6835e-01  -3.7426e-02 
  6.2144e-02   2.2542e-01   8.9141e-02  -2.1347e-02   5.6611e-05 
 -3.2384e+00   5.6955e+01   5.1254e+01   7.1980e+01   5.3928e+01 
  5.6511e+01   3.3075e+01   1.6013e+01   2.0198e+01   1.5297e+01 
  7.9638e+00   3.7362e+00   1.7064e+00   7.8017e-01   3.5380e-01 
  1.6049e-01   7.5030e-02   3.6468e-02   1.8291e-02   9.2127e-03 
  4.5764e-03   2.2425e-03   1.1008e-03   5.5336e-04   2.8999e-04 
  1.5937e-04   9.1154e-05   7.6036e-05  -1.6680e-03  -3.0228e-02 


########################
# 00000084
########################
RSS 3496.1501946710905
BP 0:
a0:   3.6985e+00   e0:  -5.3925e+00   b0:   1.2181e+02   
P: 
  1.7299e+00   8.2740e-01  -5.8031e-01  -1.2362e+00  -1.9669e+00 
 -5.4634e-01  -1.1692e+00  -9.9139e-01  -5.9922e-01  -1.4178e-01 
  4.4350e-03   2.5871e-01   5.9672e-02  -1.7690e-02   1.3300e-04 
 -3.2384e+00   5.6955e+01   5.1254e+01   7.1980e+01   5.3928e+01 
  5.6511e+01   3.3075e+01   1.6013e+01   2.0198e+01   1.5297e+01 
  7.9638e+00   3.7362e+00   1.7064e+00   7.8017e-01   3.5380e-01 
  1.6049e-01   7.5030e-02   3.6468e-02   1.8291e-02   9.2127e-03 
  4.5764e-03   2.2425e-03   1.1008e-03   5.5336e-04   2.8999e-04 
  1.5937e-04   9.1154e-05   7.6036e-05  -1.8220e-03  -1.7044e-02 


########################
# 00000085
########################
RSS 3519.808755009308
BP 0:
a0:   3.6291e+00   e0:  -2.2028e+00   b0:   3.6165e+02   
P: 
  1.7299e+00   8.2740e-01  -5.8031e-01  -1.2362e+00  -1.9669e+00 
 -5.4634e-01  -1.1210e+00  -3.7239e-01  -1.0938e-01  -1.0202e-01 
  6.9899e-02   8.8547e-02   2.4254e-03  -5.9815e-04   1.4287e-04 
 -3.2384e+00   5.6955e+01   5.1254e+01   7.1980e+01   5.3928e+01 
  5.6511e+01   3.3075e+01   1.6013e+01   2.0198e+01   1.5297e+01 
  7.9638e+00   3.7362e+00   1.7064e+00   7.8017e-01   3.5380e-01 
  1.6049e-01   7.5030e-02   3.6468e-02   1.8291e-02   9.2127e-03 
  4.5764e-03   2.2425e-03   1.1008e-03   5.5336e-04   2.8999e-04 
  1.5937e-04   9.1154e-05   7.6036e-05  -5.4213e-04   4.2618e-02 


########################
# 00000086
########################
RSS 3550.4892068198546
BP 0:
a0:   3.6647e+00   e0:  -1.8615e+00   b0:   1.3086e+02   
P: 
  1.7299e+00   8.2740e-01  -5.8031e-01  -1.2362e+00  -1.9669e+00 
 -5.4634e-01  -9.8146e-01  -5.2493e-01  -2.3658e-01  -1.6088e-01 
  5.2978e-02   1.7284e-01   5.5181e-02  -2.0792e-02   5.0505e-05 
 -3.2384e+00   5.6955e+01   5.1254e+01   7.1980e+01   5.3928e+01 
  5.6511e+01   3.3075e+01   1.6013e+01   2.0198e+01   1.5297e+01 
  7.9638e+00   3.7362e+00   1.7064e+00   7.8017e-01   3.5380e-01 
  1.6049e-01   7.5030e-02   3.6468e-02   1.8291e-02   9.2127e-03 
  4.5764e-03   2.2425e-03   1.1008e-03   5.5336e-04   2.8999e-04 
  1.5937e-04   9.1154e-05   7.6036e-05  -8.2108e-04   3.7971e-02 


########################
# 00000087
########################
RSS 3624.832891278351
BP 0:
a0:   4.0898e+00   e0:  -2.8435e+00   b0:   2.9685e+02   
P: 
  1.7299e+00   8.2740e-01  -5.8031e-01  -1.2362e+00  -1.9669e+00 
 -5.4634e-01  -6.6117e-01  -5.7406e-01  -3.8862e-01  -3.7515e-02 
  1.2844e-02   1.7184e-01   1.2516e-02  -1.1715e-03   1.6736e-04 
 -3.2384e+00   5.6955e+01   5.1254e+01   7.1980e+01   5.3928e+01 
  5.6511e+01   3.3075e+01   1.6013e+01   2.0198e+01   1.5297e+01 
  7.9638e+00   3.7362e+00   1.7064e+00   7.8017e-01   3.5380e-01 
  1.6049e-01   7.5030e-02   3.6468e-02   1.8291e-02   9.2127e-03 
  4.5764e-03   2.2425e-03   1.1008e-03   5.5336e-04   2.8999e-04 
  1.5937e-04   9.1154e-05   7.6036e-05  -6.8572e-04   3.0361e-02 


########################
# 00000088
########################
RSS 3643.239877398036
BP 0:
a0:   4.0978e+00   e0:  -3.7466e+00   b0:   3.0090e+02   
P: 
  1.7299e+00   8.2740e-01  -5.8031e-01  -1.2362e+00  -1.9669e+00 
 -5.4634e-01  -1.9984e-01  -6.5558e-01  -5.5836e-01  -1.5747e-01 
  4.7820e-02   2.7337e-01   4.8502e-02  -9.1919e-03   6.8898e-05 
 -3.2384e+00   5.6955e+01   5.1254e+01   7.1980e+01   5.3928e+01 
  5.6511e+01   3.3075e+01   1.6013e+01   2.0198e+01   1.5297e+01 
  7.9638e+00   3.7362e+00   1.7064e+00   7.8017e-01   3.5380e-01 
  1.6049e-01   7.5030e-02   3.6468e-02   1.8291e-02   9.2127e-03 
  4.5764e-03   2.2425e-03   1.1008e-03   5.5336e-04   2.8999e-04 
  1.5937e-04   9.1154e-05   7.6036e-05  -9.8594e-04  -4.7788e-02 


########################
# 00000089
########################
RSS 3651.9551914131234
BP 0:
a0:   3.8782e+00   e0:  -1.9113e+00   b0:   2.4186e+02   
P: 
  1.7299e+00   8.2740e-01  -5.8031e-01  -1.2362e+00  -1.9669e+00 
 -5.4634e-01  -6.0298e-01  -5.5508e-01  -2.6386e-01  -5.2066e-02 
  9.2335e-03   2.1817e-01   8.2119e-02  -2.0870e-02   4.9879e-05 
 -3.2384e+00   5.6955e+01   5.1254e+01   7.1980e+01   5.3928e+01 
  5.6511e+01   3.3075e+01   1.6013e+01   2.0198e+01   1.5297e+01 
  7.9638e+00   3.7362e+00   1.7064e+00   7.8017e-01   3.5380e-01 
  1.6049e-01   7.5030e-02   3.6468e-02   1.8291e-02   9.2127e-03 
  4.5764e-03   2.2425e-03   1.1008e-03   5.5336e-04   2.8999e-04 
  1.5937e-04   9.1154e-05   7.6036e-05  -1.1317e-03   6.1033e-03 


########################
# 00000090
########################
RSS 3664.363506646357
BP 0:
a0:   4.1378e+00   e0:  -6.1341e+00   b0:   1.9657e+02   
P: 
  1.7299e+00   8.2740e-01  -5.8031e-01  -1.2362e+00  -1.9669e+00 
 -5.4634e-01  -8.8140e-01  -1.1906e+00  -8.1050e-01  -1.4461e-01 
  6.1436e-02   2.4390e-01   7.2990e-02  -4.6240e-03   2.1664e-04 
 -3.2384e+00   5.6955e+01   5.1254e+01   7.1980e+01   5.3928e+01 
  5.6511e+01   3.3075e+01   1.6013e+01   2.0198e+01   1.5297e+01 
  7.9638e+00   3.7362e+00   1.7064e+00   7.8017e-01   3.5380e-01 
  1.6049e-01   7.5030e-02   3.6468e-02   1.8291e-02   9.2127e-03 
  4.5764e-03   2.2425e-03   1.1008e-03   5.5336e-04   2.8999e-04 
  1.5937e-04   9.1154e-05   7.6036e-05  -3.7433e-05  -1.5437e-02 


########################
# 00000091
########################
RSS 3728.0317552020015
BP 0:
a0:   4.1996e+00   e0:  -6.2422e+00   b0:   1.8400e+02   
P: 
  1.7299e+00   8.2740e-01  -5.8031e-01  -1.2362e+00  -1.9669e+00 
 -5.4634e-01  -4.3203e-01  -9.8319e-01  -6.8485e-01  -1.4393e-02 
  1.5847e-02   9.3121e-02   1.3014e-02  -1.2640e-03   9.6465e-05 
 -3.2384e+00   5.6955e+01   5.1254e+01   7.1980e+01   5.3928e+01 
  5.6511e+01   3.3075e+01   1.6013e+01   2.0198e+01   1.5297e+01 
  7.9638e+00   3.7362e+00   1.7064e+00   7.8017e-01   3.5380e-01 
  1.6049e-01   7.5030e-02   3.6468e-02   1.8291e-02   9.2127e-03 
  4.5764e-03   2.2425e-03   1.1008e-03   5.5336e-04   2.8999e-04 
  1.5937e-04   9.1154e-05   7.6036e-05  -1.9312e-03  -2.1293e-02 


########################
# 00000092
########################
RSS 3743.140214011908
BP 0:
a0:   4.6732e+00   e0:  -6.4890e+00   b0:   1.4483e+02   
P: 
  1.7299e+00   8.2740e-01  -5.8031e-01  -1.2362e+00  -1.9669e+00 
 -5.4634e-01  -2.8952e-02  -8.0339e-01  -6.6822e-01  -7.5003e-02 
  5.3286e-02   2.0090e-01   6.7544e-02  -8.6425e-03   7.3334e-05 
 -3.2384e+00   5.6955e+01   5.1254e+01   7.1980e+01   5.3928e+01 
  5.6511e+01   3.3075e+01   1.6013e+01   2.0198e+01   1.5297e+01 
  7.9638e+00   3.7362e+00   1.7064e+00   7.8017e-01   3.5380e-01 
  1.6049e-01   7.5030e-02   3.6468e-02   1.8291e-02   9.2127e-03 
  4.5764e-03   2.2425e-03   1.1008e-03   5.5336e-04   2.8999e-04 
  1.5937e-04   9.1154e-05   7.6036e-05  -1.6361e-03  -1.8924e-03 


########################
# 00000093
########################
RSS 3776.3337773715366
BP 0:
a0:   4.2722e+00   e0:  -6.2663e+00   b0:   1.2896e+02   
P: 
  1.7299e+00   8.2740e-01  -5.8031e-01  -1.2362e+00  -1.9669e+00 
 -5.4634e-01  -8.8600e-01  -1.0779e+00  -7.4888e-01  -1.1925e-01 
  2.4309e-02   2.3859e-01   3.6202e-02  -2.3331e-02   1.2613e-05 
 -3.2384e+00   5.6955e+01   5.1254e+01   7.1980e+01   5.3928e+01 
  5.6511e+01   3.3075e+01   1.6013e+01   2.0198e+01   1.5297e+01 
  7.9638e+00   3.7362e+00   1.7064e+00   7.8017e-01   3.5380e-01 
  1.6049e-01   7.5030e-02   3.6468e-02   1.8291e-02   9.2127e-03 
  4.5764e-03   2.2425e-03   1.1008e-03   5.5336e-04   2.8999e-04 
  1.5937e-04   9.1154e-05   7.6036e-05  -1.8207e-03  -1.0815e-02 


########################
# 00000094
########################
RSS 3838.4765687323124
BP 0:
a0:   3.6071e+00   e0:  -2.0440e+00   b0:   1.0700e+02   
P: 
  1.7299e+00   8.2740e-01  -5.8031e-01  -1.2362e+00  -1.9669e+00 
 -5.4634e-01  -4.6549e-01  -4.2148e-01  -1.6667e-01  -4.7413e-02 
  7.1066e-02   2.1624e-02   3.2411e-02  -1.8048e-03   2.4196e-04 
 -3.2384e+00   5.6955e+01   5.1254e+01   7.1980e+01   5.3928e+01 
  5.6511e+01   3.3075e+01   1.6013e+01   2.0198e+01   1.5297e+01 
  7.9638e+00   3.7362e+00   1.7064e+00   7.8017e-01   3.5380e-01 
  1.6049e-01   7.5030e-02   3.6468e-02   1.8291e-02   9.2127e-03 
  4.5764e-03   2.2425e-03   1.1008e-03   5.5336e-04   2.8999e-04 
  1.5937e-04   9.1154e-05   7.6036e-05  -1.4187e-03   1.2817e-02 


########################
# 00000095
########################
RSS 3901.763702117061
BP 0:
a0:   4.1501e+00   e0:  -2.9967e+00   b0:   3.5533e+02   
P: 
  1.7299e+00   8.2740e-01  -5.8031e-01  -1.2362e+00  -1.9669e+00 
 -5.4634e-01  -3.2373e-01  -5.8143e-01  -4.0850e-01  -3.3947e-03 
  6.8007e-02   1.7474e-01   1.5484e-02  -1.0407e-02   6.3447e-05 
 -3.2384e+00   5.6955e+01   5.1254e+01   7.1980e+01   5.3928e+01 
  5.6511e+01   3.3075e+01   1.6013e+01   2.0198e+01   1.5297e+01 
  7.9638e+00   3.7362e+00   1.7064e+00   7.8017e-01   3.5380e-01 
  1.6049e-01   7.5030e-02   3.6468e-02   1.8291e-02   9.2127e-03 
  4.5764e-03   2.2425e-03   1.1008e-03   5.5336e-04   2.8999e-04 
  1.5937e-04   9.1154e-05   7.6036e-05  -1.7855e-03   2.3056e-02 


########################
# 00000096
########################
RSS 3973.897684227851
BP 0:
a0:   3.9947e+00   e0:  -1.6441e+00   b0:   3.0769e+02   
P: 
  1.7299e+00   8.2740e-01  -5.8031e-01  -1.2362e+00  -1.9669e+00 
 -5.4634e-01  -4.4830e-01  -4.9072e-01  -3.2151e-01  -1.5257e-01 
  7.1634e-02   1.3440e-01   4.9762e-02  -6.5068e-03   1.5000e-04 
 -3.2384e+00   5.6955e+01   5.1254e+01   7.1980e+01   5.3928e+01 
  5.6511e+01   3.3075e+01   1.6013e+01   2.0198e+01   1.5297e+01 
  7.9638e+00   3.7362e+00   1.7064e+00   7.8017e-01   3.5380e-01 
  1.6049e-01   7.5030e-02   3.6468e-02   1.8291e-02   9.2127e-03 
  4.5764e-03   2.2425e-03   1.1008e-03   5.5336e-04   2.8999e-04 
  1.5937e-04   9.1154e-05   7.6036e-05  -3.0571e-04   1.7961e-02 


########################
# 00000097
########################
RSS 3974.3332734471214
BP 0:
a0:   3.8604e+00   e0:  -2.0371e+00   b0:   2.9033e+02   
P: 
  1.7299e+00   8.2740e-01  -5.8031e-01  -1.2362e+00  -1.9669e+00 
 -5.4634e-01  -7.4782e-01  -6.1782e-01  -2.6933e-01  -6.2228e-02 
  5.4059e-02   1.5451e-01   7.0424e-02  -1.3789e-02   8.3249e-05 
 -3.2384e+00   5.6955e+01   5.1254e+01   7.1980e+01   5.3928e+01 
  5.6511e+01   3.3075e+01   1.6013e+01   2.0198e+01   1.5297e+01 
  7.9638e+00   3.7362e+00   1.7064e+00   7.8017e-01   3.5380e-01 
  1.6049e-01   7.5030e-02   3.6468e-02   1.8291e-02   9.2127e-03 
  4.5764e-03   2.2425e-03   1.1008e-03   5.5336e-04   2.8999e-04 
  1.5937e-04   9.1154e-05   7.6036e-05  -1.6226e-03   3.0875e-02 


########################
# 00000098
########################
RSS 3983.246450499308
BP 0:
a0:   4.1385e+00   e0:  -1.5806e+00   b0:   1.2213e+02   
P: 
  1.7299e+00   8.2740e-01  -5.8031e-01  -1.2362e+00  -1.9669e+00 
 -5.4634e-01  -3.8888e-01  -4.5066e-01  -2.8268e-01  -6.9711e-02 
  1.9269e-02   1.7232e-01   7.2901e-02  -7.1289e-03   2.2613e-04 
 -3.2384e+00   5.6955e+01   5.1254e+01   7.1980e+01   5.3928e+01 
  5.6511e+01   3.3075e+01   1.6013e+01   2.0198e+01   1.5297e+01 
  7.9638e+00   3.7362e+00   1.7064e+00   7.8017e-01   3.5380e-01 
  1.6049e-01   7.5030e-02   3.6468e-02   1.8291e-02   9.2127e-03 
  4.5764e-03   2.2425e-03   1.1008e-03   5.5336e-04   2.8999e-04 
  1.5937e-04   9.1154e-05   7.6036e-05  -1.8222e-03  -6.3588e-04 


########################
# 00000099
########################
RSS 4023.843007347244
BP 0:
a0:   3.7850e+00   e0:  -1.7274e+00   b0:   1.8777e+02   
P: 
  1.7299e+00   8.2740e-01  -5.8031e-01  -1.2362e+00  -1.9669e+00 
 -5.4634e-01  -6.8972e-01  -3.9445e-01  -2.2595e-01  -1.0506e-01 
  3.4988e-02   1.4937e-01   3.1932e-02  -2.0926e-03   9.2065e-05 
 -3.2384e+00   5.6955e+01   5.1254e+01   7.1980e+01   5.3928e+01 
  5.6511e+01   3.3075e+01   1.6013e+01   2.0198e+01   1.5297e+01 
  7.9638e+00   3.7362e+00   1.7064e+00   7.8017e-01   3.5380e-01 
  1.6049e-01   7.5030e-02   3.6468e-02   1.8291e-02   9.2127e-03 
  4.5764e-03   2.2425e-03   1.1008e-03   5.5336e-04   2.8999e-04 
  1.5937e-04   9.1154e-05   7.6036e-05  -1.1366e-03   8.4294e-03 


########################
# 00000100
########################
RSS 4028.0548546327304
BP 0:
a0:   3.9669e+00   e0:  -5.3380e+00   b0:   3.9050e+02   
P: 
  1.7299e+00   8.2740e-01  -5.8031e-01  -1.2362e+00  -1.9669e+00 
 -5.4634e-01  -4.5683e-01  -9.6896e-01  -6.0206e-01  -1.1695e-01 
  1.6298e-02   1.9653e-02   2.0687e-02  -1.4868e-02   4.5520e-05 
 -3.2384e+00   5.6955e+01   5.1254e+01   7.1980e+01   5.3928e+01 
  5.6511e+01   3.3075e+01   1.6013e+01   2.0198e+01   1.5297e+01 
  7.9638e+00   3.7362e+00   1.7064e+00   7.8017e-01   3.5380e-01 
  1.6049e-01   7.5030e-02   3.6468e-02   1.8291e-02   9.2127e-03 
  4.5764e-03   2.2425e-03   1.1008e-03   5.5336e-04   2.8999e-04 
  1.5937e-04   9.1154e-05   7.6036e-05  -1.6886e-03   6.0453e-03 


