RSS:  
2047.2759635097666

P:  
21.4990558841
13.5461720056
-0.250081449065
0.0015978836283
-0.0219592074322
1.2850109587
1.74541653306
-6.76677016625
7.10294524543

Known:
a0:     3.89
e0:     -3.91
B0:     179.99999999949853
EC:     234.000 176.000 176.000  0.000  0.000  0.000 
        176.000 234.000 176.000  0.000  0.000  0.000 
        176.000 176.000 234.000  0.000  0.000  0.000 
         0.000  0.000  0.000 71.200  0.000  0.000 
         0.000  0.000  0.000  0.000 71.200  0.000 
         0.000  0.000  0.000  0.000  0.000 71.200 

Calculated:
a0:     4.005382561476623
e0:     -3.9229736256032877
B0:     254.50700323314135
EC:     233.542 160.810 160.810  0.000  0.000  0.000 
        160.810 233.542 160.810  0.000  0.000  0.000 
        160.810 160.810 233.542  0.000  0.000  0.000 
         0.000  0.000  0.000 46.379  0.000  0.000 
         0.000  0.000  0.000  0.000 46.379  0.000 
         0.000  0.000  0.000  0.000  0.000 46.379 



