RSS:  
1369.3233472179177

P:  
0.0393373
-0.000288853
-0.0244058
-0.0149543
-0.238592
-0.33277
-0.425907
-0.128109
0.063006
0.0302028
-0.0453023
-0.126803
-0.00111602
-1.94939
30.3556
24.3362
34.9576
16.2303
17.8579
7.66438
1.23998
0.442521
0.109044
0.0200536
0.00229621
0.00255827
0.00108766
7.98819e-05
4.18825e-05
4.4069e-05
2.64139e-06
1.10246e-06
6.35152e-07
3.87506e-07
2.28071e-07
1.2762e-07
6.80333e-08
3.47101e-08
-0.0641612
0.000984328

Known:
a0:     3.42
e0:     -4.27
B0:     221.99999999938152
EC:     365.600 141.600 141.600  0.000  0.000  0.000 
        141.600 365.600 141.600  0.000  0.000  0.000 
        141.600 141.600 365.600  0.000  0.000  0.000 
         0.000  0.000  0.000 186.000  0.000  0.000 
         0.000  0.000  0.000  0.000 186.000  0.000 
         0.000  0.000  0.000  0.000  0.000 186.000 

Calculated:
a0:     3.6083363702124784
e0:     -4.345024490284658
B0:     250.22284357204282
EC:     355.262 132.625 132.625  0.000  0.000  0.000 
        132.625 355.262 132.625  0.000  0.000  0.000 
        132.625 132.625 355.262  0.000  0.000  0.000 
         0.000  0.000  0.000 116.333  0.000  0.000 
         0.000  0.000  0.000  0.000 116.333  0.000 
         0.000  0.000  0.000  0.000  0.000 116.333 



