---START---
00000001
PARAMETERS 
21
0.0264729231497
-0.0967248637097
-0.0366283476357
0.166372527406
0.0684173540801
-0.572527685836
-0.403378116422
-0.00191651233892
0.113063801467
0.000853004176229
0.070007780507
0.0677586425801
-0.0159424244736
-0.000979196022315
2.76331156404e-06
-5.57288406697e-05
0.263654687674
3.96896448183
-5.41779437528
1.17400539641
0.0517041924961
RSS 16031.233266588157
BP MaxDensity 6.069420209143732e-05
EFS MaxDensity 8.350944468464889e-05
a0 3.285498984282117
e0 -4.626143277528056
b0 275.181919435082
---END---
---START---
00000002
PARAMETERS 
21
0.0265566080869
-0.0958738729569
-0.036918460207
0.165007605973
0.0682084460822
-0.569714637817
-0.402955607638
-0.00186511051558
0.113275076767
0.000855496295975
0.0703940841717
0.0681915176307
-0.0159774900374
-0.000982684891255
2.75594787535e-06
-5.39052520353e-05
0.264132684663
3.95917435925
-5.42749187976
1.18428953592
0.0527622764671
RSS 16194.642319077875
BP MaxDensity 6.069420209143732e-05
EFS MaxDensity 8.350944468464889e-05
a0 3.296423523207975
e0 -4.599160999216963
b0 275.9146821387336
---END---
---START---
00000003
PARAMETERS 
21
0.0268247907623
-0.0950072474106
-0.0372312625309
0.159588697491
0.0677948143649
-0.570103347377
-0.404730694252
-0.00178118548775
0.113491823291
0.00084596568332
0.071687219987
0.0694307539051
-0.016021752683
-0.000976809602919
2.70236704549e-06
-5.20687641134e-05
0.26304336876
3.95892186159
-5.45776713459
1.18469372133
0.0530270399201
RSS 16625.864670239574
BP MaxDensity 6.069420209143732e-05
EFS MaxDensity 8.350944468464889e-05
a0 3.3179025069017425
e0 -4.5696599437720025
b0 258.84991555214896
---END---
---START---
00000004
PARAMETERS 
21
0.0266243212519
-0.0924198934204
-0.0375314474557
0.14943231555
0.068731500791
-0.565421133355
-0.404543247307
-0.00170909643465
0.113913303903
0.000848247009382
0.0730317039773
0.0706481730362
-0.0160767663313
-0.000946040602615
2.46474297519e-06
-5.14094645074e-05
0.265167059585
3.97283906659
-5.45167707029
1.16994398721
0.0534489262848
RSS 17520.735864156257
BP MaxDensity 6.069420209143732e-05
EFS MaxDensity 8.350944468464889e-05
a0 3.357355673145253
e0 -4.500736269982091
b0 217.55376028399388
---END---
---START---
00000005
PARAMETERS 
21
0.0274520716035
-0.0837727090979
-0.04008906026
0.146012437989
0.0685018465277
-0.543763074016
-0.396709386142
-0.00150267524755
0.115026864684
0.000835008613012
0.0723712498732
0.0702268022515
-0.0165274182984
-0.0008855336441
3.35132348049e-06
-5.83199557128e-05
0.275366832079
4.00457164025
-5.39302887618
1.10885149729
0.0588703311221
RSS 17587.27127020097
BP MaxDensity 6.069420209143732e-05
EFS MaxDensity 8.350944468464889e-05
a0 3.385252623364594
e0 -4.461226235401802
b0 277.93450301518124
---END---
---START---
00000006
PARAMETERS 
21
0.0274827698471
-0.0839083375261
-0.041036348421
0.146012295412
0.0685018618933
-0.543762096887
-0.396709032014
-0.00150402509522
0.115026884443
0.000834974366948
0.0723710039986
0.0702269560529
-0.0165259229393
-0.000885527252552
3.39725484713e-06
-5.82637537336e-05
0.275410688256
4.00457131405
-5.39302780311
1.10786672511
0.10095433475
RSS 17593.356029100214
BP MaxDensity 6.069420209143732e-05
EFS MaxDensity 8.350944468464889e-05
a0 3.3834760119931646
e0 -4.47236860463302
b0 277.94460975715344
---END---
---START---
00000007
PARAMETERS 
21
0.0274828824966
-0.0839081572161
-0.0410435113944
0.146012398524
0.0685018135071
-0.54376286955
-0.396709102399
-0.00150018017304
0.115026862671
0.000834981709969
0.072371271511
0.0702270179571
-0.0165258894433
-0.000885532715866
3.39720295178e-06
-5.83199105427e-05
0.275366223789
4.00457157572
-5.39302862914
1.10786583086
0.100954777656
RSS 17593.511045036572
BP MaxDensity 6.069420209143732e-05
EFS MaxDensity 8.350944468464889e-05
a0 3.38353613891569
e0 -4.472475245158896
b0 278.18361601090373
---END---
---START---
00000008
PARAMETERS 
21
0.0274827361448
-0.0839078409414
-0.0410375014424
0.146013441957
0.0685018151744
-0.543763764264
-0.396710930347
-0.00150018034476
0.11502686865
0.000834971668888
0.0723712528227
0.070226847025
-0.0165274139354
-0.000885533986876
3.39716032019e-06
-5.83196641093e-05
0.275410537363
4.00457157021
-5.39302871996
1.10787892194
0.100954300296
RSS 17593.762188750014
BP MaxDensity 6.069420209143732e-05
EFS MaxDensity 8.350944468464889e-05
a0 3.3835592864996067
e0 -4.472411108429116
b0 278.15938572799075
---END---
---START---
00000009
PARAMETERS 
21
0.0274828234578
-0.0839079565013
-0.0410434910885
0.146012169716
0.068501827873
-0.543763239661
-0.396709107097
-0.00150017944598
0.115026854242
0.000834979085129
0.0723712504975
0.0702270451671
-0.0165274172224
-0.000885533672824
3.39716609176e-06
-5.83200280269e-05
0.275366257757
4.00251153985
-5.39302848504
1.10786537792
0.100953808098
RSS 17593.829410219874
BP MaxDensity 6.069420209143732e-05
EFS MaxDensity 8.350944468464889e-05
a0 3.383498210088079
e0 -4.472696029236725
b0 278.2075980011955
---END---
---START---
00000010
PARAMETERS 
21
0.0274827638493
-0.083908717109
-0.0410434702339
0.14601261314
0.0685018315028
-0.543763659763
-0.396708936041
-0.00150408057369
0.115026893266
0.00083498091614
0.0723713075837
0.0702270585632
-0.0165274126826
-0.000885534783004
3.39722313072e-06
-5.82647040746e-05
0.275411322997
4.00251162322
-5.39302813225
1.10786697577
0.100954566511
RSS 17593.890989505737
BP MaxDensity 6.069420209143732e-05
EFS MaxDensity 8.350944468464889e-05
a0 3.3834138080017824
e0 -4.472676345900705
b0 277.86335428215926
---END---
---START---
00000011
PARAMETERS 
21
0.0274828776763
-0.0839081649684
-0.0410435094091
0.146012406201
0.0685017756579
-0.543763191713
-0.396708774331
-0.00150018550751
0.115026883998
0.000834982813768
0.0723712657902
0.0702270399187
-0.0165258823912
-0.000885532609262
3.39716957564e-06
-5.8264641189e-05
0.275410872644
4.00457111884
-5.39303047221
1.10786598892
0.100954270666
RSS 17593.9790381991
BP MaxDensity 6.069420209143732e-05
EFS MaxDensity 8.350944468464889e-05
a0 3.3835026377944972
e0 -4.472480014708221
b0 277.97620443895784
---END---
---START---
00000012
PARAMETERS 
21
0.0274828418422
-0.0839080091583
-0.0410360799011
0.146012327167
0.0685015840304
-0.543763289188
-0.396709208612
-0.00150407970408
0.115052186415
0.000834981385768
0.0723712347437
0.0702268608769
-0.01652741406
-0.000885533474773
3.39717442127e-06
-5.83198038043e-05
0.275366253237
4.0045717683
-5.39301657181
1.10786464121
0.100954156851
RSS 17593.98905862697
BP MaxDensity 6.069420209143732e-05
EFS MaxDensity 8.350944468464889e-05
a0 3.383254217074641
e0 -4.472136111573709
b0 277.32488968837225
---END---
---START---
00000013
PARAMETERS 
21
0.0274828794856
-0.083908493673
-0.0410434860478
0.146012372949
0.0685015486894
-0.543763517851
-0.396708572622
-0.001504019262
0.115052636984
0.000834982639387
0.0723712651601
0.0702269446836
-0.0165274150518
-0.000885529115397
3.39724441895e-06
-5.83201796934e-05
0.275366210682
4.00250968667
-5.39302951133
1.10786339479
0.100954312016
RSS 17594.10833869305
BP MaxDensity 6.069420209143732e-05
EFS MaxDensity 8.350944468464889e-05
a0 3.3831957695409796
e0 -4.4724420238872
b0 277.3255491443219
---END---
---START---
00000014
PARAMETERS 
21
0.0274827200596
-0.0839082490279
-0.0410435062367
0.146012532039
0.0685018387561
-0.543763492876
-0.39670988783
-0.00150018705135
0.115052314346
0.00083497449491
0.0723714549235
0.0702267972117
-0.0165259024978
-0.0008855339754
3.3971944653e-06
-5.82652405896e-05
0.27536623291
4.00457065453
-5.39300971773
1.10786523893
0.10095352248
RSS 17594.711786473326
BP MaxDensity 6.069420209143732e-05
EFS MaxDensity 8.350944468464889e-05
a0 3.383282625953338
e0 -4.472214855719618
b0 277.1276268929545
---END---
---START---
00000015
PARAMETERS 
21
0.0273892626304
-0.0839081089342
-0.0410435098879
0.146012485383
0.0685018597535
-0.543763040863
-0.396709171305
-0.0015033160355
0.115026876268
0.000834763653829
0.0723712630578
0.0702197653658
-0.0165268432128
-0.000885533367819
3.39719212228e-06
-5.83486309489e-05
0.275398734218
4.00452760711
-5.39302873232
1.10798207003
0.101041596135
RSS 17597.28781832431
BP MaxDensity 6.069420209143732e-05
EFS MaxDensity 8.350944468464889e-05
a0 3.3835253249597153
e0 -4.473608042935469
b0 275.60285416839173
---END---
---START---
00000016
PARAMETERS 
21
0.0273825686511
-0.0839078519935
-0.0410435365732
0.146012046456
0.0685018076062
-0.543836870938
-0.396710190506
-0.00150017969369
0.115026857933
0.00083498171228
0.0723712352353
0.0702213306588
-0.0165274129447
-0.000885533714044
3.39714883262e-06
-5.83200356328e-05
0.275410821621
4.00478384557
-5.39302698802
1.10786504512
0.101037737285
RSS 17597.902431720602
BP MaxDensity 6.069420209143732e-05
EFS MaxDensity 8.350944468464889e-05
a0 3.383047010838502
e0 -4.474693699296602
b0 275.91201614275974
---END---
---START---
00000017
PARAMETERS 
21
0.0273825646523
-0.0839082530514
-0.0410375794589
0.146007265982
0.0685019035457
-0.543780107023
-0.396709177101
-0.00150409307616
0.115026898254
0.000835002729888
0.072371257445
0.0702211660293
-0.0165274186197
-0.000885532670039
3.35091031096e-06
-5.83200196954e-05
0.275366273355
4.00457121282
-5.39302702106
1.10786606038
0.100954463965
RSS 17598.272756394857
BP MaxDensity 6.069420209143732e-05
EFS MaxDensity 8.350944468464889e-05
a0 3.3833665970128464
e0 -4.4739265604235054
b0 275.79607299953153
---END---
---START---
00000018
PARAMETERS 
21
0.0274828020444
-0.0839082318625
-0.0410435063199
0.146005453747
0.0685015657824
-0.543547514199
-0.396709258473
-0.00150420349109
0.115026878523
0.000834968683686
0.0723712808676
0.0702268166637
-0.0165252236203
-0.000885697236627
3.35112952643e-06
-5.83198895168e-05
0.275366199775
4.00251383941
-5.3930289822
1.10786652236
0.101049083565
RSS 17598.416993780153
BP MaxDensity 6.069420209143732e-05
EFS MaxDensity 8.350944468464889e-05
a0 3.3848949979585177
e0 -4.470235826091994
b0 278.7785156966794
---END---
---START---
00000019
PARAMETERS 
21
0.0273899032304
-0.0839081532446
-0.0410435144073
0.146004669673
0.0685020162414
-0.543763402392
-0.396709053302
-0.00150405371372
0.115026880376
0.000835010464798
0.0723712431816
0.0702268612493
-0.0165252640086
-0.000885695396618
3.39718210199e-06
-5.8327539272e-05
0.275407064274
4.00465249371
-5.39316284755
1.10786407417
0.101047498664
RSS 17598.729980801338
BP MaxDensity 6.069420209143732e-05
EFS MaxDensity 8.350944468464889e-05
a0 3.383437197137117
e0 -4.474203801576964
b0 278.2141030190852
---END---
---START---
00000020
PARAMETERS 
21
0.0273891759161
-0.0839081786646
-0.0410362273509
0.146012475124
0.0685018547991
-0.543763251461
-0.396709028342
-0.00150405791491
0.115026863886
0.000835020283889
0.0723712429294
0.0702267976016
-0.0165258823912
-0.000885706856748
3.39717762889e-06
-5.8264641189e-05
0.275366203966
4.00457170373
-5.39301639189
1.10786598892
0.100954375154
RSS 17599.169907959695
BP MaxDensity 6.069420209143732e-05
EFS MaxDensity 8.350944468464889e-05
a0 3.3834047559054268
e0 -4.4741158020709255
b0 277.9221260516341
---END---
---START---
00000021
PARAMETERS 
21
0.0273825436974
-0.083908204172
-0.0410434770705
0.146012331831
0.0685018591005
-0.543763115294
-0.396709152736
-0.00150413198207
0.115030819212
0.000834991921369
0.072371242862
0.0702268014366
-0.0165251145941
-0.000885712106593
3.39718388568e-06
-5.83342761609e-05
0.275408515968
4.00456865835
-5.39303075875
1.10786549282
0.100954307675
RSS 17599.238718079738
BP MaxDensity 6.069420209143732e-05
EFS MaxDensity 8.350944468464889e-05
a0 3.383383087288077
e0 -4.474329686069818
b0 278.0899950661245
---END---
---START---
00000022
PARAMETERS 
21
0.027389603016
-0.0839081846722
-0.0410362957773
0.146008026153
0.0685018530122
-0.543763423445
-0.396705489013
-0.00150413841379
0.115037076951
0.0008349976257
0.0723712493515
0.0702268920924
-0.0165274174451
-0.000885533577175
3.39724445882e-06
-5.82644438925e-05
0.275410821864
4.00457097907
-5.39302965714
1.10786564017
0.100954327925
RSS 17599.569366129017
BP MaxDensity 6.069420209143732e-05
EFS MaxDensity 8.350944468464889e-05
a0 3.3832575390566655
e0 -4.474014814288422
b0 277.60108801509745
---END---
---START---
00000023
PARAMETERS 
21
0.0273825614679
-0.0839086005991
-0.0410434812817
0.146012490905
0.0685015915064
-0.543763874055
-0.396708574003
-0.00150406104247
0.115052332429
0.000834983069852
0.072371262409
0.0702263766287
-0.0165251594162
-0.000885532792771
3.39721553151e-06
-5.8325365499e-05
0.275366185814
4.00456970565
-5.39300432276
1.10786405467
0.100953675114
RSS 17599.607854506798
BP MaxDensity 6.069420209143732e-05
EFS MaxDensity 8.350944468464889e-05
a0 3.383170116157277
e0 -4.4740883414343084
b0 277.2719218523615
---END---
---START---
00000024
PARAMETERS 
21
0.0273826026221
-0.0839088316271
-0.041043503449
0.146012676109
0.0685018179758
-0.543763622299
-0.396707840239
-0.00150018892715
0.115026871156
0.000834975681464
0.0723714602687
0.0702267699915
-0.016525897261
-0.0008855342549
3.39710780124e-06
-5.83201617404e-05
0.275411304477
4.00457066127
-5.39300182995
1.10786525446
0.100954513789
RSS 17599.781409461262
BP MaxDensity 6.069420209143732e-05
EFS MaxDensity 8.350944468464889e-05
a0 3.383442736307811
e0 -4.4743324233011155
b0 278.11930947831445
---END---
---START---
00000025
PARAMETERS 
21
0.0273891057874
-0.0839081944662
-0.0410435004642
0.146012246161
0.0685018371105
-0.543762814217
-0.396709114431
-0.00150421582943
0.115026903215
0.000834981815211
0.0723712478554
0.0702267777302
-0.0165274158311
-0.000885714143199
3.3507023931e-06
-5.83207452539e-05
0.275366195082
4.00462298485
-5.39303022816
1.10786560705
0.100954341505
RSS 17600.062727983517
BP MaxDensity 6.069420209143732e-05
EFS MaxDensity 8.350944468464889e-05
a0 3.3833895019438947
e0 -4.474228073802854
b0 277.9585226222548
---END---
---START---
00000026
PARAMETERS 
21
0.0273825507506
-0.0839082780577
-0.0410362925692
0.146012411181
0.0685016124956
-0.543762307129
-0.396709111395
-0.00150018071734
0.115026882322
0.000834968583463
0.0723712147135
0.0702269926771
-0.0165274151313
-0.000885533608928
3.3970691146e-06
-5.83198119903e-05
0.275409989183
4.00250674322
-5.39302843029
1.10786583443
0.100954324377
RSS 17600.20961704777
BP MaxDensity 6.069420209143732e-05
EFS MaxDensity 8.350944468464889e-05
a0 3.383444086369555
e0 -4.474474658578129
b0 278.3368772225177
---END---
---START---
00000027
PARAMETERS 
21
0.0273826099675
-0.0839089265022
-0.0410434986506
0.146012508232
0.0685018006988
-0.543763802992
-0.396707754903
-0.00150018704802
0.115026843514
0.000834982605124
0.0723713442349
0.0702267550237
-0.016527412486
-0.000885533586983
3.39721822979e-06
-5.83201774024e-05
0.27536610424
4.00457063964
-5.39303123834
1.10786458991
0.100954551268
RSS 17600.274671473508
BP MaxDensity 6.069420209143732e-05
EFS MaxDensity 8.350944468464889e-05
a0 3.3834351570372525
e0 -4.474343428841214
b0 278.16181264272996
---END---
---START---
00000028
PARAMETERS 
21
0.0273891057874
-0.0839085600921
-0.0410434876389
0.146012578454
0.0685018335577
-0.543736549473
-0.396708513385
-0.00150018705414
0.115026885148
0.000835009052655
0.0723712437427
0.0702270350511
-0.0165252140387
-0.000885534138349
3.3507023931e-06
-5.8319995081e-05
0.275407659412
4.00457018242
-5.39302793216
1.10786498678
0.100954327596
RSS 17600.298413050572
BP MaxDensity 6.069420209143732e-05
EFS MaxDensity 8.350944468464889e-05
a0 3.383615629134474
e0 -4.473952967134092
b0 278.2567568930121
---END---
---START---
00000029
PARAMETERS 
21
0.0273826100712
-0.0839089009142
-0.0410434892467
0.146012563947
0.0685018031625
-0.543763802896
-0.396707860656
-0.00150018680414
0.115026858897
0.000834982525989
0.072371328389
0.0702267722646
-0.0165274117818
-0.000885533966208
3.39721761255e-06
-5.83202061418e-05
0.275366149819
4.00457035957
-5.39303029728
1.10786493461
0.100954499079
RSS 17600.30120749651
BP MaxDensity 6.069420209143732e-05
EFS MaxDensity 8.350944468464889e-05
a0 3.383436301719121
e0 -4.474347128208098
b0 278.1756611872784
---END---
---START---
00000030
PARAMETERS 
21
0.0273826026221
-0.0839088316271
-0.041043503449
0.146012676109
0.0685018179758
-0.543763622299
-0.396707840239
-0.00150018892715
0.115026871156
0.000834982547787
0.0723713201974
0.0702267699915
-0.0165274113872
-0.0008855342549
3.39722815344e-06
-5.83201617404e-05
0.275366163114
4.00457066127
-5.39302978031
1.10786525446
0.100954513789
RSS 17600.312970218627
BP MaxDensity 6.069420209143732e-05
EFS MaxDensity 8.350944468464889e-05
a0 3.3834365570600586
e0 -4.47434801583026
b0 278.1782021500811
---END---
---START---
00000031
PARAMETERS 
21
0.0273826012351
-0.0839087384416
-0.0410434922376
0.146012654299
0.0685018021662
-0.543763707802
-0.396707920177
-0.00150018979444
0.115026862818
0.00083498224877
0.0723713109991
0.0702267791862
-0.0165274108663
-0.000885533953791
3.39723050992e-06
-5.83200926643e-05
0.275366186486
4.00457037138
-5.39302928302
1.10786555376
0.100954528963
RSS 17600.3376689226
BP MaxDensity 6.069420209143732e-05
EFS MaxDensity 8.350944468464889e-05
a0 3.383437213817609
e0 -4.474352453910541
b0 278.18590408136924
---END---
---START---
00000032
PARAMETERS 
21
0.0273825932198
-0.0839087005436
-0.0410434858973
0.146012655474
0.0685018104604
-0.543763866808
-0.396707950601
-0.001500188927
0.115026861149
0.000834982617525
0.0723712953775
0.0702267688931
-0.0165274126171
-0.000885533908162
3.39723772024e-06
-5.83201178866e-05
0.275366180006
4.00457015849
-5.39302875455
1.10786590239
0.100954577856
RSS 17600.337676945135
BP MaxDensity 6.069420209143732e-05
EFS MaxDensity 8.350944468464889e-05
a0 3.383436522471484
e0 -4.474355661001648
b0 278.18653137393665
---END---
---START---
00000033
PARAMETERS 
21
0.0273825742959
-0.0839087707386
-0.0410434699507
0.14601248993
0.0685018198471
-0.543763616251
-0.39670837023
-0.00150018245754
0.115026866788
0.000834983185322
0.0723712979077
0.0702267290562
-0.016527414845
-0.000885534043359
3.39723969569e-06
-5.83201680297e-05
0.275366142275
4.00457003222
-5.3930300746
1.10786545542
0.100954570309
RSS 17600.347214381014
BP MaxDensity 6.069420209143732e-05
EFS MaxDensity 8.350944468464889e-05
a0 3.3834449906076975
e0 -4.474348901397594
b0 278.1835427376433
---END---
---START---
00000034
PARAMETERS 
21
0.027382593986
-0.083908717109
-0.0410434702339
0.14601261314
0.0685018315028
-0.543763659763
-0.396708066956
-0.00150018599359
0.115026893266
0.000834983445439
0.0723713075837
0.0702267813498
-0.0165274126826
-0.000885533614169
3.39722313072e-06
-5.83201354762e-05
0.275366230986
4.00456952107
-5.39302813225
1.10786556036
0.100954566511
RSS 17600.35553000998
BP MaxDensity 6.069420209143732e-05
EFS MaxDensity 8.350944468464889e-05
a0 3.3834395444503698
e0 -4.474353146267937
b0 278.1922559201729
---END---
---START---
00000035
PARAMETERS 
21
0.0273825934458
-0.0839086732653
-0.0410434699233
0.146012682713
0.0685018382233
-0.543763655089
-0.396708061699
-0.00150018743751
0.115026884977
0.000834983147368
0.0723713008456
0.0702267752874
-0.0165274109772
-0.000885533275275
3.39723384292e-06
-5.83201086129e-05
0.275366224671
4.0045698325
-5.39302840269
1.1078657667
0.100954554315
RSS 17600.356124950573
BP MaxDensity 6.069420209143732e-05
EFS MaxDensity 8.350944468464889e-05
a0 3.3834395041397913
e0 -4.474353692900681
b0 278.1894574915352
---END---
---START---
00000036
PARAMETERS 
21
0.0273825749278
-0.083908675516
-0.0410434749127
0.146012616821
0.0685018363168
-0.543763749349
-0.39670823662
-0.00150018459289
0.11502686916
0.000834982942889
0.0723712806305
0.0702267444116
-0.0165274124926
-0.000885534109196
3.3972330022e-06
-5.83201208682e-05
0.27536618663
4.00456974894
-5.3930289814
1.10786520557
0.100954571775
RSS 17600.36008457172
BP MaxDensity 6.069420209143732e-05
EFS MaxDensity 8.350944468464889e-05
a0 3.383441760682916
e0 -4.47435545289244
b0 278.19154333080127
---END---
---START---
00000037
PARAMETERS 
21
0.0273825998477
-0.083908631333
-0.0410434958777
0.146012679978
0.0685018186978
-0.543763856806
-0.396708091132
-0.00150018841872
0.115026864444
0.00083498260318
0.0723712847692
0.0702267552521
-0.0165274147233
-0.000885534153882
3.39724855149e-06
-5.83200437897e-05
0.275366165508
4.00457004593
-5.39302967253
1.10786556732
0.100954530585
RSS 17600.36030059306
BP MaxDensity 6.069420209143732e-05
EFS MaxDensity 8.350944468464889e-05
a0 3.383438412984215
e0 -4.474358728769839
b0 278.19292996165257
---END---
---START---
00000038
PARAMETERS 
21
0.0273825819671
-0.083908596518
-0.0410435164717
0.146012707954
0.0685018239699
-0.543764055518
-0.396708290986
-0.00150018548845
0.115026899593
0.000834982546919
0.0723713081031
0.0702267419894
-0.0165274115493
-0.000885534245173
3.39721872808e-06
-5.83200521487e-05
0.275366171458
4.0045695903
-5.39303088893
1.1078658464
0.100954498286
RSS 17600.36178486565
BP MaxDensity 6.069420209143732e-05
EFS MaxDensity 8.350944468464889e-05
a0 3.383439581770777
e0 -4.474358211199905
b0 278.1775177951341
---END---
---START---
00000039
PARAMETERS 
21
0.0273825868312
-0.0839086414201
-0.0410434938147
0.146012592061
0.0685018300582
-0.543763932455
-0.396708179746
-0.00150018709244
0.115026867383
0.000834982549567
0.0723712803675
0.0702267543002
-0.0165274148398
-0.000885533843078
3.39723576937e-06
-5.83200352016e-05
0.27536618436
4.00456988142
-5.39302945576
1.10786530856
0.100954545162
RSS 17600.36187858232
BP MaxDensity 6.069420209143732e-05
EFS MaxDensity 8.350944468464889e-05
a0 3.3834395243350097
e0 -4.474358704658038
b0 278.19199175409886
---END---
---START---
00000040
PARAMETERS 
21
0.0273825828214
-0.083908666871
-0.0410435084005
0.146012650728
0.0685018345455
-0.543764028087
-0.39670825061
-0.00150018701176
0.115026883502
0.000834982937987
0.072371294794
0.0702267580794
-0.0165274130674
-0.000885534223881
3.39722499685e-06
-5.83200746818e-05
0.275366135908
4.00456997168
-5.39303029173
1.10786549194
0.100954487253
RSS 17600.36263565779
BP MaxDensity 6.069420209143732e-05
EFS MaxDensity 8.350944468464889e-05
a0 3.3834393150069015
e0 -4.474359068934483
b0 278.189071677444
---END---
---START---
00000041
PARAMETERS 
21
0.0273825927801
-0.0839087138974
-0.0410434793027
0.146012699828
0.0685018227733
-0.54376384915
-0.396708213785
-0.00150018488501
0.115026876265
0.000834982920664
0.0723712859203
0.0702267664289
-0.0165274132932
-0.000885533530966
3.39722368224e-06
-5.83200744101e-05
0.275366225671
4.00457014659
-5.39302871474
1.10786570602
0.100954486506
RSS 17600.363424961375
BP MaxDensity 6.069420209143732e-05
EFS MaxDensity 8.350944468464889e-05
a0 3.3834400698695046
e0 -4.4743569032826755
b0 278.19484787413535
---END---
---START---
00000042
PARAMETERS 
21
0.0273825868444
-0.0839086086537
-0.0410434793471
0.146012700923
0.0685018317292
-0.543764156523
-0.396708297661
-0.00150018890665
0.115026864273
0.000834982823739
0.0723712835039
0.0702267398906
-0.0165274152173
-0.000885533923982
3.39722632198e-06
-5.83200109161e-05
0.275366134321
4.0045701531
-5.39302972837
1.10786490513
0.100954500477
RSS 17600.363596695417
BP MaxDensity 6.069420209143732e-05
EFS MaxDensity 8.350944468464889e-05
a0 3.383439567214449
e0 -4.474361245809701
b0 278.18776861803946
---END---
---START---
00000043
PARAMETERS 
21
0.0273825747031
-0.0839085798237
-0.0410435008781
0.146012621775
0.0685018282968
-0.54376388824
-0.396708224366
-0.00150018439231
0.115026855651
0.000834982626893
0.0723712893547
0.0702267437367
-0.0165274149605
-0.00088553413572
3.39721488469e-06
-5.83201192252e-05
0.275366224495
4.00456993343
-5.39302868001
1.10786549063
0.100954532047
RSS 17600.366419126134
BP MaxDensity 6.069420209143732e-05
EFS MaxDensity 8.350944468464889e-05
a0 3.3834405048288763
e0 -4.474358634370622
b0 278.1878944092138
---END---
---START---
00000044
PARAMETERS 
21
0.0273825781202
-0.083908621882
-0.0410434867288
0.146012594088
0.0685018361149
-0.54376380522
-0.396708323528
-0.00150018478255
0.115026861666
0.000834982659053
0.0723712816434
0.0702267514723
-0.0165274130406
-0.000885534054929
3.39722324203e-06
-5.83200702163e-05
0.27536620973
4.00457002951
-5.39302883468
1.10786562083
0.100954507728
RSS 17600.375485837856
BP MaxDensity 6.069420209143732e-05
EFS MaxDensity 8.350944468464889e-05
a0 3.383442108069688
e0 -4.4743582171746965
b0 278.1955975580528
---END---
---START---
00000045
PARAMETERS 
21
0.0273825884434
-0.0839086336175
-0.0410434590336
0.146012482692
0.0685018297281
-0.543763804306
-0.396708125831
-0.00150018838603
0.115026898878
0.000834983340521
0.0723712917551
0.070226786973
-0.0165274143026
-0.000885533928218
3.39721118656e-06
-5.83200570416e-05
0.275366184939
4.00456968569
-5.39302724159
1.10786572364
0.100954527342
RSS 17600.37561424508
BP MaxDensity 6.069420209143732e-05
EFS MaxDensity 8.350944468464889e-05
a0 3.3834390477197065
e0 -4.474358851585003
b0 278.2016986665709
---END---
---START---
00000046
PARAMETERS 
21
0.0273825660517
-0.0839086047728
-0.0410434759701
0.146012481894
0.0685018464557
-0.543763880766
-0.396708261166
-0.00150018265312
0.115026854868
0.00083498230721
0.0723712767052
0.070226764103
-0.0165274136621
-0.0008855343333
3.39722258047e-06
-5.83200291926e-05
0.275366184464
4.0045703076
-5.39302910764
1.10786515069
0.100954559879
RSS 17600.382961073552
BP MaxDensity 6.069420209143732e-05
EFS MaxDensity 8.350944468464889e-05
a0 3.3834409442263267
e0 -4.474361084648951
b0 278.20320706732235
---END---
---START---
00000047
PARAMETERS 
21
0.0273825495486
-0.0839086380009
-0.0410434744091
0.146012556432
0.0685018313441
-0.543763794321
-0.396708580392
-0.00150018236729
0.115026864178
0.000834982399207
0.0723712674911
0.0702267195095
-0.0165274186864
-0.000885533603081
3.39719530045e-06
-5.83201655032e-05
0.275366232563
4.00456982475
-5.39302944231
1.10786523554
0.100954489086
RSS 17600.38799590383
BP MaxDensity 6.069420209143732e-05
EFS MaxDensity 8.350944468464889e-05
a0 3.3834462708194146
e0 -4.474357931880831
b0 278.1967536049653
---END---
---START---
00000048
PARAMETERS 
21
0.0273825648419
-0.0839085471847
-0.0410434804455
0.146012476173
0.068501842932
-0.543763982375
-0.396708471151
-0.00150018269169
0.115026853253
0.000834982367692
0.0723712946832
0.070226749106
-0.0165274127882
-0.000885534154056
3.39722194231e-06
-5.832011815e-05
0.275366234591
4.00457029826
-5.39302976465
1.10786604636
0.100954502061
RSS 17600.388178455934
BP MaxDensity 6.069420209143732e-05
EFS MaxDensity 8.350944468464889e-05
a0 3.3834433641841346
e0 -4.474360704190862
b0 278.1932088000839
---END---
---START---
00000049
PARAMETERS 
21
0.0273825700314
-0.0839086073406
-0.0410434880189
0.146012485784
0.0685018257785
-0.543763581457
-0.396708339951
-0.00150018484583
0.115026850283
0.000834982988722
0.0723712892366
0.0702267677147
-0.0165274106139
-0.000885534396821
3.39722552059e-06
-5.83199964937e-05
0.275366228855
4.00457016244
-5.39302996815
1.10786526121
0.10095444716
RSS 17600.389804884024
BP MaxDensity 6.069420209143732e-05
EFS MaxDensity 8.350944468464889e-05
a0 3.3834442028608476
e0 -4.4743564922922365
b0 278.2001693672889
---END---
---START---
00000050
PARAMETERS 
21
0.0273825587413
-0.0839086396055
-0.0410435137855
0.146012725125
0.0685018217928
-0.543763881525
-0.396708499209
-0.00150018507849
0.115026908204
0.000834983531582
0.0723712566186
0.0702267444667
-0.016527415995
-0.000885534548272
3.39720441971e-06
-5.83200042681e-05
0.27536615672
4.00456991724
-5.39302920133
1.10786488032
0.100954389343
RSS 17600.398651955584
BP MaxDensity 6.069420209143732e-05
EFS MaxDensity 8.350944468464889e-05
a0 3.3834433384181706
e0 -4.474361575807176
b0 278.2034722281364
---END---
---START---
00000051
PARAMETERS 
21
0.0273825511491
-0.0839086272385
-0.0410434857511
0.146012614627
0.0685018316903
-0.543763707575
-0.396708527199
-0.0015001835451
0.115026868924
0.000834982598038
0.0723712596116
0.0702267360248
-0.0165274186319
-0.000885533563993
3.39719402371e-06
-5.83201498313e-05
0.275366231857
4.0045701849
-5.39302931055
1.10786539404
0.100954434172
RSS 17600.39879284103
BP MaxDensity 6.069420209143732e-05
EFS MaxDensity 8.350944468464889e-05
a0 3.383445731749179
e0 -4.474359120630023
b0 278.2040675532832
---END---
---START---
00000052
PARAMETERS 
21
0.0273825788918
-0.0839085170781
-0.0410434749054
0.146012367401
0.0685018420734
-0.543763781481
-0.396708433452
-0.00150018330199
0.115026861763
0.000834982632326
0.0723712968397
0.0702267647595
-0.0165274103553
-0.000885534246876
3.3972259724e-06
-5.8320050474e-05
0.275366177998
4.00456975884
-5.3930304743
1.10786492634
0.100954398572
RSS 17600.3989362998
BP MaxDensity 6.069420209143732e-05
EFS MaxDensity 8.350944468464889e-05
a0 3.383444453586055
e0 -4.47435935828796
b0 278.1991349511927
---END---
---START---
00000053
PARAMETERS 
21
0.0273825749932
-0.0839085649301
-0.0410434849562
0.146012616158
0.0685018285926
-0.543763819718
-0.396708458317
-0.00150018683902
0.115026858049
0.000834982678579
0.0723712688505
0.0702267602653
-0.0165274145065
-0.000885533806633
3.39722860828e-06
-5.83201492249e-05
0.275366187093
4.00456967462
-5.39302999935
1.10786527387
0.100954440614
RSS 17600.405450654125
BP MaxDensity 6.069420209143732e-05
EFS MaxDensity 8.350944468464889e-05
a0 3.3834438296627813
e0 -4.474362522514246
b0 278.2079719588802
---END---
---START---
00000054
PARAMETERS 
21
0.0273825493551
-0.083908561167
-0.0410434764345
0.146012584501
0.068501842157
-0.543763736677
-0.396708438461
-0.00150018445638
0.115026873899
0.000834982979485
0.0723712515182
0.0702267487174
-0.0165274180411
-0.000885533797493
3.3972042396e-06
-5.83200669748e-05
0.275366159831
4.00456981939
-5.3930290352
1.10786460418
0.100954372773
RSS 17600.40771502276
BP MaxDensity 6.069420209143732e-05
EFS MaxDensity 8.350944468464889e-05
a0 3.383443751259844
e0 -4.47436283172499
b0 278.2102868400845
---END---
---START---
00000055
PARAMETERS 
21
0.0273825720156
-0.0839086430747
-0.0410435087316
0.146012774919
0.0685018222548
-0.543763953533
-0.396708669585
-0.00150018445136
0.115026860317
0.000834982148263
0.0723712564372
0.0702267371938
-0.0165274139849
-0.000885533044844
3.3972269736e-06
-5.83200838047e-05
0.275366169813
4.00456980793
-5.39303049857
1.10786588611
0.100954414855
RSS 17600.40809761019
BP MaxDensity 6.069420209143732e-05
EFS MaxDensity 8.350944468464889e-05
a0 3.38344590769031
e0 -4.4743624043751575
b0 278.20574064311
---END---
---START---
00000056
PARAMETERS 
21
0.027382587495
-0.0839086042031
-0.0410434705842
0.146012624671
0.0685018372909
-0.543763803385
-0.396708572329
-0.00150018415172
0.115026865215
0.000834982903276
0.0723712752249
0.0702267552761
-0.0165274159384
-0.000885534088446
3.39721818246e-06
-5.83201678732e-05
0.275366138581
4.00456980324
-5.39302972488
1.10786491909
0.100954461824
RSS 17600.40830301445
BP MaxDensity 6.069420209143732e-05
EFS MaxDensity 8.350944468464889e-05
a0 3.383445614209953
e0 -4.474360729801729
b0 278.20745131048966
---END---
---START---
00000057
PARAMETERS 
21
0.0273825857884
-0.0839086120557
-0.0410434988545
0.146012666965
0.0685018325217
-0.543763795006
-0.396708600151
-0.00150018652927
0.115026853898
0.000834982432589
0.0723712593142
0.0702267458193
-0.0165274160079
-0.000885533415463
3.39722948749e-06
-5.83201521152e-05
0.275366137674
4.00456982934
-5.39303028243
1.10786542655
0.10095441402
RSS 17600.40864409835
BP MaxDensity 6.069420209143732e-05
EFS MaxDensity 8.350944468464889e-05
a0 3.3834460839090816
e0 -4.474361531642325
b0 278.20861304477256
---END---
---START---
00000058
PARAMETERS 
21
0.0273825614679
-0.0839086005991
-0.0410434812817
0.146012490905
0.068501835527
-0.543763874055
-0.396708574003
-0.00150018558945
0.115026859036
0.000834983069852
0.072371262409
0.0702267519231
-0.0165274163408
-0.000885533530899
3.39721553151e-06
-5.83200952333e-05
0.275366185814
4.00456970565
-5.3930297042
1.10786478303
0.100954396427
RSS 17600.409492793206
BP MaxDensity 6.069420209143732e-05
EFS MaxDensity 8.350944468464889e-05
a0 3.383445498310098
e0 -4.474362593685956
b0 278.2108257752318
---END---
---START---
00000059
PARAMETERS 
21
0.0273825471325
-0.0839084944477
-0.0410434832679
0.146012593108
0.0685018564681
-0.543763540286
-0.396708393671
-0.00150018443044
0.115026870838
0.00083498288051
0.07237123966
0.0702267385259
-0.0165274203016
-0.000885533918999
3.39721270497e-06
-5.83200532848e-05
0.275366168619
4.00457009269
-5.39302903464
1.10786471737
0.100954368371
RSS 17600.41275052406
BP MaxDensity 6.069420209143732e-05
EFS MaxDensity 8.350944468464889e-05
a0 3.383445012387841
e0 -4.4743620188087
b0 278.21149490663373
---END---
---START---
00000060
PARAMETERS 
21
0.0273825535942
-0.0839085985249
-0.0410434717689
0.146012379292
0.068501822224
-0.543763654566
-0.396708505056
-0.00150018331043
0.115026859854
0.000834982672781
0.0723712575334
0.0702267590524
-0.0165274180848
-0.000885533381833
3.3972137687e-06
-5.83200707083e-05
0.275366180508
4.00456931761
-5.39302966365
1.10786442861
0.100954400835
RSS 17600.413244113424
BP MaxDensity 6.069420209143732e-05
EFS MaxDensity 8.350944468464889e-05
a0 3.383446397164907
e0 -4.47436020912872
b0 278.2135816504675
---END---
---START---
00000061
PARAMETERS 
21
0.027382554054
-0.0839086098975
-0.0410434930859
0.146012490074
0.0685018190737
-0.543763780699
-0.396708363108
-0.00150018721749
0.115026890636
0.000834983400104
0.0723712361117
0.0702267703187
-0.0165274154938
-0.000885533895674
3.39720487845e-06
-5.83199986122e-05
0.275366239034
4.00457024176
-5.39302721991
1.10786507873
0.100954267787
RSS 17600.41475460406
BP MaxDensity 6.069420209143732e-05
EFS MaxDensity 8.350944468464889e-05
a0 3.3834425970750117
e0 -4.4743646735558045
b0 278.2227840248441
---END---
---START---
00000062
PARAMETERS 
21
0.0273825481148
-0.0839085491704
-0.0410434719965
0.146012518301
0.0685018413746
-0.543763508426
-0.396708511927
-0.00150018573659
0.115026879166
0.000834982706932
0.0723712480479
0.0702267495529
-0.0165274163511
-0.000885533737419
3.3972026231e-06
-5.83201012111e-05
0.275366202573
4.00456988578
-5.39302923291
1.10786492749
0.100954393921
RSS 17600.420815874524
BP MaxDensity 6.069420209143732e-05
EFS MaxDensity 8.350944468464889e-05
a0 3.383446723681953
e0 -4.474361118461312
b0 278.21665010219647
---END---
---START---
00000063
PARAMETERS 
21
0.0273825382454
-0.0839084629211
-0.041043485619
0.146012495246
0.0685018419104
-0.54376353087
-0.396708426941
-0.00150018577757
0.115026857819
0.000834983068564
0.0723712402794
0.0702267475273
-0.0165274199592
-0.000885534152097
3.39721126462e-06
-5.83200962976e-05
0.275366182428
4.00457024163
-5.39302838829
1.10786501298
0.10095433335
RSS 17600.42284942311
BP MaxDensity 6.069420209143732e-05
EFS MaxDensity 8.350944468464889e-05
a0 3.3834455250777427
e0 -4.474363490109999
b0 278.2156276122877
---END---
---START---
00000064
PARAMETERS 
21
0.0273825577633
-0.0839086127318
-0.041043500022
0.146012737482
0.0685018092675
-0.543763730575
-0.396708592213
-0.00150018588695
0.115026898037
0.000834983521757
0.0723712532603
0.070226760639
-0.016527414221
-0.000885534687715
3.397212169e-06
-5.831996261e-05
0.27536615959
4.00457009177
-5.39302814815
1.10786494008
0.100954376323
RSS 17600.422896006177
BP MaxDensity 6.069420209143732e-05
EFS MaxDensity 8.350944468464889e-05
a0 3.383445125736964
e0 -4.474363256662724
b0 278.2145481333166
---END---
---START---
00000065
PARAMETERS 
21
0.027382540011
-0.0839084760401
-0.0410434629345
0.146012441646
0.0685018255151
-0.543763585379
-0.396708517019
-0.00150018758079
0.115026894541
0.000834982459228
0.0723712603408
0.0702267557309
-0.0165274159612
-0.00088553361824
3.39721646699e-06
-5.83201662694e-05
0.275366254538
4.00457009505
-5.39302956788
1.10786521534
0.10095438435
RSS 17600.426809388773
BP MaxDensity 6.069420209143732e-05
EFS MaxDensity 8.350944468464889e-05
a0 3.3834462091551876
e0 -4.474362331612778
b0 278.21333379878484
---END---
---START---
00000066
PARAMETERS 
21
0.0273825504925
-0.0839085964829
-0.041043489748
0.146012707122
0.0685018216577
-0.543763844044
-0.396708504602
-0.00150018434939
0.115026893237
0.000834983183221
0.0723712529545
0.0702267732232
-0.0165274163418
-0.000885534449497
3.39722155783e-06
-5.83199358063e-05
0.275366209413
4.00457002255
-5.39302777869
1.10786477017
0.100954365912
RSS 17600.42733273077
BP MaxDensity 6.069420209143732e-05
EFS MaxDensity 8.350944468464889e-05
a0 3.383443854435286
e0 -4.474365380547688
b0 278.2189534373032
---END---
---START---
00000067
PARAMETERS 
21
0.0273825468009
-0.0839085600921
-0.0410434876389
0.146012578454
0.0685018335577
-0.543763697887
-0.396708513385
-0.00150018705414
0.115026885148
0.000834983372618
0.0723712437427
0.0702267658661
-0.016527415639
-0.000885534138349
3.39721601949e-06
-5.8319995081e-05
0.27536619511
4.00457018242
-5.39302793216
1.10786498678
0.100954327596
RSS 17600.42883084775
BP MaxDensity 6.069420209143732e-05
EFS MaxDensity 8.350944468464889e-05
a0 3.3834450309627715
e0 -4.4743646510159705
b0 278.22062405165144
---END---
---START---
00000068
PARAMETERS 
21
0.0273825594324
-0.0839084614378
-0.0410434822829
0.146012581196
0.068501833836
-0.543763295948
-0.396708515226
-0.00150018612718
0.1150268787
0.000834982401142
0.0723712441435
0.0702267449721
-0.0165274151561
-0.000885533477846
3.39721053476e-06
-5.83201604058e-05
0.275366229323
4.0045697556
-5.39302963146
1.10786476103
0.10095445928
RSS 17600.429489261183
BP MaxDensity 6.069420209143732e-05
EFS MaxDensity 8.350944468464889e-05
a0 3.383448149352884
e0 -4.474360023594493
b0 278.21504335155225
---END---
---START---
00000069
PARAMETERS 
21
0.0273825461404
-0.083908493673
-0.0410434860478
0.146012614537
0.0685018265354
-0.543763517851
-0.396708572622
-0.0015001847143
0.115026895555
0.000834982639387
0.0723712651601
0.0702267628811
-0.0165274150518
-0.000885533997705
3.39719997771e-06
-5.83201796934e-05
0.275366210682
4.00457015576
-5.39302951133
1.10786534437
0.100954434631
RSS 17600.43602562664
BP MaxDensity 6.069420209143732e-05
EFS MaxDensity 8.350944468464889e-05
a0 3.3834469503444176
e0 -4.474362152536362
b0 278.2139306600782
---END---
---START---
00000070
PARAMETERS 
21
0.0273825457874
-0.0839085603557
-0.0410434670191
0.146012380864
0.0685018146621
-0.543763481073
-0.396708546003
-0.00150018445033
0.115026843758
0.000834982492185
0.0723712449505
0.0702267724135
-0.0165274170657
-0.000885533753095
3.39720771123e-06
-5.83200087161e-05
0.275366134391
4.00456899603
-5.39303079165
1.10786439473
0.100954411129
RSS 17600.43739517236
BP MaxDensity 6.069420209143732e-05
EFS MaxDensity 8.350944468464889e-05
a0 3.3834477667835468
e0 -4.474362322756737
b0 278.22680329942665
---END---
---START---
00000071
PARAMETERS 
21
0.0273825580829
-0.0839083758166
-0.0410434883629
0.146012665585
0.0685018209179
-0.543763345694
-0.396708530628
-0.00150018781977
0.115026869446
0.000834982809512
0.072371247012
0.070226740834
-0.0165274146121
-0.000885533205635
3.39721862026e-06
-5.83201270453e-05
0.275366229435
4.00456939513
-5.39303075827
1.10786479422
0.100954515038
RSS 17600.43967090246
BP MaxDensity 6.069420209143732e-05
EFS MaxDensity 8.350944468464889e-05
a0 3.3834474232437777
e0 -4.474363057862717
b0 278.2146591103816
---END---
---START---
00000072
PARAMETERS 
21
0.0273825535846
-0.0839083320797
-0.0410434823981
0.146012653846
0.068501821595
-0.543763608229
-0.396708564244
-0.00150018687753
0.115026923644
0.00083498299647
0.0723712568425
0.0702267529434
-0.0165274120157
-0.00088553429599
3.39718985002e-06
-5.83202932694e-05
0.275366309779
4.00457065135
-5.39302831574
1.10786477903
0.100954236245
RSS 17600.44252043342
BP MaxDensity 6.069420209143732e-05
EFS MaxDensity 8.350944468464889e-05
a0 3.3834458336022317
e0 -4.474366126874264
b0 278.21079010712214
---END---
---START---
00000073
PARAMETERS 
21
0.0273825512247
-0.083908457553
-0.0410434823405
0.146012652369
0.0685018205279
-0.543763378651
-0.396708712152
-0.00150018536895
0.115026900294
0.000834982541206
0.0723712801894
0.070226775971
-0.0165274127304
-0.000885534068669
3.39719542631e-06
-5.83202176278e-05
0.275366249822
4.00457013794
-5.39302912542
1.10786495628
0.100954368398
RSS 17600.453494959114
BP MaxDensity 6.069420209143732e-05
EFS MaxDensity 8.350944468464889e-05
a0 3.3834497148257157
e0 -4.474361123264428
b0 278.2145390623605
---END---
---START---
00000074
PARAMETERS 
21
0.027382544198
-0.083908448418
-0.0410434919641
0.146012709558
0.0685018350218
-0.543763296446
-0.396708790923
-0.00150018613984
0.11502689952
0.000834982746465
0.0723712972349
0.0702267786011
-0.0165274151086
-0.000885534208572
3.39720293809e-06
-5.8320275766e-05
0.275366287531
4.00457029775
-5.39302819207
1.10786543921
0.100954305547
RSS 17600.463385835872
BP MaxDensity 6.069420209143732e-05
EFS MaxDensity 8.350944468464889e-05
a0 3.383451193228861
e0 -4.474359925162754
b0 278.213291376042
---END---
---START---
00000075
PARAMETERS 
21
0.0273825492217
-0.0839083612125
-0.0410434852707
0.146012702117
0.0685018213417
-0.543763495961
-0.396708655388
-0.00150018611917
0.115026905522
0.000834982939524
0.0723712629879
0.0702267752992
-0.0165274145517
-0.000885533733734
3.39718956932e-06
-5.83202966813e-05
0.275366240165
4.00457056034
-5.39302908265
1.10786530664
0.100954352792
RSS 17600.465084820968
BP MaxDensity 6.069420209143732e-05
EFS MaxDensity 8.350944468464889e-05
a0 3.383447624689979
e0 -4.474366945885609
b0 278.2218164183171
---END---
---START---
00000076
PARAMETERS 
21
0.0273825510572
-0.0839084173185
-0.0410434786984
0.146012749878
0.0685018234005
-0.543763485434
-0.396708673785
-0.00150018540089
0.115026911429
0.000834982896521
0.0723712475258
0.0702267702169
-0.016527413634
-0.00088553405042
3.39718842183e-06
-5.83202309488e-05
0.275366282389
4.00457080544
-5.39302896758
1.10786488684
0.100954292864
RSS 17600.465730364293
BP MaxDensity 6.069420209143732e-05
EFS MaxDensity 8.350944468464889e-05
a0 3.3834478554317156
e0 -4.474366479234874
b0 278.2273657888973
---END---
---START---
00000077
PARAMETERS 
21
0.0273825562922
-0.0839083288454
-0.0410434849148
0.146012563709
0.0685018277742
-0.54376370382
-0.39670863781
-0.00150018370726
0.115026901598
0.000834983208611
0.0723712616931
0.0702267897788
-0.0165274149093
-0.00088553400367
3.3971963113e-06
-5.8320314135e-05
0.275366205998
4.00457025733
-5.39303005247
1.1078652706
0.10095439971
RSS 17600.470195261663
BP MaxDensity 6.069420209143732e-05
EFS MaxDensity 8.350944468464889e-05
a0 3.383446227738024
e0 -4.47437052094212
b0 278.22702838790684
---END---
---START---
00000078
PARAMETERS 
21
0.0273825482789
-0.0839083995203
-0.0410434900265
0.146012772506
0.068501824749
-0.543763370732
-0.396708837327
-0.00150018877723
0.115026915678
0.000834982373001
0.0723712879796
0.070226782505
-0.0165274130377
-0.000885533917741
3.39720655325e-06
-5.83202018768e-05
0.275366318884
4.00457062416
-5.3930292091
1.1078651209
0.100954310742
RSS 17600.47487648969
BP MaxDensity 6.069420209143732e-05
EFS MaxDensity 8.350944468464889e-05
a0 3.3834507617131857
e0 -4.474363168039529
b0 278.21614826102524
---END---
---START---
00000079
PARAMETERS 
21
0.0273825496815
-0.0839082725322
-0.0410434968728
0.146012640674
0.0685018235357
-0.543763548038
-0.396708724466
-0.00150018656008
0.115026895977
0.000834982965213
0.0723712670784
0.0702267834825
-0.0165274163139
-0.000885533588676
3.39719755833e-06
-5.83202230305e-05
0.275366212896
4.00457095594
-5.39302920137
1.10786508947
0.100954320098
RSS 17600.483533834347
BP MaxDensity 6.069420209143732e-05
EFS MaxDensity 8.350944468464889e-05
a0 3.3834484453795404
e0 -4.4743690721081775
b0 278.22335868259864
---END---
---START---
00000080
PARAMETERS 
21
0.0273825550811
-0.0839083789714
-0.0410434957845
0.146012773186
0.0685018281186
-0.54376326804
-0.396708765903
-0.00150018666037
0.11502691366
0.000834982878723
0.0723712651898
0.0702267884313
-0.0165274157837
-0.000885533589991
3.39718817255e-06
-5.83202932842e-05
0.275366246818
4.0045705326
-5.39303020277
1.10786524363
0.100954384225
RSS 17600.48362169958
BP MaxDensity 6.069420209143732e-05
EFS MaxDensity 8.350944468464889e-05
a0 3.383450107092652
e0 -4.474365059236629
b0 278.22693401357225
---END---
---START---
00000081
PARAMETERS 
21
0.0273825499065
-0.0839082758035
-0.0410434834443
0.146012544102
0.0685018182079
-0.543763656896
-0.39670873296
-0.00150018178473
0.115026898888
0.000834983236894
0.0723712487144
0.0702267851946
-0.0165274148107
-0.000885534112838
3.39720983481e-06
-5.83203034542e-05
0.27536618476
4.00457025018
-5.39302952314
1.10786543382
0.100954348404
RSS 17600.487994468356
BP MaxDensity 6.069420209143732e-05
EFS MaxDensity 8.350944468464889e-05
a0 3.3834478031144846
e0 -4.474372100720272
b0 278.2324560419568
---END---
---START---
00000082
PARAMETERS 
21
0.0273825434495
-0.0839082490279
-0.0410435062367
0.146012532039
0.0685018387561
-0.543763492876
-0.39670871441
-0.00150018705135
0.115026889916
0.000834982682347
0.0723712655824
0.0702267972117
-0.0165274166275
-0.0008855339754
3.3971944653e-06
-5.83201707472e-05
0.27536623291
4.00457065453
-5.39302859675
1.10786523893
0.10095426341
RSS 17600.494759278063
BP MaxDensity 6.069420209143732e-05
EFS MaxDensity 8.350944468464889e-05
a0 3.383448482213141
e0 -4.474370955118993
b0 278.22943628036893
---END---
---START---
00000083
PARAMETERS 
21
0.02738252812
-0.0839082497861
-0.0410435127184
0.146012306105
0.0685018583242
-0.543763134297
-0.396708805471
-0.00150018291022
0.115026858032
0.000834981757021
0.0723712484019
0.0702268043989
-0.0165274141112
-0.00088553388853
3.39716875801e-06
-5.83201097452e-05
0.275366161725
4.00457193387
-5.39302965015
1.10786582243
0.100954423641
RSS 17600.517449975407
BP MaxDensity 6.069420209143732e-05
EFS MaxDensity 8.350944468464889e-05
a0 3.383452777875677
e0 -4.474369289413732
b0 278.2432785701338
---END---
---START---
00000084
PARAMETERS 
21
0.0273825351303
-0.0839082426056
-0.0410434889466
0.14601231334
0.0685018658112
-0.54376295511
-0.396708767546
-0.00150018006724
0.115026862728
0.000834981697195
0.0723712210724
0.0702267968691
-0.016527417451
-0.000885534169535
3.39716717608e-06
-5.83201176388e-05
0.27536619837
4.00457134951
-5.39302800477
1.10786540155
0.100954330059
RSS 17600.520217623915
BP MaxDensity 6.069420209143732e-05
EFS MaxDensity 8.350944468464889e-05
a0 3.383453152416234
e0 -4.474369207578619
b0 278.25210848187993
---END---
---START---
00000085
PARAMETERS 
21
0.0273825509355
-0.0839081846722
-0.0410435027395
0.146012495225
0.0685018530122
-0.543763423445
-0.396708866562
-0.0015001846954
0.115026898492
0.000834982474554
0.0723712493515
0.0702267949354
-0.0165274174451
-0.000885533577175
3.39718052387e-06
-5.83202471559e-05
0.275366222924
4.00457097907
-5.39302965714
1.10786564017
0.100954327925
RSS 17600.521577824893
BP MaxDensity 6.069420209143732e-05
EFS MaxDensity 8.350944468464889e-05
a0 3.3834512659645686
e0 -4.474372825208203
b0 278.23967956817074
---END---
---START---
00000086
PARAMETERS 
21
0.0273825568544
-0.0839081649684
-0.0410435094091
0.146012406201
0.068501852278
-0.543763191713
-0.396708774331
-0.00150018550751
0.115026883998
0.000834982813768
0.0723712657902
0.070226807645
-0.0165274166558
-0.000885533971757
3.39717114133e-06
-5.83201833223e-05
0.275366182248
4.00457111884
-5.39303047221
1.10786603328
0.100954270666
RSS 17600.52165194355
BP MaxDensity 6.069420209143732e-05
EFS MaxDensity 8.350944468464889e-05
a0 3.3834513721927864
e0 -4.474370721075722
b0 278.23855558612007
---END---
---START---
00000087
PARAMETERS 
21
0.0273825380183
-0.083908174699
-0.0410434938838
0.146012362568
0.0685018379048
-0.543763198286
-0.396708961363
-0.00150018264142
0.115026893147
0.000834982149989
0.0723712491896
0.070226778507
-0.0165274160622
-0.000885533911512
3.39717598998e-06
-5.83202070881e-05
0.275366222324
4.00457138039
-5.39302950032
1.10786559158
0.100954387059
RSS 17600.523523163214
BP MaxDensity 6.069420209143732e-05
EFS MaxDensity 8.350944468464889e-05
a0 3.38345427533707
e0 -4.474369649570288
b0 278.2373624576812
---END---
---START---
00000088
PARAMETERS 
21
0.0273825682239
-0.0839081297238
-0.0410435239911
0.146012279174
0.0685018420924
-0.543763107039
-0.396708914825
-0.00150018178713
0.115026895438
0.000834981619762
0.0723712162134
0.0702267688076
-0.0165274128744
-0.000885533937927
3.39715387952e-06
-5.83201729304e-05
0.275366139531
4.00457161091
-5.39302904482
1.10786525137
0.10095444167
RSS 17600.526118684753
BP MaxDensity 6.069420209143732e-05
EFS MaxDensity 8.350944468464889e-05
a0 3.3834542724280237
e0 -4.474371111441953
b0 278.246027061655
---END---
---START---
00000089
PARAMETERS 
21
0.0273825430157
-0.0839082261538
-0.0410435016321
0.146012325511
0.0685018400067
-0.543762928733
-0.396708923015
-0.00150018350607
0.115026879278
0.000834981742765
0.0723712198314
0.0702267784182
-0.0165274127201
-0.000885534048633
3.39716692516e-06
-5.83201867536e-05
0.275366179615
4.004571283
-5.39303062599
1.10786547302
0.100954431162
RSS 17600.529122602118
BP MaxDensity 6.069420209143732e-05
EFS MaxDensity 8.350944468464889e-05
a0 3.383455980300142
e0 -4.474368227573052
b0 278.2503255867203
---END---
---START---
00000090
PARAMETERS 
21
0.027382531444
-0.0839082268436
-0.0410435132573
0.146012334413
0.0685018658265
-0.543762933372
-0.39670877383
-0.00150018090158
0.115026859925
0.000834981659162
0.0723712157166
0.0702267953932
-0.0165274138951
-0.0008855336849
3.39717321259e-06
-5.83199977405e-05
0.275366219996
4.00457174696
-5.39302788085
1.10786574608
0.100954423439
RSS 17600.529998747264
BP MaxDensity 6.069420209143732e-05
EFS MaxDensity 8.350944468464889e-05
a0 3.3834537452554363
e0 -4.474370185681713
b0 278.2554996365191
---END---
---START---
00000091
PARAMETERS 
21
0.027382580822
-0.0839081154253
-0.0410435042241
0.146012173708
0.0685018512978
-0.543763003221
-0.396709068298
-0.00150018240859
0.115026916022
0.000834981421565
0.0723712452469
0.0702267657226
-0.0165274154465
-0.00088553342737
3.39718535951e-06
-5.83199889223e-05
0.275366205997
4.00457149476
-5.39302929514
1.10786585795
0.100954282778
RSS 17600.532326774355
BP MaxDensity 6.069420209143732e-05
EFS MaxDensity 8.350944468464889e-05
a0 3.383457347204751
e0 -4.4743665988636945
b0 278.2371912064009
---END---
---START---
00000092
PARAMETERS 
21
0.027382536152
-0.0839082058973
-0.0410435011559
0.146012245009
0.0685018716548
-0.543763127836
-0.39670891197
-0.00150018042374
0.115026871022
0.000834981981592
0.0723712315846
0.0702267977884
-0.0165274162063
-0.000885533868027
3.39716000245e-06
-5.83200447453e-05
0.275366201832
4.00457154308
-5.39302878624
1.10786548925
0.100954362719
RSS 17600.533573990513
BP MaxDensity 6.069420209143732e-05
EFS MaxDensity 8.350944468464889e-05
a0 3.3834544351463114
e0 -4.474371053368907
b0 278.2517297803693
---END---
---START---
00000093
PARAMETERS 
21
0.0273825364223
-0.083908279212
-0.0410434851798
0.14601231605
0.0685018688539
-0.54376280597
-0.396708806739
-0.0015001804019
0.115026864035
0.000834981609825
0.0723712061705
0.0702268056524
-0.0165274159279
-0.00088553383962
3.39716556177e-06
-5.83200601133e-05
0.275366204567
4.00457101263
-5.39302721474
1.10786492458
0.100954339803
RSS 17600.534065131225
BP MaxDensity 6.069420209143732e-05
EFS MaxDensity 8.350944468464889e-05
a0 3.383455000986565
e0 -4.4743687820081375
b0 278.2626139797561
---END---
---START---
00000094
PARAMETERS 
21
0.0273825458117
-0.0839080881781
-0.0410435036713
0.146012624151
0.0685018542143
-0.543763466063
-0.396708971927
-0.00150018335935
0.115026902901
0.000834982788333
0.0723712624737
0.0702267907499
-0.0165274193704
-0.00088553369584
3.39718513235e-06
-5.8320170392e-05
0.275366191365
4.00457113418
-5.39302852156
1.10786535979
0.100954358992
RSS 17600.535789349015
BP MaxDensity 6.069420209143732e-05
EFS MaxDensity 8.350944468464889e-05
a0 3.3834517375935507
e0 -4.474375043668302
b0 278.23498448453506
---END---
---START---
00000095
PARAMETERS 
21
0.0273825495867
-0.0839082114867
-0.0410435008361
0.146012465835
0.0685018422082
-0.543763105145
-0.396709024838
-0.00150018153877
0.115026878839
0.000834981768102
0.0723712351122
0.0702267907457
-0.0165274145313
-0.000885533760429
3.3971720033e-06
-5.83201304466e-05
0.275366201178
4.00457159557
-5.39302962996
1.10786549535
0.100954398928
RSS 17600.53746476628
BP MaxDensity 6.069420209143732e-05
EFS MaxDensity 8.350944468464889e-05
a0 3.3834556731584366
e0 -4.474370220098464
b0 278.2476790017215
---END---
---START---
00000096
PARAMETERS 
21
0.0273825575647
-0.0839080549646
-0.0410435003718
0.146012302231
0.0685018355628
-0.543762771564
-0.396708910697
-0.00150018558504
0.115026875762
0.00083498122133
0.0723712383233
0.0702267746901
-0.0165274142748
-0.000885534182125
3.39717465993e-06
-5.83201549652e-05
0.275366207866
4.00457155013
-5.39302983921
1.10786514557
0.100954358279
RSS 17600.537786444213
BP MaxDensity 6.069420209143732e-05
EFS MaxDensity 8.350944468464889e-05
a0 3.3834566826065005
e0 -4.4743675315554405
b0 278.2418803770662
---END---
---START---
00000097
PARAMETERS 
21
0.0273825571851
-0.0839081786646
-0.0410434871733
0.146012475124
0.0685018547991
-0.543763251461
-0.396709028342
-0.00150018051303
0.115026863886
0.000834982117667
0.0723712429294
0.0702267976016
-0.0165274138452
-0.00088553413864
3.39717762889e-06
-5.83202039222e-05
0.275366203966
4.00457170373
-5.39302977825
1.10786508474
0.100954375154
RSS 17600.538288206357
BP MaxDensity 6.069420209143732e-05
EFS MaxDensity 8.350944468464889e-05
a0 3.383454609572156
e0 -4.474372723013105
b0 278.2475953881995
---END---
---START---
00000098
PARAMETERS 
21
0.0273825557487
-0.0839081445149
-0.0410435137433
0.146012376206
0.0685018443364
-0.543762954271
-0.396709016873
-0.00150018371303
0.115026891242
0.000834981595261
0.0723712317778
0.0702267750066
-0.0165274139701
-0.000885533849481
3.39716762386e-06
-5.83201241033e-05
0.275366157167
4.00457123227
-5.39302923466
1.10786526733
0.100954380081
RSS 17600.53892931276
BP MaxDensity 6.069420209143732e-05
EFS MaxDensity 8.350944468464889e-05
a0 3.3834565390949063
e0 -4.474369442046491
b0 278.24557284395064
---END---
---START---
00000099
PARAMETERS 
21
0.0273825442614
-0.0839082048623
-0.041043511191
0.146012281952
0.0685018643779
-0.543763234233
-0.39670895264
-0.00150018041452
0.115026873685
0.000834981618092
0.0723712183708
0.0702267946112
-0.0165274176915
-0.000885533844299
3.39717280908e-06
-5.83200878577e-05
0.275366220209
4.00457121145
-5.39302786535
1.10786514998
0.100954360496
RSS 17600.54034414433
BP MaxDensity 6.069420209143732e-05
EFS MaxDensity 8.350944468464889e-05
a0 3.383454275685798
e0 -4.474373377988281
b0 278.25538473295285
---END---
---START---
00000100
PARAMETERS 
21
0.0273825479908
-0.0839081208806
-0.0410434937401
0.146012465062
0.0685018513167
-0.543763129876
-0.39670880615
-0.00150018160653
0.115026867663
0.000834981827089
0.0723712078826
0.0702267934226
-0.0165274109863
-0.000885533825338
3.39717512316e-06
-5.83201364554e-05
0.275366212126
4.00457149442
-5.39303079445
1.10786542307
0.100954484288
RSS 17600.541589184508
BP MaxDensity 6.069420209143732e-05
EFS MaxDensity 8.350944468464889e-05
a0 3.3834524719897647
e0 -4.4743754083282745
b0 278.2583969150734
---END---
