---START---
00000001
PARAMETERS 
38
-13.0484747361
9.30317716297
-2.32715974193
-1.57453185969
8.02412700744
-5.76967696258
1.93846176089
-1.09444846211
-2.80723806144
3.63454710328
-0.270115025645
0.045511390234
0.0598936891297
-0.0758998036883
-0.069348186034
0.0273219714898
0.00220560095638
0.0
-1.94938564301
30.3556213379
24.3362083435
34.9576034546
16.2302913666
17.857875824
7.66438293457
1.23997938633
0.442521393299
0.109044238925
0.0200536046177
0.00229621282779
0.00255827326328
0.00108765787445
7.98819164629e-05
4.18824820372e-05
4.40689618699e-05
-18.4835116247
1.47204415833
1.0
RSS 87.91175198544055
BP MaxDensity 0.032708896098633256
EFS MaxDensity 0.033147034905770895
a0 3.4933893495518555
e0 -4.304454981171319
b0 227.19526286218726
---END---
---START---
00000002
PARAMETERS 
38
-12.4024037407
9.10601469542
-2.35295347129
-1.50104391322
7.55804360974
-5.96348226093
1.91101636595
-1.09720222502
-2.76261059817
3.60162531087
-0.257651098549
0.0443788751812
0.0597744198865
-0.0712741593014
-0.0718326304644
0.0276759995591
0.00212998272295
0.0
-1.94938564301
30.3556213379
24.3362083435
34.9576034546
16.2302913666
17.857875824
7.66438293457
1.23997938633
0.442521393299
0.109044238925
0.0200536046177
0.00229621282779
0.00255827326328
0.00108765787445
7.98819164629e-05
4.18824820372e-05
4.40689618699e-05
-18.4835116247
1.47204415833
1.0
RSS 88.02846055978924
BP MaxDensity 0.032708896098633256
EFS MaxDensity 0.033147034905770895
a0 3.496786855931213
e0 -4.3043121721902144
b0 228.0384749580435
---END---
