########################
# 00000001
########################
RSS 459885968.00450736
BP 0:
a0:   4.1247e+00   e0:  -2.8572e+00   b0:  -4.5293e+01   
P: 
  1.0010e+00   1.0019e+00   9.6782e-01  -3.9350e-02   2.2947e-02 
  1.1299e-04  -6.3331e-03  -8.6238e-04   1.5559e-02   1.2130e-02 
  6.3706e-03   7.4616e-03   8.0930e-03   1.1034e-02  -2.1760e-03 
  3.6491e-03  -1.6561e-02   1.3911e-03  -5.4178e-05  -1.9494e+00 
  3.0356e+01   2.4336e+01   3.4958e+01   1.6230e+01   1.7858e+01 
  7.6644e+00   1.2400e+00   4.4252e-01   1.0904e-01   2.0054e-02 
  2.2962e-03   2.5583e-03   1.0877e-03   7.9882e-05   4.1882e-05 
  4.4069e-05  -9.1106e+00   5.4731e+00 

########################
# 00000002
########################
RSS 460122926.61521024
BP 0:
a0:   4.1238e+00   e0:  -2.8517e+00   b0:  -4.5203e+01   
P: 
  1.0010e+00   1.0020e+00   9.6735e-01  -3.9720e-02   2.3122e-02 
  6.7945e-05  -6.3612e-03  -7.7445e-04   1.5467e-02   1.2211e-02 
  6.2593e-03   7.2418e-03   8.0653e-03   1.0915e-02  -2.0414e-03 
  3.7831e-03  -1.6706e-02   1.4074e-03  -3.1769e-05  -1.9494e+00 
  3.0356e+01   2.4336e+01   3.4958e+01   1.6230e+01   1.7858e+01 
  7.6644e+00   1.2400e+00   4.4252e-01   1.0904e-01   2.0054e-02 
  2.2962e-03   2.5583e-03   1.0877e-03   7.9882e-05   4.1882e-05 
  4.4069e-05  -9.1106e+00   5.4731e+00 

########################
# 00000003
########################
RSS 460850631.0711949
BP 0:
a0:   4.1257e+00   e0:  -2.8898e+00   b0:  -4.6514e+01   
P: 
  1.0005e+00   1.0017e+00   9.6950e-01  -3.7949e-02   2.3545e-02 
  3.8172e-04  -6.2343e-03  -5.9428e-04   1.5145e-02   1.1470e-02 
  5.3700e-03   6.1954e-03   7.7603e-03   1.1487e-02  -2.2566e-03 
  3.8616e-03  -1.7010e-02   1.3884e-03  -4.1607e-05  -1.9494e+00 
  3.0356e+01   2.4336e+01   3.4958e+01   1.6230e+01   1.7858e+01 
  7.6644e+00   1.2400e+00   4.4252e-01   1.0904e-01   2.0054e-02 
  2.2962e-03   2.5583e-03   1.0877e-03   7.9882e-05   4.1882e-05 
  4.4069e-05  -9.1105e+00   5.4730e+00 

########################
# 00000004
########################
RSS 463749776.44447744
BP 0:
a0:   4.1125e+00   e0:  -2.8373e+00   b0:  -4.5913e+01   
P: 
  1.0016e+00   1.0047e+00   9.7799e-01  -3.7765e-02   2.3150e-02 
  9.6031e-04  -6.3036e-03  -9.0605e-04   1.6659e-02   7.7776e-03 
  3.6941e-03   4.6940e-03   5.0282e-03   1.1121e-02  -2.8713e-04 
  2.7245e-03  -1.6221e-02   1.2563e-03   2.8285e-05  -1.9494e+00 
  3.0356e+01   2.4336e+01   3.4958e+01   1.6230e+01   1.7858e+01 
  7.6644e+00   1.2400e+00   4.4252e-01   1.0904e-01   2.0054e-02 
  2.2962e-03   2.5583e-03   1.0877e-03   7.9882e-05   4.1882e-05 
  4.4069e-05  -9.1106e+00   5.4722e+00 

########################
# 00000005
########################
RSS 467775216.1763841
BP 0:
a0:   4.0729e+00   e0:  -2.6436e+00   b0:  -4.1330e+01   
P: 
  9.9781e-01   1.0007e+00   9.6973e-01  -3.2447e-02   2.5105e-02 
  7.6922e-04  -2.4983e-03  -2.9444e-03   1.5411e-02   7.2894e-03 
  3.5454e-04   2.1618e-03   2.6787e-03   1.2969e-02   2.7968e-03 
 -9.5526e-04  -1.3692e-02   1.4369e-03   2.9439e-05  -1.9494e+00 
  3.0356e+01   2.4336e+01   3.4958e+01   1.6230e+01   1.7858e+01 
  7.6644e+00   1.2400e+00   4.4252e-01   1.0904e-01   2.0054e-02 
  2.2962e-03   2.5583e-03   1.0877e-03   7.9882e-05   4.1882e-05 
  4.4069e-05  -9.1118e+00   5.4712e+00 

########################
# 00000006
########################
RSS 488609048.13810086
BP 0:
a0:   3.5815e+00   e0:  -1.5811e+00   b0:  -2.3437e+01   
P: 
  1.0000e+00   1.0000e+00   1.0000e+00   0.0000e+00   0.0000e+00 
  0.0000e+00   0.0000e+00   0.0000e+00   0.0000e+00   0.0000e+00 
  0.0000e+00   0.0000e+00   0.0000e+00   0.0000e+00   0.0000e+00 
  0.0000e+00   0.0000e+00   0.0000e+00   0.0000e+00  -1.9494e+00 
  3.0356e+01   2.4336e+01   3.4958e+01   1.6230e+01   1.7858e+01 
  7.6644e+00   1.2400e+00   4.4252e-01   1.0904e-01   2.0054e-02 
  2.2962e-03   2.5583e-03   1.0877e-03   7.9882e-05   4.1882e-05 
  4.4069e-05  -9.1292e+00   5.4653e+00 

