RSS:  
613.8510293681859

P:  
-1.54763217114
-3.84020969698
-0.164438468948
0.0899525241411
-0.0968867227903
0.0478808975252
0.0510228350092
0.0281999363282
-0.0551143973539
-0.124408628134
-0.161531727893
-0.211461860015
-0.0580325839633
-2.0279969248
-3.78204345631
0.963693286686
-0.07107736473
0.00890490156775
0.0630481562061
0.0991970253519
0.0415836211966
0.0249447572318
-0.353310973079
-0.194670540064
-0.224089784829
0.0454307513193
-2.01423700131
-3.80166458814
-0.431689631117
-0.0689999692154
0.0018439122231
0.0391450138538
0.116901824869
0.0496385823635
0.0427495651131
-0.345698229905
-0.418144751892
-0.225246665396
0.0528346416404
-2.94879568917
-0.0549412922273
-0.000730167026932
-1.94838738848
-0.08603536724
0.00589414110323
4.90392252156
0.0235464118812
-0.0907969956674
7.12037503291
0.200903881519
-0.286342872543

EFS Density:
0.12316545629126269

BP Density:
0.1288526945379939


Known:
a0:     3.89
e0:     -3.91
B0:     179.99999999949853
EC:     234.000 176.000 176.000  0.000  0.000  0.000 
        176.000 234.000 176.000  0.000  0.000  0.000 
        176.000 176.000 234.000  0.000  0.000  0.000 
         0.000  0.000  0.000 71.200  0.000  0.000 
         0.000  0.000  0.000  0.000 71.200  0.000 
         0.000  0.000  0.000  0.000  0.000 71.200 

Calculated:
a0:     3.9413856991602185
e0:     -3.9195281975930687
B0:     169.29928952974876
EC:     235.442 156.646 156.646  0.000  0.000  0.000 
        156.646 235.442 156.646  0.000  0.000  0.000 
        156.646 156.646 235.442  0.000  0.000  0.000 
         0.000  0.000  0.000 114.641  0.000  0.000 
         0.000  0.000  0.000  0.000 114.641  0.000 
         0.000  0.000  0.000  0.000  0.000 114.641 

Known:
a0:     3.42
e0:     -4.27
B0:     210.99999999941215
EC:     365.000 137.000 137.000  0.000  0.000  0.000 
        137.000 365.000 137.000  0.000  0.000  0.000 
        137.000 137.000 365.000  0.000  0.000  0.000 
         0.000  0.000  0.000 186.000  0.000  0.000 
         0.000  0.000  0.000  0.000 186.000  0.000 
         0.000  0.000  0.000  0.000  0.000 186.000 

Calculated:
a0:     3.397200565558003
e0:     -4.271995645330682
B0:     229.53312711212587
EC:     362.174 146.908 146.908  0.000  0.000  0.000 
        146.908 362.174 146.908  0.000  0.000  0.000 
        146.908 146.908 362.174  0.000  0.000  0.000 
         0.000  0.000  0.000 159.728  0.000  0.000 
         0.000  0.000  0.000  0.000 159.728  0.000 
         0.000  0.000  0.000  0.000  0.000 159.728 

Known:
a0:     2.86
e0:     -4.32
B0:     169.99999999952638
EC:     243.000 145.000 145.000  0.000  0.000  0.000 
        145.000 243.000 145.000  0.000  0.000  0.000 
        145.000 145.000 243.000  0.000  0.000  0.000 
         0.000  0.000  0.000 116.000  0.000  0.000 
         0.000  0.000  0.000  0.000 116.000  0.000 
         0.000  0.000  0.000  0.000  0.000 116.000 

Calculated:
a0:     2.9033891076381386
e0:     -4.327243585398384
B0:     166.2530756744112
EC:     241.938 140.558 140.558  0.000  0.000  0.000 
        140.558 241.938 140.558  0.000  0.000  0.000 
        140.558 140.558 241.938  0.000  0.000  0.000 
         0.000  0.000  0.000 130.755  0.000  0.000 
         0.000  0.000  0.000  0.000 130.755  0.000 
         0.000  0.000  0.000  0.000  0.000 130.755 




RSS Details:  
===============================  
Total:      613.8510293681859
a0:         0.00504291895069
e0:         0.000147238679082
b0:         0.0183852735957
ec:         0.442993894425
g:          0.0
e:          0.0
v:          0.0
a0 (w):     126.072973767
e0 (w):     3.68096697705
b0 (w):     18.3852735957
ec (w):     442.993894425
g (w):      0.0
e (w):      0.0
v (w):      0.0


