RSS:  
837259856.4354963

P:  
391.089383569
354.762641208
-153.563295199
-16.9558467414
7.12631149828
-0.505763987775
-2.79753970893
5.0606378236
3.05324745653
0.0629074579745
2.40192218924
3.56415775466
-3.16127390692
0.672256898569
-0.156447855512
-1.94938564301
30.3556213379
24.3362083435
34.9576034546
16.2302913666
17.857875824
7.66438293457
1.23997938633
0.442521393299
0.109044238925
0.0200536046177
0.00229621282779
0.00255827326328
0.00108765787445
7.98819164629e-05
4.18824820372e-05
4.40689618699e-05
24.4750666108
2.09778947198

Known:
a0:     3.42
e0:     -4.27
B0:     221.99999999938152
EC:     365.600 141.600 233.800  0.000  0.000  0.000 
        141.600 298.700 130.400  0.000  0.000  0.000 
        233.800 130.400 364.600  0.000  0.000  0.000 
         0.000  0.000  0.000 186.300  0.000  0.000 
         0.000  0.000  0.000  0.000 266.800  0.000 
         0.000  0.000  0.000  0.000  0.000 186.300 

Calculated:
a0:     -42.14286724244249
e0:     -1047.391014488015
B0:     -3.5109632028714204
EC:     2437.244 -0.241 2017.373  0.000  0.000  0.000 
        -0.241  0.282 299.744  0.000  0.000  0.000 
        2017.373 299.744 1599.534  0.000  0.000  0.000 
         0.000  0.000  0.000 609.310  0.000  0.000 
         0.000  0.000  0.000  0.000  0.003  0.000 
         0.000  0.000  0.000  0.000  0.000 -0.042 



