########################
# 00000001
########################
RSS 65562.65148952244
BP 0:
a0:   4.2255e+00   e0:  -6.6291e+00   b0:   9.4195e+02   
P: 
 -9.3869e-02  -9.3815e-01   2.3300e-01   2.8845e+00   5.0808e-01 
  1.7012e-01   4.0103e-02  -1.1734e-02  -3.7377e-01  -2.2032e-03 
  1.4015e-01   1.9584e-02  -2.6924e-01  -2.0100e-02  -1.1710e-05 
 -1.0882e-03  -1.9820e+00   3.1703e+00  -3.8393e+01   1.0293e+01 
 -1.2645e-01 

########################
# 00000002
########################
RSS 4000012130.125874
BP 0:
a0:   4.2162e+00   e0:  -1.8312e+02   b0:   5.9352e+04   
P: 
 -1.5491e+00  -1.6842e+01   3.9790e+00  -3.7082e-01  -6.3674e+00 
 -2.8421e+00   8.3762e-01   2.0643e-01  -5.3852e+00  -5.9895e-03 
  8.9476e-01  -1.1834e-01  -2.1650e+00  -1.7081e-01  -1.3768e-04 
 -9.3027e-03   1.3900e+00   5.0307e+00  -2.8100e+01   1.4821e+01 
 -3.2432e-01 

########################
# 00000003
########################
RSS 4086818630.3602295
BP 0:
a0:   3.9046e+00   e0:  -7.0963e+01   b0:   1.2834e+05   
P: 
 -3.0436e-01   1.4846e+01   4.0176e+00  -1.2887e+01   2.3318e+00 
 -1.5638e+00   2.0163e-02   7.9714e-02  -6.7383e+00  -1.3433e-02 
  9.3943e-01  -1.7202e-01  -2.7535e+00   1.5345e-01  -1.9518e-04 
 -1.3124e-02  -4.9550e+00   5.3097e+00  -3.3993e+01   8.0018e+00 
 -2.0954e-01 

########################
# 00000004
########################
RSS 5615768531.20442
BP 0:
a0:   4.1559e+00   e0:  -7.1817e+01   b0:   6.1606e+04   
P: 
  1.0882e+00  -4.2372e+00   3.6597e-01  -4.2307e+01  -2.3184e+00 
  3.2975e+00  -2.2781e-01  -9.4266e-02  -6.6190e+00   1.7797e-03 
  1.7024e+00   1.2532e-01  -2.4421e+00   2.4797e-01  -2.0899e-04 
  2.4797e-03  -2.6057e+00   4.4111e+00  -2.8060e+01   8.5273e+00 
 -1.7988e-01 

########################
# 00000005
########################
RSS 7228220769.300004
BP 0:
a0:   3.6812e+00   e0:  -2.0063e+02   b0:   5.2414e+04   
P: 
 -9.0529e-02   3.1486e+00  -4.3838e+00   3.1966e+01  -4.3377e+00 
 -2.7563e+00  -9.5305e-02   1.6693e-01   2.4977e+00  -1.5297e-02 
 -1.6577e+00   2.2554e-01   4.2722e+00   3.1665e-01   4.8963e-05 
 -5.5614e-04   1.9466e-02   3.4150e+00  -4.4907e+01   1.4499e+01 
  1.9123e-02 

########################
# 00000006
########################
RSS 7671733249.386745
BP 0:
a0:   3.9988e+00   e0:  -9.9690e+01   b0:   1.4900e+05   
P: 
  4.5871e-01  -1.2741e+01   2.3581e+00   4.3447e+01   1.0054e+01 
 -2.8190e+00   2.8593e-01  -1.9499e-01  -2.1929e+00  -1.2419e-02 
 -7.8721e-01   2.1973e-01   1.4698e+00  -3.4291e-01   2.6167e-05 
 -1.8200e-02  -2.4646e+00   3.0715e+00  -3.2280e+01   1.1179e+01 
  1.0421e-01 

########################
# 00000007
########################
RSS 10251970766.143406
BP 0:
a0:   4.0595e+00   e0:  -4.1161e+01   b0:   2.2267e+04   
P: 
  1.4872e+00   2.0190e-01   2.1337e+00  -3.2167e+01  -7.4899e+00 
  3.1332e+00  -6.1766e-01  -8.7701e-02   4.4479e+00   4.1385e-02 
 -2.6259e+00  -3.6364e-01   4.8478e+00  -4.0768e-01  -3.8946e-05 
  2.2402e-03  -2.1469e+00   3.7403e+00  -3.0499e+01   1.5550e+01 
 -8.1245e-02 

########################
# 00000008
########################
RSS 19137877320.19388
BP 0:
a0:   3.6890e+00   e0:  -5.5814e+01   b0:   3.1980e+04   
P: 
  1.5623e+00   1.1200e+01  -3.5119e+00  -3.0768e+01  -7.8936e+00 
  1.7825e+00  -3.4638e-01   1.8891e-01  -1.5926e+00   1.6967e-02 
  7.8295e-01   2.2744e-01  -4.9980e-01  -1.7364e-01   2.2299e-05 
 -1.7805e-02  -6.1145e+00   2.8907e+00  -2.5665e+01   1.4977e+01 
 -2.5605e-01 

########################
# 00000009
########################
RSS 29655124638.127018
BP 0:
a0:   3.8984e+00   e0:  -1.1298e+02   b0:   1.7152e+05   
P: 
  7.4043e-01   1.6426e+01   3.1321e+00  -3.3822e+01  -4.8977e+00 
 -2.5065e+00  -2.9552e-01  -2.1921e-01  -2.9941e+00   3.2821e-02 
 -8.1148e-01  -7.4146e-02   2.0484e+00   2.7535e-01  -1.2646e-04 
 -1.6646e-02  -4.8079e+00   3.8590e+00  -4.9824e+01   1.9288e+00 
 -3.3048e-01 

########################
# 00000010
########################
RSS 33552977460.538406
BP 0:
a0:   3.9944e+00   e0:  -1.9530e+02   b0:   3.1047e+05   
P: 
 -1.3237e+00  -8.0566e+00  -8.8425e-01  -2.7109e+01  -3.4644e+00 
 -2.9676e+00   4.2773e-01  -1.3582e-01  -6.9009e+00   7.7280e-03 
 -8.3798e-01  -7.7171e-03   1.7072e+00  -6.4133e-02   1.6784e-04 
  1.5173e-02  -1.8264e+00   3.1675e+00  -2.9097e+01   5.1856e+00 
 -1.7778e-01 

########################
# 00000011
########################
RSS 52571937873.2144
BP 0:
a0:   3.9144e+00   e0:  -1.2101e+02   b0:   1.9508e+05   
P: 
 -6.6350e-01   1.2668e+01  -4.5133e-01  -5.1089e+01  -9.0520e-01 
  9.6313e-01   3.4885e-01  -6.7138e-02  -8.8840e-01  -1.6712e-02 
 -1.3453e+00   2.8538e-01   4.3622e+00  -2.3929e-01   8.2743e-05 
  2.0609e-02   2.3502e-01   1.9063e+00  -2.9087e+01   1.5684e+01 
 -1.7886e-01 

########################
# 00000012
########################
RSS 68149688670.78435
BP 0:
a0:   3.9125e+00   e0:  -5.9713e+01   b0:   2.2715e+05   
P: 
  1.1478e+00   1.3096e+00   1.3292e-02   1.8826e+01   1.0101e+01 
 -8.6986e-01  -7.4719e-01   1.3425e-01  -3.8966e+00  -2.2362e-02 
 -2.3037e-01  -3.1750e-02   1.2450e+00  -2.6135e-01  -4.6791e-05 
 -1.6283e-03  -3.4850e+00   4.9879e+00  -4.6987e+01   1.8157e+01 
 -1.3325e-02 

########################
# 00000013
########################
RSS 82983200086.21034
BP 0:
a0:  -1.7297e+00   e0:   4.5091e+02   b0:  -4.8442e+02   
P: 
  8.7163e-01  -7.3189e+00  -2.4893e+00  -2.6718e+01   1.8138e+00 
  1.1400e+00  -5.4070e-01   2.2226e-01  -3.3035e+00  -1.0656e-02 
  1.4432e+00  -1.6143e-01  -3.3610e+00  -2.6960e-02  -1.5513e-04 
 -3.9577e-04  -6.4221e+00   3.2378e+00  -5.2012e+01   1.7212e+01 
  1.6536e-02 

########################
# 00000014
########################
RSS 87491540957.54364
BP 0:
a0:   3.8991e+00   e0:  -9.6428e+01   b0:   2.2596e+05   
P: 
  8.4064e-01  -1.2210e+01  -2.3372e+00   5.0453e+01  -8.3209e+00 
  2.2895e+00   5.1265e-01  -1.6150e-02  -4.6624e+00   2.2394e-02 
 -5.1929e-01  -2.4077e-01   1.9463e+00   1.9772e-01  -7.1912e-06 
 -1.4244e-02  -6.8047e+00   4.6488e+00  -3.0362e+01   7.9241e+00 
 -9.6214e-02 

########################
# 00000015
########################
RSS 108025003136.99498
BP 0:
a0:   3.9309e+00   e0:  -1.2975e+02   b0:   3.0090e+05   
P: 
  8.3699e-01  -6.5122e+00  -2.5445e-01   2.5315e+01   4.2651e+00 
 -2.5756e+00   7.0901e-01   2.0175e-01  -1.8883e+00  -6.4942e-03 
 -1.6888e+00   2.2359e-01   5.0970e+00  -3.8408e-01  -5.9779e-05 
  1.7572e-02  -3.0679e+00   3.6119e+00  -3.8885e+01   1.1890e+00 
 -3.1402e-01 

########################
# 00000016
########################
RSS 128644614201.98492
BP 0:
a0:   3.9147e+00   e0:  -4.4263e+01   b0:   3.1899e+05   
P: 
  4.0941e-01   5.7807e-01   2.1269e+00   4.7791e+01   4.3158e+00 
  4.6287e-01  -2.1486e-01  -1.2708e-01   1.7358e+00  -2.8630e-02 
 -7.4349e-01  -1.9841e-01   2.7419e+00   6.8604e-02  -1.0118e-04 
  7.5187e-03  -5.5782e+00   2.5437e+00  -5.2865e+01   7.6315e-01 
  4.0198e-02 

########################
# 00000017
########################
RSS 186469143065.2131
BP 0:
a0:   3.9227e+00   e0:  -7.0833e+01   b0:   3.2452e+05   
P: 
 -3.1073e-01   8.1015e-01  -1.1186e+00  -5.5288e+00   8.1495e+00 
  1.9954e+00  -1.8346e-02   4.9859e-02  -5.2112e+00   1.2941e-03 
 -1.5957e-01   1.7543e-01   3.2488e+00   3.4686e-01  -1.2232e-04 
 -1.6203e-02   1.0431e+00   3.6505e+00  -4.1096e+01   1.0311e+01 
 -2.0637e-01 

########################
# 00000018
########################
RSS 229362428001.98938
BP 0:
a0:   3.9084e+00   e0:  -6.3941e+01   b0:   2.9356e+05   
P: 
  1.5593e-02  -1.2124e+00   2.5875e+00   8.7714e+00   3.9042e+00 
  2.4806e+00   2.8676e-01  -1.3893e-01  -4.6105e+00  -6.0692e-03 
  4.1069e-01   3.4890e-01   3.1233e+00   2.8935e-01   5.0845e-05 
 -1.0820e-02  -6.7993e+00   3.1112e+00  -3.7922e+01   1.7221e+00 
 -4.4902e-02 

########################
# 00000019
########################
RSS 232129554103.06177
BP 0:
a0:   4.0060e+00   e0:  -4.1769e+01   b0:   2.9560e+05   
P: 
  1.0926e+00  -1.7767e+01  -1.4569e+00  -5.0570e+01  -3.5758e+00 
  7.8360e-01   5.1005e-01   2.0231e-01  -1.7790e+00   1.6910e-02 
 -8.2593e-01  -2.4843e-01   4.4773e+00  -4.4380e-02  -1.9546e-04 
  1.8144e-03  -6.7798e+00   3.5007e+00  -4.7934e+01   1.1548e+01 
 -2.8172e-01 

########################
# 00000020
########################
RSS 243865079822.62018
BP 0:
a0:   3.9582e+00   e0:  -7.8212e+00   b0:   3.0557e+05   
P: 
  3.8225e-02  -1.4262e+01  -2.7283e+00  -1.6442e+01  -3.4291e+00 
 -8.6807e-02   1.1542e-03   1.4571e-01  -5.1363e+00  -1.6388e-02 
  1.0147e+00   3.9593e-01   2.0837e+00  -2.6925e-01   6.2016e-06 
  1.0425e-02  -5.6622e+00   4.8164e+00  -5.0686e+01   6.3294e+00 
 -5.1239e-02 

########################
# 00000021
########################
RSS 263821772161.85126
BP 0:
a0:   3.8961e+00   e0:   1.8677e+01   b0:   3.0552e+05   
P: 
 -9.3037e-01   5.1080e+00  -1.6168e+00   7.9266e+00  -2.4956e+00 
  3.5495e-01   1.9102e-01  -5.6817e-03  -7.4915e+00  -3.8250e-02 
  2.1514e+00   2.3947e-01  -4.6925e-01   1.1905e-01  -9.6249e-05 
 -4.2521e-05  -3.8573e+00   2.5732e+00  -2.9915e+01   1.6675e+01 
 -3.6707e-01 

########################
# 00000022
########################
RSS 267041540184.9314
BP 0:
a0:   3.8850e+00   e0:  -1.1008e+01   b0:   2.2369e+05   
P: 
 -1.4747e+00  -1.4806e+00   4.3840e+00   1.1420e+01   3.2986e+00 
  3.0752e+00  -2.3954e-01   1.3502e-01  -4.8551e+00  -3.9290e-02 
  1.8230e+00   1.2281e-01  -1.9614e-01  -3.0907e-01  -2.2213e-04 
 -1.2128e-02  -3.4037e+00   2.6699e+00  -4.6799e+01   6.3280e+00 
  1.1444e-01 

########################
# 00000023
########################
RSS 313792686450.4631
BP 0:
a0:   4.0047e+00   e0:  -4.2532e+01   b0:   3.5669e+05   
P: 
 -5.9589e-01  -1.6907e+01   3.0737e+00  -5.1915e+01   4.2270e-01 
 -3.1346e+00   3.0571e-01   1.6050e-01  -3.6327e+00  -3.2128e-03 
 -1.7475e-01  -2.2496e-01   3.5310e+00  -2.5462e-02   2.0343e-04 
 -1.5941e-02   2.6584e+00   3.6379e+00  -3.3678e+01   1.4777e+01 
 -1.6279e-01 

########################
# 00000024
########################
RSS 340005639226.0419
BP 0:
a0:   3.8712e+00   e0:  -2.1490e+02   b0:   4.3092e+05   
P: 
  7.3764e-01   7.8830e+00  -3.8050e+00   3.9419e+01   4.1134e+00 
  3.5442e+00  -1.0270e-01   6.0545e-02  -7.7795e+00  -1.5987e-02 
 -4.3562e-01  -1.1537e-01   3.5384e+00   1.5077e-01   1.3177e-04 
  3.9450e-03   1.4129e+00   2.4827e+00  -3.5261e+01   7.4153e+00 
 -3.2125e-01 

########################
# 00000025
########################
RSS 449325460077.26196
BP 0:
a0:   3.9105e+00   e0:   3.3958e+01   b0:   1.2473e+05   
P: 
 -4.9522e-01  -4.3555e-02   4.5020e+00  -1.0825e+01  -3.4260e+00 
 -5.4780e-01  -6.7129e-01   4.4768e-02  -3.0535e+00   4.5657e-03 
  1.4773e+00   1.2914e-01  -5.1162e-01  -2.4465e-01  -7.3313e-05 
  1.7523e-03  -6.3914e+00   3.7095e+00  -4.3874e+01   8.0597e+00 
  8.2215e-02 

########################
# 00000026
########################
RSS 930341831165.1018
BP 0:
a0:   3.8718e+00   e0:   8.7842e+00   b0:   4.2405e+05   
P: 
  7.5710e-01   1.4616e+01   4.0085e+00  -1.6150e+01   3.4169e+00 
 -1.6147e+00  -6.7375e-01  -1.4140e-01  -6.9933e+00   1.0381e-02 
  2.4454e+00  -1.1197e-01   8.8548e-01  -4.0634e-01  -6.1458e-05 
 -2.8507e-03   2.8066e+00   3.8019e+00  -4.0360e+01   2.0116e+01 
  4.2122e-02 

########################
# 00000027
########################
RSS 1215074121383.1526
BP 0:
a0:   3.9389e+00   e0:   1.4326e+02   b0:   4.7783e+05   
P: 
  6.6392e-01  -1.3610e+01   3.0489e-01  -4.9560e+01  -1.3079e+00 
 -5.5546e-01  -5.5020e-01   1.9317e-01  -5.6939e+00  -2.1855e-02 
  2.2406e+00  -2.8178e-01   3.2495e+00   3.7817e-01   1.3531e-04 
 -1.7666e-02  -6.2974e+00   5.6354e+00  -3.9545e+01   4.6431e+00 
 -3.2089e-01 

########################
# 00000028
########################
RSS 1499281740807.9854
BP 0:
a0:   3.8409e+00   e0:   2.3698e+01   b0:   2.5670e+05   
P: 
  8.3850e-01   1.7217e+01   2.4326e+00  -2.4537e+01   6.3740e+00 
 -2.3922e-01  -1.0241e-01  -1.9924e-01  -3.8651e+00   2.0817e-02 
  2.4623e+00   4.6284e-02   1.6086e-02  -3.7027e-01   5.1612e-05 
  2.2457e-03   2.0492e+00   3.0786e+00  -5.3321e+01   1.8123e+01 
 -9.6838e-02 

########################
# 00000029
########################
RSS 7370466324323.497
BP 0:
a0:  -5.3203e+00   e0:   1.1048e+03   b0:   3.0718e+04   
P: 
  1.5992e+00   1.6573e+01   1.4590e+00   1.3905e+01  -3.9050e+00 
 -2.5590e-01  -3.5793e-01  -1.4948e-01  -4.4395e+00  -2.6884e-02 
  2.0220e+00   1.2754e-01  -4.1715e+00   4.9691e-02   1.9895e-04 
  1.0104e-03  -4.5151e+00   3.9107e+00  -4.0576e+01   6.7836e+00 
 -2.8526e-01 

########################
# 00000030
########################
RSS 13098591098074.533
BP 0:
a0:   3.5800e+00   e0:  -1.7666e+02   b0:   5.4678e+04   
P: 
  1.0165e+00   1.2000e+01  -2.0464e+00   2.2207e+01   5.3255e+00 
 -1.4404e+00  -3.2412e-01  -6.2619e-02   3.2716e-01  -5.0322e-03 
  8.1138e-01   1.6210e-02   4.7179e-01   1.2560e-01  -4.0565e-05 
 -1.4042e-02  -2.3173e+00   4.1450e+00  -3.7253e+01   6.6807e+00 
 -1.6473e-01 

########################
# 00000031
########################
RSS 29827392870071.36
BP 0:
a0:   3.6574e+00   e0:  -1.8039e+02   b0:   1.5988e+05   
P: 
 -1.3444e+00   1.0805e+01   4.8665e+00   4.9124e+01   2.0654e+00 
  3.5330e+00  -1.9078e-01   4.1754e-04  -4.1251e+00  -2.2367e-02 
  2.6135e+00  -3.4090e-01  -3.9210e+00   2.1672e-01  -5.1331e-05 
 -1.7208e-02   2.4516e+00   4.6855e+00  -2.4797e+01   2.2487e+00 
 -2.9514e-01 

########################
# 00000032
########################
RSS 64630361215627.97
BP 0:
a0:   4.0355e+00   e0:   6.0084e+03   b0:   8.9886e+06   
P: 
  1.3288e+00  -1.2625e+01   2.1276e+00  -2.5668e+01   1.0361e+01 
 -2.3535e+00   1.6350e-01  -9.5263e-02   3.8018e+00  -4.4358e-02 
  2.6689e+00   2.7220e-01   4.5250e+00  -3.6564e-01   1.5746e-05 
 -4.2408e-03  -3.8332e+00   2.1473e+00  -4.3722e+01   4.4110e+00 
  9.3108e-03 

########################
# 00000033
########################
RSS 146175401805849.2
BP 0:
a0:   4.0925e+00   e0:   1.3949e+04   b0:   1.0101e+07   
P: 
  1.5964e+00   6.1863e+00  -2.8755e+00   5.5998e+01  -7.7237e+00 
 -3.9871e-01   7.1746e-01  -1.1373e-01   4.0771e+00  -1.9245e-02 
  2.6292e+00   3.3746e-01   4.7485e-01  -4.7485e-02  -2.0075e-04 
  1.5441e-02  -1.6413e+00   1.8617e+00  -4.8452e+01   2.0094e+01 
  2.4023e-02 

########################
# 00000034
########################
RSS 247179168900874.84
BP 0:
a0:   3.8790e+00   e0:   1.3808e+02   b0:   3.6095e+05   
P: 
 -7.5305e-01   8.2405e+00  -5.7970e-01  -5.3283e+01   6.8119e+00 
  1.3391e+00  -2.2980e-01  -9.4994e-03  -3.0560e+00   5.8075e-03 
  2.6908e+00  -2.2054e-01   1.9745e+00  -9.7359e-02   7.6547e-05 
  1.9222e-02  -1.3771e+00   4.5550e+00  -4.3855e+01   1.6249e+01 
 -3.0502e-01 

########################
# 00000035
########################
RSS 275767936223204.8
BP 0:
a0:   6.1735e+00   e0:   4.2801e+03   b0:  -5.0449e+04   
P: 
  7.9521e-04  -5.2033e+00  -6.1400e-01   4.4706e+01  -5.7570e+00 
 -2.9998e+00  -4.0873e-01  -1.3408e-01   5.1171e+00   2.4950e-02 
  2.5861e+00   2.3012e-01   6.9663e-01  -3.1156e-01   7.1873e-05 
  2.0335e-02   1.6046e-01   1.8657e+00  -2.4789e+01   1.3642e+01 
 -3.4873e-01 

########################
# 00000036
########################
RSS 289437457801353.3
BP 0:
a0:   3.9130e+00   e0:   1.7228e+02   b0:   3.6483e+05   
P: 
 -1.5665e+00  -1.8954e+01  -2.3358e+00  -1.4015e+01   4.1169e+00 
  3.5162e+00  -7.2312e-01  -1.1904e-01  -2.4070e+00  -3.2218e-02 
  2.1176e+00  -1.5942e-01   3.3190e+00  -2.8457e-01   1.3334e-04 
 -1.5233e-02   1.2007e+00   3.9410e+00  -4.9660e+01   8.7113e+00 
 -7.1612e-02 

########################
# 00000037
########################
RSS 307044044976523.56
BP 0:
a0:   3.7614e+00   e0:  -1.3459e+01   b0:   1.4891e+05   
P: 
  1.1085e+00   1.5445e+01   2.6617e+00  -1.9999e+01   2.8060e+00 
  2.6688e+00   6.6680e-01   8.8466e-03   2.9904e+00  -2.8715e-02 
  4.3363e-01  -1.7847e-01   4.2147e+00   1.5819e-01   2.0653e-05 
 -1.6588e-02   2.4637e+00   3.9980e+00  -3.0089e+01   5.5440e+00 
 -2.3981e-01 

########################
# 00000038
########################
RSS 321349940962407.6
BP 0:
a0:   3.8784e+00   e0:   8.5123e+01   b0:   2.3926e+05   
P: 
  1.0717e+00  -1.2193e+01  -3.6728e+00   5.3879e+00  -2.2541e+00 
  7.2422e-01   4.4190e-01  -1.2097e-01   1.4360e+00  -3.3038e-02 
  7.5112e-01  -1.0293e-01   4.5297e+00  -2.3128e-02   1.4404e-04 
  1.9416e-02   6.8877e-01   2.2905e+00  -2.7592e+01   1.4035e+01 
 -2.6358e-01 

########################
# 00000039
########################
RSS 379109327044955.5
BP 0:
a0:   5.8072e+00   e0:   1.1863e+03   b0:  -5.3871e+03   
P: 
  1.0020e+00  -1.6134e+01  -2.7514e+00   4.1853e+01  -1.5095e+00 
  1.4537e+00  -1.2706e-02  -2.7347e-02   5.5889e+00  -2.7074e-02 
  1.6467e+00  -1.7106e-01   1.4888e+00   2.6648e-02  -1.2644e-04 
 -2.0277e-02   1.2399e+00   2.4428e+00  -4.9806e+01   9.0340e+00 
 -3.7245e-01 

########################
# 00000040
########################
RSS 398244748168169.7
BP 0:
a0:   3.9673e+00   e0:   7.6176e+01   b0:  -6.0906e+04   
P: 
 -5.1528e-01  -6.0722e+00   2.9885e+00   2.8641e+01   5.6593e+00 
  2.3912e+00  -7.0840e-01   2.0277e-01   1.0910e+00   1.8181e-02 
  1.0349e+00   3.3914e-01  -6.6234e-01  -1.3106e-02  -2.0448e-04 
  1.3211e-04  -6.9036e+00   3.6951e+00  -3.3461e+01   4.1841e+00 
 -2.5363e-01 

########################
# 00000041
########################
RSS 514807202248673.44
BP 0:
a0:   3.9412e+00   e0:   9.8423e+01   b0:   1.3575e+05   
P: 
  1.5698e+00  -1.2870e+00   4.6121e+00  -4.7359e+01  -4.5174e+00 
 -1.3978e+00   6.7329e-01   1.1293e-01   2.7342e+00   3.5034e-02 
  8.9295e-02  -1.4657e-01   3.7267e+00  -7.5848e-02  -1.7739e-05 
 -1.7531e-02   1.1178e+00   2.6716e+00  -3.2335e+01   1.6639e+01 
 -1.2797e-01 

########################
# 00000042
########################
RSS 537807571938362.94
BP 0:
a0:   4.4517e+00   e0:   4.5638e+02   b0:  -3.5818e+04   
P: 
  1.6679e+00   6.5277e+00   4.5942e+00   6.0193e+01   8.1839e+00 
 -1.3943e+00  -3.5074e-01  -1.5841e-01   6.9996e+00   3.7825e-02 
 -3.9686e-01  -3.0024e-01   2.0187e+00   2.0630e-01  -8.1003e-05 
 -1.2405e-02  -5.2272e+00   4.2523e+00  -3.4283e+01   1.4910e+01 
  1.1050e-01 

########################
# 00000043
########################
RSS 785697854926808.1
BP 0:
a0:   3.5814e+00   e0:   3.2413e+02   b0:  -1.1086e+05   
P: 
 -1.2310e+00  -1.5938e+01  -5.1130e-01  -2.6289e+01   7.6375e+00 
 -2.6049e+00  -2.2785e-01  -2.1664e-01   2.5282e+00  -8.4817e-03 
 -3.4974e-01   3.4914e-01   1.9087e+00   2.2257e-01  -2.3841e-04 
 -1.2917e-02  -5.6587e+00   3.7958e+00  -2.8055e+01   9.1132e+00 
 -3.7348e-01 

########################
# 00000044
########################
RSS 801441212572588.6
BP 0:
a0:   3.8277e+00   e0:   1.2968e+02   b0:   2.5865e+04   
P: 
  1.9626e-01  -6.4270e+00   1.5158e+00   8.8742e+00   1.3664e+00 
  1.6168e+00  -3.8990e-01  -8.3198e-02  -2.1143e+00  -2.5616e-02 
  2.2368e+00  -2.7384e-01  -2.5975e+00   3.7156e-01  -2.1875e-04 
 -1.9387e-02  -3.7110e+00   4.8614e+00  -4.8697e+01   1.4632e+01 
 -3.5010e-01 

########################
# 00000045
########################
RSS 847170942998133.8
BP 0:
a0:   4.9216e+00   e0:   1.1112e+03   b0:  -2.1915e+04   
P: 
 -1.9635e+00   1.6536e+01  -4.3262e+00  -2.2728e+01  -3.7929e-01 
  2.1812e+00  -4.7677e-01   8.8325e-02   5.8431e+00   2.4704e-02 
  1.6864e+00  -2.5490e-01   3.2141e-02  -3.6870e-01  -1.7870e-04 
  2.0618e-02  -5.1050e+00   5.2125e+00  -3.4897e+01   7.3868e-01 
 -1.6358e-01 

########################
# 00000046
########################
RSS 1042055112740266.5
BP 0:
a0:   3.9378e+00   e0:   4.9121e+01   b0:  -5.3826e+04   
P: 
  1.3170e+00  -2.9712e+00   9.2485e-01   7.9666e-01  -8.9253e+00 
  2.3297e+00  -5.9320e-01   1.3998e-01  -1.9827e+00  -4.0418e-02 
  1.3377e+00  -2.0904e-01  -2.9152e+00   2.3666e-02  -4.3668e-05 
  1.1274e-02   2.5858e+00   3.1000e+00  -5.1209e+01   1.1222e+00 
 -1.9507e-01 

########################
# 00000047
########################
RSS 1466873276761596.0
BP 0:
a0:   3.8485e+00   e0:   1.6995e+02   b0:   2.5741e+05   
P: 
  1.1779e+00   4.9569e+00   3.7741e+00  -4.7858e+01  -6.4840e+00 
  3.1091e+00   4.9184e-02  -1.8530e-01   1.9481e-01   4.3682e-03 
  2.5041e+00  -2.5247e-01   2.8893e+00  -1.4205e-01   2.0665e-04 
  1.0648e-02   2.5820e+00   4.7127e+00  -2.7029e+01   5.0763e+00 
 -1.8837e-01 

########################
# 00000048
########################
RSS 2165324194268920.0
BP 0:
a0:   4.0086e+00   e0:   6.4509e+01   b0:  -1.2847e+05   
P: 
 -1.0980e+00   8.0337e+00  -2.2058e+00  -2.7813e+01  -8.1190e+00 
  1.3759e+00  -2.4695e-01  -1.6577e-01   2.7596e+00  -3.1441e-03 
  4.6574e-01  -9.5235e-02  -5.0149e-01   2.0581e-01   1.8167e-05 
  1.4110e-02  -3.0689e-01   2.2321e+00  -3.2703e+01   7.0772e+00 
 -5.3692e-02 

########################
# 00000049
########################
RSS 2493025209955141.0
BP 0:
a0:   3.6395e+00   e0:  -2.2595e+01   b0:   6.5758e+04   
P: 
 -1.4917e+00  -6.9137e+00   5.9738e-01   3.9820e+01   8.1067e-02 
 -1.6633e+00  -3.5648e-01   1.5943e-01   3.5751e+00   2.8864e-02 
  1.4413e+00  -1.5995e-01   1.7516e+00  -1.3999e-01   4.8901e-05 
 -5.8520e-03  -2.1263e+00   4.1505e+00  -4.7303e+01   1.8137e+01 
 -2.5021e-01 

########################
# 00000050
########################
RSS 2666950992410262.0
BP 0:
a0:   3.9767e+00   e0:   1.0167e+02   b0:  -8.1383e+04   
P: 
  1.0678e+00   1.1501e+01  -3.7091e+00  -3.3356e+01   4.8763e+00 
 -5.5028e-01   4.2350e-01   1.3595e-01  -9.0502e-01  -2.2183e-02 
  2.1892e+00   2.9789e-01  -3.5356e+00  -2.1867e-02  -1.4933e-04 
  1.0550e-02   4.5167e-01   4.3572e+00  -4.2673e+01   3.8854e-01 
 -1.4771e-01 

########################
# 00000051
########################
RSS 2672255999508615.0
BP 0:
a0:   3.9029e+00   e0:   2.2532e+02   b0:   9.5948e+04   
P: 
 -3.6960e-02  -7.4738e+00   4.7680e+00  -3.4902e+01  -3.2269e+00 
  2.2877e+00  -7.3503e-01   1.8843e-01   1.3884e+00   2.8549e-02 
  2.2243e+00  -3.2517e-01   6.9549e-01   7.5555e-02  -5.1530e-05 
  2.8670e-03  -4.3299e-01   2.8590e+00  -2.3956e+01   3.7095e+00 
 -1.0922e-01 

########################
# 00000052
########################
RSS 2955531973284239.5
BP 0:
a0:   3.4245e+00   e0:  -2.0236e+02   b0:   3.6132e+04   
P: 
 -3.9639e-01   8.4763e+00   3.0196e+00  -3.1603e+00  -1.6067e+00 
  2.6722e-01   4.6857e-01  -2.0987e-01   5.9702e+00  -3.8276e-02 
  4.2137e-01   1.0268e-01   4.3027e+00   3.0557e-02  -1.1382e-04 
  7.7661e-04  -9.6962e-01   2.9312e+00  -4.9957e+01   6.9678e+00 
  7.3623e-02 

########################
# 00000053
########################
RSS 3855175820027366.5
BP 0:
a0:   3.7507e+00   e0:   2.1165e+02   b0:  -3.8921e+04   
P: 
 -1.5160e-01  -1.1919e+01  -2.2130e+00  -3.8929e+01   4.4518e+00 
  2.4375e+00   2.8977e-01  -7.6954e-02   6.2748e+00  -2.4783e-02 
  1.4079e-01  -1.9014e-01   3.0924e+00  -3.5459e-02  -2.5966e-05 
 -1.2556e-02  -2.1220e+00   2.9562e+00  -2.5796e+01   8.5741e+00 
 -1.7548e-01 

########################
# 00000054
########################
RSS 4378222090689679.0
BP 0:
a0:   3.8494e+00   e0:   2.0107e+02   b0:  -1.4980e+05   
P: 
 -1.8716e+00  -1.8200e+01   2.2541e+00  -6.6163e+00  -9.4684e+00 
 -3.1822e+00  -7.5092e-01  -1.9477e-01   2.0854e+00  -8.9287e-05 
  1.9725e+00  -3.2741e-01  -3.0493e+00   3.8104e-01   2.7024e-05 
 -1.4874e-02  -8.5047e-01   4.7219e+00  -3.5716e+01   8.3996e+00 
 -2.3475e-01 

########################
# 00000055
########################
RSS 4549954029334504.0
BP 0:
a0:   7.2498e+00   e0:  -1.3944e+03   b0:   1.8139e+03   
P: 
  1.5001e+00   2.4979e+00  -2.1176e+00   1.0095e+01   3.6863e+00 
  1.8395e+00   8.2200e-01   1.9620e-01  -5.6280e+00   1.6685e-02 
 -9.0172e-01  -9.6850e-02  -2.5524e+00   5.3190e-02  -4.7994e-06 
 -3.2458e-03  -5.1633e+00   4.9739e+00  -4.8949e+01   1.1281e+01 
  1.0523e-01 

########################
# 00000056
########################
RSS 5964350990903736.0
BP 0:
a0:   4.7884e+00   e0:   3.6928e+02   b0:  -2.5123e+04   
P: 
 -1.6312e+00   1.5274e+01   4.2549e+00   1.4659e+01   6.9676e+00 
  3.2227e+00  -4.6519e-01   7.2008e-02  -5.0767e+00  -3.1107e-02 
  1.8022e+00   1.8070e-01  -4.7214e+00  -3.5266e-01   1.5629e-04 
  5.2663e-03  -1.2888e+00   3.4315e+00  -2.6040e+01   1.7727e+01 
 -1.6866e-01 

########################
# 00000057
########################
RSS 7252005758539363.0
BP 0:
a0:   3.6977e+00   e0:   5.8803e+01   b0:   1.3007e+05   
P: 
 -1.4328e+00   7.6390e-01   3.3294e+00   5.2134e+00  -4.2542e-01 
 -2.3392e+00   4.8434e-01  -1.1304e-01   6.2244e+00  -1.3889e-02 
  2.6656e+00   1.1959e-01   4.1438e+00  -5.2082e-02   1.8215e-04 
 -2.0130e-02  -6.9559e+00   4.0148e+00  -4.4523e+01   1.6181e+01 
 -2.7945e-01 

########################
# 00000058
########################
RSS 8330376327321742.0
BP 0:
a0:   3.9167e+00   e0:   3.3187e+02   b0:  -1.0784e+05   
P: 
  4.1598e-01  -1.8543e+01  -2.2537e+00  -3.9022e+00   8.5818e+00 
  3.4537e+00   4.4854e-01   7.0839e-02   5.0981e+00   9.9295e-03 
  2.7646e+00  -2.9379e-01  -1.5258e+00   2.0025e-01   1.6492e-05 
 -1.0392e-02  -5.7784e+00   3.7837e+00  -2.5880e+01   8.8450e+00 
 -1.3550e-01 

########################
# 00000059
########################
RSS 1.1799749541031274e+16
BP 0:
a0:   3.8690e+00   e0:   3.1541e+02   b0:  -2.5993e+05   
P: 
  1.4699e+00  -1.1975e+01  -1.2046e+00  -3.4214e+01   1.0173e+01 
  1.5589e+00  -6.2666e-01  -5.5447e-02   5.0520e+00  -4.2666e-02 
  2.4876e+00   2.3927e-01  -3.3150e+00  -4.0657e-02   1.6446e-05 
 -1.9367e-02  -6.2314e+00   4.1294e+00  -4.7909e+01   1.7010e+01 
 -2.8509e-02 

########################
# 00000060
########################
RSS 1.1859376200555248e+16
BP 0:
a0:   3.8205e+00   e0:  -2.4296e+02   b0:   2.0103e+05   
P: 
  1.5705e+00   1.3717e+01   3.4179e-01   5.8773e+01   8.2168e-02 
  2.7926e-01   3.4108e-01   1.0054e-01  -7.0236e+00  -2.2104e-02 
 -4.8584e-01  -3.1079e-01  -1.4456e+00   1.6908e-01  -1.3640e-04 
 -1.6939e-03  -3.7077e+00   3.5015e+00  -3.1917e+01   1.1499e+01 
 -1.3491e-01 

########################
# 00000061
########################
RSS 1.313295246260982e+16
BP 0:
a0:   4.0700e+00   e0:  -3.2197e+02   b0:   2.5410e+05   
P: 
 -4.4614e-01  -1.1738e+01   1.3683e+00  -1.6349e+01   6.9457e+00 
  2.4098e-03  -3.3875e-01   1.1461e-01  -5.9909e+00  -4.1857e-02 
 -2.0365e+00   2.4307e-01   2.5700e+00   9.9567e-02   8.8041e-05 
  1.2580e-02  -2.4858e+00   5.2753e+00  -3.4459e+01   1.8979e+01 
  1.1746e-02 

########################
# 00000062
########################
RSS 1.329183640203292e+16
BP 0:
a0:   3.7576e+00   e0:  -1.9121e+02   b0:   8.4828e+04   
P: 
 -8.2182e-01   8.8591e+00  -3.8277e+00   1.4744e+01  -6.5329e+00 
 -8.4764e-01  -6.0981e-02   1.2681e-01  -3.3396e+00  -2.1950e-02 
 -1.6897e-01   3.6107e-01  -3.0679e-01  -1.1886e-01   1.0891e-04 
 -9.8317e-03   2.5576e+00   3.8702e+00  -3.7567e+01   8.9954e+00 
 -3.2768e-01 

########################
# 00000063
########################
RSS 1.333632711138353e+16
BP 0:
a0:   4.1670e+00   e0:   2.6746e+04   b0:   1.1001e+07   
P: 
 -1.5266e+00   1.4181e+01   2.9637e+00  -5.8043e+00  -3.2762e+00 
 -1.4813e+00   9.8919e-02   1.0253e-01  -2.9774e+00  -3.0187e-02 
  2.6599e+00   2.1341e-01   4.3517e+00   1.3254e-01  -9.6451e-05 
 -1.4478e-03  -5.0590e-01   1.4005e+00  -3.0992e+01   1.4618e+01 
  2.8159e-02 

########################
# 00000064
########################
RSS 2.502448778430669e+16
BP 0:
a0:   4.2955e+00   e0:   2.7293e+02   b0:  -1.0104e+05   
P: 
 -1.7083e+00   1.7052e+01  -2.0953e+00   5.0397e+01   1.4741e-01 
 -1.1088e+00   7.6995e-01   1.1338e-01  -1.2279e+00  -4.8660e-03 
  1.0826e+00   1.8375e-01  -3.2672e+00  -1.0652e-01  -1.6228e-04 
  1.6080e-02   3.0091e+00   5.0628e+00  -3.1612e+01   2.0091e+00 
 -9.3625e-02 

########################
# 00000065
########################
RSS 2.758251490956359e+16
BP 0:
a0:   3.9323e+00   e0:  -8.5149e+01   b0:   2.4432e+04   
P: 
  1.7810e+00   1.0929e+01  -4.2962e+00  -2.3053e+01  -4.5000e-01 
  1.2775e+00   6.1016e-01  -5.6043e-02  -4.2644e+00  -7.4983e-03 
  3.2276e-01   3.6671e-01  -1.7812e+00  -2.6366e-01  -7.6671e-05 
 -1.4395e-03  -2.7454e+00   3.1564e+00  -4.0607e+01   5.7247e+00 
 -2.6338e-01 

########################
# 00000066
########################
RSS 2.8933325822297452e+16
BP 0:
a0:   3.9226e+00   e0:   4.1788e+01   b0:  -1.6430e+05   
P: 
 -8.7773e-01   9.1283e+00  -1.1181e+00  -4.4137e+01   3.6355e+00 
  5.7564e-01   5.3636e-01  -2.4175e-01   6.4430e+00   3.1634e-02 
 -9.2623e-01   2.4611e-01   1.6602e+00  -1.2732e-02   4.2489e-06 
 -1.1724e-02  -4.5561e+00   5.3993e+00  -4.0347e+01   7.1900e+00 
  2.5275e-02 

########################
# 00000067
########################
RSS 3.0320262454038788e+16
BP 0:
a0:   4.0154e+00   e0:   1.7690e+02   b0:  -2.9414e+05   
P: 
 -1.5919e-01   1.3214e+01   1.0822e+00   2.3679e+01  -2.3873e+00 
 -1.2546e+00  -3.4865e-01   3.7322e-02   4.9853e+00   1.1008e-02 
  1.4268e+00  -2.6123e-01  -3.7066e+00   1.0215e-02  -6.4673e-05 
  4.1170e-03  -2.4679e+00   3.3508e+00  -4.8186e+01   1.2273e+01 
 -1.8621e-01 

########################
# 00000068
########################
RSS 4.060772095312854e+16
BP 0:
a0:   4.1855e+00   e0:  -2.5531e+02   b0:   4.9140e+04   
P: 
  2.6765e-01   9.9488e+00  -8.3510e-01  -5.1555e+01  -4.8326e+00 
 -3.3083e-01   2.2290e-01   1.6163e-01  -7.2659e+00  -3.7123e-02 
 -1.7556e-01   2.3848e-01  -2.0882e+00  -1.6452e-01  -5.8730e-05 
 -6.8615e-03  -6.4616e+00   4.3820e+00  -4.7268e+01   4.8425e+00 
 -3.1908e-02 

########################
# 00000069
########################
RSS 4.202848311736511e+16
BP 0:
a0:   4.1924e+00   e0:  -2.9874e+02   b0:   6.8745e+04   
P: 
 -1.5565e+00  -5.9611e+00  -1.7890e+00  -2.3545e+00   1.0594e+01 
  1.5258e+00   7.0547e-01  -2.4404e-01  -7.0115e+00  -4.6882e-03 
 -5.9419e-01   4.7817e-02  -1.2670e+00   3.7500e-01  -1.4338e-04 
  2.7832e-03  -4.4273e+00   4.5719e+00  -3.2898e+01   1.0952e+01 
 -2.7045e-01 

########################
# 00000070
########################
RSS 4.270707921083172e+16
BP 0:
a0:   3.9562e+00   e0:   2.1508e+02   b0:  -3.6727e+05   
P: 
 -8.0423e-01   1.1389e+00  -9.8137e-02   6.9097e+00  -4.9358e+00 
 -2.4630e+00  -4.8896e-01   2.0363e-01   5.7720e+00  -3.5720e-02 
  2.3014e+00  -3.6971e-01  -5.2231e+00   2.6899e-01  -2.7868e-05 
 -1.0272e-02  -4.3147e+00   3.3093e+00  -3.4374e+01   1.8818e+01 
 -2.8706e-01 

########################
# 00000071
########################
RSS 4.677085123871978e+16
BP 0:
a0:   3.8003e+00   e0:   2.0653e+02   b0:  -1.6528e+05   
P: 
 -1.9238e+00  -1.7858e+01  -3.8212e-01  -1.8669e+01  -4.1014e+00 
  3.0830e-01   2.5240e-01   1.4784e-01  -1.0591e+00  -1.7946e-02 
  2.4233e+00   3.6391e-01  -4.6745e+00   1.2680e-01   7.2948e-05 
 -1.2267e-02  -3.3866e+00   5.3246e+00  -4.9581e+01   1.8101e+01 
  3.9017e-02 

########################
# 00000072
########################
RSS 5.3154346696469816e+16
BP 0:
a0:   3.8992e+00   e0:   1.6118e+02   b0:  -2.4464e+05   
P: 
  6.5202e-01  -9.4479e+00   1.0349e+00   2.2090e+01   9.7543e+00 
 -7.6668e-01   5.1595e-01  -2.1028e-01   2.8402e+00  -3.6812e-02 
  2.0404e+00   3.1674e-01  -4.4620e+00  -4.1169e-01  -1.8262e-04 
 -2.0098e-03   1.9331e+00   2.7707e+00  -2.4697e+01   9.6286e+00 
 -2.3006e-01 

########################
# 00000073
########################
RSS 5.455625701336188e+16
BP 0:
a0:   3.9344e+00   e0:  -1.1096e+02   b0:  -5.1908e+04   
P: 
  8.1095e-01   4.4541e-01   2.1342e+00   2.9879e+01  -9.3403e-01 
 -2.0505e+00  -2.4035e-01   1.7053e-01   4.2789e+00   6.2840e-03 
 -2.5412e+00   3.6001e-01   3.9770e+00   7.8336e-02  -2.3970e-05 
 -4.4127e-03  -3.2588e+00   4.5835e+00  -3.0395e+01   2.3920e+00 
 -1.7654e-01 

########################
# 00000074
########################
RSS 5.586745506761944e+16
BP 0:
a0:   3.9343e+00   e0:  -1.8117e+02   b0:   6.3089e+04   
P: 
 -1.6905e+00   1.4139e+00  -1.7610e+00   2.3554e+01  -3.2162e+00 
  2.1863e+00   6.7473e-01  -2.3083e-02  -5.0718e+00  -4.4998e-02 
 -1.1239e+00  -1.0421e-01  -7.2399e-01   1.0401e-02  -2.2887e-04 
 -3.2978e-03  -5.4558e-02   2.9717e+00  -3.4336e+01   1.3445e+01 
 -1.9462e-01 

########################
# 00000075
########################
RSS 5.878557709079572e+16
BP 0:
a0:   3.8659e+00   e0:   2.4728e+01   b0:  -1.7030e+05   
P: 
  1.5648e+00  -1.5265e+01  -2.6941e+00   2.1281e+01  -5.5757e+00 
 -2.8834e+00  -5.9255e-01  -1.0506e-01   3.5278e+00   5.5374e-03 
 -3.1069e-01   3.6652e-01  -8.5602e-02  -2.5099e-01   2.0518e-04 
 -4.0601e-03  -3.0872e+00   2.8346e+00  -3.7491e+01   7.5322e+00 
  7.7047e-02 

########################
# 00000076
########################
RSS 6.872100850577382e+16
BP 0:
a0:   4.1664e+00   e0:  -1.1096e+02   b0:  -1.7527e+04   
P: 
 -2.3334e-01   7.6233e+00  -3.8657e+00   2.9695e+01   8.5198e+00 
 -2.0900e+00   6.5140e-01   1.1758e-02   1.8795e+00   2.4257e-03 
 -2.4973e+00  -2.3187e-01   1.7900e+00   3.5874e-01   1.3030e-05 
 -6.3021e-03  -3.7122e+00   4.1214e+00  -4.5172e+01   9.0661e+00 
 -1.0513e-01 

########################
# 00000077
########################
RSS 6.929747217002752e+16
BP 0:
a0:   3.9258e+00   e0:   5.7553e+01   b0:  -2.5106e+05   
P: 
  1.6499e+00   1.7701e+00   1.1776e+00  -1.2591e+01  -2.9513e+00 
 -7.9681e-01  -6.3336e-01  -1.7645e-01   6.9686e+00   2.4859e-02 
 -2.9608e-01   3.4261e-01  -3.4693e-02  -2.5000e-01  -1.6711e-05 
 -2.0979e-02  -2.0473e+00   2.5862e+00  -3.8313e+01   2.5132e+00 
 -2.4848e-01 

########################
# 00000078
########################
RSS 7.429304471641869e+16
BP 0:
a0:   4.2592e+00   e0:  -3.3566e+02   b0:   4.5780e+04   
P: 
  1.0595e-01  -9.2384e+00  -7.6722e-02   3.7001e+01   1.0071e+01 
  2.8045e+00   4.3482e-01   1.7797e-02  -6.8191e+00   4.1158e-02 
 -1.2514e+00  -1.2810e-01  -1.4586e+00   3.3058e-01   1.7324e-05 
 -1.6576e-02  -4.4309e+00   4.3706e+00  -3.9265e+01   5.6056e+00 
 -3.3370e-01 

########################
# 00000079
########################
RSS 7.638722894779914e+16
BP 0:
a0:   4.0449e+00   e0:   2.0726e+05   b0:   3.3759e+08   
P: 
 -7.0923e-01  -1.3119e+01   1.4182e+00   5.9917e+01   5.5396e+00 
 -1.8418e+00   8.1770e-01   3.4660e-02   1.1782e+00  -3.7000e-02 
  8.0197e-01   3.8268e-01   3.9353e+00   3.6656e-01  -2.1784e-04 
  1.5911e-02  -2.7510e+00   1.9579e+00  -4.2299e+01   8.6563e+00 
  1.1333e-01 

########################
# 00000080
########################
RSS 9.150509178748398e+16
BP 0:
a0:   4.0240e+00   e0:  -2.5092e+02   b0:   7.8940e+04   
P: 
  1.9952e-01   1.7332e+00   4.1016e+00   2.7344e+01  -7.8534e+00 
 -2.0589e+00  -5.0249e-01  -1.7421e-02  -6.6008e+00   8.4884e-03 
 -1.3660e+00   4.0585e-03  -7.6910e-01   1.6266e-02  -2.0078e-05 
  1.5471e-02  -2.2296e+00   5.1228e+00  -3.5441e+01   9.2178e+00 
 -3.1094e-01 

########################
# 00000081
########################
RSS 1.007093908859002e+17
BP 0:
a0:   3.9213e+00   e0:   1.5198e+02   b0:  -2.8786e+05   
P: 
  7.1985e-01   1.0717e+01  -2.5155e+00  -4.2156e+01   5.9209e+00 
  1.9309e+00   2.7653e-01  -3.3119e-02   2.7886e+00  -3.4972e-02 
  1.6603e+00  -4.6590e-02  -4.6262e+00   3.0883e-01   4.9515e-05 
 -9.4505e-03  -2.2300e+00   4.2217e+00  -4.1646e+01   1.8765e+01 
 -3.0021e-01 

########################
# 00000082
########################
RSS 1.0552409487311146e+17
BP 0:
a0:   3.9540e+00   e0:   8.1660e+00   b0:  -1.9167e+05   
P: 
  4.8021e-01   1.0016e+01  -1.2149e+00  -9.3979e+00  -8.1413e+00 
 -1.7557e+00  -6.2502e-01   1.4473e-01  -1.7619e-03   1.7850e-02 
  9.6529e-01  -1.7462e-02  -3.9583e+00   1.0633e-01   1.9188e-04 
  6.9526e-03  -5.1920e+00   3.3977e+00  -4.4582e+01   6.7945e+00 
 -2.2561e-01 

########################
# 00000083
########################
RSS 1.2330468437068478e+17
BP 0:
a0:   3.9014e+00   e0:   2.3971e+00   b0:  -1.7629e+05   
P: 
  9.0245e-01  -9.8264e+00  -2.3811e+00   3.8005e+01  -4.0858e+00 
 -3.5572e-01  -7.4906e-01   1.2503e-01   6.6238e-01   9.3318e-03 
  2.5813e-01   3.0096e-01  -2.1096e+00   2.0150e-01   5.0603e-05 
 -1.8271e-02  -6.7910e+00   3.8463e+00  -4.6750e+01   1.5104e+01 
  1.1204e-01 

########################
# 00000084
########################
RSS 1.314522925239451e+17
BP 0:
a0:   3.8747e+00   e0:   1.2844e+02   b0:  -3.5036e+05   
P: 
  7.7961e-01  -5.4199e+00   4.8862e+00   6.4279e-01  -7.8383e-01 
  2.0118e+00   4.5095e-01  -2.3795e-01   1.1439e+00  -2.4906e-02 
 -2.3263e+00  -5.1947e-02   2.9923e+00   3.0301e-01  -2.0843e-04 
 -1.2877e-02  -3.0004e+00   2.3345e+00  -3.8337e+01   1.4826e+01 
 -1.9207e-01 

########################
# 00000085
########################
RSS 1.3551920627262174e+17
BP 0:
a0:   3.9783e+00   e0:   1.8349e+02   b0:  -3.8417e+05   
P: 
 -1.7304e+00   1.4760e+01   2.0251e+00   2.1952e+01   9.8252e+00 
  2.2214e+00   2.9867e-01   1.5556e-01   5.2821e+00   3.8555e-02 
  2.0804e+00   1.0290e-01  -5.1329e+00   3.1265e-01  -1.0164e-04 
  9.7283e-03  -3.7780e+00   4.8696e+00  -4.8685e+01   7.3713e+00 
 -1.6949e-01 

########################
# 00000086
########################
RSS 1.6920890286215456e+17
BP 0:
a0:   3.9333e+00   e0:  -1.8846e+01   b0:  -2.7099e+05   
P: 
  1.5202e+00  -7.5239e+00  -3.7200e+00   3.4659e+01  -8.0357e+00 
  2.8128e+00  -1.4541e-01   1.6501e-01   4.1839e+00   3.9758e-02 
 -5.4656e-01   2.7484e-01  -9.3526e-01  -3.1007e-02  -5.8651e-05 
 -1.2401e-02  -5.7626e+00   3.0008e+00  -5.1151e+01   1.6769e+01 
 -2.4428e-01 

########################
# 00000087
########################
RSS 1.7726900854615222e+17
BP 0:
a0:   3.8472e+00   e0:  -2.0297e+01   b0:  -1.1901e+05   
P: 
 -8.3756e-01   2.7129e+00   1.2489e+00  -3.5142e+00   8.5698e+00 
  3.3707e+00   3.0709e-01   1.4277e-02  -1.9640e-01   5.7465e-03 
 -6.7531e-01   2.0830e-02  -1.8510e+00  -1.1014e-01   1.3056e-04 
 -3.0700e-04  -3.5660e+00   5.2293e+00  -3.7564e+01   2.2728e+00 
 -9.9454e-02 

########################
# 00000088
########################
RSS 1.8263584832541706e+17
BP 0:
a0:   3.8214e+00   e0:  -1.3780e+02   b0:  -2.8081e+04   
P: 
 -1.0220e+00   1.6701e+01   3.5145e+00  -2.7227e+01  -3.7278e+00 
  2.9139e+00  -4.6092e-02   2.0869e-01  -6.1187e+00   3.3558e-02 
  2.6917e-01  -6.1822e-02  -4.0689e+00   1.2944e-01   2.1913e-04 
  7.7060e-03   9.4937e-01   2.3746e+00  -4.3868e+01   3.5813e+00 
 -3.3667e-01 

########################
# 00000089
########################
RSS 1.899770800134972e+17
BP 0:
a0:   3.9212e+00   e0:  -4.5089e+01   b0:  -1.4262e+05   
P: 
  2.0903e-01   3.5563e+00   2.3856e+00   3.4363e+01   2.9537e+00 
 -1.0187e+00  -6.1264e-01  -1.4177e-01  -1.8158e+00   1.1394e-02 
  6.0169e-01   3.4044e-01  -3.7749e+00  -6.6632e-02   1.9324e-04 
  6.2115e-03  -6.8679e+00   5.1935e+00  -2.4068e+01   1.0432e+01 
  8.5620e-02 

########################
# 00000090
########################
RSS 1.910979796299816e+17
BP 0:
a0:   4.1076e+00   e0:  -2.2635e+02   b0:   1.3667e+04   
P: 
  1.6397e+00   1.4901e+01  -2.8966e+00   7.0082e+00   7.4029e+00 
  2.2431e-01  -4.0008e-01   7.1793e-02  -7.6181e+00  -3.9027e-02 
 -7.4068e-02   1.3390e-01  -4.1374e+00   9.4159e-02   1.6098e-04 
  1.6994e-02  -4.0284e+00   2.7721e+00  -5.1338e+01   6.6043e+00 
 -2.8675e-01 

########################
# 00000091
########################
RSS 2.1106258726105702e+17
BP 0:
a0:   3.9906e+00   e0:  -6.4991e+01   b0:  -2.0113e+05   
P: 
  1.4706e+00   1.6098e+01   1.9389e+00   3.4256e+01  -3.2942e-01 
 -2.3893e+00   8.0431e-01  -6.3155e-02   1.1215e+00   1.5183e-02 
 -4.5763e-01   7.7502e-02  -2.3592e+00   3.4626e-01  -2.2868e-04 
 -1.2293e-02  -3.1465e+00   3.0623e+00  -4.2401e+01   1.3207e+01 
 -6.3585e-02 

########################
# 00000092
########################
RSS 2.4765930762725917e+17
BP 0:
a0:   3.7222e+00   e0:   1.2373e+03   b0:  -2.9190e+05   
P: 
  1.5310e+00  -8.2600e+00  -4.0430e+00  -4.9342e+01  -4.7977e+00 
 -2.7922e+00  -7.4013e-01  -1.8092e-01   5.4127e+00  -3.5851e-02 
  1.3957e+00   4.0580e-01  -3.8728e+00  -5.9293e-02   1.5178e-04 
  5.3179e-03   2.6104e+00   2.2156e+00  -4.5718e+01   1.3397e+01 
 -3.5058e-02 

########################
# 00000093
########################
RSS 2.5064195514298512e+17
BP 0:
a0:   3.8029e+00   e0:   1.7721e+02   b0:  -2.3953e+05   
P: 
  1.5059e+00  -1.7556e+01  -2.2356e+00  -3.3919e+01  -5.4389e+00 
  2.2593e-01  -5.0666e-01   1.2804e-01   2.5979e+00  -4.5366e-02 
 -8.4153e-02   2.0544e-01  -2.4449e+00  -3.7434e-01  -2.0122e-04 
  1.1041e-02  -4.2749e+00   5.2349e+00  -3.3889e+01   1.2978e+01 
 -1.7850e-01 

########################
# 00000094
########################
RSS 2.861976205779122e+17
BP 0:
a0:   3.8459e+00   e0:   1.5438e+02   b0:  -2.8730e+05   
P: 
  7.6132e-01  -3.2689e+01  -2.9003e+00   6.4847e+01   1.1737e+01 
  5.8955e+00  -5.3107e-02  -2.0680e-01   6.6515e-01  -2.7955e-03 
  8.2729e-01   1.6111e-01  -5.4254e+00  -6.8038e-01   2.7560e-04 
 -3.0985e-02  -1.0261e+01   3.7037e+00  -3.5357e+01   2.7021e+01 
 -3.2295e-01 

########################
# 00000095
########################
RSS 2.894253337149877e+17
BP 0:
a0:   3.9185e+00   e0:   4.8497e+01   b0:  -3.4381e+05   
P: 
  3.2682e-01  -1.1109e+01  -9.2073e-01   4.7024e+01  -3.0162e+00 
  3.1824e+00   2.0647e-01   1.2247e-01   4.2535e+00   8.2376e-03 
 -2.5879e-02  -4.8298e-02  -3.4075e+00  -1.5091e-01   1.5517e-04 
  7.5795e-03  -6.9347e-01   2.7050e+00  -3.7410e+01   5.7534e+00 
 -2.1910e-01 

########################
# 00000096
########################
RSS 3.098784240299434e+17
BP 0:
a0:   3.8837e+00   e0:  -7.3826e+00   b0:  -2.3299e+05   
P: 
 -2.7289e-02  -1.4261e+01   4.0096e+00   5.9485e+01  -7.3327e+00 
  1.7833e+00   1.6800e-01   3.4500e-02  -1.2278e+00  -2.9688e-02 
  6.5955e-01   3.5445e-01  -4.5716e+00  -2.2642e-01   1.9208e-04 
 -2.8928e-03  -6.4169e+00   4.4063e+00  -2.9563e+01   1.4291e+01 
 -5.2898e-02 

########################
# 00000097
########################
RSS 3.3081468423097926e+17
BP 0:
a0:   3.9586e+00   e0:   5.6063e+01   b0:  -4.0658e+05   
P: 
 -1.1131e+00   1.7064e+01   3.6950e+00   9.7422e+00  -3.2449e+00 
 -1.1927e-01   1.2316e-01   1.7111e-01   3.9892e+00   2.2811e-02 
  9.0066e-01   7.7843e-02  -5.4836e+00  -2.2557e-01  -2.5347e-05 
 -6.6916e-03  -4.7026e+00   5.3734e+00  -4.8651e+01   1.3992e+01 
 -3.2208e-01 

########################
# 00000098
########################
RSS 3.338778540294981e+17
BP 0:
a0:   3.9780e+00   e0:   6.7331e+01   b0:  -4.1240e+05   
P: 
  2.8855e-01   1.5130e+01   3.1997e+00   5.8517e+01   6.8068e+00 
  2.1287e-02   4.6806e-02   1.2931e-01   5.0002e+00  -2.7499e-02 
  4.9182e-01   8.0984e-02  -5.0647e+00  -4.1411e-01   1.2402e-04 
 -1.0868e-02  -4.1594e+00   3.5635e+00  -2.7693e+01   1.6443e+01 
 -3.3363e-02 

########################
# 00000099
########################
RSS 3.408430495588406e+17
BP 0:
a0:   3.7431e+00   e0:   8.1731e+01   b0:  -1.1814e+05   
P: 
 -6.2542e-01  -1.7814e+01  -3.4734e+00   4.0574e+01   8.4457e+00 
  1.5478e+00   6.5422e-01   5.4314e-04  -1.5540e-01   1.5727e-02 
 -1.2746e+00  -1.1616e-01  -2.3058e+00  -2.7919e-01   4.1595e-05 
 -1.3256e-02   5.7413e-01   1.9438e+00  -2.8404e+01   1.7417e+01 
  4.9651e-03 

########################
# 00000100
########################
RSS 3.9648796442379546e+17
BP 0:
a0:   3.8629e+00   e0:   6.4748e+01   b0:  -3.4302e+05   
P: 
 -1.1517e+00  -1.4638e+01  -4.2319e+00  -2.1004e+01  -6.8078e+00 
  9.3790e-01   4.3980e-01  -1.0587e-01   4.9622e+00  -4.5840e-03 
 -7.7518e-01  -2.1991e-01  -2.9295e+00  -3.5812e-01   9.7317e-05 
  1.8995e-02  -6.5201e+00   3.2178e+00  -4.2359e+01   5.6333e+00 
 -3.2766e-01 

